pos_x,pos_y,pos_z,v_sp,v_x,v_y,v_z,a_x,a_y,a_z,a_sp,curr_x,curr_y,curr_z,curr_sp,f_x_sim,f_y_sim,f_z_sim,f_sp_sim,materialremoved_sim
65.447413,149.89898799999995,475.3943844,22800.0,-600.0000000000007,141.79876999999834,-377.2752550000007,-6.821210263296962e-11,-0.0002500000562122,-1.4210854715202004e-10,0.0,1.8793943,-6.3388672,-1.2514649,-6.0005859,0.0,0.0,0.0,0.0,0.0
53.447413,152.7349639,467.8488793,22800.0,-600.0,141.79879500000112,-377.27525500000354,3.410605131648481e-11,0.0012500001389526,-1.4210854715202004e-10,0.0,1.5019532,-6.2841797,-1.3291015,-2.1179444,0.0,0.0,0.0,0.0,0.0
41.4474275,155.5709358,460.3033834,22800.0,-599.999275,141.7985950000002,-377.2747949999996,0.036249999999427,-0.0100000000458067,0.0230000001977259,0.0,1.6835936,-6.2802733,-1.3364257,-1.0074463,0.0,0.0,0.0,0.0,0.0
29.479527,158.3993252,452.7780623,22800.0,-598.3950249999998,141.4194699999996,-376.2660549999964,80.21250000001032,-18.95625000003065,50.437000000158605,0.0,0.2006837,-5.9726563,-0.3413087,-0.7203368,0.0,0.0,0.0,0.0,0.0
17.7908787,161.1617185,445.4283326,22800.0,-584.432415,138.11966500000068,-367.4864850000034,698.1304999999907,-164.9902499999456,438.9784999996493,0.0,-5.1381836,-5.0488281,2.2138674000000003,-0.6613768999999999,0.0,0.0,0.0,0.0,0.0
6.7739802,163.76535629999998,438.500994,22800.0,-550.844925,130.18188999999865,-346.36692999999923,1679.3745,-396.8887500001017,1055.97775000021,0.0,-8.9638674,-4.0888672,4.7934571,-0.6598389,0.0,0.0,0.0,0.0,0.0
-3.1897932,166.12010779999997,432.2358524,22800.0,-498.18867,117.7375749999996,-313.25707999999963,2632.8127500000023,-622.2157499999525,1655.4924999999798,0.0,-14.067871,-3.2807617,6.765624900000001,-0.6485595,0.0,0.0,0.0,0.0,0.0
-11.9082807,168.1805592,426.7537362,22800.0,-435.924375,103.02257000000168,-274.1058100000004,3113.2147499999974,-735.7502499998958,1957.563499999964,0.0,-13.2539062,-3.1328125,7.0429687,-0.6301025,0.0,0.0,0.0,0.0,0.0
-19.3667683,169.9432333,422.063898,22800.0,-372.92438,88.1337049999999,-234.49190999999985,3149.999750000001,-744.4432500000886,1980.6950000000256,0.0,-15.4101562,-2.9970703,7.7514649,-0.6352296,0.0,0.0,0.0,0.0,0.0
-25.5652557,171.4081297,418.1663382,22800.0,-309.92437000000007,73.24481999999932,-194.87799000000047,3150.000499999996,-744.4442500000292,1980.6959999999665,0.0,-14.680664099999998,-2.8286133,7.6958006,-0.6183106,0.0,0.0,0.0,0.0,0.0
-30.5037435,172.5752491,415.0610564,22800.0,-246.92439000000005,58.35597000000092,-155.26408999999717,3149.999000000001,-744.44249999992,1980.695000000168,0.0,-15.5747071,-2.7495117,7.9321289,-0.606006,0.0,0.0,0.0,0.0,0.0
-34.1822313,173.4445907,412.7480523,22800.0,-183.9243899999998,43.467079999999214,-115.65020500000004,3150.0000000000127,-744.4445000000854,1980.694249999857,0.0,-15.4326173,-2.7294922,8.0029296,-0.6147218000000001,0.0,0.0,0.0,0.0,0.0
-36.6054865,174.0172819,411.2243288,22800.0,-121.16276,28.63456000000042,-76.18617500000369,3138.08149999999,-741.6259999999397,1973.201499999817,0.0,-15.477050799999995,-2.779297,7.8564454,-0.6377931,0.0,0.0,0.0,0.0,0.0
-37.9045323,174.3242872,410.4074989,22800.0,-64.95229000000009,15.350265000000718,-40.841495000000805,2810.5234999999952,-664.2147499999851,1767.234000000144,0.0,-11.4692384,-3.4697267,5.7666015,-0.6398438,0.0,0.0,0.0,0.0,0.0
-38.4368734,174.4500959,410.0727667,22800.0,-26.617054999999823,6.290434999999661,-16.73660999999811,1916.7617500000133,-452.9915000000528,1205.2442500001348,0.0,-7.2148436,-4.3437498,3.6010743999999995,-0.6290771000000001,0.0,0.0,0.0,0.0,0.0
-38.599623300000005,174.4902836,409.9709485,22800.0,-8.137495000000428,2.0093849999994973,-5.090909999998416,923.9779999999698,-214.0525000000082,582.2849999999846,0.0,-2.4663087,-5.3481446,0.9277344,-0.6260009999999999,0.0,0.0,0.0,0.0,0.0
-38.6719934,174.5587127,409.9408418,22800.0,-3.618504999999672,3.421455000000151,-1.5053350000016508,225.94950000003777,70.60350000003268,179.27874999983828,0.0,-1.5502929,-6.3876952000000005,0.9042968,-0.6239503000000001,0.0,0.0,0.0,0.0,0.0
-38.7589279,174.7586165,409.93999,22800.0,-4.346725000000262,9.995189999999354,-0.0425899999981993,-36.4110000000295,328.68674999996017,73.13725000017257,0.0,1.6206054,-8.7412109,-0.4658204,-0.6013916000000001,0.0,0.0,0.0,0.0,0.0
-39.0255293,175.3803665,409.93999,22800.0,-13.33006999999995,31.087500000001,0.0,-449.1672499999844,1054.6155000000822,2.129499999909968,0.0,3.3222655000000003,-12.8413087,-0.4169921,-0.6039551999999999,0.0,0.0,0.0,0.0,0.0
-39.6435459,176.8216633,409.93999,22800.0,-30.900829999999857,72.06484000000017,0.0,-878.5379999999953,2048.866999999959,0.0,0.0,6.3081054000000005,-17.2426758,-0.5400389999999999,-0.6147217,0.0,0.0,0.0,0.0,0.0
-40.7556123,179.4151506,409.93999,22800.0,-55.60332000000017,129.67436499999965,0.0,-1235.1245000000156,2880.4762499999724,0.0,0.0,7.0668944,-19.1059569,-0.6801757,-0.6362549,0.0,0.0,0.0,0.0,0.0
-42.3488044,183.1306872,409.93999,22800.0,-79.6596049999998,185.7768300000004,0.0,-1202.8142499999817,2805.123250000037,0.0,0.0,5.7138672,-16.2124024,-0.6479492,-0.6321534,0.0,0.0,0.0,0.0,0.0
-44.2709184,187.613314,409.93999,22800.0,-96.10570000000004,224.1313399999996,0.0,-822.3047500000114,1917.7254999999604,0.0,0.0,4.2895509,-12.8149415,-0.6577148,-0.6229248000000001,0.0,0.0,0.0,0.0,0.0
-46.3504825,192.4631339,409.93999,22800.0,-103.97820499999996,242.490995,0.0,-393.625249999996,917.9827500000216,0.0,0.0,2.1132812000000003,-8.7915039,-0.6347655,-0.6249757,0.0,0.0,0.0,0.0,0.0
-48.4160602,197.2803368,409.93999,22800.0,-103.27888499999992,240.8601450000006,0.0,34.96600000000072,-81.54249999996921,0.0,0.0,0.0781249999999999,-4.5410156,-0.609375,-0.609082,0.0,0.0,0.0,0.0,0.0
-50.2962004,201.6650749,409.93999,22800.0,-94.00701000000034,219.23690499999825,0.0,463.5937499999798,-1081.16200000012,0.0,0.0,-2.361328,-0.0761721,-0.5878905999999999,-0.5952393,0.0,0.0,0.0,0.0,0.0
-51.8196287,205.2179124,409.93999,22800.0,-76.1714149999996,177.64187500000048,0.0,891.7797500000369,-2079.7514999998866,0.0,0.0,-4.5825195,4.3603515,-0.5620117,-0.6029298000000001,0.0,0.0,0.0,0.0,0.0
-52.8455504,207.6104984,409.93999,22800.0,-51.29608500000025,119.62930000000114,0.0,1243.7664999999677,-2900.628749999967,0.0,0.0,-5.623046799999999,6.158203200000001,-0.5317380999999999,-0.6213868,0.0,0.0,0.0,0.0,0.0
-53.3872975,208.873925,409.93999,22800.0,-27.0873550000001,63.171330000000125,0.0,1210.4365000000073,-2822.8985000000507,0.0,0.0,-4.2197266,3.6723632,-0.5092773,-0.6244628999999999,0.0,0.0,0.0,0.0,0.0
-53.5959839,209.360609,409.93999,22800.0,-10.434319999999886,24.33419999999984,0.0,832.6517500000108,-1941.8565000000144,0.0,0.0,-2.6938476,0.4951172,-0.4975585,-0.6147217,0.0,0.0,0.0,0.0,0.0
-53.6419461,209.4677991,409.9388495,22800.0,-2.298109999999909,5.359504999999842,-0.0570250000009764,406.81049999999885,-948.7347499999998,-2.8512500000488217,0.0,-0.7675782,-3.3266601,-0.5463867,-0.6157471,0.0,0.0,0.0,0.0,0.0
-53.648021400000005,209.4819683,409.904593,22800.0,-0.3037650000003111,0.7084599999998886,-1.7128249999984746,99.71724999997988,-232.55224999999768,-82.78999999987491,0.0,-0.2822266999999999,-4.3569336,-1.9013673,-0.6152344,0.0,0.0,0.0,0.0,0.0
-53.648035,209.482,409.801318,22800.0,-0.0006799999997753,0.001584999999693,-5.163750000002665,15.154250000026792,-35.34375000000978,-172.5462500002095,0.0,0.3652343999999999,-5.1308594,-0.7841796999999999,-0.5962646,0.0,0.0,0.0,0.0,0.0
-53.648035,209.482,409.6846512999999,22800.0,0.0,0.0,-5.8333350000026485,0.0339999999887652,-0.0792499999846541,-33.47924999999918,0.0,0.3330077999999999,-5.4912109,-0.9921875,-0.5942139,0.0,0.0,0.0,0.0,0.0
-53.648035,209.482,409.5679847,22800.0,0.0,0.0,-5.83332999999584,0.0,0.0,0.0002500003404293,0.0,0.6254883,-5.6816406,-0.7060547,-0.6111329,0.0,0.0,0.0,0.0,0.0
-53.648035,209.482,409.451318,22800.0,0.0,0.0,-5.833334999999806,0.0,0.0,-0.0002500001983207,0.0,0.5585937999999999,-5.7363282,-0.7353517,-0.6295899,0.0,0.0,0.0,0.0,0.0
-53.648035,209.482,409.3346513,22800.0,0.0,0.0,-5.833334999999806,0.0,0.0,0.0,0.0,0.5693360000000001,-5.7685547,-0.7602539,-0.6218994,0.0,0.0,0.0,0.0,0.0
-53.648035,209.482,409.2179847,22800.0,0.0,0.0,-5.833329999998682,0.0,0.0,0.0002500000562122,0.0,0.5625,-5.7929688,-0.7045899999999999,-0.6142091,0.0,0.0,0.0,0.0,0.0
-53.648035,209.482,409.101318,22800.0,0.0,0.0,-5.8333350000026485,0.0,0.0,-0.0002500001983207,0.0,0.5380860000000001,-5.7910155,-0.7006836,-0.619336,0.0,0.0,0.0,0.0,0.0
-53.648035,209.482,408.9846513,22800.0,0.0,0.0,-5.833334999999806,0.0,0.0,1.4210854715202004e-10,0.0,0.5424805,-5.7670899,-0.7031251000000001,-0.6019042,0.0,0.0,0.0,0.0,0.0
-53.648035,209.482,408.8679847,22800.0,0.0,0.0,-5.833330000001524,0.0,0.0,0.0002499999141036,0.0,0.5454101,-5.7451174,-0.7177735000000001,-0.5895996,0.0,0.0,0.0,0.0,0.0
-53.648035,209.482,408.751318,22800.0,0.0,0.0,-5.833334999999806,0.0,0.0,-0.0002499999141036,0.0,0.5375977,-5.739745999999999,-0.7402345,-0.5988282,0.0,0.0,0.0,0.0,0.0
-53.648035,209.482,408.6346513,22800.0,0.0,0.0,-5.833334999999806,0.0,0.0,0.0,0.0,0.5166014000000001,-5.7333986,-0.7446288,-0.6224121,0.0,0.0,0.0,0.0,0.0
-53.648035,209.482,408.51798470000006,22800.0,0.0,0.0,-5.83332999999584,0.0,0.0,0.0002500001983207,0.0,0.4838867999999999,-5.7299805,-0.7485353,-0.6254883,0.0,0.0,0.0,0.0,0.0
-53.648035,209.482,408.401318,22800.0,0.0,0.0,-5.8333350000026485,0.0,0.0,-0.0002500003404293,0.0,0.4614258,-5.7285157,-0.7592773,-0.6142091,0.0,0.0,0.0,0.0,0.0
-53.648035,209.482,408.2846513,22800.0,0.0,0.0,-5.833334999999806,0.0,0.0,1.4210854715202004e-10,0.0,0.4453125999999999,-5.7216798,-0.7495118,-0.6116456,0.0,0.0,0.0,0.0,0.0
-53.648035,209.482,408.1679847,22800.0,0.0,0.0,-5.833330000001524,0.0,0.0,0.0002499999141036,0.0,0.4350587,-5.7055664,-0.7451173,-0.6106201,0.0,0.0,0.0,0.0,0.0
-53.648035,209.482,408.051318,22800.0,0.0,0.0,-5.833334999999806,0.0,0.0,-0.0002499999141036,0.0,0.425293,-5.6933594,-0.7382814,-0.5957519,0.0,0.0,0.0,0.0,0.0
-53.648035,209.482,407.9346513,22800.0,0.0,0.0,-5.833334999999806,0.0,0.0,0.0,0.0,0.4086914,-5.7001953,-0.729004,-0.5901123,0.0,0.0,0.0,0.0,0.0
-53.648035,209.482,407.8179847,22800.0,0.0,0.0,-5.833329999998682,0.0,0.0,0.0002500000562122,0.0,0.3891601999999999,-5.7089845,-0.7495117,-0.6070313,0.0,0.0,0.0,0.0,0.0
-53.648035,209.482,407.701318,22800.0,0.0,0.0,-5.833334999999806,0.0,0.0,-0.0002500000562122,0.0,0.3710938,-5.7041018,-0.7368164,-0.6249757,0.0,0.0,0.0,0.0,0.0
-53.648035,209.482,407.5846513,22800.0,0.0,0.0,-5.833334999999806,0.0,0.0,0.0,0.0,0.3701173,-5.6938476,-0.7241211,-0.6198487,0.0,0.0,0.0,0.0,0.0
-53.648035,209.482,407.4679847,22800.0,0.0,0.0,-5.833330000001524,0.0,0.0,0.0002499999141036,0.0,0.3720704999999999,-5.6928711,-0.7226562000000001,-0.6101076,0.0,0.0,0.0,0.0,0.0
-53.648035,209.482,407.351318,22800.0,0.0,0.0,-5.833334999999806,0.0,0.0,-0.0002499999141036,0.0,0.3745117999999999,-5.6914062,-0.7153322,-0.6162598,0.0,0.0,0.0,0.0,0.0
-53.648035,209.482,407.23465130000005,22800.0,0.0,0.0,-5.833334999996964,0.0,0.0,1.4210854715202004e-10,0.0,0.3647460999999999,-5.6899414,-0.6958007,-0.6024168999999999,0.0,0.0,0.0,0.0,0.0
-53.648035,209.482,407.1179847,22800.0,0.0,0.0,-5.833330000004366,0.0,0.0,0.0002499996298865,0.0,0.3535154,-5.695800800000001,-0.7231446,-0.5880615,0.0,0.0,0.0,0.0,0.0
-53.648035,209.482,407.001318,22800.0,0.0,0.0,-5.833334999999806,0.0,0.0,-0.0002499997719951,0.0,0.349121,-5.701660200000001,-0.7539064,-0.595752,0.0,0.0,0.0,0.0,0.0
-53.648035,209.482,406.8846513,22800.0,0.0,0.0,-5.833334999999806,0.0,0.0,0.0,0.0,0.3564452,-5.691894499999999,-0.7153321,-0.6213868,0.0,0.0,0.0,0.0,0.0
-53.648035,209.482,406.7679847,22800.0,0.0,0.0,-5.833329999998682,0.0,0.0,0.0002500000562122,0.0,0.3623047,-5.680663999999999,-0.7192383999999999,-0.6218994,0.0,0.0,0.0,0.0,0.0
-53.648035,209.482,406.651318,22800.0,0.0,0.0,-5.833334999999806,0.0,0.0,-0.0002500000562122,0.0,0.3686524,-5.6835936,-0.7221679,-0.6142091,0.0,0.0,0.0,0.0,0.0
-53.648035,209.482,406.53465130000006,22800.0,0.0,0.0,-5.833334999996964,0.0,0.0,1.4210854715202004e-10,0.0,0.3686524,-5.6943359,-0.7050780000000001,-0.6090821,0.0,0.0,0.0,0.0,0.0
-53.648035,209.482,406.4179847,22800.0,0.0,0.0,-5.833330000004366,0.0,0.0,0.0002499996298865,0.0,0.3637694999999999,-5.695312599999999,-0.7319336,-0.6101074,0.0,0.0,0.0,0.0,0.0
-53.648035,209.482,406.301318,22800.0,0.0,0.0,-5.833334999999806,0.0,0.0,-0.0002499997719951,0.0,0.3632811999999999,-5.6894531,-0.7421875,-0.592163,0.0,0.0,0.0,0.0,0.0
-53.648035,209.482,406.1846513,22800.0,0.0,0.0,-5.833334999999806,0.0,0.0,0.0,0.0,0.3671876,-5.687499900000001,-0.7250976,-0.5885741999999999,0.0,0.0,0.0,0.0,0.0
-53.648035,209.482,406.0679847,22800.0,0.0,0.0,-5.833329999998682,0.0,0.0,0.0002500000562122,0.0,0.3725587,-5.6845704,-0.7304688,-0.6049805,0.0,0.0,0.0,0.0,0.0
-53.648035,209.482,405.951318,22800.0,0.0,0.0,-5.833334999999806,0.0,0.0,-0.0002500000562122,0.0,0.3720704,-5.6796876,-0.7055665,-0.6249756,0.0,0.0,0.0,0.0,0.0
-53.648035,209.482,405.8346513,22800.0,0.0,0.0,-5.833334999999806,0.0,0.0,0.0,0.0,0.369629,-5.6816405,-0.7211914,-0.6198486999999999,0.0,0.0,0.0,0.0,0.0
-53.648035,209.482,405.7179847,22800.0,0.0,0.0,-5.833330000001524,0.0,0.0,0.0002499999141036,0.0,0.3652343999999999,-5.6943359,-0.7236326999999999,-0.6095949,0.0,0.0,0.0,0.0,0.0
-53.648035,209.482,405.601318,22800.0,0.0,0.0,-5.833334999999806,0.0,0.0,-0.0002499999141036,0.0,0.3671875999999999,-5.6923827000000005,-0.7377929,-0.614209,0.0,0.0,0.0,0.0,0.0
-53.648035,209.482,405.4846513,22800.0,0.0,0.0,-5.833334999999806,0.0,0.0,0.0,0.0,0.3720705,-5.6821287,-0.7456054,-0.5988279999999999,0.0,0.0,0.0,0.0,0.0
-53.648035,209.482,405.3679847,22800.0,0.0,0.0,-5.833329999998682,0.0,0.0,0.0002500000562122,0.0,0.3789063,-5.6772461,-0.7329101,-0.5880615,0.0,0.0,0.0,0.0,0.0
-53.648035,209.482,405.251318,22800.0,0.0,0.0,-5.8333350000026485,0.0,0.0,-0.0002500001983207,0.0,0.3779297,-5.6835939,-0.7578126,-0.5947266000000001,0.0,0.0,0.0,0.0,0.0
-53.648035,209.482,405.1346513,22800.0,0.0,0.0,-5.833334999999806,0.0,0.0,1.4210854715202004e-10,0.0,0.376465,-5.6855469,-0.7646485000000001,-0.6198487,0.0,0.0,0.0,0.0,0.0
-53.648035,209.482,405.0179847,22800.0,0.0,0.0,-5.833329999998682,0.0,0.0,0.0002500000562122,0.0,0.3715822,-5.6850585,-0.7431642,-0.6208739999999999,0.0,0.0,0.0,0.0,0.0
-53.648035,209.482,404.901318,22800.0,0.0,0.0,-5.833334999999806,0.0,0.0,-0.0002500000562122,0.0,0.3730471,-5.6845702000000005,-0.7553712,-0.6121582999999999,0.0,0.0,0.0,0.0,0.0
-53.648035,209.482,404.7846513,22800.0,0.0,0.0,-5.833334999999806,0.0,0.0,0.0,0.0,0.3779297,-5.685058499999999,-0.7739258,-0.6085693999999999,0.0,0.0,0.0,0.0,0.0
-53.648035,209.482,404.6679847,22800.0,0.0,0.0,-5.833329999998682,0.0,0.0,0.0002500000562122,0.0,0.3842773,-5.6782227,-0.7387696,-0.6121582,0.0,0.0,0.0,0.0,0.0
-53.648035,209.482,404.551318,22800.0,0.0,0.0,-5.8333350000026485,0.0,0.0,-0.0002500001983207,0.0,0.3818361,-5.675781300000001,-0.7329102,-0.5906249,0.0,0.0,0.0,0.0,0.0
-53.648035,209.482,404.4346513,22800.0,0.0,0.0,-5.833334999999806,0.0,0.0,1.4210854715202004e-10,0.0,0.3759766,-5.6845703,-0.7421875,-0.5875488000000001,0.0,0.0,0.0,0.0,0.0
-53.648035,209.482,404.3179847,22800.0,0.0,0.0,-5.833329999998682,0.0,0.0,0.0002500000562122,0.0,0.3735353,-5.6894531,-0.7333985000000001,-0.6008789999999999,0.0,0.0,0.0,0.0,0.0
-53.648035,209.482,404.201318,22800.0,0.0,0.0,-5.833334999999806,0.0,0.0,-0.0002500000562122,0.0,0.3720704,-5.6826171,-0.715332,-0.6213869000000001,0.0,0.0,0.0,0.0,0.0
-53.648035,209.482,404.0846513,22800.0,0.0,0.0,-5.833334999999806,0.0,0.0,0.0,0.0,0.3769532,-5.6738282,-0.7641603,-0.6157470999999999,0.0,0.0,0.0,0.0,0.0
-53.648035,209.482,403.9679847,22800.0,0.0,0.0,-5.833330000001524,0.0,0.0,0.0002499999141036,0.0,0.3769532,-5.679687400000001,-0.7519534,-0.611133,0.0,0.0,0.0,0.0,0.0
-53.648035,209.482,403.851318,22800.0,0.0,0.0,-5.833334999999806,0.0,0.0,-0.0002499999141036,0.0,0.3759765,-5.6831054000000005,-0.7475587,-0.6121582,0.0,0.0,0.0,0.0,0.0
-53.648035,209.482,403.7346513,22800.0,0.0,0.0,-5.833334999999806,0.0,0.0,0.0,0.0,0.371582,-5.681640499999999,-0.7460939,-0.5993407000000001,0.0,0.0,0.0,0.0,0.0
-53.648035,209.482,403.6179847,22800.0,0.0,0.0,-5.833329999998682,0.0,0.0,0.0002500000562122,0.0,0.3715822,-5.6831054000000005,-0.7324219999999999,-0.5834471999999999,0.0,0.0,0.0,0.0,0.0
-53.648035,209.482,403.501318,22800.0,0.0,0.0,-5.833334999999806,0.0,0.0,-0.0002500000562122,0.0,0.3686524,-5.6845703,-0.7514649,-0.5931885,0.0,0.0,0.0,0.0,0.0
-53.648035,209.482,403.3846513,22800.0,0.0,0.0,-5.8333350000026485,0.0,0.0,-1.4210854715202004e-10,0.0,0.373047,-5.675781300000001,-0.7500001000000001,-0.6157472,0.0,0.0,0.0,0.0,0.0
-53.648035,209.482,403.2679847,22800.0,0.0,0.0,-5.833329999998682,0.0,0.0,0.0002500001983207,0.0,0.3725587,-5.6689454,-0.7451171999999999,-0.6213867,0.0,0.0,0.0,0.0,0.0
-53.648035,209.482,403.151318,22800.0,0.0,0.0,-5.833334999999806,0.0,0.0,-0.0002500000562122,0.0,0.3696291,-5.6748046,-0.730957,-0.6095948,0.0,0.0,0.0,0.0,0.0
-53.648035,209.482,403.0346513,22800.0,0.0,0.0,-5.833334999999806,0.0,0.0,0.0,0.0,0.3642577999999999,-5.6870116,-0.7202149,-0.6090821,0.0,0.0,0.0,0.0,0.0
-53.648035,209.482,402.9179847,22800.0,0.0,0.0,-5.833329999998682,0.0,0.0,0.0002500000562122,0.0,0.3627929,-5.6831053,-0.7246094999999999,-0.6095947,0.0,0.0,0.0,0.0,0.0
-53.648035,209.482,402.801318,22800.0,0.0,0.0,-5.8333350000026485,0.0,0.0,-0.0002500001983207,0.0,0.3666993,-5.6762696,-0.6982421999999999,-0.5901121999999999,0.0,0.0,0.0,0.0,0.0
-53.648035,209.482,402.6846513,22800.0,0.0,0.0,-5.833334999999806,0.0,0.0,1.4210854715202004e-10,0.0,0.3681641,-5.6748048,-0.6972655000000001,-0.5870361,0.0,0.0,0.0,0.0,0.0
-53.648035,209.482,402.5679847,22800.0,0.0,0.0,-5.833329999998682,0.0,0.0,0.0002500000562122,0.0,0.3706055,-5.6777344,-0.6953125,-0.6029298,0.0,0.0,0.0,0.0,0.0
-53.648035,209.482,402.451318,22800.0,0.0,0.0,-5.833334999999806,0.0,0.0,-0.0002500000562122,0.0,0.3642578,-5.6757813,-0.6489257,-0.6224122000000001,0.0,0.0,0.0,0.0,0.0
-53.648035,209.482,402.3346513,22800.0,0.0,0.0,-5.833334999999806,0.0,0.0,0.0,0.0,0.3618163,-5.6787109,-0.6826171999999999,-0.6162597999999999,0.0,0.0,0.0,0.0,0.0
-53.648035,209.482,402.2179847,22800.0,0.0,0.0,-5.833329999998682,0.0,0.0,0.0002500000562122,0.0,0.3583982,-5.6850586,-0.7021486,-0.6080568000000001,0.0,0.0,0.0,0.0,0.0
-53.648035,209.482,402.101318,22800.0,0.0,0.0,-5.8333350000026485,0.0,0.0,-0.0002500001983207,0.0,0.3652343999999999,-5.6801757,-0.6640624999999999,-0.6136963,0.0,0.0,0.0,0.0,0.0
-53.648035,209.482,401.9846513,22800.0,0.0,0.0,-5.833334999999806,0.0,0.0,1.4210854715202004e-10,0.0,0.3671876,-5.6748047,-0.6684569,-0.5983153,0.0,0.0,0.0,0.0,0.0
-53.648035,209.482,401.8679847,22800.0,0.0,0.0,-5.833330000001524,0.0,0.0,0.0002499999141036,0.0,0.3686525,-5.6723633,-0.6791992,-0.5824218,0.0,0.0,0.0,0.0,0.0
-53.648035,209.482,401.751318,22800.0,0.0,0.0,-5.833334999999806,0.0,0.0,-0.0002499999141036,0.0,0.3618163,-5.6831055,-0.6782225000000001,-0.5942139,0.0,0.0,0.0,0.0,0.0
-53.648035,209.482,401.6346513,22800.0,0.0,0.0,-5.833334999999806,0.0,0.0,0.0,0.0,0.3603514,-5.6826173,-0.6699219,-0.6157471999999999,0.0,0.0,0.0,0.0,0.0
-53.648035,209.482,401.51798470000006,22800.0,0.0,0.0,-5.83332999999584,0.0,0.0,0.0002500001983207,0.0,0.3564452999999999,-5.6767577000000005,-0.6967773,-0.6203613,0.0,0.0,0.0,0.0,0.0
-53.648035,209.482,401.401318,22800.0,0.0,0.0,-5.8333350000026485,0.0,0.0,-0.0002500003404293,0.0,0.3593748,-5.674316299999999,-0.6777344000000001,-0.6070314,0.0,0.0,0.0,0.0,0.0
-53.648035,209.482,401.2846513,22800.0,0.0,0.0,-5.833334999999806,0.0,0.0,1.4210854715202004e-10,0.0,0.3618163,-5.678222700000001,-0.6821288999999999,-0.6065186,0.0,0.0,0.0,0.0,0.0
-53.648035,209.482,401.1679847,22800.0,0.0,0.0,-5.833330000001524,0.0,0.0,0.0002499999141036,0.0,0.3623046,-5.6748046,-0.7075193000000001,-0.6075438999999999,0.0,0.0,0.0,0.0,0.0
-53.648035,209.482,401.051318,22800.0,0.0,0.0,-5.833334999999806,0.0,0.0,-0.0002499999141036,0.0,0.3603514,-5.6748047,-0.6879883,-0.5890868,0.0,0.0,0.0,0.0,0.0
-53.648035,209.482,400.9346513,22800.0,0.0,0.0,-5.833334999999806,0.0,0.0,0.0,0.0,0.3540038,-5.681152300000001,-0.6879883,-0.5849854000000001,0.0,0.0,0.0,0.0,0.0
-53.648035,209.482,400.8179847,22800.0,0.0,0.0,-5.833329999998682,0.0,0.0,0.0002500000562122,0.0,0.354492,-5.6811524,-0.6826171999999999,-0.6024171,0.0,0.0,0.0,0.0,0.0
-53.648035,209.482,400.701318,22800.0,0.0,0.0,-5.833334999999806,0.0,0.0,-0.0002500000562122,0.0,0.3549803,-5.6728517,-0.6611328000000001,-0.6198487,0.0,0.0,0.0,0.0,0.0
-53.648035,209.482,400.5846513,22800.0,0.0,0.0,-5.833334999999806,0.0,0.0,0.0,0.0,0.3583983,-5.6684571,-0.689453,-0.6157470999999999,0.0,0.0,0.0,0.0,0.0
-53.648035,209.482,400.4679847,22800.0,0.0,0.0,-5.833330000001524,0.0,0.0,0.0002499999141036,0.0,0.35791,-5.6787108,-0.7075194,-0.6044679,0.0,0.0,0.0,0.0,0.0
-53.648035,209.482,400.351318,22800.0,0.0,0.0,-5.833334999999806,0.0,0.0,-0.0002499999141036,0.0,0.3549804,-5.6811523,-0.6943360000000001,-0.6136963,0.0,0.0,0.0,0.0,0.0
-53.648035,209.482,400.23465130000005,22800.0,0.0,0.0,-5.833334999996964,0.0,0.0,1.4210854715202004e-10,0.0,0.3510742999999999,-5.6782227,-0.6855469,-0.5952392000000001,0.0,0.0,0.0,0.0,0.0
-53.648035,209.482,400.1179847,22800.0,0.0,0.0,-5.833330000004366,0.0,0.0,0.0002499996298865,0.0,0.3540038,-5.675293,-0.6840820000000001,-0.5824218,0.0,0.0,0.0,0.0,0.0
-53.648035,209.482,400.001318,22800.0,0.0,0.0,-5.833334999999806,0.0,0.0,-0.0002499997719951,0.0,0.354492,-5.6762696,-0.6997072,-0.5911378,0.0,0.0,0.0,0.0,0.0
-53.648035,209.482,399.8846513,22800.0,0.0,0.0,-5.833334999999806,0.0,0.0,0.0,0.0,0.3579099,-5.6728516,-0.6933592999999999,-0.6147218,0.0,0.0,0.0,0.0,0.0
-53.648035,209.482,399.7679847,22800.0,0.0,0.0,-5.833329999998682,0.0,0.0,0.0002500000562122,0.0,0.3540038,-5.670898599999999,-0.7070312000000001,-0.6172850999999999,0.0,0.0,0.0,0.0,0.0
-53.648035,209.482,399.651318,22800.0,0.0,0.0,-5.833334999999806,0.0,0.0,-0.0002500000562122,0.0,0.3530272,-5.6777343,-0.7080076,-0.6075441,0.0,0.0,0.0,0.0,0.0
-53.648035,209.482,399.53465130000006,22800.0,0.0,0.0,-5.833334999996964,0.0,0.0,1.4210854715202004e-10,0.0,0.3510741999999999,-5.6826171,-0.6708984,-0.6090821,0.0,0.0,0.0,0.0,0.0
-53.648035,209.482,399.4179847,22800.0,0.0,0.0,-5.833330000004366,0.0,0.0,0.0002499996298865,0.0,0.3535156,-5.6767578,-0.6645507,-0.6075438999999999,0.0,0.0,0.0,0.0,0.0
-53.648035,209.482,399.301318,22800.0,0.0,0.0,-5.833334999999806,0.0,0.0,-0.0002499997719951,0.0,0.3564451999999999,-5.6708984,-0.6699218,-0.5880614000000001,0.0,0.0,0.0,0.0,0.0
-53.648035,209.482,399.1846513,22800.0,0.0,0.0,-5.833334999999806,0.0,0.0,0.0,0.0,0.3593748,-5.6743165,-0.6601562000000001,-0.5860107,0.0,0.0,0.0,0.0,0.0
-53.648035,209.482,399.0679858,22800.0,0.0,0.0,-5.833275000000526,0.0,0.0,0.002999999964004,0.0,0.3603515,-5.6782228,-0.6669923,-0.5998536,0.0,0.0,0.0,0.0,0.0
-53.6479645,209.482,398.9703035,22800.0,0.003524999999982,0.0,-4.884114999998701,0.1762499999991007,0.0,47.45800000009126,0.0,0.3540038,-5.6762696,0.2197267,-0.6203614,0.0,0.0,0.0,0.0,0.0
-53.6301436,209.482,398.9408359,22800.0,0.8910450000001902,0.0,-1.4733799999987696,44.37600000001041,0.0,170.53674999999657,0.0,-0.5849610000000001,-5.6787107,-0.4238281,-0.6167725,0.0,0.0,0.0,0.0,0.0
-53.5437933,209.482,398.93999,22800.0,4.3175149999996165,0.0,-0.042295000000081,171.32349999997132,0.0,71.55424999993443,0.0,-1.2426756,-5.6958008,-0.482422,-0.6049806,0.0,0.0,0.0,0.0,0.0
-53.427244300000005,209.482,398.93999,22800.0,5.827449999999956,0.0,0.0,75.49675000001699,0.0,2.114750000004051,0.0,-0.3232422,-5.6831054000000005,-0.5957030999999999,-0.6116455000000001,0.0,0.0,0.0,0.0,0.0
-53.3105777,209.482,398.93999,22800.0,5.833330000000458,0.0,0.0,0.2940000000251075,0.0,0.0,0.0,-0.9272461,-5.6791991,-0.6547851,-0.5947264,0.0,0.0,0.0,0.0,0.0
-53.193911,209.482,398.93999,22800.0,5.833334999999806,0.0,0.0,0.0002499999673943,0.0,0.0,0.0,-0.6547854,-5.671875,-0.6420897999999999,-0.5819091000000001,0.0,0.0,0.0,0.0,0.0
-53.0772443,209.482,398.93999,22800.0,5.833335000000162,0.0,0.0,1.7763568394002505e-11,0.0,0.0,0.0,-0.6791992,-5.6806641,-0.6240235000000001,-0.5895997000000001,0.0,0.0,0.0,0.0,0.0
-52.9605777,209.482,398.93999,22800.0,5.833329999999748,0.0,0.0,-0.000250000020685,0.0,0.0,0.0,-0.7216798,-5.6733399,-0.6074219,-0.6121582999999999,0.0,0.0,0.0,0.0,0.0
-52.843911000000006,209.482,398.93999,22800.0,5.833334999999806,0.0,0.0,0.0002500000029215,0.0,0.0,0.0,-0.5131837,-5.6674805,-0.5991211,-0.6162597,0.0,0.0,0.0,0.0,0.0
-52.72724430000001,209.482,398.93999,22800.0,5.833334999999806,0.0,0.0,0.0,0.0,0.0,0.0,-0.7158204,-5.6699219,-0.5888672999999999,-0.6065187,0.0,0.0,0.0,0.0,0.0
-52.6105777,209.482,398.93999,22800.0,5.833330000000458,0.0,0.0,-0.0002499999673943,0.0,0.0,0.0,-0.6147461,-5.6743164,-0.5761719999999999,-0.6060059,0.0,0.0,0.0,0.0,0.0
-52.493911,209.482,398.93999,22800.0,5.833334999999806,0.0,0.0,0.0002499999673943,0.0,0.0,0.0,-0.5244139999999999,-5.6748046,-0.5605468,-0.6044677,0.0,0.0,0.0,0.0,0.0
-52.37724430000001,209.482,398.93999,22800.0,5.833334999999806,0.0,0.0,0.0,0.0,0.0,0.0,-0.6201171000000001,-5.67041,-0.5468748999999999,-0.5875488,0.0,0.0,0.0,0.0,0.0
-52.2605777,209.482,398.93999,22800.0,5.833330000000458,0.0,0.0,-0.0002499999673943,0.0,0.0,0.0,-0.5756836,-5.674316500000001,-0.5351564,-0.5839599,0.0,0.0,0.0,0.0,0.0
-52.143911,209.482,398.93999,22800.0,5.833334999999806,0.0,0.0,0.0002499999673943,0.0,0.0,0.0,-0.553711,-5.6738281,-0.5214844,-0.6013917,0.0,0.0,0.0,0.0,0.0
-52.02724430000001,209.482,398.93999,22800.0,5.833334999999806,0.0,0.0,0.0,0.0,0.0,0.0,-0.5903321,-5.6679688,-0.5112303,-0.6183107,0.0,0.0,0.0,0.0,0.0
-51.9105777,209.482,398.93999,22800.0,5.833330000000458,0.0,0.0,-0.0002499999673943,0.0,0.0,0.0,-0.6245117,-5.6684571,-0.505371,-0.614209,0.0,0.0,0.0,0.0,0.0
-51.793911,209.482,398.93999,22800.0,5.833334999999806,0.0,0.0,0.0002499999673943,0.0,0.0,0.0,-0.5844727,-5.6757812,-0.4985353,-0.6019044,0.0,0.0,0.0,0.0,0.0
-51.6772443,209.482,398.93999,22800.0,5.833335000000162,0.0,0.0,1.7763568394002505e-11,0.0,0.0,0.0,-0.6157227,-5.6777344,-0.4916990999999999,-0.6095946999999999,0.0,0.0,0.0,0.0,0.0
-51.5605777,209.482,398.93999,22800.0,5.833330000000103,0.0,0.0,-0.0002500000029215,0.0,0.0,0.0,-0.640625,-5.6728515,-0.4863281,-0.5947264999999999,0.0,0.0,0.0,0.0,0.0
-51.443911,209.482,398.93999,22800.0,5.833334999999806,0.0,0.0,0.0002499999851579,0.0,0.0,0.0,-0.5546875,-5.6708984,-0.4853514,-0.5808837,0.0,0.0,0.0,0.0,0.0
-51.3272443,209.482,398.93999,22800.0,5.833335000000162,0.0,0.0,1.7763568394002505e-11,0.0,0.0,0.0,-0.6147461,-5.6767578,-0.4824217,-0.5916504,0.0,0.0,0.0,0.0,0.0
-51.2105777,209.482,398.93999,22800.0,5.833329999999748,0.0,0.0,-0.000250000020685,0.0,0.0,0.0,-0.6635741,-5.675293099999999,-0.4760742999999999,-0.6131837,0.0,0.0,0.0,0.0,0.0
-51.093911,209.482,398.93999,22800.0,5.833335000000162,0.0,0.0,0.000250000020685,0.0,0.0,0.0,-0.5927735000000001,-5.6743163,-0.4760740999999999,-0.6183105,0.0,0.0,0.0,0.0,0.0
-50.9772443,209.482,398.93999,22800.0,5.833334999999806,0.0,0.0,-1.7763568394002505e-11,0.0,0.0,0.0,-0.6201171999999999,-5.6777343,-0.4755859999999999,-0.6039551999999999,0.0,0.0,0.0,0.0,0.0
-50.8605777,209.482,398.93999,22800.0,5.833330000000103,0.0,0.0,-0.0002499999851579,0.0,0.0,0.0,-0.6225587,-5.6796874,-0.4736330000000001,-0.6044678,0.0,0.0,0.0,0.0,0.0
-50.743911,209.482,398.93999,22800.0,5.833334999999806,0.0,0.0,0.0002499999851579,0.0,0.0,0.0,-0.5356445,-5.6743163,-0.4702148999999999,-0.6034423,0.0,0.0,0.0,0.0,0.0
-50.6272443,209.482,398.93999,22800.0,5.833335000000517,0.0,0.0,3.552713678800501e-11,0.0,0.0,0.0,-0.5927735000000001,-5.6728515,-0.4716797,-0.5880614000000001,0.0,0.0,0.0,0.0,0.0
-50.5105777,209.482,398.93999,22800.0,5.833329999999748,0.0,0.0,-0.0002500000384486,0.0,0.0,0.0,-0.6313476,-5.6791993000000005,-0.4721680999999999,-0.5834473,0.0,0.0,0.0,0.0,0.0
-50.393911,209.482,398.93999,22800.0,5.833335000000162,0.0,0.0,0.000250000020685,0.0,0.0,0.0,-0.5830078000000001,-5.6826173,-0.4682616999999999,-0.6003663,0.0,0.0,0.0,0.0,0.0
-50.2772443,209.482,398.93999,22800.0,5.833334999999806,0.0,0.0,-1.7763568394002505e-11,0.0,0.0,0.0,-0.5214843,-5.6782226,-0.4672850999999999,-0.6172853,0.0,0.0,0.0,0.0,0.0
-50.1605777,209.482,398.93999,22800.0,5.833330000000103,0.0,0.0,-0.0002499999851579,0.0,0.0,0.0,-0.6376953,-5.6762693,-0.4672850999999999,-0.6167725,0.0,0.0,0.0,0.0,0.0
-50.043911,209.482,398.93999,22800.0,5.833334999999806,0.0,0.0,0.0002499999851579,0.0,0.0,0.0,-0.6059571,-5.6816406,-0.4682616999999999,-0.6029298,0.0,0.0,0.0,0.0,0.0
-49.9272443,209.482,398.93999,22800.0,5.833335000000162,0.0,0.0,1.7763568394002505e-11,0.0,0.0,0.0,-0.5810546000000001,-5.6821289,-0.4663084999999999,-0.6131835999999999,0.0,0.0,0.0,0.0,0.0
-49.8105777,209.482,398.93999,22800.0,5.833329999999748,0.0,0.0,-0.000250000020685,0.0,0.0,0.0,-0.6523437999999999,-5.6791993000000005,-0.4643552999999999,-0.5957518,0.0,0.0,0.0,0.0,0.0
-49.693911,209.482,398.93999,22800.0,5.833335000000162,0.0,0.0,0.000250000020685,0.0,0.0,0.0,-0.6352539,-5.6806641,-0.4648436999999999,-0.5829345,0.0,0.0,0.0,0.0,0.0
-49.5772443,209.482,398.93999,22800.0,5.833334999999806,0.0,0.0,-1.7763568394002505e-11,0.0,0.0,0.0,-0.5302735000000001,-5.684082,-0.4653318999999999,-0.5880616,0.0,0.0,0.0,0.0,0.0
-49.4605777,209.482,398.93999,22800.0,5.833330000000103,0.0,0.0,-0.0002499999851579,0.0,0.0,0.0,-0.6206056,-5.6796875,-0.463867,-0.6111329000000001,0.0,0.0,0.0,0.0,0.0
-49.343911,209.482,398.93999,22800.0,5.833335000000162,0.0,0.0,0.0002500000029215,0.0,0.0,0.0,-0.6030274,-5.6752928,-0.4633787,-0.6167726,0.0,0.0,0.0,0.0,0.0
-49.2272443,209.482,398.93999,22800.0,5.833334999999806,0.0,0.0,-1.7763568394002505e-11,0.0,0.0,0.0,-0.5083007,-5.677734200000001,-0.4648436999999999,-0.6049806,0.0,0.0,0.0,0.0,0.0
-49.1105777,209.482,398.93999,22800.0,5.833330000000103,0.0,0.0,-0.0002499999851579,0.0,0.0,0.0,-0.6025391,-5.6845702000000005,-0.4628904,-0.6019043,0.0,0.0,0.0,0.0,0.0
-48.993911,209.482,398.93999,22800.0,5.833334999999806,0.0,0.0,0.0002499999851579,0.0,0.0,0.0,-0.628418,-5.6831054000000005,-0.4614255999999999,-0.603955,0.0,0.0,0.0,0.0,0.0
-48.8772443,209.482,398.93999,22800.0,5.833335000000162,0.0,0.0,1.7763568394002505e-11,0.0,0.0,0.0,-0.5624998,-5.6796875,-0.4624021999999999,-0.5865234,0.0,0.0,0.0,0.0,0.0
-48.7605777,209.482,398.93999,22800.0,5.833330000000103,0.0,0.0,-0.0002500000029215,0.0,0.0,0.0,-0.6093748,-5.681640700000001,-0.4619139,-0.58396,0.0,0.0,0.0,0.0,0.0
-48.643911,209.482,398.93999,22800.0,5.833334999999806,0.0,0.0,0.0002499999851579,0.0,0.0,0.0,-0.5942384,-5.6826172,-0.4619139,-0.6013917,0.0,0.0,0.0,0.0,0.0
-48.52724429999999,209.482,398.93999,22800.0,5.833335000000517,0.0,0.0,3.552713678800501e-11,0.0,0.0,0.0,-0.4980468,-5.6801757,-0.4604489999999999,-0.6198488,0.0,0.0,0.0,0.0,0.0
-48.4105777,209.482,398.93999,22800.0,5.833329999999748,0.0,0.0,-0.0002500000384486,0.0,0.0,0.0,-0.5927736,-5.680663999999999,-0.4614255999999999,-0.6147218,0.0,0.0,0.0,0.0,0.0
-48.293911,209.482,398.93999,22800.0,5.833334999999806,0.0,0.0,0.0002500000029215,0.0,0.0,0.0,-0.6015626000000001,-5.686035200000001,-0.461914,-0.6029298000000001,0.0,0.0,0.0,0.0,0.0
-48.1772443,209.482,398.93999,22800.0,5.833335000000162,0.0,0.0,1.7763568394002505e-11,0.0,0.0,0.0,-0.5703126000000001,-5.684082,-0.4589842999999999,-0.6126709,0.0,0.0,0.0,0.0,0.0
-48.0605777,209.482,398.93999,22800.0,5.833330000000103,0.0,0.0,-0.0002500000029215,0.0,0.0,0.0,-0.5996094,-5.6806642,-0.4599608,-0.5952390999999999,0.0,0.0,0.0,0.0,0.0
-47.943911,209.482,398.93999,22800.0,5.833334999999806,0.0,0.0,0.0002499999851579,0.0,0.0,0.0,-0.6318359,-5.6777344,-0.4589842,-0.5813964,0.0,0.0,0.0,0.0,0.0
-47.8272443,209.482,398.93999,22800.0,5.833335000000162,0.0,0.0,1.7763568394002505e-11,0.0,0.0,0.0,-0.5615234,-5.684082,-0.4580078,-0.5895997,0.0,0.0,0.0,0.0,0.0
-47.7105777,209.482,398.93999,22800.0,5.833329999999748,0.0,0.0,-0.000250000020685,0.0,0.0,0.0,-0.5737305,-5.682617200000001,-0.4575194999999999,-0.6106202000000001,0.0,0.0,0.0,0.0,0.0
-47.593911,209.482,398.93999,22800.0,5.833335000000162,0.0,0.0,0.000250000020685,0.0,0.0,0.0,-0.6123048,-5.6791991,-0.4580077999999999,-0.6183105,0.0,0.0,0.0,0.0,0.0
-47.4772443,209.482,398.93999,22800.0,5.833334999999806,0.0,0.0,-1.7763568394002505e-11,0.0,0.0,0.0,-0.5639649999999999,-5.6791991,-0.4584959999999999,-0.6044679000000001,0.0,0.0,0.0,0.0,0.0
-47.3605777,209.482,398.93999,22800.0,5.833330000000103,0.0,0.0,-0.0002499999851579,0.0,0.0,0.0,-0.5458985000000001,-5.6831054,-0.4570313,-0.6060059,0.0,0.0,0.0,0.0,0.0
-47.243911,209.482,398.93999,22800.0,5.833334999999806,0.0,0.0,0.0002499999851579,0.0,0.0,0.0,-0.6127929,-5.6811524,-0.4560548,-0.6049804,0.0,0.0,0.0,0.0,0.0
-47.1272443,209.482,398.93999,22800.0,5.833335000000517,0.0,0.0,3.552713678800501e-11,0.0,0.0,0.0,-0.5600585,-5.679687400000001,-0.4580076999999999,-0.5854981,0.0,0.0,0.0,0.0,0.0
-47.0105777,209.482,398.93999,22800.0,5.833329999999748,0.0,0.0,-0.0002500000384486,0.0,0.0,0.0,-0.5278319,-5.684082000000001,-0.4580078,-0.5849852999999999,0.0,0.0,0.0,0.0,0.0
-46.893911,209.482,398.93999,22800.0,5.833335000000162,0.0,0.0,0.000250000020685,0.0,0.0,0.0,-0.5874023,-5.6821289,-0.4570311999999999,-0.5978028,0.0,0.0,0.0,0.0,0.0
-46.7772443,209.482,398.93999,22800.0,5.833334999999806,0.0,0.0,-1.7763568394002505e-11,0.0,0.0,0.0,-0.5419924,-5.6777343,-0.4560547,-0.6188233000000001,0.0,0.0,0.0,0.0,0.0
-46.6605777,209.482,398.93999,22800.0,5.833330000000103,0.0,0.0,-0.0002499999851579,0.0,0.0,0.0,-0.5146485000000001,-5.6762694,-0.4560547,-0.6121582,0.0,0.0,0.0,0.0,0.0
-46.543911,209.482,398.93999,22800.0,5.833334999999806,0.0,0.0,0.0002499999851579,0.0,0.0,0.0,-0.614746,-5.6821289,-0.4575193999999999,-0.6029298,0.0,0.0,0.0,0.0,0.0
-46.4272443,209.482,398.93999,22800.0,5.833335000000162,0.0,0.0,1.7763568394002505e-11,0.0,0.0,0.0,-0.5624999,-5.684081900000001,-0.4550782,-0.609082,0.0,0.0,0.0,0.0,0.0
-46.3105777,209.482,398.93999,22800.0,5.833329999999748,0.0,0.0,-0.000250000020685,0.0,0.0,0.0,-0.5141601,-5.6821288,-0.4545898999999999,-0.5947264999999999,0.0,0.0,0.0,0.0,0.0
-46.193911,209.482,398.93999,22800.0,5.833335000000162,0.0,0.0,0.000250000020685,0.0,0.0,0.0,-0.5898437999999999,-5.6791992,-0.4565429,-0.5808837,0.0,0.0,0.0,0.0,0.0
-46.0772443,209.482,398.93999,22800.0,5.833334999999806,0.0,0.0,-1.7763568394002505e-11,0.0,0.0,0.0,-0.5805665,-5.6835938,-0.4575193999999999,-0.5875489,0.0,0.0,0.0,0.0,0.0
-45.9605777,209.482,398.93999,22800.0,5.833330000000103,0.0,0.0,-0.0002499999851579,0.0,0.0,0.0,-0.4873047,-5.6782227,-0.4560548,-0.6136964,0.0,0.0,0.0,0.0,0.0
-45.843911,209.482,398.93999,22800.0,5.833335000000162,0.0,0.0,0.0002500000029215,0.0,0.0,0.0,-0.5820315,-5.677245900000001,-0.4545898999999999,-0.6208739999999999,0.0,0.0,0.0,0.0,0.0
-45.7272443,209.482,398.93999,22800.0,5.833334999999806,0.0,0.0,-1.7763568394002505e-11,0.0,0.0,0.0,-0.5595704,-5.679687400000001,-0.4560547,-0.6070314,0.0,0.0,0.0,0.0,0.0
-45.6105777,209.482,398.93999,22800.0,5.833330000000103,0.0,0.0,-0.0002499999851579,0.0,0.0,0.0,-0.4736328,-5.6845702000000005,-0.4560546,-0.6060059,0.0,0.0,0.0,0.0,0.0
-45.493911,209.482,398.93999,22800.0,5.833334999999806,0.0,0.0,0.0002499999851579,0.0,0.0,0.0,-0.5708006999999999,-5.6791993000000005,-0.4550782,-0.6049804,0.0,0.0,0.0,0.0,0.0
-45.3772443,209.482,398.93999,22800.0,5.833335000000162,0.0,0.0,1.7763568394002505e-11,0.0,0.0,0.0,-0.5478517,-5.6767579,-0.4555664999999999,-0.5860106999999999,0.0,0.0,0.0,0.0,0.0
-45.2605777,209.482,398.93999,22800.0,5.833330000000103,0.0,0.0,-0.0002500000029215,0.0,0.0,0.0,-0.5092773,-5.6801759,-0.4555664999999999,-0.5849854000000001,0.0,0.0,0.0,0.0,0.0
-45.143911,209.482,398.93999,22800.0,5.833334999999806,0.0,0.0,0.0002499999851579,0.0,0.0,0.0,-0.5463866,-5.682129000000001,-0.4541017,-0.5967774,0.0,0.0,0.0,0.0,0.0
-45.02724429999999,209.482,398.93999,22800.0,5.833335000000517,0.0,0.0,3.552713678800501e-11,0.0,0.0,0.0,-0.5512695,-5.6772459,-0.4521487,-0.6177979,0.0,0.0,0.0,0.0,0.0
-44.9105777,209.482,398.93999,22800.0,5.833329999999748,0.0,0.0,-0.0002500000384486,0.0,0.0,0.0,-0.4956055,-5.676269400000001,-0.4541017999999999,-0.612671,0.0,0.0,0.0,0.0,0.0
-44.793911,209.482,398.93999,22800.0,5.833334999999806,0.0,0.0,0.0002500000029215,0.0,0.0,0.0,-0.5224610000000001,-5.6801757,-0.4541016999999999,-0.6049806,0.0,0.0,0.0,0.0,0.0
-44.6772443,209.482,398.93999,22800.0,5.833335000000162,0.0,0.0,1.7763568394002505e-11,0.0,0.0,0.0,-0.5805665,-5.678711,-0.4531251,-0.6095946999999999,0.0,0.0,0.0,0.0,0.0
-44.5605777,209.482,398.93999,22800.0,5.833330000000103,0.0,0.0,-0.0002500000029215,0.0,0.0,0.0,-0.5498048,-5.6767578,-0.4511720999999999,-0.5967773000000001,0.0,0.0,0.0,0.0,0.0
-44.443911,209.482,398.93999,22800.0,5.833334999999806,0.0,0.0,0.0002499999851579,0.0,0.0,0.0,-0.5424805000000001,-5.6757813,-0.4526369999999999,-0.5829345,0.0,0.0,0.0,0.0,0.0
-44.3272443,209.482,398.93999,22800.0,5.833335000000162,0.0,0.0,1.7763568394002505e-11,0.0,0.0,0.0,-0.5800781999999999,-5.6811524,-0.4541016999999999,-0.5916505,0.0,0.0,0.0,0.0,0.0
-44.2105777,209.482,398.93999,22800.0,5.833329999999748,0.0,0.0,-0.000250000020685,0.0,0.0,0.0,-0.4721679,-5.678222700000001,-0.4521486,-0.6131837,0.0,0.0,0.0,0.0,0.0
-44.093911,209.482,398.93999,22800.0,5.833335000000162,0.0,0.0,0.000250000020685,0.0,0.0,0.0,-0.5126955000000001,-5.668456900000001,-0.4526369,-0.6208739999999999,0.0,0.0,0.0,0.0,0.0
-43.9772443,209.482,398.93999,22800.0,5.833334999999806,0.0,0.0,-1.7763568394002505e-11,0.0,0.0,0.0,-0.6069337,-5.6357421,-0.4438476999999999,-0.6659912,0.0,0.0,0.0,0.0,0.0
-43.8605777,209.482,398.93999,22800.0,5.833330000000103,0.0,0.0,-0.0002499999851579,0.0,0.0,0.0,-0.5703126,-5.5966798,-0.4282228,-0.745459,0.0,0.0,0.0,0.0,0.0
-43.743911,209.482,398.93999,22800.0,5.833334999999806,0.0,0.0,0.0002499999851579,0.0,0.0,0.0,-0.5629885000000001,-5.5546875,-0.408203,-0.8121093,0.0,0.0,0.0,0.0,0.0
-43.6272443,209.482,398.93999,22800.0,5.833335000000517,0.0,0.0,3.552713678800501e-11,0.0,0.0,0.0,-0.6230469999999999,-5.5141601,-0.3950194999999999,-0.8531251000000001,0.0,0.0,0.0,0.0,0.0
-43.5105777,209.482,398.93999,22800.0,5.833329999999748,0.0,0.0,-0.0002500000384486,0.0,0.0,0.0,-0.5659179,-5.4853515,-0.3857422,-0.8961914,0.0,0.0,0.0,0.0,0.0
-43.393911,209.482,398.93999,22800.0,5.833335000000162,0.0,0.0,0.000250000020685,0.0,0.0,0.0,-0.5449219000000001,-5.4628905,-0.3735351999999999,-0.9531005,0.0,0.0,0.0,0.0,0.0
-43.2772443,209.482,398.93999,22800.0,5.833334999999806,0.0,0.0,-1.7763568394002505e-11,0.0,0.0,0.0,-0.6313476,-5.4389649,-0.3613281,-1.0100096,0.0,0.0,0.0,0.0,0.0
-43.1605777,209.482,398.93999,22800.0,5.833330000000103,0.0,0.0,-0.0002499999851579,0.0,0.0,0.0,-0.6523437,-5.423339799999999,-0.3574218999999999,-1.0402589,0.0,0.0,0.0,0.0,0.0
-43.043911,209.482,398.93999,22800.0,5.833334999999806,0.0,0.0,0.0002499999851579,0.0,0.0,0.0,-0.6030274,-5.411621200000001,-0.3525389,-1.0546144,0.0,0.0,0.0,0.0,0.0
-42.9272443,209.482,398.93999,22800.0,5.833335000000162,0.0,0.0,1.7763568394002505e-11,0.0,0.0,0.0,-0.713379,-5.3979491,-0.3471676999999999,-1.0894775,0.0,0.0,0.0,0.0,0.0
-42.8105777,209.482,398.93999,22800.0,5.833329999999748,0.0,0.0,-0.000250000020685,0.0,0.0,0.0,-0.6889647999999999,-5.387207,-0.3403318999999999,-1.1038331,0.0,0.0,0.0,0.0,0.0
-42.693911,209.482,398.93999,22800.0,5.833335000000162,0.0,0.0,0.000250000020685,0.0,0.0,0.0,-0.5961912999999999,-5.3779297,-0.3374023999999999,-1.1125487,0.0,0.0,0.0,0.0,0.0
-42.5772443,209.482,398.93999,22800.0,5.833334999999806,0.0,0.0,-1.7763568394002505e-11,0.0,0.0,0.0,-0.6860351,-5.3696289,-0.336914,-1.1366454999999998,0.0,0.0,0.0,0.0,0.0
-42.4605777,209.482,398.93999,22800.0,5.833330000000103,0.0,0.0,-0.0002499999851579,0.0,0.0,0.0,-0.6523437999999999,-5.3588865,-0.3291015,-1.1838136,0.0,0.0,0.0,0.0,0.0
-42.343911,209.482,398.93999,22800.0,5.833335000000162,0.0,0.0,0.0002500000029215,0.0,0.0,0.0,-0.6254885,-5.351562400000001,-0.3276366,-1.2145751,0.0,0.0,0.0,0.0,0.0
-42.2272443,209.482,398.93999,22800.0,5.833334999999806,0.0,0.0,-1.7763568394002505e-11,0.0,0.0,0.0,-0.6699219000000001,-5.3505859,-0.3305664,-1.2130369,0.0,0.0,0.0,0.0,0.0
-42.1105777,209.482,398.93999,22800.0,5.833330000000103,0.0,0.0,-0.0002499999851579,0.0,0.0,0.0,-0.6752929,-5.3486328,-0.3286132,-1.2279052,0.0,0.0,0.0,0.0,0.0
-41.993911,209.482,398.93999,22800.0,5.833334999999806,0.0,0.0,0.0002499999851579,0.0,0.0,0.0,-0.6503906,-5.3447265,-0.3203124,-1.2509765,0.0,0.0,0.0,0.0,0.0
-41.8772443,209.482,398.93999,22800.0,5.833335000000162,0.0,0.0,1.7763568394002505e-11,0.0,0.0,0.0,-0.6660157999999999,-5.3427734,-0.3193359999999999,-1.2499512,0.0,0.0,0.0,0.0,0.0
-41.7605777,209.482,398.93999,22800.0,5.833330000000103,0.0,0.0,-0.0002500000029215,0.0,0.0,0.0,-0.6992188,-5.3452149,-0.3208007,-1.2561035,0.0,0.0,0.0,0.0,0.0
-41.643911,209.482,398.93999,22800.0,5.833334999999806,0.0,0.0,0.0002499999851579,0.0,0.0,0.0,-0.6694336,-5.3344725,-0.3188476999999999,-1.2868654,0.0,0.0,0.0,0.0,0.0
-41.52724429999999,209.482,398.93999,22800.0,5.833335000000517,0.0,0.0,3.552713678800501e-11,0.0,0.0,0.0,-0.6821288999999999,-5.3310546,-0.3095705,-1.3314697,0.0,0.0,0.0,0.0,0.0
-41.4105777,209.482,398.93999,22800.0,5.833329999999748,0.0,0.0,-0.0002500000384486,0.0,0.0,0.0,-0.7412110000000001,-5.333495999999999,-0.3120117999999999,-1.3350585,0.0,0.0,0.0,0.0,0.0
-41.293911,209.482,398.93999,22800.0,5.833334999999806,0.0,0.0,0.0002500000029215,0.0,0.0,0.0,-0.6430665,-5.331543,-0.3100586999999999,-1.3345458,0.0,0.0,0.0,0.0,0.0
-41.1772443,209.482,398.93999,22800.0,5.833335000000162,0.0,0.0,1.7763568394002505e-11,0.0,0.0,0.0,-0.7426758,-5.3232422,-0.3061523999999999,-1.3540283,0.0,0.0,0.0,0.0,0.0
-41.0605777,209.482,398.93999,22800.0,5.833330000000103,0.0,0.0,-0.0002500000029215,0.0,0.0,0.0,-0.7822265,-5.3188477,-0.3012695999999999,-1.3560789999999998,0.0,0.0,0.0,0.0,0.0
-40.943911,209.482,398.93999,22800.0,5.833334999999806,0.0,0.0,0.0002499999851579,0.0,0.0,0.0,-0.7368163999999999,-5.320312599999999,-0.3056640999999999,-1.3519775,0.0,0.0,0.0,0.0,0.0
-40.8272443,209.482,398.93999,22800.0,5.833335000000162,0.0,0.0,1.7763568394002505e-11,0.0,0.0,0.0,-0.6762695000000001,-5.3222656,-0.3085939,-1.3673585,0.0,0.0,0.0,0.0,0.0
-40.7105777,209.482,398.93999,22800.0,5.833329999999748,0.0,0.0,-0.000250000020685,0.0,0.0,0.0,-0.7294922999999999,-5.3154297,-0.3022460999999999,-1.4088868,0.0,0.0,0.0,0.0,0.0
-40.593911,209.482,398.93999,22800.0,5.833335000000162,0.0,0.0,0.000250000020685,0.0,0.0,0.0,-0.7070312999999999,-5.3208007,-0.2998047,-1.4263184,0.0,0.0,0.0,0.0,0.0
-40.4772443,209.482,398.93999,22800.0,5.833334999999806,0.0,0.0,-1.7763568394002505e-11,0.0,0.0,0.0,-0.6801757,-5.324706999999999,-0.3007811999999999,-1.4232421,0.0,0.0,0.0,0.0,0.0
-40.3605777,209.482,398.93999,22800.0,5.833330000000103,0.0,0.0,-0.0002499999851579,0.0,0.0,0.0,-0.7583006999999999,-5.3222657,-0.3012693999999999,-1.4242674000000002,0.0,0.0,0.0,0.0,0.0
-40.243911,209.482,398.93999,22800.0,5.833334999999806,0.0,0.0,0.0002499999851579,0.0,0.0,0.0,-0.7353516,-5.3129886,-0.2954100999999999,-1.4447751,0.0,0.0,0.0,0.0,0.0
-40.1272443,209.482,398.93999,22800.0,5.833335000000517,0.0,0.0,3.552713678800501e-11,0.0,0.0,0.0,-0.6816405000000001,-5.3129884,-0.2973632,-1.4360595,0.0,0.0,0.0,0.0,0.0
-40.0105777,209.482,398.93999,22800.0,5.833329999999748,0.0,0.0,-0.0002500000384486,0.0,0.0,0.0,-0.7402344,-5.317871,-0.3012693999999999,-1.4355467,0.0,0.0,0.0,0.0,0.0
-39.893911,209.482,398.93999,22800.0,5.833335000000162,0.0,0.0,0.000250000020685,0.0,0.0,0.0,-0.7246094000000001,-5.3154296,-0.2998047,-1.4560546,0.0,0.0,0.0,0.0,0.0
-39.7772443,209.482,398.93999,22800.0,5.833334999999806,0.0,0.0,-1.7763568394002505e-11,0.0,0.0,0.0,-0.6777345,-5.309081900000001,-0.2929686999999999,-1.4991211999999998,0.0,0.0,0.0,0.0,0.0
-39.6605777,209.482,398.93999,22800.0,5.833330000000103,0.0,0.0,-0.0002499999851579,0.0,0.0,0.0,-0.7685546999999999,-5.3134764,-0.2963866999999999,-1.4924561,0.0,0.0,0.0,0.0,0.0
-39.543911,209.482,398.93999,22800.0,5.833334999999806,0.0,0.0,0.0002499999851579,0.0,0.0,0.0,-0.7392576999999999,-5.319824,-0.298828,-1.4806642,0.0,0.0,0.0,0.0,0.0
-39.4272443,209.482,398.93999,22800.0,5.833335000000162,0.0,0.0,1.7763568394002505e-11,0.0,0.0,0.0,-0.7124025,-5.314452999999999,-0.2983398,-1.4919433999999998,0.0,0.0,0.0,0.0,0.0
-39.3105777,209.482,398.93999,22800.0,5.833329999999748,0.0,0.0,-0.000250000020685,0.0,0.0,0.0,-0.7705078000000001,-5.3105469,-0.2944334999999999,-1.4934813999999998,0.0,0.0,0.0,0.0,0.0
-39.193911,209.482,398.93999,22800.0,5.833335000000162,0.0,0.0,0.000250000020685,0.0,0.0,0.0,-0.7592775,-5.3188478,-0.2988282,-1.4801513,0.0,0.0,0.0,0.0,0.0
-39.0772443,209.482,398.93999,22800.0,5.833334999999806,0.0,0.0,-1.7763568394002505e-11,0.0,0.0,0.0,-0.6796873999999999,-5.3232422,-0.2973632999999999,-1.4847657,0.0,0.0,0.0,0.0,0.0
-38.9605777,209.482,398.93999,22800.0,5.833330000000103,0.0,0.0,-0.0002499999851579,0.0,0.0,0.0,-0.7426756,-5.3154297,-0.2954101999999999,-1.5124513,0.0,0.0,0.0,0.0,0.0
-38.843911,209.482,398.93999,22800.0,5.833335000000162,0.0,0.0,0.0002500000029215,0.0,0.0,0.0,-0.7553711,-5.3134765,-0.2944337,-1.5268067,0.0,0.0,0.0,0.0,0.0
-38.7272443,209.482,398.93999,22800.0,5.833334999999806,0.0,0.0,-1.7763568394002505e-11,0.0,0.0,0.0,-0.7343751,-5.3208007,-0.298828,-1.5114258,58.93827828452737,-99.47139065225154,36.07689577780188,115.62127055796104,2.320000000006985
-38.6105777,209.482,398.93999,22800.0,5.833330000000103,0.0,0.0,-0.0002499999851579,0.0,0.0,0.0,-0.7382812000000001,-5.3222656,-0.3012694999999999,-1.5037354,58.93823786971844,-99.4713974731477,36.07688804703868,115.62125582456042,3.2479999999923166
-38.493911,209.482,398.93999,22800.0,5.833334999999806,0.0,0.0,0.0002499999851579,0.0,0.0,0.0,-0.7587891,-5.3178711,-0.2963866999999999,-1.5109131999999998,58.93827828452737,-99.47139065225154,36.07689577780188,115.62127055796104,6.959999999991851
-38.3772443,209.482,398.93999,22800.0,5.833335000000162,0.0,0.0,1.7763568394002505e-11,0.0,0.0,0.0,-0.6870117,-5.3217772000000005,-0.2963866999999999,-1.4904052,58.93827828453023,-99.47139065225106,36.076895777802434,115.62127055796208,10.208000000013271
-38.2605777,209.482,398.93999,22800.0,5.833330000000103,0.0,0.0,-0.0002500000029215,0.0,0.0,0.0,-0.7158203,-5.330566299999999,-0.3002929,-1.4796387000000002,58.93823786971844,-99.4713974731477,36.07688804703868,115.62125582456042,13.223999999987427
-38.143911,209.482,398.93999,22800.0,5.833334999999806,0.0,0.0,0.0002499999851579,0.0,0.0,0.0,-0.7641602000000001,-5.3271484,-0.300293,-1.4934815,58.93827828452737,-99.47139065225154,36.07689577780188,115.62127055796104,17.168000000005122
-38.02724429999999,209.482,398.93999,22800.0,5.833335000000517,0.0,0.0,3.552713678800501e-11,0.0,0.0,0.0,-0.7338867,-5.3212893,-0.2954100999999999,-1.5360352,58.93827828453311,-99.47139065225058,36.076895777802974,115.62127055796311,19.95199999999022
-37.9105777,209.482,398.93999,22800.0,5.833329999999748,0.0,0.0,-0.0002500000384486,0.0,0.0,0.0,-0.7739258,-5.3232421,-0.3007813,-1.5303956,58.93823786971558,-99.4713974731482,36.07688804703813,115.62125582455938,24.59200000000419
-37.793911,209.482,398.93999,22800.0,5.833334999999806,0.0,0.0,0.0002500000029215,0.0,0.0,0.0,-0.7915039,-5.3276367,-0.3041992,-1.522705,58.93827828452737,-99.47139065225154,36.07689577780188,115.62127055796104,29.231999999989057
-37.6772443,209.482,398.93999,22800.0,5.833335000000162,0.0,0.0,1.7763568394002505e-11,0.0,0.0,0.0,-0.7387697,-5.323730599999999,-0.3037109999999999,-1.526294,58.93827828453023,-99.47139065225106,36.076895777802434,115.62127055796208,33.17600000000675
-37.5605777,209.482,398.93999,22800.0,5.833330000000103,0.0,0.0,-0.0002500000029215,0.0,0.0,0.0,-0.7309572,-5.3193359,-0.300293,-1.5206544999999998,58.93823786971844,-99.4713974731477,36.07688804703868,115.62125582456042,38.51199999998789
-37.443911,209.482,398.93999,22800.0,5.833334999999806,0.0,0.0,0.0002499999851579,0.0,0.0,0.0,-0.751953,-5.323730299999999,-0.3046874999999999,-1.4986085,58.93827828452737,-99.47139065225154,36.07689577780188,115.62127055796104,42.920000000012806
-37.3272443,209.482,398.93999,22800.0,5.833335000000162,0.0,0.0,1.7763568394002505e-11,0.0,0.0,0.0,-0.7050782,-5.3291016,-0.3056640999999999,-1.4950196999999998,58.93827828453023,-99.47139065225106,36.076895777802434,115.62127055796208,48.255999999993946
-37.2105777,209.482,398.93999,22800.0,5.833329999999748,0.0,0.0,-0.000250000020685,0.0,0.0,0.0,-0.6757810999999999,-5.3173828,-0.3022460999999999,-1.5221924000000002,58.93823786971558,-99.4713974731482,36.07688804703813,115.62125582455938,52.20000000001164
-37.093911,209.482,398.93999,22800.0,5.833335000000162,0.0,0.0,0.000250000020685,0.0,0.0,0.0,-0.7666014999999999,-5.3193359,-0.3027343,-1.5334717999999998,58.93827828453023,-99.47139065225106,36.076895777802434,115.62127055796208,57.76800000001094
-36.9772443,209.482,398.93999,22800.0,5.833334999999806,0.0,0.0,-1.7763568394002505e-11,0.0,0.0,0.0,-0.7563476,-5.324707000000001,-0.307129,-1.512964,58.93827828452737,-99.47139065225154,36.07689577780188,115.62127055796104,64.49600000001374
-36.8605777,209.482,398.93999,22800.0,5.833330000000103,0.0,0.0,-0.0002499999851579,0.0,0.0,0.0,-0.6943358,-5.3295899,-0.3095704,-1.5139894,58.93823786971844,-99.4713974731477,36.07688804703868,115.62125582456042,69.60000000000582
-36.743911,209.482,398.93999,22800.0,5.833334999999806,0.0,0.0,0.0002499999851579,0.0,0.0,0.0,-0.7514647999999999,-5.3247072,-0.3046875999999999,-1.5268067,58.93827828452737,-99.47139065225154,36.07689577780188,115.62127055796104,75.39999999999418
-36.6272443,209.482,398.93999,22800.0,5.833335000000517,0.0,0.0,3.552713678800501e-11,0.0,0.0,0.0,-0.7509766,-5.3271484,-0.3066407999999999,-1.5088624,58.93827828453311,-99.47139065225058,36.076895777802974,115.62127055796311,80.2719999999972
-36.5105777,209.482,398.93999,22800.0,5.833329999999748,0.0,0.0,-0.0002500000384486,0.0,0.0,0.0,-0.6782227,-5.3339843,-0.3100587,-1.4986086,58.93823786971558,-99.4713974731482,36.07688804703813,115.62125582455938,86.07199999998556
-36.393911,209.482,398.93999,22800.0,5.833335000000162,0.0,0.0,0.000250000020685,0.0,0.0,0.0,-0.7729492,-5.3286132,-0.3081057,-1.5109133,58.93827828453023,-99.47139065225106,36.076895777802434,115.62127055796208,93.03200000000652
-36.2772443,209.482,398.93999,22800.0,5.833334999999806,0.0,0.0,-1.7763568394002505e-11,0.0,0.0,0.0,-0.7617189000000001,-5.3208008,-0.3041992999999999,-1.5355225,58.93827828452737,-99.47139065225154,36.07689577780188,115.62127055796104,98.1359999999986
-36.1605777,209.482,398.93999,22800.0,5.833330000000103,0.0,0.0,-0.0002499999851579,0.0,0.0,0.0,-0.7011719,-5.3212891,-0.3090820999999999,-1.526294,58.93823786971844,-99.4713974731477,36.07688804703868,115.62125582456042,105.3280000000086
-36.043911,209.482,398.93999,22800.0,5.833334999999806,0.0,0.0,0.0002499999851579,0.0,0.0,0.0,-0.7539064000000001,-5.3295897000000005,-0.3124999999999999,-1.5098877,58.93827828452737,-99.47139065225154,36.07689577780188,115.62127055796104,110.89600000000792
-35.9272443,209.482,398.93999,22800.0,5.833335000000162,0.0,0.0,1.7763568394002505e-11,0.0,0.0,0.0,-0.8002927999999999,-5.327148599999999,-0.3085939,-1.5160401,58.93827828453023,-99.47139065225106,36.076895777802434,115.62127055796208,117.62400000001072
-35.8105777,209.482,398.93999,22800.0,5.833329999999748,0.0,0.0,-0.000250000020685,0.0,0.0,0.0,-0.7431640999999999,-5.328613300000001,-0.3061525,-1.5037354,58.93823786971558,-99.4713974731482,36.07688804703813,115.62125582455938,122.49600000001374
-35.693911,209.482,398.93999,22800.0,5.833335000000162,0.0,0.0,0.000250000020685,0.0,0.0,0.0,-0.7563475000000001,-5.3354493,-0.3115236,-1.4934815,58.93827828453023,-99.47139065225106,36.076895777802434,115.62127055796208,129.68799999999464
-35.577244300000004,209.482,398.93999,22800.0,5.833334999999806,0.0,0.0,-1.7763568394002505e-11,0.0,0.0,0.0,-0.7587889,-5.3364257,-0.3115234999999999,-1.4898927,58.93827828452737,-99.47139065225154,36.07689577780188,115.62127055796104,137.34400000001187
-35.4605777,209.482,398.93999,22800.0,5.833330000000103,0.0,0.0,-0.0002499999851579,0.0,0.0,0.0,-0.6699218,-5.3266601,-0.3041992999999999,-1.5155275,58.93823786971844,-99.4713974731477,36.07688804703868,115.62125582456042,143.3759999999893
-35.343911,209.482,398.93999,22800.0,5.833335000000162,0.0,0.0,0.0002500000029215,0.0,0.0,0.0,-0.7319336,-5.3295899,-0.3041992999999999,-1.5227052,58.93827828453023,-99.47139065225106,36.076895777802434,115.62127055796208,149.87200000000303
-35.2272443,209.482,398.93999,22800.0,5.833334999999806,0.0,0.0,-1.7763568394002505e-11,0.0,0.0,0.0,-0.7626952,-5.334961,-0.310547,-1.5032226999999998,58.93827828452737,-99.47139065225154,36.07689577780188,115.62127055796104,155.6719999999914
-35.1105777,209.482,398.93999,22800.0,5.833330000000103,0.0,0.0,-0.0002499999851579,0.0,0.0,0.0,-0.722168,-5.3359375,-0.3110353,-1.4991212,58.93823786971844,-99.4713974731477,36.07688804703868,115.62125582456042,162.63200000001234
-34.993911000000004,209.482,398.93999,22800.0,5.833334999999806,0.0,0.0,0.0002499999851579,0.0,0.0,0.0,-0.7299805,-5.3310548,-0.3081056,-1.5124513,58.93827828452737,-99.47139065225154,36.07689577780188,115.62127055796104,170.0560000000114
-34.8772443,209.482,398.93999,22800.0,5.833335000000162,0.0,0.0,1.7763568394002505e-11,0.0,0.0,0.0,-0.7763671999999999,-5.333007800000001,-0.3100585999999999,-1.492456,58.93827828453023,-99.47139065225106,36.076895777802434,115.62127055796208,176.08799999998882
-34.7605777,209.482,398.93999,22800.0,5.833330000000103,0.0,0.0,-0.0002500000029215,0.0,0.0,0.0,-0.7148437000000001,-5.3393554,-0.3134765999999999,-1.4770752,58.93823786971844,-99.4713974731477,36.07688804703868,115.62125582456042,183.9759999999951
-34.643911,209.482,398.93999,22800.0,5.833334999999806,0.0,0.0,0.0002499999851579,0.0,0.0,0.0,-0.7138671999999999,-5.333496,-0.3115236,-1.4904053,58.93827828452737,-99.47139065225154,36.07689577780188,115.62127055796104,190.00800000000163
-34.52724429999999,209.482,398.93999,22800.0,5.833335000000517,0.0,0.0,3.552713678800501e-11,0.0,0.0,0.0,-0.7504882,-5.3334959,-0.3081055,-1.5206545,58.93827828453311,-99.47139065225058,36.076895777802974,115.62127055796311,197.4320000000007
-34.4105777,209.482,398.93999,22800.0,5.833329999999748,0.0,0.0,-0.0002500000384486,0.0,0.0,0.0,-0.7431642,-5.333495999999999,-0.3115234999999999,-1.5104004,58.93823786971558,-99.4713974731482,36.07688804703813,115.62125582455938,202.5359999999928
-34.293911,209.482,398.93999,22800.0,5.833334999999806,0.0,0.0,0.0002500000029215,0.0,0.0,0.0,-0.7060546999999999,-5.3408203,-0.3139648,-1.4898927,58.93827828452737,-99.47139065225154,36.07689577780188,115.62127055796104,209.95999999999185
-34.1772443,209.482,398.93999,22800.0,5.833335000000162,0.0,0.0,1.7763568394002505e-11,0.0,0.0,0.0,-0.7924805,-5.3354492,-0.3105468999999999,-1.4893799,58.93827828453023,-99.47139065225106,36.076895777802434,115.62127055796208,217.8479999999981
-34.0605777,209.482,398.93999,22800.0,5.833330000000103,0.0,0.0,-0.0002500000029215,0.0,0.0,0.0,-0.7182616000000001,-5.3378906,-0.3095701999999999,-1.4729736,58.93823786971844,-99.4713974731477,36.07688804703868,115.62125582456042,224.34400000001187
-33.943911,209.482,398.93999,22800.0,5.833334999999806,0.0,0.0,0.0002499999851579,0.0,0.0,0.0,-0.7041016,-5.3432616,-0.3203124999999999,-1.4432372,58.93827828452737,-99.47139065225154,36.07689577780188,115.62127055796104,231.30400000000373
-33.8272443,209.482,398.93999,22800.0,5.833335000000162,0.0,0.0,1.7763568394002505e-11,0.0,0.0,0.0,-0.7495117,-5.3447264,-0.3227539,-1.4201659,58.93827828453023,-99.47139065225106,36.076895777802434,115.62127055796208,237.33600000001024
-33.7105777,209.482,398.93999,22800.0,5.833329999999748,0.0,0.0,-0.000250000020685,0.0,0.0,0.0,-0.7099609,-5.340332,-0.3217773999999999,-1.4258056,58.93823786971558,-99.4713974731482,36.07688804703813,115.62125582455938,244.52799999999115
-33.593911,209.482,398.93999,22800.0,5.833335000000162,0.0,0.0,0.000250000020685,0.0,0.0,0.0,-0.6606444,-5.3364257,-0.3251951999999999,-1.4093995,58.93827828453023,-99.47139065225106,36.076895777802434,115.62127055796208,251.95199999999025
-33.4772443,209.482,398.93999,22800.0,5.833334999999806,0.0,0.0,-1.7763568394002505e-11,0.0,0.0,0.0,-0.7260742,-5.3364258,-0.3339843999999999,-1.3760742,58.93827828452737,-99.47139065225154,36.07689577780188,115.62127055796104,258.2159999999858
-33.3605777,209.482,398.93999,22800.0,5.833330000000103,0.0,0.0,-0.0002499999851579,0.0,0.0,0.0,-0.6992186,-5.3344726,-0.3398436999999999,-1.3550538,58.93823786971844,-99.4713974731477,36.07688804703868,115.62125582456042,266.1039999999921
-33.243911000000004,209.482,398.93999,22800.0,5.833334999999806,0.0,0.0,0.0002499999851579,0.0,0.0,0.0,-0.6123046,-5.328125,-0.3388672,-1.3596679,58.93827828452737,-99.47139065225154,36.07689577780188,115.62127055796104,272.36799999998766
-33.127244299999994,209.482,398.93999,22800.0,5.833335000000517,0.0,0.0,3.552713678800501e-11,0.0,0.0,0.0,-0.6831056,-5.333495999999999,-0.3427733,-1.3278808,58.93827828453311,-99.47139065225058,36.076895777802974,115.62127055796311,280.0240000000049
-33.0105777,209.482,398.93999,22800.0,5.833329999999748,0.0,0.0,-0.0002500000384486,0.0,0.0,0.0,-0.7016601,-5.3427735,-0.3491208999999999,-1.3150633,58.93823786971558,-99.4713974731482,36.07688804703813,115.62125582455938,285.127999999997
-32.893911,209.482,398.93999,22800.0,5.833335000000162,0.0,0.0,0.000250000020685,0.0,0.0,0.0,-0.6171873999999999,-5.3364256,-0.3481443999999999,-1.3217284,58.93827828453023,-99.47139065225106,36.076895777802434,115.62127055796208,290.4640000000072
-32.7772443,209.482,398.93999,22800.0,5.833334999999806,0.0,0.0,-1.7763568394002505e-11,0.0,0.0,0.0,-0.6557616,-5.327148299999999,-0.3442381,-1.3386474000000002,58.93827828452737,-99.47139065225154,36.07689577780188,115.62127055796104,297.42399999999907
-32.6605777,209.482,398.93999,22800.0,5.833330000000103,0.0,0.0,-0.0002499999851579,0.0,0.0,0.0,-0.6953125,-5.3261719,-0.3500974999999999,-1.3237792,58.93823786971844,-99.4713974731477,36.07688804703868,115.62125582456042,300.20800000001327
-32.543911,209.482,398.93999,22800.0,5.833334999999806,0.0,0.0,0.0002499999851579,0.0,0.0,0.0,-0.6103514999999999,-5.3271484,-0.3549802999999999,-1.3032714,58.93827828452737,-99.47139065225154,36.07689577780188,115.62127055796104,303.9199999999837
-32.4272443,209.482,398.93999,22800.0,5.833335000000162,0.0,0.0,1.7763568394002505e-11,0.0,0.0,0.0,-0.6811525,-5.3193359,-0.354492,-1.3042969000000002,58.93827828453023,-99.47139065225106,36.076895777802434,115.62127055796208,306.93600000001607
-32.3105777,209.482,398.93999,22800.0,5.833329999999748,0.0,0.0,-0.000250000020685,0.0,0.0,0.0,-0.6601562,-5.315918,-0.3520507999999999,-1.2930176999999998,58.93823786971558,-99.4713974731482,36.07688804703813,115.62125582455938,310.1840000000084
-32.193911,209.482,398.93999,22800.0,5.833335000000162,0.0,0.0,0.000250000020685,0.0,0.0,0.0,-0.6372071,-5.3154298,-0.3564452999999999,-1.2709717,58.93827828453023,-99.47139065225106,36.076895777802434,115.62127055796208,314.82400000002235
-32.077244300000004,209.482,398.93999,22800.0,5.833334999999806,0.0,0.0,-1.7763568394002505e-11,0.0,0.0,0.0,-0.6093750000000001,-5.3125,-0.3569335999999999,-1.2730225999999998,58.93827828452737,-99.47139065225154,36.07689577780188,115.62127055796104,316.448000000004
-31.9605777,209.482,398.93999,22800.0,5.833330000000281,0.0,0.0,-0.0002499999762761,0.0,0.0,0.0,-0.6909179999999999,-5.3041991,-0.352539,-1.2996828,58.93823786971987,-99.47139747314746,36.07688804703896,115.62125582456096,319.6960000000254
-31.843911,209.482,398.93999,22800.0,5.833334999999806,0.0,0.0,0.0002499999762761,0.0,0.0,0.0,-0.6186523,-5.302246,-0.3500975999999999,-1.3063477,58.93827828452737,-99.47139065225154,36.07689577780188,115.62127055796104,322.01600000000326
-31.727244299999995,209.482,398.93999,22800.0,5.833335000000339,0.0,0.0,2.664535259100376e-11,0.0,0.0,0.0,-0.6298828000000001,-5.3007813,-0.3569334999999999,-1.2919922,58.93827828453166,-99.47139065225082,36.076895777802704,115.6212705579626,324.33600000001024
-31.6105777,209.482,398.93999,22800.0,5.833329999999748,0.0,0.0,-0.0002500000295668,0.0,0.0,0.0,-0.7031248999999999,-5.2973633,-0.3564451999999999,-1.2822511,58.93823786971558,-99.4713974731482,36.07688804703813,115.62125582455938,325.0319999999774
-31.493911,209.482,398.93999,22800.0,5.833335000000162,0.0,0.0,0.000250000020685,0.0,0.0,0.0,-0.6660155999999999,-5.2885744,-0.3520506,-1.287378,58.93827828453023,-99.47139065225106,36.076895777802434,115.62127055796208,327.3520000000135
-31.3772443,209.482,398.93999,22800.0,5.833334999999806,0.0,0.0,-1.7763568394002505e-11,0.0,0.0,0.0,-0.6157226,-5.290038999999999,-0.3520507,-1.2730224,58.93827828452737,-99.47139065225154,36.07689577780188,115.62127055796104,331.2960000000021
-31.2608066,209.482,398.93999,22800.0,5.821884999999938,0.0,0.0,-0.5724999999934255,0.0,0.0,0.0,-0.6816405000000001,-5.289062700000001,-0.3540038,-1.263794,58.84571019405798,-99.48702707686564,36.059179288782246,115.5875692487564,332.2239999999874
-31.1777242,209.48278680000004,398.93999,22800.0,4.1541200000001055,0.0393400000021415,0.0,-83.38824999999161,1.967000000107077,0.0,0.0,0.5473632,-5.3222657,-0.3515623,-1.2796876,45.88825521351071,-101.77960977123747,33.14168308744626,111.64596245151758,330.8319999999949
-31.1600109,209.5123492,398.93999,22800.0,0.885665000000202,1.478119999998739,0.0,-163.42274999999518,71.93899999982989,0.0,0.0,-0.3989258,-6.4702149,-0.3769532999999999,-1.203296,105.49040394083868,-37.305990790019024,26.596875325295667,111.8926372574456,327.11999999999534
-31.1593205,209.6108776,398.93999,22800.0,0.0345199999998158,4.9264199999996094,0.0,-42.55725000001931,172.4150000000435,0.0,0.0,-0.3193359999999999,-6.1728516,-0.4189452999999999,-0.9474609,101.183278570074,50.77926095368304,34.5848149548621,113.21037587249428,325.0320000000065
-31.1580843,209.727537,398.93999,22800.0,0.0618099999998733,5.832969999998738,0.0,1.3645000000028773,45.32749999995645,0.0,0.0,-0.5551757,-6.0385741,-0.4370117999999999,-0.8213379,100.0903681430442,57.88066037004464,36.07683776693306,115.62116000059233,323.872000000003
-31.156267300000003,209.8441896,398.93999,22800.0,0.0908499999999534,5.832630000001871,0.0,1.4520000000040056,-0.0169999998433922,0.0,0.0,-0.4907226999999999,-6.0214844,-0.4404297,-0.8126221000000001,100.377243956903,57.38195541718704,36.07689964987683,115.62127793742664,322.2480000000214
-31.1538694,209.960831,398.93999,22800.0,0.119895000000092,5.8320699999995895,0.0,1.4522500000069272,-0.0280000001140479,0.0,0.0,-0.5561524,-5.9487305,-0.4477539,-0.8110839000000001,100.66180704714772,56.881073309550544,36.07684516189299,115.62117409386424,320.85599999999977
-31.1508909,210.0774594,398.93999,22800.0,0.1489250000000552,5.8314199999998095,0.0,1.4514999999981626,-0.0324999999889996,0.0,0.0,-0.5673828000000001,-5.9013672,-0.4565431,-0.8151856000000001,100.94368160483803,56.37944698706187,36.07687465950741,115.62123031046607,320.1600000000035
-31.1473318,210.1940719,398.93999,22800.0,0.1779550000000185,5.830625000000111,0.0,1.4514999999981626,-0.039749999984906,0.0,0.0,-0.5747071,-5.9345703,-0.4589841999999999,-0.8392823,101.22309053269596,55.87635970566914,36.07690355057876,115.62128537145612,319.0
-31.1431922,210.3106646,398.93999,22800.0,0.2069800000001009,5.829635000000621,0.0,1.4512500000041229,-0.0494999999745005,0.0,0.0,-0.5942383999999999,-5.9160156,-0.4555664999999999,-0.8808104999999999,101.50005616159817,55.37145985456957,36.07685439352364,115.62119168748345,318.0719999999856
-31.1384722,210.4272357,398.93999,22800.0,0.2359999999997697,5.828554999997948,0.0,1.4509999999834378,-0.0540000001336693,0.0,0.0,-0.6083984,-5.9194336000000005,-0.4521485,-0.9033691,101.77443042107264,54.86566070066181,36.07688943845788,115.62125847634552,316.44799999997485
-31.1331719,210.5437815,398.93999,22800.0,0.2650150000002682,5.8272900000019945,0.0,1.4507500000249252,-0.0632499997976765,0.0,0.0,-0.6230469000000001,-5.967285200000001,-0.4497071,-0.8977294,102.04634743448038,54.35812962642463,36.07686191327225,115.62120601862732,317.3759999999893
-31.127292600000004,210.6602998,398.93999,22800.0,0.2939649999996518,5.825914999998361,0.0,1.4474999999691818,-0.0687500001816943,0.0,0.0,-0.6367186,-5.9589845,-0.4462892,-0.9131104,102.31515035187616,53.85055797754369,36.07688302683236,115.62124625699128,315.28800000000047
-31.1209645,210.7767955,398.93999,22800.0,0.3164050000004081,5.824785000000077,0.0,1.122000000037815,-0.0564999999141946,0.0,0.0,-0.6362304,-5.9682616,-0.4414061999999999,-0.9284912,102.52176581850094,53.456441678197365,36.07695345309732,115.62138047713348,314.127999999997
-31.114497,210.8932864,398.93999,22800.0,0.3233749999997926,5.824545000000114,0.0,0.3484999999692206,-0.0119999999981246,0.0,0.0,-0.6586913999999999,-5.8999024,-0.440918,-0.9192627,102.58545835715232,53.33502143069715,36.07717389545214,115.6218006145898,312.0400000000081
-31.107730300000004,211.0097612,398.93999,22800.0,0.3383349999998231,5.82374000000101,0.0,0.7480000000015252,-0.0402499999552219,0.0,0.0,-0.663574,-5.9848633,-0.4365233999999999,-0.9238769999999998,102.72205391735592,53.07175258651246,36.077243111873976,115.62193253705875,311.57600000000093
-31.1000318,211.1261735,398.93999,22800.0,0.3849250000001802,5.820614999998952,0.0,2.329500000017859,-0.1562500001028866,0.0,0.0,-0.6982422,-5.9750975,-0.4291995,-0.9464357,103.14376634535736,52.245933080165855,36.07688636989457,115.62125262823804,311.57600000000093
-31.090601400000004,211.2424514,398.93999,22800.0,0.4715199999997921,5.813895000000002,0.0,4.329749999980592,-0.3359999999474894,0.0,0.0,-0.7124022999999999,-5.9731446,-0.4243167,-0.9848877,103.9104870459878,50.70157739176201,36.07635357470498,115.6202372776809,309.25599999999395
-31.0787763,211.3585101,398.93999,22800.0,0.5912550000003236,5.802935000001241,0.0,5.986750000026575,-0.5479999999380425,0.0,0.0,-0.7343751000000001,-6.0405274,-0.4213869,-0.9833496,104.93347346232252,48.54895858808857,36.0763444171363,115.62021982705222,308.5599999999977
-31.0642761,211.47426690000003,398.93999,22800.0,0.7250099999998483,5.787840000000699,0.0,6.6877499999762335,-0.7547500000271157,0.0,0.0,-0.727539,-5.9311523,-0.4179688,-0.9812988,106.02575244419572,46.115495901968096,36.076489452109584,115.62049620911644,307.4000000000233
-31.0470793,211.5896536,398.93999,22800.0,0.8598400000002115,5.769334999999387,0.0,6.741500000018164,-0.9252500000656028,0.0,0.0,-0.7280274,-5.9565429,-0.4140624,-1.0018066,107.07276589087684,43.62924963498055,36.07646556903225,115.6204506963797,304.84799999999814
-31.0271948,211.7046079,398.93999,22800.0,0.9942249999998154,5.747714999999687,0.0,6.7192499999801925,-1.0809999999850106,0.0,0.0,-0.7407228,-5.9965821,-0.4116209999999999,-1.0033447,108.06162308265404,41.1191387935943,36.0764867624062,115.62049108347732,305.0799999999872
-31.0046336,211.819067,398.93999,22800.0,1.128060000000097,5.722954999998819,0.0,6.691750000014096,-1.238000000043371,0.0,0.0,-0.7426759,-5.9448241,-0.4101560999999999,-0.9956541,108.9915951510874,38.58667441979586,36.07648970789469,115.62049669655404,303.9200000000128
-30.979408,211.9329687,398.93999,22800.0,1.2612799999999424,5.695085000000688,0.0,6.660999999992256,-1.3934999999065667,0.0,0.0,-0.7597657,-6.0434572,-0.4057616,-1.0130858,109.86221607549555,36.0332876989443,36.076501251921584,115.62051869548831,305.0800000000163
-30.9515319,212.0462505,398.93999,22800.0,1.3938050000000146,5.664089999999078,0.0,6.626250000003608,-1.5497500000805076,0.0,0.0,-0.7587891,-6.024414,-0.3999024,-1.0525635000000002,110.67299647804133,33.460122288915244,36.07647308902747,115.62046502681828,302.9919999999984
-30.9210203,212.1588512,398.93999,22800.0,1.5255799999998487,5.630035000000078,0.0,6.588749999991705,-1.702749999950015,0.0,0.0,-0.78125,-5.9384766,-0.3984375999999999,-1.0705078,111.42355471915072,30.868885470439224,36.07648376251519,115.62048536673193,302.2960000000021
-30.8878898,212.2707092,398.93999,22800.0,1.6565250000001086,5.592900000000611,0.0,6.547250000012994,-1.8567499999733168,0.0,0.0,-0.7548828000000001,-5.9604493,-0.3964844999999999,-1.0602539,112.11345977098748,28.26064277098619,36.076472768221166,115.620464415475,299.9759999999951
-30.852158600000003,212.3817643,398.93999,22800.0,1.7865599999998594,5.552754999999365,0.0,6.501749999987538,-2.0072500000622995,0.0,0.0,-0.7216798,-5.9160156,-0.3935548,-1.0674316999999998,112.7422759272944,25.63761531830525,36.07650977778108,115.62053494287072,299.9759999999951
-30.8138459,212.491955,398.93999,22800.0,1.915635000000116,5.50953500000162,0.0,6.453750000012803,-2.160999999887281,0.0,0.0,-0.7250975000000001,-5.996582,-0.3881835999999999,-1.0843508,113.30977992246343,22.999721609634044,36.076476463892575,115.62047145811924,300.4400000000023
-30.7729725,212.6012218,398.93999,22800.0,2.04367000000012,5.4633400000000165,0.0,6.401750000000206,-2.3097500000801574,0.0,0.0,-0.729004,-5.9594726,-0.3881835999999999,-1.0756348,113.81559398734169,20.34959912967089,36.07648145461583,115.62048096868354,300.20800000001327
-30.7295613,212.70950550000003,398.93999,22800.0,2.170559999999888,5.414185000000771,0.0,6.344499999988429,-2.4577499999622887,0.0,0.0,-0.6816406,-6.004883,-0.3872071,-1.0797363,114.25933027319928,17.689106963991968,36.07648926153688,115.62049584595106,299.0480000000098
-30.6836352,212.8167466,398.93999,22800.0,2.296305000000132,5.362054999997667,0.0,6.287250000012179,-2.6065000001551653,0.0,0.0,-0.6953124,-6.0717773,-0.3847656,-1.1058837,114.64097624273136,15.01802202072744,36.076478731162325,115.6204757787372,298.58400000000256
-30.635219700000004,212.9228873,398.93999,22800.0,2.4207749999996864,5.307035000001292,0.0,6.223499999977733,-2.7509999998187595,0.0,0.0,-0.7626953,-5.9418945,-0.3818359,-1.1499756,114.96015149022556,12.339574206095556,36.07649484985944,115.620506495359,297.65600000001723
-30.5843406,213.0278692,398.93999,22800.0,2.543955000000331,5.249094999999215,0.0,6.159000000032222,-2.8970000001038443,0.0,0.0,-0.7973634,-5.9135742,-0.383789,-1.1525391,115.21678255996588,9.653529995605007,36.07648600550885,115.62048964109476,298.3520000000135
-30.5310261,213.1316357,398.93999,22800.0,2.6657249999997745,5.1883250000003045,0.0,6.088499999972186,-3.038499999945543,0.0,0.0,-0.7631835,-5.9770508,-0.3813476999999999,-1.1479249,115.41065704335782,6.963027230026268,36.07649935472983,115.6205150800914,297.42399999999907
-30.4753052,213.2341298,398.93999,22800.0,2.7860450000002146,5.124704999998642,0.0,6.016000000022004,-3.181000000083145,0.0,0.0,-0.7880860000000001,-5.9291991,-0.3745116999999999,-1.1771485,115.54166277189546,4.26830683195246,36.07647841347024,115.62047517332778,297.8880000000063
-30.41720830000001,213.33529600000003,398.93999,22800.0,2.9048449999995896,5.058310000002564,0.0,5.939999999968748,-3.3197499998038893,0.0,0.0,-0.7578125,-5.9384765,-0.3701171,-1.191504,115.60978831454116,1.5715437654529585,36.07647529234598,115.62046922556468,297.42399999999907
-30.3567664,213.4350792,398.93999,22800.0,3.022095000000391,4.989159999999515,0.0,5.862500000040072,-3.457500000152436,0.0,0.0,-0.7583007,-5.9667969,-0.3676757999999999,-1.1909913,115.61501941098724,-1.126507549353015,36.07649532736064,115.62050740531156,296.9600000000209
-30.2940131,213.5334249,398.93999,22800.0,3.1376649999998563,4.917284999999083,0.0,5.778499999973263,-3.5937500000216005,0.0,0.0,-0.8105469000000001,-5.9941406,-0.3632813,-1.218164,115.55722915536684,-3.82363874915107,36.0764764710459,115.62047147175096,297.6559999999881
-30.2289822,213.6302798,398.93999,22800.0,3.2515450000001778,4.842745000000548,0.0,5.694000000016075,-3.726999999926761,0.0,0.0,-0.8393554,-5.9301759,-0.3520507,-1.2873779,115.4365846314304,-6.518714855614501,36.076488478798495,115.62049435432372,296.2639999999956
-30.161709299999995,213.7255913,398.93999,22800.0,3.363645000000126,4.765574999998989,0.0,5.604999999997418,-3.8585000000779246,0.0,0.0,-0.8769531,-5.9155273,-0.3413084999999999,-1.3514648,115.25311148296622,-9.21000495869699,36.07650024079447,115.6205167686266,298.8159999999916
-30.092225000000003,213.8193016,398.93999,22800.0,3.474214999999603,4.685515000001317,0.0,5.528499999973846,-4.002999999883627,0.0,0.0,-0.8369141000000001,-5.8393555,-0.3295898,-1.4211914,115.00583305383554,-11.904943548119036,36.07642176672627,115.62036722520212,297.1919999999809
-30.0203334,213.91114510000003,398.93999,22800.0,3.5945800000002137,4.592175000000509,0.0,6.018250000030534,-4.667000000040389,0.0,0.0,-0.8720703999999999,-5.8999024,-0.3129881999999999,-1.5016847,114.65067779345132,-14.913314338938306,36.07441418791729,115.61654234178503,296.7279999999737
-29.9455616,214.00059270000003,398.93999,22800.0,3.738589999999853,4.472379999999987,0.0,7.200499999981957,-5.989750000026106,0.0,0.0,-0.8261717000000001,-5.8510743000000005,-0.2993164,-1.5391113,114.10189602737064,-18.606442671636028,36.070456340895454,115.60900650872222,298.11999999999534
-29.867884499999995,214.0875176,398.93999,22800.0,3.883855000000304,4.346244999999271,0.0,7.263250000022481,-6.306750000035777,0.0,0.0,-0.9248048,-5.8310547,-0.2973631999999999,-1.5221924999999998,113.42383023842558,-22.364737689166024,36.069784500112206,115.60772793312906,296.2639999999956
-29.7877425,214.172224,398.93999,22800.0,4.0070999999997525,4.235319999999376,0.0,6.162249999972502,-5.546249999994757,0.0,0.0,-0.9082032,-5.8842774,-0.2978516,-1.5104005,112.7500026118502,-25.56926307040406,36.07251902018651,115.61293311276104,296.95999999999185
-29.705823,214.2552681,398.93999,22800.0,4.095975000000074,4.152205000001175,0.0,4.443750000016067,-4.1557499999100855,0.0,0.0,-0.8305665,-5.9550781,-0.2934569999999999,-1.5360351,112.20130976005586,-27.902713828855784,36.07557303076915,115.61874999707888,295.7999999999884
-29.6228446,214.3372759,398.93999,22800.0,4.148919999999912,4.100389999997844,0.0,2.6472499999918853,-2.5907500001665085,0.0,0.0,-0.8227540000000001,-5.8310547,-0.2885742999999999,-1.5724364000000002,111.8415681061668,-29.32029720302648,36.07675504464846,115.62100235043869,298.12000000002445
-29.539257,214.4186647,398.93999,22800.0,4.179380000000066,4.069440000000668,0.0,1.5230000000077126,-1.5474999998588146,0.0,0.0,-0.8701174,-5.8325195,-0.2915040999999999,-1.5601318,111.6205428838843,-30.151595380306787,36.07686421974658,115.62121041431278,297.42399999999907
-29.4551357,214.4995015,398.93999,22800.0,4.206064999999981,4.041840000000718,0.0,1.3342499999957624,-1.3799999999974943,0.0,0.0,-0.8916015999999999,-5.8344727,-0.2944334999999999,-1.5360351,111.41964578228232,-30.88560597297981,36.07685020777249,115.6211837102848,296.7279999999737
-29.3704845,214.5797836,398.93999,22800.0,4.232560000000163,4.0141050000002565,0.0,1.3247500000090895,-1.3867500000230848,0.0,0.0,-0.8457031,-5.8935547,-0.2924805,-1.5447508,111.21421588912015,-31.61748016631168,36.076870051857696,115.62122152917664,297.6559999999881
-29.285307400000004,214.6595074,398.93999,22800.0,4.258854999999606,3.986189999999112,0.0,1.3147499999721646,-1.3957500000572054,0.0,0.0,-0.8671875,-5.828125099999999,-0.2910156,-1.5396241,111.003934331525,-32.34796309321009,36.07686389228401,115.62120979023354,297.8879999999772
-29.1996074,214.7386687,398.93999,22800.0,4.285000000000316,3.958065000000488,0.0,1.3072500000355092,-1.4062499999312197,0.0,0.0,-0.8286132,-5.8002929000000005,-0.2939453999999999,-1.5201417,110.7885635179886,-33.07801757431889,36.07685685730471,115.62119638295717,305.0799999999872
-29.1133891,214.8172649,398.93999,22800.0,4.310914999999937,3.929809999999634,0.0,1.2957499999810551,-1.4127500000427062,0.0,0.0,-0.9140625,-5.8999023,-0.2968748,-1.5170654,110.56871767267124,-33.80552280964428,36.07684244206104,115.62116891042167,307.63200000001234
-29.0266552,214.8952925,398.93999,22800.0,4.336694999999935,3.901380000000642,0.0,1.2889999999998736,-1.4214999999495603,0.0,0.0,-0.8608397999999999,-5.8759766,-0.2939452999999999,-1.5529541,110.34404429636336,-34.53206912346384,36.07688149202955,115.6212433319478,310.6479999999865
-28.9394105,214.972748,398.93999,22800.0,4.36223499999997,3.872774999999251,0.0,1.277000000001749,-1.4302500000695773,0.0,0.0,-0.8784181,-5.8500976,-0.2939451999999999,-1.5616699,110.11455909522626,-35.256823116922945,36.076853789487394,115.6211905363116,314.127999999997
-28.851658,215.04962770000003,398.93999,22800.0,4.387625000000206,3.843985000001737,0.0,1.2695000000118029,-1.439499999875693,0.0,0.0,-0.8173828999999999,-5.7944336,-0.2978515,-1.5401366,109.88016375147023,-35.980674409597924,36.07685291811605,115.62118887565292,314.82399999999325
-28.763401800000004,215.12592910000004,398.93999,22800.0,4.412809999999645,3.815070000000276,0.0,1.2592499999719564,-1.445750000073076,0.0,0.0,-0.8896483999999999,-5.8759766,-0.2978516999999999,-1.5303954,109.64135149507894,-36.70209420896754,36.07687642596752,115.62123367699974,318.5359999999928
-28.6746457,215.20164800000003,398.93999,22800.0,4.4378050000004166,3.785944999999913,0.0,1.2497500000385742,-1.4562500000181444,0.0,0.0,-0.8959961,-5.7841798,-0.2954101999999999,-1.538086,109.39742938410292,-37.42275868211771,36.07685542822822,115.621193659423,318.76799999998184
-28.585393400000005,215.2767816,398.93999,22800.0,4.462614999999559,3.756679999997914,0.0,1.2404999999571231,-1.463250000099947,0.0,0.0,-0.8583981999999999,-5.7822266,-0.2983398,-1.5242432,109.14896932961092,-38.141419123438745,36.07686662680096,115.62121500168628,321.7840000000142
-28.4956491,215.3513267,398.93999,22800.0,4.487215000000333,3.7272549999997295,0.0,1.2300000000387,-1.4712499999092188,0.0,0.0,-0.8320313,-5.8305665,-0.3012694999999999,-1.5134767,108.89581275249928,-38.85826119836332,36.076860136984,115.62120263337349,323.640000000014
-28.4054163,215.4252798,398.93999,22800.0,4.5116399999997725,3.697655000000566,0.0,1.221249999971974,-1.4799999999581814,0.0,0.0,-0.8862304,-5.8364259,-0.2988281,-1.5242432,108.63782525299791,-39.57381170826603,36.07686274744141,115.62120760838908,323.872000000003
-28.3146992,215.498638,398.93999,22800.0,4.535855000000133,3.667909999998642,0.0,1.2107500000180238,-1.4872500000961963,0.0,0.0,-0.875,-5.785644400000001,-0.2958983999999999,-1.5529540000000002,108.37526998548688,-40.2872720822305,36.07686226510376,115.62120668914868,325.49600000001374
-28.2235016,215.571398,398.93999,22800.0,4.5598800000000494,3.6380000000008295,0.0,1.2012499999958235,-1.495499999890626,0.0,0.0,-0.8271484000000001,-5.79541,-0.3002929,-1.5432127999999998,108.10797135757312,-40.999149658581686,36.07686296290293,115.62120801901624,325.49599999998463
-28.1318274,215.6435562,398.93999,22800.0,4.583709999999996,3.6079100000009134,0.0,1.1914999999973477,-1.5044999999958009,0.0,0.0,-0.8261717000000001,-5.865722700000001,-0.3012694999999999,-1.5273192,107.83579219181632,-41.70968262583507,36.07684471610471,115.6211732442829,328.74400000000605
-28.0396807,215.7151104,398.93999,22800.0,4.607335000000035,3.5777100000004225,0.0,1.18125000000191,-1.5100000000245473,0.0,0.0,-0.8994142999999999,-5.8666993,-0.2983398,-1.5319335,107.55936517367414,-42.41752488123127,36.07686230449273,115.6212067642163,330.36799999998766
-27.9470652,215.7860567,398.93999,22800.0,4.6307750000000425,3.54731500000014,0.0,1.172000000000395,-1.5197500000141415,0.0,0.0,-0.8945313,-5.7519533,-0.2998047,-1.5221926,107.27791756718196,-43.12436044606172,36.07685914548739,115.6212007437777,332.22400000001653
-27.8539854,215.8563927,398.93999,22800.0,4.653989999999908,3.516799999999876,0.0,1.160749999993271,-1.525750000013204,0.0,0.0,-0.8754882,-5.777832200000001,-0.3037109999999999,-1.5109131,106.99214106652305,-43.82856257514074,36.07685707145277,115.62119679108064,333.15200000000186
-27.7604445,215.9261147,398.93999,22800.0,4.677045000000035,3.486099999997805,0.0,1.152750000006364,-1.5350000001035369,0.0,0.0,-0.8872070000000001,-5.770996,-0.3051758,-1.5175782000000002,106.701426788431,-44.53172720224512,36.076875357927385,115.62123164152024,335.00800000000163
-27.6664474,215.9952198,398.93999,22800.0,4.699854999999964,3.4552550000015003,0.0,1.140499999996436,-1.542249999815226,0.0,0.0,-0.8999022999999999,-5.8276367,-0.2993163,-1.5498778999999998,106.40615024561856,-45.232594498467584,36.07684633346419,115.6211763266399,335.7039999999979
-27.5719979,216.0637056,398.93999,22800.0,4.722475000000159,3.42428999999953,0.0,1.131000000009763,-1.5482500000985056,0.0,0.0,-0.8930665000000001,-5.8051758,-0.3007811999999999,-1.5601317,106.10655548107142,-45.93105274776216,36.07686064568986,115.62120360286602,337.0960000000196
-27.4770998,216.1315686,398.93999,22800.0,4.744904999999733,3.393149999999423,0.0,1.1214999999786812,-1.5570000000053597,0.0,0.0,-0.8120115,-5.7719726,-0.3037108999999999,-1.5355224,105.80211121149024,-46.62809655123118,36.07686836568965,115.62121831566851,338.7200000000012
-27.381757500000003,216.198806,398.93999,22800.0,4.767114999999933,3.361870000001943,0.0,1.1105000000100065,-1.5639999998739995,0.0,0.0,-0.8154296999999999,-5.8012695,-0.3022459999999999,-1.5252683,105.49315581330951,-47.322913620902185,36.07686371907278,115.62120946012703,339.1839999999793
-27.285975200000003,216.2654149,398.93999,22800.0,4.789114999999988,3.330444999998861,0.0,1.1000000000027654,-1.571250000154123,0.0,0.0,-0.8769530999999999,-5.8564452000000005,-0.2988281999999999,-1.539624,105.17964085373715,-48.01565578530485,36.07685458272246,115.62119204805845,338.25599999999395
-27.189757,216.3313926,398.93999,22800.0,4.810910000000312,3.2988849999995296,0.0,1.0897500000162097,-1.5779999999665506,0.0,0.0,-0.8598633999999998,-5.8242189,-0.3032226999999999,-1.5165529000000002,104.86166881697076,-48.70617106254875,36.076856025967,115.62119479859356,341.2719999999972
-27.0931064,216.3967358,398.93999,22800.0,4.832529999999835,3.2671600000000467,0.0,1.0809999999761288,-1.586249999974143,0.0,0.0,-0.8261718,-5.8398437,-0.3061523,-1.5032228,104.53893790170224,-49.39516029251123,36.07688033096373,115.62124111917689,341.7360000000044
-26.9960287,216.4614418,398.93999,22800.0,4.853884999999991,3.235300000001473,0.0,1.0677500000078055,-1.5929999999286792,0.0,0.0,-0.8037108999999999,-5.7944338,-0.3027343999999999,-1.5206543,104.2117385340663,-50.08159894512667,36.0768385867891,115.62116156306816,342.8959999999788
-26.898527,216.5255081,398.93999,22800.0,4.875084999999935,3.203315000000373,0.0,1.0599999999971743,-1.599250000055008,0.0,0.0,-0.9057618,-5.775390799999999,-0.3007813,-1.5560302,103.88019914192655,-50.76589040726276,36.07688034155972,115.6212411393708,344.0560000000114
-26.8006063,216.5889319,398.93999,22800.0,4.896035000000154,3.1711899999976367,0.0,1.0475000000109702,-1.6062500001368107,0.0,0.0,-0.8432616,-5.7841796,-0.3032225999999999,-1.5473143,103.54414403353375,-51.44781044533781,36.07687026823384,115.62122194154756,343.5919999999751
-26.7022709,216.6517101,398.93999,22800.0,4.916769999999815,3.1389100000012604,0.0,1.0367499999830443,-1.613999999818816,0.0,0.0,-0.8134764999999999,-5.71875,-0.3027342999999999,-1.5273192,103.2034171343256,-52.1278113610444,36.07684091104783,115.62116599262542,343.35999999998603
-26.6035245,216.7138405,398.93999,22800.0,4.937319999999978,3.106520000000046,0.0,1.0275000000081749,-1.6195000000607251,0.0,0.0,-0.8325196,-5.7358398,-0.3002929,-1.5309081,102.85851361858354,-52.805232579934064,36.076869016571926,115.6212195561233,345.448000000004
-26.5043717,216.7753197,398.93999,22800.0,4.957640000000119,3.073960000000397,0.0,1.0160000000070113,-1.6279999999824213,0.0,0.0,-0.8574218,-5.7724609,-0.2998047,-1.5196291,102.5087657250076,-53.480925413623446,36.07684637522972,115.62117640623644,347.07200000001467
-26.4048165,216.8361458,398.93999,22800.0,4.977760000000053,3.041304999999284,0.0,1.0059999999967315,-1.6327500000556938,0.0,0.0,-0.8256836,-5.7905274,-0.3037108999999999,-1.5062989,102.15500820164372,-54.1536959047742,36.07687371174752,115.62122850421828,345.448000000004
-26.3048636,216.89631560000004,398.93999,22800.0,4.997645000000084,3.0084900000019843,0.0,0.9942500000015286,-1.6407499998649655,0.0,0.0,-0.8168945000000001,-5.7792969,-0.3056640999999999,-1.5165527,101.79650687441554,-54.82453960938116,36.0768520971387,115.6211873110354,345.679999999993
-26.204517,216.9558269,398.93999,22800.0,5.017329999999909,2.9755649999984257,0.0,0.9842499999912492,-1.646250000177929,0.0,0.0,-0.8408203000000001,-5.7792969,-0.3007813,-1.549878,101.43383642811804,-55.4927272534529,36.07686797030509,115.62121756214265,345.9119999999821
-26.1037812,217.0146768,398.93999,22800.0,5.036790000000124,2.9424950000006334,0.0,0.9730000000107708,-1.6534999998896185,0.0,0.0,-0.8437498,-5.7749023,-0.3017577999999999,-1.5539794,101.06658932662506,-56.15876725226625,36.07686040706046,115.62120314808568,347.5359999999928
-26.0026606,217.0728629,398.93999,22800.0,5.056029999999723,2.9093050000000176,0.0,0.9619999999799234,-1.6595000000307891,0.0,0.0,-0.7641602000000001,-5.8076172,-0.3051757999999999,-1.5314207999999998,100.69505184780694,-56.82224110406738,36.07685571752023,115.62119421075572,347.3039999999746
-25.9011594,217.1303827,398.93999,22800.0,5.0750600000000645,2.8759899999997174,0.0,0.9515000000170916,-1.6657500000150094,0.0,0.0,-0.7734376000000001,-5.8862305,-0.3032225999999999,-1.5278318,100.31917412921769,-57.483277684825225,36.07686334316492,115.62120874372064,347.0719999999856
-25.7992823,217.1872336,398.93999,22800.0,5.093855000000147,2.8425449999986085,0.0,0.9397500000041248,-1.672250000055442,0.0,0.0,-0.8525392,-5.7856445,-0.2998047,-1.5385986,99.9388803558118,-58.1418645707254,36.07684589638277,115.62117549365183,345.9120000000112
-25.697033,217.2434135,398.93999,22800.0,5.112465000000022,2.808995000000891,0.0,0.930499999993728,-1.6774999998858675,0.0,0.0,-0.8110352000000001,-5.7163086,-0.3041991999999999,-1.5160402,99.55450325390927,-58.79775849800584,36.0768896900287,115.6212589557926,347.3040000000037
-25.5944168,217.2989194,398.93999,22800.0,5.130809999999997,2.7752949999992893,0.0,0.9172499999987592,-1.6850000000800949,0.0,0.0,-0.7880859,-5.7485351,-0.3061524,-1.5032228,99.16544586280594,-59.45143943210137,36.07685288793349,115.62118881813106,346.8399999999965
-25.4914379,217.3537495,398.93999,22800.0,5.148944999999827,2.7415050000001884,0.0,0.9067499999915184,-1.6894999999550464,0.0,0.0,-0.8354493,-5.712890499999999,-0.3051758,-1.5160401,98.77246918153354,-60.10207367103949,36.07685430398973,115.62119151684976,348.4640000000072
-25.3881005,217.4079009,398.93999,22800.0,5.166870000000046,2.7075700000011693,0.0,0.896250000010923,-1.6967499999509528,0.0,0.0,-0.8569336,-5.7231446,-0.303711,-1.5457763,98.3749107790372,-60.75061036567062,36.076853856541824,115.62119066410386,347.76800000001094
-25.2844089,217.4613718,398.93999,22800.0,5.184580000000061,2.673544999998967,0.0,0.8855000000007607,-1.7012500001101216,0.0,0.0,-0.7680665,-5.7485351,-0.3051757999999999,-1.5452636,97.97343901082152,-61.39607897871202,36.07688456878963,115.6212491956708,345.9120000000112
-25.180368100000003,217.5141591,398.93999,22800.0,5.202039999999819,2.639365000000282,0.0,0.8729999999879112,-1.7089999999342351,0.0,0.0,-0.8056639999999999,-5.7548828,-0.3061524,-1.5191162,97.56721629363074,-62.03948152608524,36.07685211551864,115.62118734606383,348.4639999999781
-25.0759825,217.5662614,398.93999,22800.0,5.219280000000204,2.605114999998648,0.0,0.8620000000192363,-1.712500000081718,0.0,0.0,-0.8500977000000001,-5.7338869,-0.3017577999999999,-1.5283446,97.15732773382165,-62.67946213853715,36.07685743213139,115.62119747846216,348.4640000000072
-24.971256500000003,217.6176758,398.93999,22800.0,5.236299999999794,2.5707200000013586,0.0,0.850999999979507,-1.7197499998644616,0.0,0.0,-0.7880861,-5.6977539,-0.3002930999999999,-1.5175783,96.74283724365937,-63.317301946851245,36.076848304474375,115.62118008298434,348.23200000001816
-24.8661946,217.6684003,398.93999,22800.0,5.25309500000013,2.536224999998637,0.0,0.8397500000167923,-1.724750000136055,0.0,0.0,-0.78125,-5.7441407,-0.3051757,-1.5047609,96.3243044752674,-63.95221623937094,36.07684900969033,115.62118142698284,347.3039999999746
-24.760801,217.718433,398.93999,22800.0,5.2696799999999655,2.5016350000015564,0.0,0.829249999991788,-1.729499999854056,0.0,0.0,-0.8134764999999999,-5.7963866,-0.3046875999999999,-1.5068117,95.90181725216196,-64.58416420036124,36.07688355259615,115.62124725899776,348.6959999999963
-24.6550808,217.7677714,398.93999,22800.0,5.286010000000019,2.4669199999991065,0.0,0.8165000000026623,-1.7357500001224937,0.0,0.0,-0.8251954999999999,-5.76416,-0.3017576999999999,-1.5314209,95.47493144470072,-65.21352558295494,36.07686911115658,115.62121973638324,347.5360000000219
-24.5490386,217.8164132,398.93999,22800.0,5.302110000000049,2.432090000000642,0.0,0.805000000001499,-1.741499999923235,0.0,0.0,-0.783203,-5.7695313,-0.3012694999999999,-1.5473144,95.04380353419717,-65.84020274169035,36.07684740484405,115.62117836847176,347.3040000000037
-24.4426859,217.8643728,398.93999,22800.0,5.317635000000109,2.3979800000006435,0.0,0.7762500000030315,-1.7054999999999154,0.0,0.0,-0.7695313,-5.7680664,-0.3046875,-1.5252684,94.61891353445814,-66.44941664271016,36.07686302376286,115.6212081350033,348.0
-24.336076400000003,217.9117612,398.93999,22800.0,5.330474999999701,2.3694199999994225,0.0,0.6419999999796033,-1.428000000061047,0.0,0.0,-0.8291015999999999,-5.7250976,-0.3027343999999999,-1.5196288,94.26117993723363,-66.9561551630239,36.07693787357344,115.62135078511436,347.07200000001467
-24.2292736,217.9587126,398.93999,22800.0,5.340140000000204,2.347569999999166,0.0,0.4832500000251372,-1.092500000012819,0.0,0.0,-0.7573242,-5.723144400000001,-0.2988281999999999,-1.5293702,93.9861908943265,-67.34164009174418,36.07694652255547,115.62136726864452,347.0719999999856
-24.1223115,218.00530050000003,398.93999,22800.0,5.348104999999848,2.329395000002421,0.0,0.3982499999821698,-0.908749999837255,0.0,0.0,-0.7485350000000001,-5.7641602,-0.300293,-1.5109132,93.75664329357204,-67.66091844793792,36.0769634901697,115.62139960620011,347.76800000001094
-24.0151998,218.051542,398.93999,22800.0,5.355585000000218,2.31207499999897,0.0,0.3740000000185262,-0.8660000001725621,0.0,0.0,-0.7998047,-5.7377929000000005,-0.3051758,-1.5047609,93.53713290234204,-67.96391495910761,36.07692019929439,115.62131710095336,345.679999999993
-23.9079256,218.097405,398.93999,22800.0,5.363709999999955,2.293149999998434,0.0,0.4062499999868407,-0.9462500000267936,0.0,0.0,-0.7705077,-5.7011718,-0.3012694999999999,-1.519629,93.2965593455618,-68.29375887157823,36.07691229920727,115.62130204477548,347.5359999999928
-23.8004601,218.1428172,398.93999,22800.0,5.373274999999822,2.2706100000007723,0.0,0.478249999993352,-1.1269999998830826,0.0,0.0,-0.7294923999999999,-5.6782226,-0.2998047,-1.5432127999999998,93.0089745805954,-68.68483332114543,36.07689004937309,115.62125964063604,346.8399999999965
-23.6927618,218.1876742,398.93999,22800.0,5.384915000000135,2.2428500000003737,0.0,0.5820000000156256,-1.3880000000199288,0.0,0.0,-0.7817384,-5.7094727,-0.3032225999999999,-1.5360351,92.65326374715144,-69.16389526147195,36.07688099535542,115.6212423853812,347.3040000000037
-23.584781600000003,218.2318474,398.93999,22800.0,5.399009999999826,2.2086599999980194,0.0,0.7047499999845996,-1.709500000117714,0.0,0.0,-0.8339843,-5.7495118000000005,-0.3051757999999999,-1.5134766,92.2128084361088,-69.74996848790632,36.076854794031895,115.62119245077186,346.3759999999893
-23.476467,218.2751934,398.93999,22800.0,5.415730000000174,2.1673000000006937,0.0,0.8360000000173784,-2.067999999866288,0.0,0.0,-0.767578,-5.7514649,-0.2993164,-1.5268065,91.67658363608028,-70.4532070815998,36.07683262824861,115.62115020733016,345.679999999993
-23.3677795,218.3175961,398.93999,22800.0,5.434374999999925,2.120135000001256,0.0,0.9322499999875332,-2.358249999971917,0.0,0.0,-0.7514648,-5.714355299999999,-0.2988281999999999,-1.5155275,91.06063148674608,-71.24757284127587,36.07684367266021,115.62117125569124,348.0
-23.2587176,218.3590263,398.93999,22800.0,5.453095000000019,2.071510000000387,0.0,0.9360000000047108,-2.4312500000434056,0.0,0.0,-0.8193360000000001,-5.690918,-0.3022459999999999,-1.5027101000000005,90.42060680643635,-72.05809321485543,36.07684297029447,115.62116991712617,347.3040000000037
-23.1492904,218.3994806,398.93999,22800.0,5.471360000000125,2.022714999999664,0.0,0.9132500000053057,-2.439750000036156,0.0,0.0,-0.7607421999999999,-5.7104494,-0.3032225999999999,-1.5037356,89.77325430528296,-72.86290948689692,36.076810826919456,115.621108658656,348.4640000000072
-23.039506,218.43895630000003,398.93999,22800.0,5.489219999999939,1.973785000001272,0.0,0.8929999999907068,-2.446499999919638,0.0,0.0,-0.7451173,-5.7270509,-0.2998047,-1.5355224,89.11918803397182,-73.6615448794548,36.07683828878423,115.62116099513254,347.5359999999928
-22.9293733,218.4774496,398.93999,22800.0,5.506634999999882,1.9246649999985264,0.0,0.8707499999971446,-2.4560000001372373,0.0,0.0,-0.7832030999999999,-5.7070313,-0.3007811999999999,-1.5416748,88.45753210036114,-74.45480468115288,36.0768384147944,115.62116123528186,347.3040000000037
-22.8189012,218.5149576,398.93999,22800.0,5.523605000000131,1.8753999999987057,0.0,0.8485000000124643,-2.463249999991035,0.0,0.0,-0.8178712000000001,-5.7451172,-0.3032225999999999,-1.5262938,87.78892623652888,-75.24198147954016,36.07683483261714,115.6211544083961,346.14400000000023
-22.7080987,218.5514777,398.93999,22800.0,5.540124999999918,1.8260050000009187,0.0,0.8259999999893353,-2.469749999889359,0.0,0.0,-0.7900391,-5.814453200000001,-0.3017576999999999,-1.5196288,87.11357665099975,-76.02284339323616,36.07682713528607,115.62113973889949,348.4639999999781
-22.5969743,218.5870069,398.93999,22800.0,5.556220000000067,1.776460000000668,0.0,0.8047500000074592,-2.477250000012532,0.0,0.0,-0.7744141,-5.8066405,-0.2973632,-1.5298828,86.43126410133145,-76.79772819011549,36.076841918132985,115.62116791192246,345.679999999993
-22.4855371,218.6215418,398.93999,22800.0,5.571860000000051,1.7267450000005624,0.0,0.7819999999991722,-2.4857500000052823,0.0,0.0,-0.8032227000000001,-5.716796799999999,-0.2983398,-1.5109132,85.74160401424238,-77.5669058276828,36.07682619154323,115.6211379403254,347.0719999999856
-22.3737957,218.6550801,398.93999,22800.0,5.587069999999983,1.6769149999987576,0.0,0.7604999999966111,-2.491500000090241,0.0,0.0,-0.7143554999999999,-5.6752929000000005,-0.3007811999999999,-1.5037355,85.04548549156814,-78.32956093914603,36.07684248563634,115.62116899346728,347.3039999999746
-22.261759500000004,218.687619,398.93999,22800.0,5.601809999999752,1.62694499999958,0.0,0.7369999999884413,-2.498499999958881,0.0,0.0,-0.7490234,-5.6962891,-0.2988281,-1.5145021,84.34241168554244,-79.08604424076161,36.07681998314731,115.62112610844623,346.8399999999965
-22.1494367,218.7191559,398.93999,22800.0,5.616140000000236,1.5768449999995937,0.0,0.7165000000242117,-2.5049999999993133,0.0,0.0,-0.7963866000000001,-5.7045897,-0.2973632,-1.5437255,83.63272890552062,-79.83624284145746,36.07685223331013,115.62118757055072,347.5360000000219
-22.0368371,218.7496885,398.93999,22800.0,5.629979999999968,1.5266300000007504,0.0,0.6919999999865922,-2.5107499999421634,0.0,0.0,-0.7651368,-5.6826173,-0.300293,-1.5365478,82.9163948861555,-80.5798926717132,36.07682643045001,115.62113839563116,348.0
-21.9239691,218.779214,398.93999,22800.0,5.643399999999943,1.4762750000002711,0.0,0.6709999999987559,-2.517750000023966,0.0,0.0,-0.7500001000000001,-5.6791992,-0.3027342999999999,-1.5170655,82.19327048980588,-81.31739331314671,36.07683669857066,115.62115796451526,348.0
-21.810842,218.8077304,398.93999,22800.0,5.656355000000168,1.4258200000000445,0.0,0.6477500000112713,-2.5227500000113423,0.0,0.0,-0.802246,-5.6811522,-0.2968749999999999,-1.5288573,81.46380801366547,-82.04814439790674,36.07683181127695,115.62114865035332,345.448000000004
-21.6974648,218.8352354,398.93999,22800.0,5.668859999999931,1.3752499999981185,0.0,0.6252499999881422,-2.528500000096301,0.0,0.0,-0.7773437000000001,-5.6904297,-0.2958984999999999,-1.5165529,80.72783222515784,-82.77237139767628,36.07682806119253,115.6211415034815,347.5360000000219
-21.5838464,218.8617264,398.93999,22800.0,5.680919999999823,1.324550000002489,0.0,0.6029999999945801,-2.534999999781462,0.0,0.0,-0.7163088,-5.7084961,-0.3002929,-1.5027101,79.98512860139168,-83.49028372696115,36.07682786065099,115.62114112129164,346.8399999999965
-21.4699958,218.8872016,398.93999,22800.0,5.69253000000014,1.273759999997992,0.0,0.58050000001586,-2.539500000224848,0.0,0.0,-0.7470703999999999,-5.7446289,-0.3012693999999999,-1.5052737,79.23630291363757,-84.20131297325786,36.07683814351509,115.62116071827964,347.07200000001467
-21.3559223,218.911659,398.93999,22800.0,5.703674999999997,1.222870000002274,0.0,0.5572499999928482,-2.5444999997858986,0.0,0.0,-0.7563477,-5.7373047,-0.2963866999999999,-1.5350097,78.48113607308223,-84.90560397879575,36.07683247181487,115.6211499092002,348.23200000001816
-21.2416348,218.93509670000003,398.93999,22800.0,5.714374999999983,1.1718850000008274,0.0,0.534999999999286,-2.549250000072334,0.0,0.0,-0.7016601,-5.6948241,-0.2978514,-1.5473143,77.71979385337971,-85.60308651401863,36.07684261706914,115.62116924395116,345.9119999999821
-21.1271427,218.9575124,398.93999,22800.0,5.724604999999983,1.1207849999976816,0.0,0.5114999999999981,-2.555000000157293,0.0,0.0,-0.7583008,-5.6850586,-0.3027342999999999,-1.527832,76.95184390366094,-86.29403589827743,36.07682476919014,115.62113522962224,347.0719999999856
-21.0124548,218.9789047,398.93999,22800.0,5.734394999999992,1.0696150000001126,0.0,0.4895000000004756,-2.5584999998784497,0.0,0.0,-0.7861330000000001,-5.6933595,-0.3012694999999999,-1.5196288,76.1781427333194,-86.97783264262152,36.07683813367531,115.62116069952708,346.3759999999893
-20.8975804,218.9992719,398.93999,22800.0,5.743720000000074,1.0183600000004844,0.0,0.4662500000041092,-2.5627499999814063,0.0,0.0,-0.6665038,-5.6694336,-0.2983397999999999,-1.5324463,75.39833524878325,-87.65468998461243,36.07684002403256,115.62116430215718,348.0
-20.782529,219.0186123,398.93999,22800.0,5.752569999999935,0.9670200000002184,0.0,0.4424999999930179,-2.5670000000133086,0.0,0.0,-0.7226564,-5.6411132,-0.2983398999999999,-1.5160402,74.61236659033344,-88.32461406872741,36.07681520893526,115.6211170098263,347.3040000000037
-20.6673091,219.0369242,398.93999,22800.0,5.76099499999998,0.9155950000007352,0.0,0.4212500000022601,-2.5712499999741567,0.0,0.0,-0.7548828000000001,-5.6513672,-0.3007811999999999,-1.5001467,73.82049199200563,-88.987575868251,36.07684016531471,115.6211645714118,346.14400000000023
-20.5519303,219.05420640000003,398.93999,22800.0,5.7689400000001,0.8641100000005508,0.0,0.3972500000060108,-2.574250000009215,0.0,0.0,-0.7329102,-5.6708985,-0.298828,-1.5206542,73.02283514194009,-89.6432814788887,36.07683714652824,115.62115881822942,345.9120000000112
-20.4364018,219.0704573,398.93999,22800.0,5.7764249999998185,0.8125449999980106,0.0,0.3742499999859205,-2.5782500001270137,0.0,0.0,-0.7260743,-5.6567384,-0.2944334999999999,-1.5442382,72.21917237666278,-90.29197744791352,36.07683189069063,115.62114880169914,345.2160000000149
-20.3207328,219.0856756,398.93999,22800.0,5.783450000000201,0.7609150000007503,0.0,0.351250000019121,-2.581499999863013,0.0,0.0,-0.7802735000000001,-5.6577148,-0.2988281,-1.5401366,71.4097486163692,-90.93347086153146,36.07682796545812,115.62114132103191,347.5359999999928
-20.2049324,219.0998605,398.93999,22800.0,5.790019999999885,0.7092449999987593,0.0,0.3284999999841886,-2.583500000099548,0.0,0.0,-0.7241211,-5.6899415,-0.2993164,-1.5160399999999998,70.59500685885386,-91.56744880126756,36.076837842929926,115.6211601454266,347.3040000000037
-20.0890099,219.1130105,398.93999,22800.0,5.796124999999996,0.6574999999997999,0.0,0.3052500000055858,-2.5872499999479714,0.0,0.0,-0.7294923,-5.7031249,-0.2954101999999999,-1.527832,69.77431217480249,-92.19435279759938,36.07683932661634,115.62116297302587,345.9120000000112
-19.9729745,219.1251245,398.93999,22800.0,5.801770000000062,0.6057000000012636,0.0,0.282250000003259,-2.589999999926817,0.0,0.0,-0.7910156,-5.6918945,-0.2949218999999999,-1.5191164,68.94802375361697,-92.81392929495188,36.076844144998574,115.62117215587142,346.3759999999893
-19.8568358,219.1362017,398.93999,22800.0,5.806935000000024,0.5538599999994176,0.0,0.258249999998128,-2.5920000000922983,0.0,0.0,-0.7363280999999999,-5.699706900000001,-0.2968749999999999,-1.5104006,68.11626537599405,-93.42601847215424,36.076823917237206,115.62113360598116,346.14400000000023
-19.7406028,219.1462409,398.93999,22800.0,5.811650000000057,0.5019600000011337,0.0,0.2357500000016443,-2.5949999999141937,0.0,0.0,-0.6938475,-5.7236328,-0.2968748,-1.5057863,67.27889062983473,-94.03082744914968,36.07682187234884,115.62112970885998,348.23199999998906
-19.624284600000003,219.1552419,398.93999,22800.0,5.815909999999747,0.4500500000006013,0.0,0.2129999999844756,-2.595500000026618,0.0,0.0,-0.7700196,-5.726562599999999,-0.2924805,-1.5324464,66.43670945699589,-94.62777585351525,36.07683705573216,115.62115864519092,345.6800000000221
-19.5078905,219.1632037,398.93999,22800.0,5.819705000000042,0.3980899999987741,0.0,0.1897500000147545,-2.598000000091361,0.0,0.0,-0.7436524,-5.7016602,-0.2944336999999999,-1.5396241,65.58898813957161,-95.21734132785582,36.07684869234818,115.62118082219308,346.8399999999965
-19.3914304,219.1701253,398.93999,22800.0,5.8230050000002365,0.3460800000013364,0.0,0.1650000000097407,-2.600499999871886,0.0,0.0,-0.7465821,-5.7104492,-0.2973631999999999,-1.5283447,64.73551425056445,-95.79955167389738,36.07681114175697,115.62110925866769,345.9119999999821
-19.2749129,219.1760065,398.93999,22800.0,5.825875000000025,0.294059999998808,0.0,0.1434999999894159,-2.601000000126419,0.0,0.0,-0.7919921,-5.719726700000001,-0.2978516,-1.5196288,63.877412361668426,-96.37388036983064,36.07682866249405,115.62114264943528,347.5360000000219
-19.1583472,219.180847,398.93999,22800.0,5.828284999999767,0.2420250000000123,0.0,0.1204999999870892,-2.601749999939784,0.0,0.0,-0.7529296999999999,-5.7041015,-0.291504,-1.5237306,63.01439657156488,-96.94042308413832,36.07685402088237,115.62119097730393,345.679999999993
-19.0417434,219.1846461,398.93999,22800.0,5.830190000000179,0.1899550000004524,0.0,0.0952500000206413,-2.6034999999779984,0.0,0.0,-0.6884764999999999,-5.6860351,-0.29541,-1.5093751,62.14579362185742,-97.4994541648482,36.07681640870064,115.62111929631988,345.679999999993
-18.92511,219.1874034,398.93999,22800.0,5.831669999999889,0.1378649999992376,0.0,0.0739999999854745,-2.604500000060739,0.0,0.0,-0.7197266000000001,-5.6943359,-0.2958984,-1.499634,61.27244923902128,-98.05070577850546,36.07684071571608,115.62116562036331,346.8399999999965
-18.8084567,219.189119,398.93999,22800.0,5.83266499999997,0.0857799999991471,0.0,0.0497500000040673,-2.6042500000045266,0.0,0.0,-0.7358397999999999,-5.6884766,-0.2939452999999999,-1.512964,60.3943393498048,-98.59399185320402,36.07683507840555,115.62115487681758,345.6800000000221
-18.6917925,219.1897926,398.93999,22800.0,5.833209999999944,0.0336800000013681,0.0,0.0272499999987019,-2.604999999888946,0.0,0.0,-0.6855468,-5.657715,-0.2890625,-1.5416748999999998,59.511393613427664,-99.12947752137607,36.076852841996285,115.621188730584,346.60800000000745
-18.5751273,219.1894245,398.93999,22800.0,5.833260000000173,-0.0184050000001434,0.0,0.0025000000114516,-2.604250000075581,0.0,0.0,-0.7319335,-5.590332,-0.2939452999999999,-1.5365479,58.62376435956801,-99.65691715973328,36.07682470947019,115.62113511580873,346.60800000000745
-18.4584701,219.1880144,398.93999,22800.0,5.83285999999994,-0.0705049999993434,0.0,-0.0200000000116773,-2.6049999999600004,0.0,0.0,-0.7631838,-5.445312599999999,-0.2949218999999999,-1.5257811,57.73129922167777,-100.17655402348107,36.07682017206819,115.62112646848897,345.9120000000112
-18.3418301,219.1855618,398.93999,22800.0,5.832000000000015,-0.1226299999999014,0.0,-0.0429999999962404,-2.6062500000278987,0.0,0.0,-0.7133789,-5.2690429,-0.2944335999999999,-1.5298828,56.833749350845686,-100.68848934750925,36.07682486125222,115.62113540507303,348.0
-18.2347974,219.182416,398.93999,22800.0,5.351634999999888,-0.1572899999999322,0.0,-24.018250000006347,-1.7330000000015389,0.0,0.0,-0.1503907,-5.148437599999999,-0.2919922,-1.5242433,52.06428041638716,-101.72962247146582,35.311683891522165,114.27863047596938,345.2160000000149
-18.1994966,219.1849659,398.93999,22800.0,1.7650400000000843,0.1274949999995556,0.0,-179.32974999999018,14.23924999997439,0.0,0.0,0.3935547,-5.4672851,-0.3105468999999999,-1.4478515,30.522230689698866,-107.51149177123249,26.77448246428121,111.76013345174113,339.6480000000156
-18.226843,219.2284828,398.93999,22800.0,-1.3673199999999497,2.175844999999299,0.0,-156.6180000000017,102.41749999998716,0.0,0.0,0.3745116999999999,-6.7695312,-0.3574217999999999,-1.1689454,73.65455446281699,82.41403294118143,29.391700210104453,110.53083831558598,334.0800000000163
-18.2896539,219.3226156,398.93999,22800.0,-3.140544999999939,4.7066400000005615,0.0,-88.66124999999947,126.53975000006312,0.0,0.0,-0.0058593999999999,-5.867187700000001,-0.4072266999999999,-0.9161866,51.01944696711314,103.19073308153708,35.803042951444965,115.11434038700436,329.90400000000955
-18.3521197,219.42114350000003,398.93999,22800.0,-3.1232900000000896,4.926395000001094,0.0,0.8627499999924737,10.987750000026608,0.0,0.0,0.5502931,-5.9956055,-0.4233401,-0.8710693,52.45357485794137,103.0373568602008,36.07643335579051,115.62038930964567,325.7280000000028
-18.4117861,219.5213757,398.93999,22800.0,-2.983320000000056,5.011609999998257,0.0,6.998500000001684,4.260749999858149,0.0,0.0,0.0722656,-5.9887693,-0.4379885,-0.8987548000000001,55.33097698523298,101.51895131097427,36.07538948997383,115.6184003064406,320.6239999999816
-18.4683844,219.6233782,398.93999,22800.0,-2.829914999999872,5.100125000001299,0.0,7.670250000009204,4.425750000152107,0.0,0.0,0.4692382,-5.9233398,-0.4428710999999999,-0.9479738,58.386409493883406,99.79394832728234,36.07582175754279,115.61922390474577,316.9119999999821
-18.5233375,219.7262907,398.93999,22800.0,-2.7476550000001154,5.145625000000109,0.0,4.112999999987821,2.274999999940519,0.0,0.0,0.3481444999999999,-6.0029297,-0.4389647,-0.9997558,59.98387225263806,98.8441727579537,36.07679868969981,115.62108552779202,313.8960000000079
-18.5774371,219.8296552,398.93999,22800.0,-2.7049800000000346,5.168224999998472,0.0,2.133750000004042,1.129999999918141,0.0,0.0,0.3999024,-5.9653321,-0.4399412999999999,-1.0177002,60.79990392048518,98.34444859695635,36.076851941400776,115.62118701423032,311.1119999999937
-18.6307173,219.9334443,398.93999,22800.0,-2.664009999999984,5.189455000001431,0.0,2.048500000002562,1.0615000001479302,0.0,0.0,0.409668,-5.9736329,-0.4355467999999999,-1.0402588,61.57597184283014,97.86038145089026,36.07684213775112,115.62116833046947,308.09599999999045
-18.6831752,220.0376514,398.93999,22800.0,-2.622895000000014,5.210354999999822,0.0,2.0557499999984685,1.0449999999195825,0.0,0.0,0.3740234,-6.0522462,-0.4277345999999999,-1.0858887,62.34780008794272,97.3704550165061,36.07684014053146,115.62116452418005,304.61599999998
-18.7348071,220.1422701,398.93999,22800.0,-2.5815950000000143,5.230934999998738,0.0,2.0649999999999835,1.0289999999457675,0.0,0.0,0.4384765,-5.9755859,-0.4194337,-1.1412597,63.11610607124704,96.87418190910589,36.07683169992743,115.62114843814447,301.832000000024
-18.7856102,220.2472942,398.93999,22800.0,-2.5401549999999773,5.251205000000425,0.0,2.07200000000185,1.0135000000843777,0.0,0.0,0.4414062,-5.945312599999999,-0.4125975,-1.1535645,63.88014916049436,96.3721422707036,36.07686187108932,115.62120593823498,299.9759999999951
-18.8355812,220.3527167,398.93999,22800.0,-2.498549999999966,5.271124999998733,0.0,2.080250000000561,0.995999999915398,0.0,0.0,0.5219725,-5.9755859,-0.4038084999999999,-1.1540773,64.64023712166959,95.86397251123748,36.07685782792595,115.62119823276772,298.3520000000135
-18.8847166,220.4585309,398.93999,22800.0,-2.456769999999864,5.290710000001297,0.0,2.0890000000051145,0.9792500001282178,0.0,0.0,0.4975585,-6.0234375,-0.3959960999999999,-1.1822754999999998,65.39658387230065,95.34955585286964,36.07683400841894,115.62115283764628,295.33600000001024
-18.9330139,220.5647305,398.93999,22800.0,-2.414865000000077,5.309979999999825,0.0,2.095249999989335,0.9634999999263982,0.0,0.0,0.4316405,-5.9750978,-0.3891601999999999,-1.1966311,66.14840234736458,94.82957033492968,36.0768511618174,115.62118552850166,294.17600000000675
-18.9804697,220.6713088,398.93999,22800.0,-2.37279000000008,5.328914999999768,0.0,2.103749999999849,0.9467499999971096,0.0,0.0,0.4262696,-6.0541993,-0.3857422,-1.1925294000000002,66.89639234068727,94.30340204567533,36.07685207529604,115.6211872694077,291.1599999999744
-19.0270812,220.778259,398.93999,22800.0,-2.330575000000046,5.347510000001421,0.0,2.1107500000017154,0.9297500000826632,0.0,0.0,0.3793946,-6.0673829,-0.3759767,-1.2161132,67.640042137098,93.77143604744364,36.07684883754852,115.62118109891549,290.23199999998906
-19.0728453,220.8855744,398.93999,22800.0,-2.2882049999999765,5.365769999998804,0.0,2.118500000003465,0.9129999998691574,0.0,0.0,0.4096681,-5.9804688,-0.3676757999999999,-1.2612304,68.37961330749927,93.23347964343276,36.07683913435522,115.62116260661593,288.14400000000023
-19.1177592,220.9932485,398.93999,22800.0,-2.2456950000000475,5.383705000001271,0.0,2.1254999999964497,0.8967500001233475,0.0,0.0,0.4482421,-5.9868165,-0.3632811999999999,-1.2853271999999998,69.11487860203013,92.68975161339124,36.07684652218538,115.621176686304,288.3759999999893
-19.1618202,221.1012744,398.93999,22800.0,-2.203049999999962,5.4012950000000615,0.0,2.132250000004277,0.8794999999395259,0.0,0.0,0.4433595,-5.930175800000001,-0.3598631,-1.2796876,69.84571398017368,92.1402856288993,36.07684538501883,115.62117451909651,286.5199999999895
-19.2050254,221.2096452,398.93999,22800.0,-2.1602599999999583,5.418539999998018,0.0,2.139500000000183,0.8622499998978128,0.0,0.0,0.4277344,-6.0375977,-0.352539,-1.2899415,70.572284842326,91.58494264133344,36.07682974922578,115.62114472051698,284.66399999998976
-19.2473724,221.3183546,398.93999,22800.0,-2.1173499999999734,5.435469999999043,0.0,2.145499999999245,0.8465000000512646,0.0,0.0,0.4018555,-6.0131836,-0.347168,-1.3171142,71.2942416652695,91.02413005242104,36.07685706923838,115.62119678686044,284.4320000000007
-19.2888584,221.4273953,398.93999,22800.0,-2.074300000000129,5.4520350000018425,0.0,2.15249999999223,0.828250000139974,0.0,0.0,0.3764649,-6.0375976,-0.3398438,-1.3119874,72.01181794886406,90.4574675705464,36.07684394731137,115.62117177912008,281.41599999999744
-19.3294804,221.5367607,398.93999,22800.0,-2.0310999999999524,5.468270000000075,0.0,2.160000000008821,0.8117499999116262,0.0,0.0,0.3061525,-6.119140799999999,-0.3364257,-1.3145507,72.72523129460066,89.88488453622662,36.07683571352039,115.62115608721425,282.57600000000093
-19.3692364,221.6464442,398.93999,22800.0,-1.9877999999998508,5.484174999999425,0.0,2.1650000000050795,0.7952499999674956,0.0,0.0,0.3183595,-6.0263672,-0.3310545,-1.3468505,73.43368300403117,89.30709078244638,36.07685960413669,115.6212016178722,279.5599999999977
-19.4081237,221.7564387,398.93999,22800.0,-1.9443650000001256,5.499724999999955,0.0,2.171749999986261,0.7775000000265209,0.0,0.0,0.3310547,-6.0161132,-0.3291014,-1.3899171,74.13769236403913,88.72353232558791,36.07686040702336,115.62120314801496,281.1840000000084
-19.4461398,221.866737,398.93999,22800.0,-1.9008050000000047,5.514915000000542,0.0,2.1780000000060085,0.7595000000293339,0.0,0.0,0.3095704,-6.0483397000000005,-0.3281249999999999,-1.3873535,74.8370975938989,88.13433349075487,36.076836124671935,115.62115687078358,277.93600000001607
-19.483282600000003,221.9773326,398.93999,22800.0,-1.8571400000000795,5.529780000000528,0.0,2.183249999996306,0.743249999999307,0.0,0.0,0.307129,-6.0234375,-0.3222657999999999,-1.3822266,75.53163171061149,87.539874966565,36.07684788298083,115.62117927970328,279.0960000000196
-19.5195493,222.0882185,398.93999,22800.0,-1.8133349999999384,5.544294999998556,0.0,2.1902500000070546,0.7257499999013817,0.0,0.0,0.3662109999999999,-6.0839844,-0.3178712999999999,-1.3991456,76.22180446779313,86.93958244589065,36.07684192465746,115.62116792435675,278.1680000000051
-19.5549381,222.1993877,398.93999,22800.0,-1.7694399999998112,5.558460000000309,0.0,2.194750000006352,0.7082500000876735,0.0,0.0,0.3793946,-6.0878906,-0.3149415,-1.4027344000000002,76.90684673980525,86.33418596552642,36.076842536405714,115.62116909022323,278.3999999999942
-19.5894467,222.3108335,398.93999,22800.0,-1.7254300000001166,5.572290000000635,0.0,2.200499999984729,0.6915000000162763,0.0,0.0,0.3457031,-6.0415039,-0.3120116999999999,-1.38479,77.58715710341608,85.7233651419602,36.076859638380576,115.62120168313425,279.09599999999045
-19.6230728,222.4225487,398.93999,22800.0,-1.6813049999999663,5.585760000001017,0.0,2.2062500000075147,0.6735000000190894,0.0,0.0,0.3403318999999999,-6.0854493,-0.3100584999999999,-1.4047852,78.26271187034875,85.10704348947141,36.07685655731426,115.62119581123524,277.2399999999907
-19.655814,222.534526,398.93999,22800.0,-1.6370600000000124,5.598864999998909,0.0,2.2122499999976952,0.655249999894636,0.0,0.0,0.3447265,-6.0136718,-0.3081052999999999,-1.4447753,78.93358269088957,84.48512321473963,36.07682388251301,115.62113353980422,276.5439999999944
-19.6876691,222.64675900000003,398.93999,22800.0,-1.592755000000068,5.611650000001589,0.0,2.2152499999972264,0.639250000133984,0.0,0.0,0.3164060999999999,-6.0507812,-0.3066405,-1.468872,79.5989049686396,83.85865639123736,36.0768542953083,115.6211915003047,275.84799999999814
-19.718635,222.7592404,398.93999,22800.0,-1.5482949999999107,5.624069999998937,0.0,2.2230000000078576,0.620999999867422,0.0,0.0,0.3188476,-6.023437500000001,-0.3037107999999999,-1.4550293,80.26005843893641,83.22605903100539,36.07684058647265,115.621165374052,276.7760000000126
-19.7487108,222.8719634,398.93999,22800.0,-1.5037899999999382,5.636149999999418,0.0,2.225249999998624,0.6040000000240298,0.0,0.0,0.3051758,-6.0668946,-0.3017577999999999,-1.4545165999999998,80.91543466714573,82.58908787689461,36.07686582182393,115.62121346755772,276.0800000000163
-19.7778941,222.9849202,398.93999,22800.0,-1.459165000000162,5.647839999998894,0.0,2.2312499999888047,0.5844999999737865,0.0,0.0,0.3168943,-6.1469728,-0.2998047,-1.4698974000000002,81.56611736328999,81.94641711570794,36.07682446974963,115.62113465895231,275.15200000000186
-19.8061832,223.0981048,398.93999,22800.0,-1.4144549999999256,5.659230000001969,0.0,2.2355000000118253,0.5695000001537665,0.0,0.0,0.3549804,-6.009277299999999,-0.3002927999999999,-1.4596435,82.21162247034083,81.2989169556297,36.076865285529706,115.62121244548608,276.5439999999944
-19.8335723,223.2115098,398.93999,22800.0,-1.3694550000000305,5.67025000000001,0.0,2.249999999994756,0.5509999999020465,0.0,0.0,0.3999024,-6.0400392,-0.3022459999999999,-1.4493895,82.85484064420663,80.64313561726043,36.0768089501294,115.6211050819042,274.68799999999464
-19.8600478,223.3251311,398.93999,22800.0,-1.3237749999998272,5.681064999998853,0.0,2.284000000010167,0.5407499999421361,0.0,0.0,0.3930664,-6.0898436,-0.2983399,-1.473999,83.50119337287215,79.97359143758065,36.07677419087116,115.62103883860784,276.5440000000235
-19.8856046,223.4389621,398.93999,22800.0,-1.2778400000001966,5.691549999998813,0.0,2.296749999981529,0.5242499999980055,0.0,0.0,0.3740234,-6.0268555,-0.2988282,-1.5104005,84.1444990289962,79.29635884573905,36.07673929327279,115.62097233215503,274.2239999999874
-19.9102525,223.5529929,398.93999,22800.0,-1.232394999999897,5.701540000002581,0.0,2.272250000014964,0.4995000001883909,0.0,0.0,0.3637694999999999,-6.0791016,-0.2998047,-1.5062988999999998,84.77441101710957,78.62247296930924,36.076704747485664,115.6209064966522,276.31200000000536
-19.934013200000003,223.6672129,398.93999,22800.0,-1.1880350000001982,5.710999999999444,0.0,2.2179999999849542,0.4729999998431822,0.0,0.0,0.368164,-6.105956900000001,-0.2978517,-1.4924561,85.38303635351875,77.96130911366606,36.0767832528141,115.6210561085778,274.9199999999837
-19.9569132,223.7816093,398.93999,22800.0,-1.1449999999998184,5.719819999998776,0.0,2.1517500000189926,0.440999999966607,0.0,0.0,0.3740236,-6.0659179000000005,-0.2944335999999999,-1.5109132,85.96762067575106,77.31637087483166,36.07683860655592,115.6211616007396,273.9920000000275
-19.9789829,223.8961694,398.93999,22800.0,-1.1034849999999707,5.728005000001701,0.0,2.0757499999923823,0.409250000146244,0.0,0.0,0.3798828,-6.0761717,-0.2968751,-1.5088624,86.5261118582486,76.69097526283137,36.07688560009922,115.62125116115274,276.0799999999872
-20.0002516,224.0108813,398.93999,22800.0,-1.0634350000000126,5.735594999998739,0.0,2.0024999999979087,0.3794999998518733,0.0,0.0,0.354492,-6.007812599999999,-0.2963869999999999,-1.490918,87.05985186820259,76.08461717687172,36.07691523025597,115.62130763083636,273.7599999999802
-20.0207419,224.125735,398.93999,22800.0,-1.0245150000001146,5.742684999999881,0.0,1.9459999999948965,0.3545000000571008,0.0,0.0,0.3417968999999999,-6.0917969,-0.2954103999999999,-1.4975831000000002,87.57380806353203,75.49252817903965,36.07693086722974,115.62133743220342,275.84799999999814
-20.0404682,224.2407217,398.93999,22800.0,-0.9863149999999266,5.749335000000144,0.0,1.910000000009404,0.3325000000131695,0.0,0.0,0.3310548,-6.0439453,-0.2949220999999999,-1.5288574,88.0737641067551,74.90849660724865,36.07687894670553,115.62123848104432,276.0799999999872
-20.0594319,224.3558364,398.93999,22800.0,-0.9481850000000236,5.755734999999618,0.0,1.906499999995148,0.3199999999736747,0.0,0.0,0.3129883,-6.0615234,-0.2968752,-1.5375732,88.56835180067065,74.32301293898085,36.0768617131676,115.6212056372674,275.3839999999909
-20.07763,224.4710746,398.93999,22800.0,-0.9099049999999664,5.761909999999659,0.0,1.9140000000028576,0.3087500000020782,0.0,0.0,0.3188475999999999,-6.083496,-0.2958985999999999,-1.519116,89.06042931711141,73.73264378250127,36.07686088787158,115.62120406441642,276.0799999999872
-20.095061800000003,224.5864311,398.93999,22800.0,-0.8715900000002108,5.767824999999505,0.0,1.9157499999877807,0.2957499999922675,0.0,0.0,0.3129882,-6.004394499999999,-0.2954103999999999,-1.5160401,89.54850882129507,73.1390724326983,36.076852989397054,115.62118901150018,281.88000000000466
-20.1117262,224.701901,398.93999,22800.0,-0.8332199999998124,5.773495000001105,0.0,1.9185000000199184,0.2835000000800391,0.0,0.0,0.3310547,-6.0327149,-0.2944337999999999,-1.5247559,90.03283533764312,72.5420527140079,36.076856398651536,115.6211955088558,287.2159999999858
-20.1276227,224.8174794,398.93999,22800.0,-0.7948250000000101,5.778920000000198,0.0,1.9197499999901169,0.271249999954648,0.0,0.0,0.3310549,-6.0537109,-0.2963869,-1.501172,90.51302495943952,71.94207869805452,36.07687800914808,115.6212366942388,291.3919999999925
-20.1427505,224.9331607,398.93999,22800.0,-0.756389999999918,5.7840650000002825,0.0,1.9217500000046075,0.2572500000042055,0.0,0.0,0.3374024,-6.0161134,-0.2973633999999999,-1.4919433999999998,90.9892944457562,71.33870698184474,36.07686086126087,115.62120401370169,296.7280000000028
-20.1571089,225.04894,398.93999,22800.0,-0.7179200000001273,5.78896499999928,0.0,1.9234999999895308,0.2449999999498686,0.0,0.0,0.333496,-6.1074218,-0.2949220999999999,-1.5088624000000002,91.46155414366612,70.73221623705878,36.07685968723172,115.62120177623484,299.27999999999884
-20.1706975,225.164812,398.93999,22800.0,-0.6794299999999254,5.793599999999799,0.0,1.924500000010099,0.2317500000259542,0.0,0.0,0.3374022,-6.065918,-0.2963867999999999,-1.541162,91.92963631441684,70.12273879475704,36.07684659174083,115.62117681886254,304.6160000000091
-20.1835155,225.2807721,398.93999,22800.0,-0.6408999999999665,5.798005000001183,0.0,1.926499999997944,0.2202500000691998,0.0,0.0,0.3398435999999999,-5.9829101,-0.2973633,-1.5314208,92.3937554178859,69.51015400767687,36.07687160050102,115.6212244805904,306.93599999998696
-20.1955623,225.39681460000003,398.93999,22800.0,-0.6023400000000123,5.802125000001013,0.0,1.927999999997709,0.2059999999914907,0.0,0.0,0.3540037,-5.9873047,-0.2968751,-1.5088624,92.85383764639644,68.89429447257554,36.07685214552468,115.62118740324932,309.4880000000121
-20.2068376,225.51293450000003,398.93999,22800.0,-0.5637650000000605,5.805995000000053,0.0,1.928749999997592,0.1934999999519959,0.0,0.0,0.3583983,-6.0024415,-0.2973632999999999,-1.5242431,93.3096726450646,68.27562168921436,36.07684431627173,115.621172482283,313.20000000001164
-20.2173407,225.629127,398.93999,22800.0,-0.5251550000000549,5.809624999997709,0.0,1.9305000000002792,0.181499999882817,0.0,0.0,0.3745118,-6.015624900000001,-0.2988281,-1.5139894,93.76148789065334,67.65386914977624,36.076860418390766,115.62120316967896,316.6800000000221
-20.2270709,225.7453868,398.93999,22800.0,-0.4865099999999955,5.81299000000115,0.0,1.9322500000029663,0.1682500001720654,0.0,0.0,0.3764648,-5.9980469,-0.3007811999999999,-1.4914307,94.2093044710315,67.02887742617678,36.076862314284575,115.62120678287762,319.23199999998906
-20.2360284,225.8617088,398.93999,22800.0,-0.4478750000000531,5.816099999999835,0.0,1.9317499999971235,0.1554999999342499,0.0,0.0,0.380371,-6.1054687,-0.2998046,-1.4975831,94.6525901562527,66.4014647347638,36.07687112811642,115.6212235803169,321.320000000007
-20.2442122,225.9780877,398.93999,22800.0,-0.4091899999998816,5.818945000000042,0.0,1.934250000008575,0.1422500000103355,0.0,0.0,0.3872068999999999,-6.0087891,-0.2993165,-1.5329589,95.09204997975291,65.77055745044935,36.076863990621305,115.62120997764504,323.17599999997765
-20.2516223,226.09451840000003,398.93999,22800.0,-0.3705050000000653,5.821535000001177,0.0,1.934249999990812,0.129500000056737,0.0,0.0,0.3823243,-5.9536134,-0.3017576999999999,-1.5406494,95.527098784599,65.13706162238383,36.076862180570345,115.62120652804468,326.65600000001723
-20.2582584,226.2109957,398.93999,22800.0,-0.3318049999998962,5.823864999999273,0.0,1.9350000000084573,0.1164999999048177,0.0,0.0,0.3935547,-5.9873046,-0.3012693999999999,-1.5165526,95.95791564591664,64.50069115695662,36.0768561352918,115.6211950069448,327.11999999999534
-20.2641196,226.3275145,398.93999,22800.0,-0.2930600000000893,5.825939999999719,0.0,1.9372499999903423,0.1037500000222735,0.0,0.0,0.3896484,-5.9726563,-0.2998046,-1.5129639,96.38482556314176,63.86097378000294,36.07685122524196,115.62118564937607,330.1359999999986
-20.269206500000003,226.4440698,398.93999,22800.0,-0.2543450000001002,5.827764999999374,0.0,1.9357499999994587,0.0912499999827787,0.0,0.0,0.3803712,-5.998535200000001,-0.2988282,-1.521167,96.80699319357949,63.21921411609196,36.07686119495553,115.62120464965768,330.6000000000058
-20.2735184,226.5606565,398.93999,22800.0,-0.2155949999998796,5.829334999999958,0.0,1.937500000011028,0.0785000000291802,0.0,0.0,0.3696288,-6.0473634,-0.3017575999999999,-1.5062988000000002,97.2251403524779,62.574278985426325,36.07687331756038,115.6212277529736,332.6880000000237
-20.2770553,226.677269,398.93999,22800.0,-0.1768450000000143,5.83062499999869,0.0,1.937499999993264,0.0644999999366291,0.0,0.0,0.3691407,-6.0117188,-0.3027342999999999,-1.4950196,97.6389170184023,61.92657355850436,36.07685135743087,115.62118590130142,333.6160000000091
-20.2798166,226.7939026,398.93999,22800.0,-0.1380649999999761,5.831680000001427,0.0,1.939000000001912,0.0527500001368252,0.0,0.0,0.3583984,-6.0297852,-0.2993165,-1.5093751,98.04858511085382,61.275924573754615,36.07686348668528,115.6212090172422,335.47200000000885
-20.2818029,226.910552,398.93999,22800.0,-0.0993149999999332,5.832470000000001,0.0,1.9375000000021456,0.0394999999286937,0.0,0.0,0.3549805,-5.9477539,-0.3002930999999999,-1.5416748,98.4535496320872,60.62312665825785,36.07686563410213,115.62121310979671,336.3999999999942
-20.2830136,227.0272118,398.93999,22800.0,-0.0605350000000726,5.832989999998972,0.0,1.9389999999930296,0.0259999999485671,0.0,0.0,0.3325196,-6.010253799999999,-0.3017576999999999,-1.5288573,98.85444825926407,59.967117787103305,36.07684801528498,115.62117953184806,336.63199999998324
-20.2834485,227.1438776,398.93999,22800.0,-0.0217449999999175,5.833290000001057,0.0,1.9395000000077545,0.0150000001042371,0.0,0.0,0.323242,-5.982421799999999,-0.3007810999999999,-1.5119384,99.25100059459947,59.30863377602967,36.07688886608983,115.62125738551882,339.6479999999865
-20.2831084,227.2605432,398.93999,22800.0,0.0170049999999477,5.833279999998808,0.0,1.937499999993264,-0.0005000001124244,0.0,0.0,0.2744141,-6.0400391,-0.2988282,-1.5237304000000005,99.64282283724113,58.647808781638254,36.076849062538265,115.6211815277003,338.4880000000121
-20.2819923,227.377204,398.93999,22800.0,0.0558049999998644,5.833040000000267,0.0,1.939999999995834,-0.0119999999270703,0.0,0.0,0.1689452,-6.0717774,-0.2998045,-1.5104004999999998,100.03071464104568,57.98374955877843,36.07685239048905,115.6211878701021,341.0400000000081
-20.2801009,227.4938549,398.93999,22800.0,0.0945700000000826,5.832545000001232,0.0,1.9382500000109104,-0.0247499999517231,0.0,0.0,0.0537109,-5.981933499999999,-0.3012694999999999,-1.4929688,100.4138574418896,57.31770686320092,36.07685965599781,115.6212017167092,341.50399999998626
-20.2774342,227.6104906,398.93999,22800.0,0.1333349999999455,5.831784999999456,0.0,1.9382499999931468,-0.0380000000888003,0.0,0.0,-0.0581055,-6.0014649,-0.3012695999999999,-1.5047608,100.7926157147339,56.64899948515358,36.07685565980698,115.62119410076578,341.9679999999935
-20.2739918,227.7271063,398.93999,22800.0,0.1721200000002198,5.83078500000056,0.0,1.9392500000137147,-0.0499999999448164,0.0,0.0,-0.1499025,-6.0297854,-0.2978515,-1.52937,101.1671437643543,55.97749837023391,36.07688011151548,115.62124070095022,342.4320000000007
-20.2697748,227.843696,398.93999,22800.0,0.2108499999998514,5.829484999999579,0.0,1.936499999981578,-0.0650000000490536,0.0,0.0,-0.2216797,-5.9716795000000005,-0.2983397999999999,-1.5380859,101.53680852493056,55.303967128211376,36.07683691752084,115.62115838178885,342.66399999998976
-20.264782500000003,227.9602553,398.93999,22800.0,0.249614999999892,5.827964999998869,0.0,1.9382500000020288,-0.0760000000354921,0.0,0.0,-0.2519532,-6.0590821,-0.2988281,-1.5139893,101.90235252207954,54.627561211019625,36.07685422598188,115.62119136818244,343.82399999999325
-20.2590157,228.07677900000004,398.93999,22800.0,0.2883400000001757,5.826185000003648,0.0,1.936250000014184,-0.0889999997610857,0.0,0.0,-0.2900392,-6.0703126,-0.2983398,-1.5119385,102.2631262434162,53.94921722652899,36.07686587791967,115.6212135744652,343.127999999997
-20.2524744,228.1932619,398.93999,22800.0,0.3270649999999264,5.824144999996861,0.0,1.9362499999875384,-0.1020000003393306,0.0,0.0,-0.3271486,-6.010254,-0.2978516999999999,-1.5252685,102.6195027858865,53.26825007516225,36.07687447704184,115.62122996272176,343.36000000001513
-20.2451587,228.30969840000003,398.93999,22800.0,0.3657850000001517,5.821825000002434,0.0,1.936000000011262,-0.115999999721339,0.0,0.0,-0.3740233,-5.9624022,-0.3002929,-1.5016846,102.9714608045268,52.584559457346266,36.07684909811784,115.62118159550776,344.98399999999674
-20.2370693,228.42608389999995,398.93999,22800.0,0.4044699999999679,5.819274999996082,0.0,1.934249999990812,-0.1275000003175819,0.0,0.0,-0.3935547,-6.0043945,-0.3032224999999999,-1.4883545,103.31866095339792,51.89911852347518,36.076864008824565,115.62121001233692,344.98399999999674
-20.2282065,228.5424129,398.93999,22800.0,0.4431399999997865,5.816450000001794,0.0,1.9334999999909288,-0.1412499997144323,0.0,0.0,-0.4404298,-6.0498048,-0.3012696,-1.5068116,103.66134758650723,51.21116812027076,36.07685157179375,115.62118630983385,343.5920000000042
-20.2185705,228.6586807,398.93999,22800.0,0.4818000000001987,5.8133900000015615,0.0,1.933000000020613,-0.153000000011616,0.0,0.0,-0.4638672,-6.0073243,-0.300293,-1.5339842,103.99950572452356,50.521000707545696,36.07687421687707,115.62122946689782,343.82399999999325
-20.2081617,228.7748817,398.93999,22800.0,0.5204399999998444,5.810049999999478,0.0,1.9319999999822808,-0.1670000001041671,0.0,0.0,-0.4946287,-6.0732423,-0.3032225999999999,-1.5232177,104.33311034958083,49.82835735512575,36.076861529171865,115.62120528660787,344.28800000000047
-20.1969807,228.8910107,398.93999,22800.0,0.5590500000000276,5.80644999999862,0.0,1.930500000009161,-0.1800000000429236,0.0,0.0,-0.5126953000000001,-5.9916992,-0.3007810999999999,-1.5088623,104.66204905397096,49.133597527413066,36.07684293661327,115.62116985293667,345.679999999993
-20.185028100000004,229.00706330000003,398.93999,22800.0,0.5976299999998602,5.802630000002296,0.0,1.928999999991632,-0.1909999998161993,0.0,0.0,-0.5444335,-5.980957,-0.2973632999999999,-1.5221924,104.98626887736238,48.43711906976064,36.07687978327018,115.62124007537714,345.448000000004
-20.1723043,229.1230335,398.93999,22800.0,0.6361900000001697,5.7985099999967815,0.0,1.928000000015473,-0.2060000002757078,0.0,0.0,-0.5639647,-6.0092773,-0.300293,-1.5083497,105.30596274254084,47.73795642171784,36.07685054788456,115.62118435846968,345.9119999999821
-20.1588099,229.2389166,398.93999,22800.0,0.6747199999999509,5.794155000000956,0.0,1.926499999989062,-0.2177499997912946,0.0,0.0,-0.5825195,-5.9970702000000005,-0.3022460999999999,-1.4898925,105.62095887997948,47.03692888510507,36.07685363662812,115.62119024499248,346.3759999999893
-20.1445455,229.3547077,398.93999,22800.0,0.7132200000000921,5.78955499999978,0.0,1.92500000000706,-0.2300000000587942,0.0,0.0,-0.5966796999999999,-6.054199,-0.3017577999999999,-1.4965577,105.9312719236471,46.333940686856046,36.076873598542406,115.62122828847114,344.98399999999674
-20.1295115,229.47040120000003,398.93999,22800.0,0.7516999999999996,5.784675000002437,0.0,1.9239999999953736,-0.2439999998671282,0.0,0.0,-0.6186524,-6.078125099999999,-0.2988281999999999,-1.5237304,106.23702546186952,45.62845935905686,36.07685873939459,115.62119996984556,345.9120000000112
-20.1137089,229.585992,398.93999,22800.0,0.7901300000000333,5.779539999997496,0.0,1.9215000000016853,-0.2567500002470524,0.0,0.0,-0.6406251000000001,-5.9965821,-0.3032225999999999,-1.5324462,106.53795336267282,44.92125109087315,36.076841548174926,115.62116720685846,346.8399999999965
-20.097138,229.7014754,398.93999,22800.0,0.8285449999998917,5.774170000002243,0.0,1.9207499999929207,-0.2684999997626391,0.0,0.0,-0.6538084000000001,-6.0141603,-0.3012693999999999,-1.5088623,106.83429745874317,44.211935621621,36.07685983411724,115.6212020561695,345.679999999993
-20.0798002,229.8168463,398.93999,22800.0,0.8668899999999979,5.768544999999392,0.0,1.9172500000053103,-0.2812500001425633,0.0,0.0,-0.6977538,-5.9658203,-0.2988281,-1.5068115,107.1256722066164,43.50123684161024,36.07687092448658,115.6212231922379,345.9120000000112
-20.0616956,229.9320992,398.93999,22800.0,0.9052300000000456,5.762644999998656,0.0,1.917000000002389,-0.2950000000367936,0.0,0.0,-0.7241212,-6.0419922,-0.2983398,-1.5160401,107.41258413592384,42.78783367156777,36.07685887235441,115.62120022324048,345.2159999999858
-20.042825,230.0472293,398.93999,22800.0,0.9435299999999812,5.756504999999379,0.0,1.9149999999967804,-0.3069999999638639,0.0,0.0,-0.762207,-6.0009766,-0.3012693999999999,-1.4991211,107.69472831368569,42.07270020665836,36.076869464929686,115.62122041060594,344.7520000000077
-20.0231899,230.16223120000004,398.93999,22800.0,0.9817550000001064,5.750095000003341,0.0,1.911250000006248,-0.320499999801882,0.0,0.0,-0.7563476,-6.0371093,-0.3012694999999999,-1.4868165,107.97189622668398,41.35609625687967,36.076847824811736,115.6211791688448,344.28800000000047
-20.0027907,230.2771002,398.93999,22800.0,1.0199599999999975,5.743449999998518,0.0,1.910249999994562,-0.3322500002411743,0.0,0.0,-0.7646483999999999,-6.109375099999999,-0.3007813,-1.5037354,108.2444359249693,40.63748340714596,36.0768611989102,115.62120465719444,345.9120000000112
-19.9816284,230.3918311,398.93999,22800.0,1.0581149999998374,5.736544999999182,0.0,1.907749999991992,-0.345249999966768,0.0,0.0,-0.7680663999999999,-5.9643554000000005,-0.2998046,-1.5375731,108.51216578848624,39.917088899514894,36.07686379462744,115.62120960411931,345.2159999999858
-19.9597039,230.5064186,398.93999,22800.0,1.0962250000000395,5.729375000001369,0.0,1.905500000010108,-0.3584999998906824,0.0,0.0,-0.7724610000000001,-5.9379883,-0.3022459999999999,-1.5237304,108.77512530901848,39.19476843652248,36.076849382310265,115.62118213712093,346.14400000000023
-19.9370179,230.62085829999995,398.93999,22800.0,1.1343000000000103,5.721984999996721,0.0,1.9037499999985383,-0.3695000002323922,0.0,0.0,-0.7709961,-5.9912109,-0.3007810999999999,-1.50271,109.03333014562352,38.47087595090579,36.076889364532285,115.62125833545714,345.679999999993
-19.9135717,230.7351442,398.93999,22800.0,1.1723100000001097,5.714295000001357,0.0,1.900500000004968,-0.3844999997681952,0.0,0.0,-0.7900389,-5.9638671,-0.2978515,-1.5170655000000002,109.286668229193,37.74498262447437,36.07685348298859,115.62118995218644,346.14400000000023
-19.8893665,230.8492717,398.93999,22800.0,1.2102599999998631,5.706375000001174,0.0,1.897499999987673,-0.3960000000091668,0.0,0.0,-0.8144531,-6.035644499999999,-0.2988282,-1.5145019999999998,109.53510212614782,37.01782044608617,36.07684908637047,115.62118157311969,345.9120000000112
-19.8644148,230.9632388,398.93999,22800.0,1.2475850000001287,5.698354999999822,0.0,1.866250000013281,-0.4010000000675973,0.0,0.0,-0.8339843,-6.0166016,-0.3007811999999999,-1.4888672,109.77503222022656,36.300356495541074,36.076885283753136,115.6212505582566,345.9120000000112
-19.8389404,231.0770919,398.93999,22800.0,1.2737200000000115,5.692655000000002,0.0,1.306749999994139,-0.2849999999909869,0.0,0.0,-0.8203125,-5.9965822,-0.3007811999999999,-1.4980958000000002,109.94037078068573,35.79727429265228,36.077013244047215,115.62149442979036,345.679999999993
-19.8131919,231.1908862,398.93999,22800.0,1.287424999999942,5.689715000001172,0.0,0.6852499999965289,-0.1469999999414994,0.0,0.0,-0.8168945000000001,-5.9882814,-0.2958984,-1.5314207999999998,110.02612701704656,35.534165516325125,36.07723009219668,115.62190772216503,345.2159999999858
-19.786902,231.30455610000004,398.93999,22800.0,1.3144949999999156,5.68349500000096,0.0,1.3534999999986752,-0.3110000000106083,0.0,0.0,-0.8374022999999999,-5.926758,-0.3007810999999999,-1.5447510000000002,110.19405627000036,35.00967801200369,36.07718935687358,115.62183008299158,346.14400000000023
-19.7594425,231.4179429,398.93999,22800.0,1.3729750000001315,5.669339999997192,0.0,2.924000000010807,-0.7077500001884118,0.0,0.0,-0.8759767,-5.9833984,-0.3022459999999999,-1.5145018,110.54912011279517,33.868762950633496,36.07672072800104,115.62093695139914,345.9119999999821
-19.7300963,231.5308509,398.93999,22800.0,1.467309999999955,5.645400000000223,0.0,4.7167499999911655,-1.1969999998484582,0.0,0.0,-0.9389647,-5.9619141,-0.298828,-1.5175782,111.09863223535964,32.01754934304281,36.07633152174089,115.62019525369205,345.9120000000112
-19.6983296,231.64310330000004,398.93999,22800.0,1.5883349999999297,5.612620000002266,0.0,6.051249999998731,-1.6389999998978055,0.0,0.0,-0.9677735,-5.9936524,-0.2958982999999999,-1.5293701,111.7612296516656,29.62266292420426,36.07643378210464,115.62039012204276,345.679999999993
-19.6639662,231.754589,398.93999,22800.0,1.7181700000000075,5.574284999997303,0.0,6.491750000003904,-1.9167500002481568,0.0,0.0,-0.9501951,-6.0087891,-0.3012693999999999,-1.514502,112.41862172193896,27.02136910885373,36.07649343412337,115.62050379745506,345.9120000000112
-19.6270122,231.8652428,398.93999,22800.0,1.8477000000000745,5.532689999999718,0.0,6.476500000003327,-2.0797499998792546,0.0,0.0,-0.9282227,-5.9370116,-0.2998046,-1.5047608,113.01821093099542,24.392183558654228,36.07647918842797,115.6204766501248,344.28799999997136
-19.5874868,231.97500440000005,398.93999,22800.0,1.976269999999936,5.488080000003492,0.0,6.428499999993065,-2.230499999811286,0.0,0.0,-0.8945312,-5.9550781,-0.2968749999999999,-1.5196288,113.55650040094226,21.748942408849484,36.07648068256066,115.62047949741712,344.98400000002584
-19.5454119,232.0838147,398.93999,22800.0,2.103744999999968,5.440514999997959,0.0,6.373750000001621,-2.3782500002766938,0.0,0.0,-0.8896483999999999,-5.9692383,-0.2978515,-1.5534667,114.03292010073262,19.094628596593008,36.076517964149545,115.62055054332642,345.448000000004
-19.5008108,232.1916135,398.93999,22800.0,2.230055000000064,5.389939999999172,0.0,6.315500000004803,-2.5287499999393503,0.0,0.0,-0.8715819,-5.8837891,-0.2998046,-1.5396239,114.44720432911636,16.42951019635644,36.07647184323508,115.6204626527791,346.8399999999965
-19.4537073,232.2983428,398.93999,22800.0,2.3551750000001093,5.336465000000601,0.0,6.25600000000226,-2.673749999928532,0.0,0.0,-0.8789064,-5.9809572,-0.2998047,-1.5165527,114.7993111600919,13.755578315389371,36.07648635220309,115.62049030177312,345.679999999993
-19.4041271,232.4039444,398.93999,22800.0,2.4790099999998816,5.280079999999998,0.0,6.191749999988616,-2.819250000030138,0.0,0.0,-0.9228517,-5.9663086,-0.2958984999999999,-1.5262939,115.08893593801852,11.074123131440494,36.07648998501621,115.62049722465149,345.448000000004
-19.352097500000003,232.5083608,398.93999,22800.0,2.6014799999998672,5.220819999999549,0.0,6.123499999999282,-2.9630000000224754,0.0,0.0,-0.9228515,-5.898437599999999,-0.2973633,-1.5227051,115.31589583663347,8.386842269114945,36.07647994875836,115.62047809904746,345.9119999999821
-19.2976462,232.6115351,398.93999,22800.0,2.722565000000188,5.1587150000003135,0.0,6.054250000016026,-3.1052499999617567,0.0,0.0,-0.9399416,-5.9145507,-0.2998046,-1.4991212,115.48017166201149,5.694497473001072,36.07648537852676,115.62048844628558,345.9120000000112
-19.2408034,232.71341160000003,398.93999,22800.0,2.842140000000093,5.093825000001573,0.0,5.978749999995259,-3.244499999937034,0.0,0.0,-0.9003907,-5.8544923,-0.2983397,-1.4996339,115.5815947387887,2.999810638960714,36.076500259826894,115.62051680489589,347.07200000001467
-19.1815999,232.8139342,398.93999,22800.0,2.960174999999765,5.02612999999883,0.0,5.901749999983608,-3.38475000013716,0.0,0.0,-0.8437499,-5.9233399,-0.2929686999999999,-1.5319334999999998,115.62007113907102,0.3028522856246242,36.07647453387848,115.62046778019344,345.6800000000221
-19.1200676,232.9130485,398.93999,22800.0,3.07661500000016,4.955714999999827,0.0,5.822000000019756,-3.5207499999501124,0.0,0.0,-0.8442383,-5.8925782,-0.2973631999999999,-1.5437256,115.5956887933692,-2.3942329713763506,36.07648145394633,115.62048096740772,346.60800000000745
-19.0562404,233.0107007,398.93999,22800.0,3.191359999999932,4.882609999999943,0.0,5.737249999988592,-3.6552499999942256,0.0,0.0,-0.8022461,-5.8754883,-0.2998046,-1.5232177,115.5084002802837,-5.089635098437848,36.07647986909036,115.62047794722824,345.2160000000149
-18.9901527,233.1068376,398.93999,22800.0,3.304385000000032,4.806844999998816,0.0,5.651250000004993,-3.788250000056337,0.0,0.0,-0.8339844,-5.9204103,-0.2968748999999999,-1.5196288,115.35827093491874,-7.782528710855566,36.07648782408604,115.6204931066695,346.60800000000745
-18.9218407,233.201407,398.93999,22800.0,3.415599999999941,4.728470000002005,0.0,5.560749999995451,-3.918749999840543,0.0,0.0,-0.8647461,-5.8935547,-0.2934568999999999,-1.5278321,115.14538489468556,-10.470944582554196,36.076492173799394,115.62050139571356,347.0719999999856
-18.8513413,233.2943572,398.93999,22800.0,3.5249699999999606,4.6475099999995,0.0,5.4685000000009865,-4.048000000125285,0.0,0.0,-0.8291014000000001,-5.8066407,-0.2983399,-1.5170655,114.86980640406072,-13.154031719044765,36.07649360521623,115.62050412349888,346.14400000000023
-18.778693,233.3856376,398.93999,22800.0,3.632415000000045,4.564019999997981,0.0,5.372250000004186,-4.174500000075909,0.0,0.0,-0.8300781,-5.8134766,-0.3002929,-1.5001465,114.53170978987669,-15.829901273030002,36.07648758689217,115.62049265466052,347.76800000001094
-18.7039355,233.4751985,398.93999,22800.0,3.737875000000024,4.478045000000464,0.0,5.272999999998973,-4.298749999875895,0.0,0.0,-0.8188476,-5.8837889,-0.2973632,-1.5216797,114.13127815988436,-18.497097465200625,36.07647158227238,115.62046215547672,345.9120000000112
-18.6271094,233.5629915,398.93999,22800.0,3.841304999999906,4.389650000001666,0.0,5.171499999994111,-4.4197499999398815,0.0,0.0,-0.8583983999999999,-5.8398438,-0.2939452999999999,-1.5498778999999998,113.66883392420284,-21.15397497844492,36.07647883050133,115.62047596804244,346.14400000000023
-18.5482563,233.6489689,398.93999,22800.0,3.942655000000173,4.298869999999511,0.0,5.067500000013325,-4.539000000107762,0.0,0.0,-0.8725586,-5.8056641,-0.2993164999999999,-1.5483398,113.14456900807184,-23.79937690442697,36.076500102860194,115.62051650577118,346.3759999999893
-18.4674192,233.73308319999995,398.93999,22800.0,4.041854999999828,4.205714999997667,0.0,4.959999999982756,-4.6577500000921646,0.0,0.0,-0.8906251,-5.9047852,-0.3007813,-1.5155274,112.55851698877332,-26.43243284348745,36.07647608387418,115.62047073393816,346.14400000000023
-18.3846421,233.8152896,398.93999,22800.0,4.138855000000064,4.110320000002332,0.0,4.850000000011789,-4.769749999766759,0.0,0.0,-0.8535156,-5.876953200000001,-0.2963869,-1.5283446,111.91153297475252,-29.05021395036621,36.07650533643393,115.62052647917314,347.5359999999928
-18.299951,233.89551820000003,398.93999,22800.0,4.234555000000029,4.011430000001326,0.0,4.784999999998263,-4.944500000050311,0.0,0.0,-0.8505860000000001,-5.8237305,-0.2954101999999999,-1.5196291,111.19430175402114,-31.68322648449578,36.076263513671385,115.62006565917598,346.3759999999893
-18.2130176,233.9732439,398.93999,22800.0,4.346669999999975,3.8862849999986793,0.0,5.6057499999973,-6.257250000132331,0.0,0.0,-0.9326172,-5.7592773,-0.3022460999999999,-1.4975831,110.2239793563082,-34.88752563047474,36.07277968782687,115.61342945245111,347.0719999999856
-18.1233487,234.0477135,398.93999,22800.0,4.483444999999975,3.723480000000734,0.0,6.8387500000000045,-8.140249999897264,0.0,0.0,-0.8920899,-5.8115235,-0.3017578999999999,-1.5052736,108.86410956541764,-38.900522662228695,36.0686440098583,115.60555788916822,347.0719999999856
-18.0311027,234.11899280000003,398.93999,22800.0,4.612300000000147,3.563965000000735,0.0,6.442750000008601,-7.975749999999948,0.0,0.0,-0.8432615,-5.7084961,-0.294922,-1.5360351,107.43291119599408,-42.70098034782724,36.06991489299436,115.60797606874657,345.2160000000149
-17.9369479,234.187823,398.93999,22800.0,4.707739999999916,3.4415099999975496,0.0,4.771999999988452,-6.122750000159272,0.0,0.0,-0.8872071,-5.729980599999999,-0.2958984999999999,-1.5529540000000002,106.27352670462172,-45.53009815647867,36.07411324774481,115.61596912354509,347.3040000000037
-17.8417457,234.2552518,398.93999,22800.0,4.760109999999962,3.3714400000008027,0.0,2.6185000000022995,-3.503499999837345,0.0,0.0,-0.9296873,-5.8090821,-0.3012695999999999,-1.5334716,105.58799389918885,-47.1095029062788,36.076558837802594,115.62062843511892,344.7520000000077
-17.7461034,234.3220624,398.93999,22800.0,4.782115000000076,3.3405299999998306,0.0,1.100250000005687,-1.5455000000486052,0.0,0.0,-0.8789063,-5.8217773,-0.2993164999999999,-1.5257811,105.28059653666013,-47.79406124535134,36.076891448385325,115.6212623068932,347.3040000000037
-17.6501294,234.3883949,398.93999,22800.0,4.798699999999911,3.3166250000007835,0.0,0.829249999991788,-1.1952499999523525,0.0,0.0,-0.8486326,-5.786621,-0.2944335999999999,-1.5365480000000002,105.0407837281791,-48.318691495411024,36.07685944642959,115.62120131731378,345.679999999993
-17.5538263,234.4542492,398.93999,22800.0,4.815155000000004,3.29271499999777,0.0,0.8227500000046462,-1.1955000001506733,0.0,0.0,-0.9150389,-5.7895507,-0.2998048,-1.5165529,104.79914726616612,-48.84066605270161,36.07688153414762,115.62124341221684,347.07200000001467
-17.4571967,234.51962310000005,398.93999,22800.0,4.831479999999999,3.2686950000041293,0.0,0.8162499999997408,-1.2009999996820395,0.0,0.0,-0.9252929,-5.8232421,-0.3041992999999999,-1.4955324,104.55462212215,-49.36188502576717,36.076865133586914,115.62121215591296,346.3759999999893
-17.3602426,234.5845153,398.93999,22800.0,4.847705000000069,3.2446099999958733,0.0,0.8112500000034828,-1.2042500004127987,0.0,0.0,-0.8540037999999999,-5.896484299999999,-0.3017577999999999,-1.5057863,104.30767464633712,-49.881697503593045,36.07688790526045,115.62125555435766,347.07200000001467
-17.262966799999997,234.6489237,398.93999,22800.0,4.863790000000101,3.220420000002377,0.0,0.8042500000016162,-1.2094999996747902,0.0,0.0,-0.7768554999999999,-5.7861329,-0.2973632,-1.5401366,104.05788133801018,-50.40061084146441,36.07686409285228,115.6212101724772,347.0719999999856
-17.1653714,234.7128474,398.93999,22800.0,4.8797699999997945,3.1961849999973424,0.0,0.7989999999846731,-1.2117500002517545,0.0,0.0,-0.8154297999999999,-5.7436523,-0.3041992,-1.534497,103.8058785745898,-50.91773014492692,36.07689002411063,115.62125959249052,348.23200000001816
-17.0674592,234.7762843,398.93999,22800.0,4.895610000000161,3.171845000001383,0.0,0.7920000000183336,-1.216999999797963,0.0,0.0,-0.9091798,-5.7612305,-0.3046876,-1.5114258,103.55102599109856,-51.43395361585191,36.07686937218894,115.62122023386009,347.5359999999928
-16.9692322,234.8392329,398.93999,22800.0,4.911349999999892,3.14743000000135,0.0,0.7869999999865485,-1.220750000001658,0.0,0.0,-0.8505858999999999,-5.734374900000001,-0.2983399999999999,-1.5237304,103.2936504905861,-51.948944184364045,36.07687950411129,115.6212395433535,348.0
-16.8706933,234.90169150000003,398.93999,22800.0,4.92694500000006,3.1229300000006788,0.0,0.7797500000084057,-1.2250000000335604,0.0,0.0,-0.8510741,-5.7558592,-0.2958986999999999,-1.5165528,103.03363117004596,-52.4626577366244,36.076853580369,115.6211901377739,347.3040000000037
-16.7718444,234.9636592,398.93999,22800.0,4.942445000000006,3.098384999999837,0.0,0.7749999999973056,-1.2272500000420905,0.0,0.0,-0.9355467,-5.7519532,-0.3046875999999999,-1.4945069,102.77142018497888,-52.97462381413943,36.076889809302585,115.62125918310642,347.07200000001467
-16.6726884,235.0251338,398.93999,22800.0,4.957800000000034,3.07372999999842,0.0,0.7677500000013993,-1.232750000070837,0.0,0.0,-0.9248047,-5.7368164,-0.3037110999999999,-1.494507,102.50629140323416,-53.48576194987707,36.07686923658038,115.6212199754166,346.14400000000023
-16.5732275,235.0861141,398.93999,22800.0,4.973044999999843,3.0490149999991445,0.0,0.7622499999904164,-1.2357499999637866,0.0,0.0,-0.8183592,-5.736328,-0.2978516,-1.5247559,102.23880501381272,-53.99534672882334,36.07687879042773,115.62123818320867,348.23200000001816
-16.4734643,235.1465983,398.93999,22800.0,4.988160000000086,3.0242100000009486,0.0,0.7557500000121564,-1.240249999909793,0.0,0.0,-0.833496,-5.7998045,-0.2993164,-1.5391113,101.96862097406785,-54.50381843164945,36.07686782606051,115.62121728724068,346.60800000000745
-16.3734012,235.206585,398.93999,22800.0,5.0031549999999925,2.999334999999803,0.0,0.7497499999953305,-1.2437500000572754,0.0,0.0,-0.8666992,-5.8188478,-0.3037109999999999,-1.5170655,101.69596563045572,-55.01086739944451,36.0768657170811,115.6212132679384,348.0
-16.273040599999998,235.2660732,398.93999,22800.0,5.018030000000096,2.974410000001626,0.0,0.74375000000515,-1.246249999908855,0.0,0.0,-0.8466795999999999,-5.828125,-0.3022460999999999,-1.5124512,101.42106812884649,-55.51613998469695,36.07688818488178,115.6212560872636,346.3759999999893
-16.1723854,235.3250608,398.93999,22800.0,5.032759999999925,2.949379999999735,0.0,0.7364999999914801,-1.251500000094552,0.0,0.0,-0.8422851,-5.808593800000001,-0.2973633,-1.5268068,101.14329045588592,-56.02050118503138,36.076858455299664,115.62119942841711,348.0
-16.0714374,235.3835465,398.93999,22800.0,5.047399999999946,2.924285000000282,0.0,0.7320000000010651,-1.2547499999726597,0.0,0.0,-0.8891601999999998,-5.7241212,-0.3012694999999999,-1.5098878,100.8631173670762,-56.5234771586032,36.0768815044602,115.62124335563828,348.92800000001444
-15.9701997,235.441529,398.93999,22800.0,5.0618850000000215,2.899124999999003,0.0,0.7242500000037566,-1.2580000000639302,0.0,0.0,-0.8769532,-5.784668,-0.3051758999999999,-1.5006594000000002,100.58051313574954,-57.02479624033497,36.0768703718088,115.62122213894128,346.60800000000745
-15.8686745,235.4990069,398.93999,22800.0,5.076259999999966,2.873894999999038,0.0,0.7187499999972147,-1.26149999999825,0.0,0.0,-0.8574217000000001,-5.7998047,-0.3007811999999999,-1.5134767999999998,100.29544813994283,-57.5247330466422,36.07688131062431,115.62124298622382,347.3040000000037
-15.7668644,235.5559783,398.93999,22800.0,5.090505000000078,2.848570000001871,0.0,0.712250000005632,-1.2662499998583598,0.0,0.0,-0.8139647999999999,-5.7207032,-0.2978515,-1.5442382,100.00761524044538,-58.02364280984173,36.076868606680925,115.6212187749509,346.8399999999965
-15.664772000000005,235.6124425,398.93999,22800.0,5.1046199999998265,2.823209999998255,0.0,0.705749999987404,-1.2680000001807912,0.0,0.0,-0.8569335,-5.7158205,-0.3037109,-1.531421,99.7177209108873,-58.520477869476174,36.07687759850565,115.62123591163288,347.76800000001094
-15.5623994,235.6683978,398.93999,22800.0,5.118630000000213,2.7977650000011067,0.0,0.7005000000193107,-1.2722499998574222,0.0,0.0,-0.8500978,-5.7651367,-0.3046875,-1.5165528,99.4251951492627,-59.01620593161616,36.07690437217805,115.62128693727595,347.07200000001467
-15.45975,235.7238424,398.93999,22800.0,5.132469999999945,2.772230000000775,0.0,0.6919999999865922,-1.276750000016591,0.0,0.0,-0.8271483,-5.788086,-0.2998047,-1.5247556999999998,99.12992207927844,-59.51066989281017,36.076857378084185,115.62119737545896,348.6960000000254
-15.3568258,235.77877540000003,398.93999,22800.0,5.146209999999929,2.7466500000002725,0.0,0.686999999999216,-1.2790000000251212,0.0,0.0,-0.8183592000000001,-5.756836,-0.2973633999999999,-1.5211672,98.83249864158428,-60.0033480073451,36.07686481461152,115.62121154800846,348.23199999998906
-15.2536294,235.8331955,398.93999,22800.0,5.159820000000082,2.721004999996524,0.0,0.6805000000076333,-1.282250000187446,0.0,0.0,-0.9042969,-5.7407228,-0.3032226999999999,-1.4950196,98.5326621113522,-60.49447747849961,36.07687105082399,115.62122343301252,346.8399999999965
-15.1501632,235.8871011,398.93999,22800.0,5.1733099999999865,2.6952800000032084,0.0,0.6744999999952483,-1.286249999665756,0.0,0.0,-0.8291016000000001,-5.7753906,-0.3046875999999999,-1.4986085,98.23023814754733,-60.98435148045749,36.07687900144818,115.6212385853734,347.5359999999928
-15.0464299,235.9404908,398.93999,22800.0,5.186664999999913,2.669484999998417,0.0,0.6677499999963032,-1.2897500002395643,0.0,0.0,-0.8256837000000001,-5.7695314,-0.2993164,-1.5334716,97.92533324331842,-61.4727448945052,36.07687546997047,115.6212318550528,346.60800000000745
-14.942449399999996,235.9933982,398.93999,22800.0,5.199025000000201,2.6453700000004687,0.0,0.6180000000144403,-1.2057499998974208,0.0,0.0,-0.8603517,-5.8159179000000005,-0.3007811999999999,-1.5391113,97.63882591982124,-61.92689702177943,36.07690189596155,115.62128221805548,348.92799999998533
-14.8383557,236.04608750000003,398.93999,22800.0,5.204684999999909,2.634465000001285,0.0,0.2829999999853783,-0.5452499999591964,0.0,0.0,-0.8520508,-5.8588868,-0.3032226999999999,-1.5268065,97.50892346138468,-62.131853063261815,36.07707529127877,115.62161268410388,346.3760000000184
-14.7341878,236.0986357,398.93999,22800.0,5.208394999999921,2.627409999998065,0.0,0.1855000000006157,-0.3527500001609951,0.0,0.0,-0.8442384,-5.7695314,-0.3022460999999999,-1.5134766000000002,97.42480011393518,-62.264386574865554,36.07727539646388,115.62199407026554,348.0
-14.6297392,236.1506186,398.93999,22800.0,5.222430000000067,2.599145000000646,0.0,0.701750000007273,-1.4132499998709136,0.0,0.0,-0.8237304,-5.6992187,-0.2963866999999999,-1.5216797999999998,97.08578816510224,-62.79106190561247,36.07709888695075,115.62165765492884,346.60800000000745
-14.5246802,236.20133930000003,398.93999,22800.0,5.252949999999945,2.536035000001391,0.0,1.525999999993921,-3.1554999999627853,0.0,0.0,-0.8979491999999999,-5.705078299999999,-0.300293,-1.5068116,96.32169439146097,-63.95501172221074,36.07651938673587,115.62055325429868,347.76799999998184
-14.418701900000002,236.2501024,398.93999,22800.0,5.298914999999926,2.4381549999972663,0.0,2.298249999999058,-4.894000000206233,0.0,0.0,-0.8476562999999999,-5.6826172,-0.3061525,-1.4960451,95.1184849229635,-65.73034070614052,36.07627322755412,115.62008416959982,346.3759999999893
-14.311652299999997,236.2964721,398.93999,22800.0,5.352480000000259,2.318485000002113,0.0,2.6782500000166465,-5.983499999757669,0.0,0.0,-0.8154296999999999,-5.7128906,-0.3017577999999999,-1.5221924,93.61787017854034,-67.8511240924859,36.07644750108238,115.62041626538088,347.0719999999856
-14.2035503,236.3403338,398.93999,22800.0,5.405099999999852,2.193084999998973,0.0,2.630999999979622,-6.270000000156983,0.0,0.0,-0.8520509,-5.7226562,-0.2983398,-1.5560303,92.01083138195168,-70.01504013695777,36.07648898312622,115.62049531539704,346.8399999999965
-14.094454199999998,236.3816609,398.93999,22800.0,5.454805000000107,2.066354999999476,0.0,2.485250000012762,-6.336499999974876,0.0,0.0,-0.8642578000000001,-5.721191299999999,-0.3012694999999999,-1.5401366,90.3519108250241,-72.14312665545549,36.07648802180726,115.62049348345734,347.3040000000037
-13.9844237,236.4204315,398.93999,22800.0,5.5015249999999405,1.9385300000010373,0.0,2.335999999991678,-6.391249999921911,0.0,0.0,-0.7734376000000001,-5.6982422,-0.3027343,-1.5180908,88.64418261450813,-74.23142725288858,36.07648209901898,115.6204821966902,347.0719999999856
-13.8735183,236.4566241,398.93999,22800.0,5.545269999999913,1.809629999999629,0.0,2.1872499999986417,-6.445000000070422,0.0,0.0,-0.8090820000000001,-5.6704103,-0.296875,-1.5206543,86.88796311788543,-76.27964247264103,36.0764959125373,115.62050852045653,345.9120000000112
-13.7617987,236.490219,398.93999,22800.0,5.585980000000035,1.6797449999984335,0.0,2.035500000006074,-6.494250000059765,0.0,0.0,-0.8261716,-5.6455078,-0.2958984,-1.5139894,85.08439295594495,-78.2862970853398,36.07648739243448,115.62049228409182,348.23199999998906
-13.6493259,236.52119810000005,398.93999,22800.0,5.623640000000041,1.5489550000040708,0.0,1.883000000000301,-6.539499999718146,0.0,0.0,-0.7304689000000001,-5.6416015,-0.2993164,-1.4955323,83.23460580241562,-80.25017877311546,36.07647050924081,115.6204601106591,347.5359999999928
-13.5361607,236.5495445,398.93999,22800.0,5.658259999999959,1.4173199999959252,0.0,1.7309999999959302,-6.581750000407283,0.0,0.0,-0.7802734,-5.6860352,-0.2988281999999999,-1.4975832,81.33955143604548,-82.17040107601295,36.07648558787477,115.62048884522984,348.6959999999963
-13.4223648,236.5752428,398.93999,22800.0,5.689794999999975,1.2849150000022291,0.0,1.5767500000007928,-6.620249999684802,0.0,0.0,-0.8530274,-5.705078,-0.2939452999999999,-1.5252687,79.40022575423573,-84.04585514050754,36.07649506289948,115.62050690133988,346.8399999999965
-13.3080004,236.59827880000003,398.93999,22800.0,5.718219999999974,1.1518000000009463,0.0,1.4212499999999295,-6.655750000064131,0.0,0.0,-0.8081056,-5.6997069,-0.2944334999999999,-1.5360353,77.41745262237654,-85.87569132466601,36.07648306944488,115.62048404598224,347.5360000000219
-13.1931295,236.6186399,398.93999,22800.0,5.743544999999983,1.0180549999972754,0.0,1.2662500000004684,-6.687250000183553,0.0,0.0,-0.7822266,-5.7153318,-0.2988281,-1.5196289,75.39253989991174,-87.65879805332301,36.07649127905413,115.620499690639,348.0
-13.0778148,236.6363154,398.93999,22800.0,5.765735000000127,0.8837750000012079,0.0,1.109500000007202,-6.713999999803377,0.0,0.0,-0.810547,-5.7221678,-0.2968749999999999,-1.5134765,73.32685281448128,-89.39392247486643,36.07649302733335,115.62050302225391,348.0
-12.962119199999998,236.6512953,398.93999,22800.0,5.784780000000023,0.7489949999992973,0.0,0.9522499999947698,-6.73900000009553,0.0,0.0,-0.7246094,-5.7021484,-0.2915039999999999,-1.5268068,71.22090055912568,-91.08061850694736,36.07648173744168,115.6204815076505,347.76800000001094
-12.8461054,236.6635714,398.93999,22800.0,5.800689999999964,0.6138050000004114,0.0,0.7954999999970624,-6.759499999944296,0.0,0.0,-0.7841799,-5.680176,-0.2929688,-1.5057862,69.07621644358214,-92.71772861446932,36.07649338694397,115.62050370754744,347.0719999999856
-12.7298369,236.673138,398.93999,22800.0,5.813424999999928,0.4783300000013923,0.0,0.6367499999981874,-6.773749999950951,0.0,0.0,-0.7924806,-5.6972656,-0.2963866999999999,-1.4965578000000002,66.8946410612344,-94.30379039323718,36.07648659642636,115.6204907671776,346.8399999999965
-12.6133769,236.6799885,398.93999,22800.0,5.823,0.3425249999978064,0.0,0.478750000003636,-6.790250000179299,0.0,0.0,-0.8007812,-5.6923829,-0.2939451999999999,-1.5098879,64.6755080997195,-95.83930917055996,36.07647898293127,115.62047625852033,347.3040000000037
-12.4967888,236.68412,398.93999,22800.0,5.829404999999976,0.2065749999999866,0.0,0.3202499999988006,-6.797499999890988,0.0,0.0,-0.7255860999999999,-5.6704101,-0.2890625,-1.5437256,62.421859833212615,-97.32217107144189,36.07647679724988,115.62047209338076,346.14400000000023
-12.380135999999998,236.6855298,398.93999,22800.0,5.832640000000122,0.0704900000002339,0.0,0.161750000007288,-6.804249999987633,0.0,0.0,-0.8134766000000001,-5.6533203,-0.2919922,-1.5329590000000002,60.133871693827736,-98.7522776754798,36.07647975616832,115.62047773203848,348.6959999999963
-12.2634818,236.6842176,398.93999,22800.0,5.832709999999874,-0.0656099999986281,0.0,0.0034999999876106,-6.804999999943107,0.0,0.0,-0.7436523,-5.5654297,-0.2934569999999999,-1.5196289,57.81363066803351,-100.12835702850792,36.07649995578021,115.62051622548717,347.5359999999928
-12.1468903,236.68018380000004,398.93999,22800.0,5.829575000000098,-0.2016899999986776,0.0,-0.1567499999888255,-6.804000000002475,0.0,0.0,-0.6440429,-5.2954102,-0.2905273999999999,-1.527832,55.46139953249505,-101.45011585905712,36.07647516067959,115.62046897465498,347.07200000001467
-12.0304244,236.673431,398.93999,22800.0,5.823294999999984,-0.3376400000021817,0.0,-0.3140000000056986,-6.797500000175205,0.0,0.0,-0.7280274,-5.0786131,-0.2885741999999999,-1.5216799,53.07956820841282,-102.7164084836026,36.07649396646495,115.62050481191412,346.14400000000023
-11.9141478,236.663962,398.93999,22800.0,5.813829999999953,-0.4734499999997865,0.0,-0.4732500000015349,-6.79049999988024,0.0,0.0,-0.7465821,-4.9702149,-0.2924805,-1.5032228,50.66796016285548,-103.92718343452547,36.076495125476285,115.62050702058964,347.5360000000219
-11.7981241,236.65178290000003,398.93999,22800.0,5.801185000000064,-0.6089549999984456,0.0,-0.6322499999944498,-6.775249999932953,0.0,0.0,-0.7070312999999999,-4.9165039,-0.2924806,-1.5027102,48.229425449201976,-105.08098043889638,36.07646854165879,115.6204563611468,346.60799999997835
-11.6824188,236.63688639999995,398.93999,22800.0,5.785265000000006,-0.744825000003857,0.0,-0.7960000000029055,-6.793500000270569,0.0,0.0,-0.7207030999999999,-4.8447265,-0.2875976999999999,-1.5324463,45.75155205066879,-106.18312082953054,36.07639986047345,115.62032548018422,347.5359999999928
-11.5671963,236.61882910000003,398.93999,22800.0,5.7611249999999,-0.9028649999962112,0.0,-1.2070000000052872,-7.901999999617715,0.0,0.0,-0.7431642,-4.7641603,-0.2871093999999999,-1.5339845,42.811206879783775,-107.39734531120234,36.07396997083961,115.61569622848482,347.76800000001094
-11.4527199,236.5967654,398.93999,22800.0,5.723820000000046,-1.1031850000009058,0.0,-1.865249999992713,-10.016000000234726,0.0,0.0,-0.6757812999999999,-4.7138673,-0.2910157,-1.5232178,39.01373647806576,-108.82722357283002,36.0704423396589,115.60897986121444,346.8399999999965
-11.3390501,236.5708074,398.93999,22800.0,5.683490000000013,-1.2979000000001406,0.0,-2.016500000001642,-9.73574999996174,0.0,0.0,-0.6757813,-4.6665039,-0.2900392,-1.5165528,35.28466977376265,-110.0947979355608,36.07143352390243,115.61086650274464,347.76799999998184
-11.2260432,236.5419185,398.93999,22800.0,5.650345000000012,-1.4444449999999165,0.0,-1.6572500000000543,-7.327249999988794,0.0,0.0,-0.7148439,-4.6015625,-0.2861328999999999,-1.5237305,32.4550455176057,-110.96879516677066,36.07491050166467,115.61748777894528,347.3040000000037
-11.1134469,236.5113809,398.93999,22800.0,5.629814999999994,-1.5268800000001193,0.0,-1.0265000000009294,-4.121750000010138,0.0,0.0,-0.6782227000000001,-4.567871200000001,-0.2875978,-1.5062989,30.8448605135033,-111.43059858002816,36.07668137683167,115.62086195838904,345.9119999999821
-11.0010794,236.480002,398.93999,22800.0,5.618374999999976,-1.568944999999644,0.0,-0.5720000000009051,-2.103249999976242,0.0,0.0,-0.6430662,-4.5629883,-0.2924805,-1.4986086,30.012351638721803,-111.65810672724348,36.076886346014525,115.62125258272712,345.9119999999821
-10.8889213,236.4478849,398.93999,22800.0,5.607905000000013,-1.605855000002521,0.0,-0.5234999999981227,-1.845500000143829,0.0,0.0,-0.7309569,-4.5844725,-0.2910155,-1.5124514,29.27707143735275,-111.85305659450046,36.07683899588204,115.62116234271464,346.60800000000745
-10.7769763,236.415031,398.93999,22800.0,5.59725000000002,-1.6426949999981844,0.0,-0.5327499999996377,-1.841999999783184,0.0,0.0,-0.6425781,-4.598144400000001,-0.2836915,-1.5355225,28.541287310898404,-112.04313804940426,36.07687685330607,115.62123449142511,348.6959999999963
-10.6652503,236.3814415,398.93999,22800.0,5.586299999999955,-1.6794749999988312,0.0,-0.5475000000032537,-1.8390000000323423,0.0,0.0,-0.6372069,-4.637207,-0.2880859,-1.5288574,27.80339109940777,-112.22845232986664,36.07684100973064,115.6211661806945,346.8400000000256
-10.5537475,236.3471179,398.93999,22800.0,5.575140000000012,-1.7161800000010885,0.0,-0.5579999999971719,-1.8352500001128649,0.0,0.0,-0.6845703000000001,-4.6879883,-0.2915039,-1.5114257,27.064749981065784,-112.40888669179088,36.07685106154377,115.62118533740036,347.3040000000037
-10.4424723,236.3120616,398.93999,22800.0,5.563759999999984,-1.7528150000018172,0.0,-0.569000000001374,-1.831750000036436,0.0,0.0,-0.6840821,-4.6943359,-0.2875976999999999,-1.5186036,26.325158578468475,-112.58447300540762,36.07689425898696,115.6212676633796,346.8399999999965
-10.3314308,236.2762743,398.93999,22800.0,5.552074999999945,-1.7893649999976446,0.0,-0.5842500000019513,-1.827499999791371,0.0,0.0,-0.6206054,-4.6499024,-0.2861328999999999,-1.5124513,25.58370284299413,-112.75516416732437,36.07683835163091,115.62116111490532,346.8399999999965
-10.2206267,236.2397574,398.93999,22800.0,5.540205000000054,-1.82584500000047,0.0,-0.5934999999945845,-1.824000000141268,0.0,0.0,-0.6650391,-4.6157227,-0.2929686999999999,-1.4950196,24.84177367663025,-112.92099840677146,36.076867176188905,115.62121604871228,346.60800000000745
-10.1100653,236.2025128,398.93999,22800.0,5.528070000000085,-1.86223000000183,0.0,-0.6067499999984349,-1.819250000067996,0.0,0.0,-0.6796873999999999,-4.6132812,-0.2963866999999999,-1.5001467,24.098675769824016,-113.08188293537634,36.07685088737539,115.6211850054706,347.76799999998184
-9.999751,236.16454170000003,398.93999,22800.0,5.515714999999943,-1.8985549999968043,0.0,-0.6177500000070779,-1.8162499997487205,0.0,0.0,-0.6137696,-4.6376955,-0.2915038,-1.5324464,23.35447628748829,-113.23796390835898,36.07687269507529,115.62122656663723,346.60799999997835
-9.889689,236.1258458,398.93999,22800.0,5.503099999999961,-1.9347950000025087,0.0,-0.6307499999991251,-1.812000000285252,0.0,0.0,-0.6630860000000001,-4.637207,-0.2880859999999999,-1.5406495,22.609013927554283,-113.38913416863288,36.076861861279575,115.62120591953958,346.8399999999965
-9.7798839,236.086427,398.93999,22800.0,5.490255000000044,-1.9709399999982224,0.0,-0.6422499999958475,-1.807249999785654,0.0,0.0,-0.7187501000000001,-4.6274414,-0.2939454,-1.5221924000000002,21.86286264609106,-113.5353528323475,36.07685697716156,115.6211966113804,346.8399999999965
-9.6703403,236.0462871,398.93999,22800.0,5.477179999999926,-2.006995000002121,0.0,-0.6537500000058927,-1.80275000019492,0.0,0.0,-0.6782226,-4.6733397,-0.2944335999999999,-1.5124512,21.11594509395755,-113.67664422575643,36.07686032135483,115.62120298474773,347.07200000001467
-9.5610631,236.0054271,398.93999,22800.0,5.463860000000054,-2.04299999999904,0.0,-0.6659999999936161,-1.8002499998459598,0.0,0.0,-0.6484374,-4.7280273,-0.2871095,-1.5196291,20.367428769051333,-113.81316010817284,36.0768716415261,115.62122455877626,347.07200000001467
-9.452057,235.96384970000005,398.93999,22800.0,5.450305000000011,-2.0788699999982896,0.0,-0.6777500000021419,-1.793499999962478,0.0,0.0,-0.6972655999999999,-4.7485352,-0.2880859,-1.5032226999999998,19.6187715536029,-113.94457474128237,36.07685971006649,115.62120181975338,346.8399999999965
-9.3433268,235.92155599999995,398.93999,22800.0,5.4365100000000055,-2.1146850000036466,0.0,-0.6897500000002665,-1.790750000267849,0.0,0.0,-0.6948242,-4.703125099999999,-0.2963867999999999,-1.4955324,18.868666008579336,-114.07118940914891,36.07686084443142,115.62120398162806,345.679999999993
-9.2348772,235.87854810000005,398.93999,22800.0,5.422480000000007,-2.150394999995342,0.0,-0.7014999999999105,-1.785499999584772,0.0,0.0,-0.6342774,-4.655761700000001,-0.2963866999999999,-1.5093751999999998,18.117953950635904,-114.19281890808648,36.0768547981026,115.62119245852982,346.60800000000745
-9.1267126,235.8348283,398.93999,22800.0,5.408230000000014,-2.1859900000038124,0.0,-0.7124999999996717,-1.779750000423519,0.0,0.0,-0.6762696,-4.6313476,-0.2905274,-1.5437256,17.367005734243307,-114.309440521038,36.07685691943202,115.6211965013594,346.3759999999893
-9.0188379,235.7903979,398.93999,22800.0,5.393735,-2.221519999997668,0.0,-0.7247500000007179,-1.77649999969276,0.0,0.0,-0.6816405999999999,-4.5966795000000005,-0.2924805,-1.5355224,16.614694509558046,-114.42121494195422,36.07686014617665,115.62120265089284,347.0719999999856
-8.9112579,235.7452588,398.93999,22800.0,5.378999999999934,-2.256955000000005,0.0,-0.7367500000032834,-1.7717500001168671,0.0,0.0,-0.6162111,-4.6235351,-0.2958984999999999,-1.5186034,15.861549157294636,-114.52803734286675,36.07685464776499,115.62119217201646,347.3040000000037
-8.8039767,235.699413,398.93999,22800.0,5.364060000000048,-2.2922900000011737,0.0,-0.74699999999428,-1.7667500000584369,0.0,0.0,-0.6293946,-4.6381836,-0.2915039999999999,-1.5303955,15.10816960799251,-114.62991613474615,36.07688728352184,115.62125436944028,347.5359999999928
-8.6969998,235.6528629,398.93999,22800.0,5.348844999999969,-2.327504999999519,0.0,-0.7607500000039735,-1.760749999917266,0.0,0.0,-0.6718748999999999,-4.6430664,-0.2890624999999999,-1.5155275,14.353800358937354,-114.72673937066504,36.07684609795925,115.62117587781546,346.8399999999965
-8.5903312,235.6056104,398.93999,22800.0,5.333430000000039,-2.362625000000662,0.0,-0.7707499999964895,-1.7560000000571565,0.0,0.0,-0.6171873,-4.6420899,-0.2939452999999999,-1.5027101,13.59919771352231,-114.81864421262269,36.07685273717018,115.62118853080648,347.0719999999856
-8.483975699999998,235.5576571,398.93999,22800.0,5.317775000000058,-2.3976649999994493,0.0,-0.782749999999055,-1.7519999999393576,0.0,0.0,-0.5996094000000001,-4.625000099999999,-0.296875,-1.5052737,12.843538232763084,-114.90563968130128,36.076860151773765,115.6212026615598,347.07200000001467
-8.3779376,235.50900540000004,398.93999,22800.0,5.301904999999962,-2.432584999998255,0.0,-0.7935000000047765,-1.7459999999402953,0.0,0.0,-0.6362306,-4.592285200000001,-0.2924804,-1.5273194,12.087794943326912,-114.98763315575,36.07687844174698,115.62123751868968,346.60800000000745
-8.2722221,235.4596576,398.93999,22800.0,5.285774999999937,-2.467390000002468,0.0,-0.8065000000012645,-1.740250000210608,0.0,0.0,-0.6806641000000001,-4.6083983,-0.2895507999999999,-1.5334717000000002,11.331197589461537,-115.0645938739564,36.07684721168807,115.62117800035574,347.5359999999928
-8.1668334,235.4096153,398.93999,22800.0,5.269435000000033,-2.5021150000000603,0.0,-0.8169999999951827,-1.7362499998796466,0.0,0.0,-0.6142578000000001,-4.6611328,-0.2954101999999999,-1.5170654,10.574009572317904,-115.13666926640926,36.07685966004141,115.6212017244155,346.60800000000745
-8.061776,235.3588809,398.93999,22800.0,5.252869999999987,-2.536720000000514,0.0,-0.8282500000023063,-1.7302500000226928,0.0,0.0,-0.6269530999999999,-4.6440428,-0.296875,-1.5165526,9.816582013516408,-115.20373654210626,36.07686852655,115.621218622237,346.8399999999965
-7.9570544,235.3074568,398.93999,22800.0,5.236080000000021,-2.571204999998145,0.0,-0.8394999999983277,-1.724249999881522,0.0,0.0,-0.6894530999999999,-4.6220704,-0.2910157,-1.5242432,9.058912729579005,-115.26579924558636,36.07687347290507,115.62122804903063,346.3760000000184
-7.852673699999999,235.2553452,398.93999,22800.0,5.219035000000005,-2.605579999999464,0.0,-0.852250000000776,-1.7187500000659384,0.0,0.0,-0.6186523,-4.6782227,-0.2885744,-1.5001465,8.300382419361403,-115.32283862069988,36.076839618444325,115.62116352918972,348.0
-7.748637700000001,235.2025479,398.93999,22800.0,5.201799999999945,-2.639865000001862,0.0,-0.8617500000029921,-1.7142500001199323,0.0,0.0,-0.6059569,-4.6997071,-0.2949218999999999,-1.4914308,7.541737837773808,-115.37499507161937,36.076871026415965,115.62122338649552,346.8399999999965
-7.6449511,235.1490677,398.93999,22800.0,5.184330000000026,-2.6740099999983613,0.0,-0.8734999999959747,-1.7072499998249668,0.0,0.0,-0.6518555,-4.6733399,-0.2944337,-1.5057863,6.782973874691647,-115.42208784508512,36.07687057194549,115.621222520363,345.9120000000112
-7.5416188,235.0949069,398.93999,22800.0,5.166614999999997,-2.708040000001688,0.0,-0.8857500000014618,-1.7015000001663338,0.0,0.0,-0.6591796999999999,-4.6357421,-0.2885742,-1.5293702,6.02357238093049,-115.46415490217235,36.07684196847149,115.62116800785728,347.07200000001467
-7.438644699999999,235.0400675,398.93999,22800.0,5.148705000000042,-2.741969999999583,0.0,-0.8954999999977176,-1.6964999998947403,0.0,0.0,-0.6005860000000001,-4.600586,-0.2919922,-1.5339843,5.264129862679931,-115.50131359589945,36.07686469153564,115.62121131345005,347.0719999999856
-7.3360336,234.9845519,398.93999,22800.0,5.130554999999948,-2.7757800000003385,0.0,-0.907500000004724,-1.6905000000377868,0.0,0.0,-0.6230469000000001,-4.5917969,-0.2958983999999999,-1.5160399999999998,4.504201335044556,-115.53344057399912,36.07686291015936,115.6212079184974,348.6959999999963
-7.233789799999999,234.9283629,398.93999,22800.0,5.11219000000005,-2.809449999999458,0.0,-0.9182499999949024,-1.683499999955984,0.0,0.0,-0.652832,-4.6147461,-0.2924804,-1.5257813,3.7444633082295815,-115.560545174436,36.07685584404174,115.62119445188038,346.14400000000023
-7.131917700000001,234.8715025,398.93999,22800.0,5.093604999999934,-2.8430200000002515,0.0,-0.9292500000057656,-1.6785000000396622,0.0,0.0,-0.5727539,-4.6357421,-0.2871095999999999,-1.5170656,2.9842882805319806,-115.5826943252763,36.07686627637298,115.62121433383918,348.0
-7.030421700000001,234.8139734,398.93999,22800.0,5.0748000000000015,-2.876455000000533,0.0,-0.9402499999966452,-1.6717500000140717,0.0,0.0,-0.5786133,-4.6152343,-0.2939454,-1.5037355,2.2241532553907604,-115.59982332069085,36.07686810401436,115.62121781696646,347.07200000001467
-6.9293065,234.7557781,398.93999,22800.0,5.055760000000031,-2.909764999999709,0.0,-0.9519999999985096,-1.6654999999587972,0.0,0.0,-0.6108397999999999,-4.5942381,-0.2939452999999999,-1.5083498,1.4636732684713154,-115.61191587282374,36.07684863903184,115.621180720583,347.07200000001467
-6.828576100000001,234.6969191,398.93999,22800.0,5.036519999999944,-2.9429499999992004,0.0,-0.9620000000043484,-1.659249999974577,0.0,0.0,-0.6098633,-4.604003799999999,-0.2919922,-1.5344970999999998,0.7034266002127196,-115.6190527564195,36.076854851974005,115.62119256119789,346.60800000000745
-6.7282348,234.6373989,398.93999,22800.0,5.017065000000054,-2.9760100000018497,0.0,-0.9727499999945266,-1.6530000001324652,0.0,0.0,-0.5361327,-4.604004000000001,-0.2880858999999999,-1.5385987,-0.0568327312152477,-115.6212009009154,36.07686655705557,115.62121486876522,347.76799999998184
-6.6282874000000005,234.57721970000003,398.93999,22800.0,4.997369999999979,-3.008959999996818,0.0,-0.9847500000037536,-1.6474999997484474,0.0,0.0,-0.5561524,-4.6367188,-0.2939452999999999,-1.5201416,-0.81771799800119,-115.61831576332992,36.07686264272476,115.6212074088198,348.23199999998906
-6.528737700000001,234.5163848,398.93999,22800.0,4.977484999999993,-3.0417450000030044,0.0,-0.9942499999993082,-1.6392500003092891,0.0,0.0,-0.6464844,-4.7426756,-0.2954100999999999,-1.5155271999999995,-1.5776748451133134,-115.61044871200616,36.07686560761549,115.62121305931844,347.0719999999856
-6.4295904,234.45489620000004,398.93999,22800.0,4.957365000000058,-3.074429999996653,0.0,-1.0059999999967315,-1.6342499996824245,0.0,0.0,-0.5810546999999999,-4.686523500000001,-0.2910157,-1.5252687000000005,-2.3383034063101875,-115.59757046608168,36.07686799283356,115.6212176050775,346.60800000000745
-6.3308496,234.392757,398.93999,22800.0,4.9370399999999925,-3.1069600000023456,0.0,-1.0162500000032717,-1.6265000002846364,0.0,0.0,-0.5937498999999999,-4.5976563,-0.2885742999999999,-1.5129639999999998,-3.0983883581548537,-115.57968937969204,36.076864922835775,115.62121175426265,347.76800000001094
-6.232519699999999,234.3299699,398.93999,22800.0,4.916495000000021,-3.139354999999,0.0,-1.0272499999985918,-1.6197499998327205,0.0,0.0,-0.6440431,-4.5986329,-0.2934570999999999,-1.4991213,-3.858442580434173,-115.55678986606684,36.076852796213615,115.62118864333144,345.9120000000112
-6.1346049,234.2665374,398.93999,22800.0,4.8957399999999485,-3.1716250000002333,0.0,-1.0377500000036122,-1.6135000000616628,0.0,0.0,-0.6518555,-4.623535,-0.2929688,-1.5145021,-4.618421820727565,-115.5289123233103,36.07685311258303,115.62118924626787,348.0
-6.0371094,234.2024623,398.93999,22800.0,4.874774999999998,-3.203755000001252,0.0,-1.0482499999975303,-1.6065000000509144,0.0,0.0,-0.5649414,-4.628417999999999,-0.2880859,-1.5334717,-5.378135669418343,-115.4960396845718,36.07685339254024,115.62118977981004,346.3760000000184
-5.9400371,234.1377471,398.93999,22800.0,4.853615000000033,-3.235759999999744,0.0,-1.057999999998227,-1.6002499999245856,0.0,0.0,-0.5620117,-4.6254881,-0.2875976999999999,-1.5288574,-6.137511258305954,-115.45823803172289,36.07688572209803,115.62125139365952,348.0
-5.8433929,234.07239510000005,398.93999,22800.0,4.8322100000000034,-3.267599999996662,0.0,-1.0702500000014936,-1.5919999998459389,0.0,0.0,-0.6025391,-4.5791015,-0.2929685999999999,-1.5093751,-6.896916009376445,-115.41529902416296,36.07685151639123,115.62118620424782,347.3040000000037
-5.7471806,234.0064089,398.93999,22800.0,4.810614999999974,-3.29931000000272,0.0,-1.0797500000014892,-1.5855000003028863,0.0,0.0,-0.6044921999999999,-4.567871200000001,-0.2890625,-1.5150148,-7.6558349257792,-115.36744291881276,36.07685150449872,115.6211861815831,349.1600000000035
-5.6514042,233.9397914,398.93999,22800.0,4.788820000000005,-3.330874999998912,0.0,-1.089749999998446,-1.5782499998096,0.0,0.0,-0.5024413,-4.6372069,-0.2817383999999999,-1.5057862,-8.41425478298212,-115.31462456114257,36.07685973499503,115.62120186726222,347.0719999999856
-5.556068,233.8725453,398.93999,22800.0,4.76681000000001,-3.3623050000002763,0.0,-1.1004999999997267,-1.5715000000682269,0.0,0.0,-0.5336914,-4.6083985,-0.2861327999999999,-1.4873291,-9.172555164286385,-115.25679724659965,36.0768659944462,115.62121379654192,346.14400000000023
-5.461174300000001,233.80467630000004,398.93999,22800.0,4.74468499999996,-3.3934499999986656,0.0,-1.1062500000025288,-1.5572499999194631,0.0,0.0,-0.5917969000000001,-4.672363299999999,-0.290039,-1.4914308,-9.927219731032032,-115.19424209528552,36.07686151003769,115.62120525014193,347.0719999999856
-5.3666845,233.7362454,398.93999,22800.0,4.724490000000037,-3.421545000001913,0.0,-1.0097499999961457,-1.4047500001623805,0.0,0.0,-0.6181641,-4.6967775000000005,-0.2851564,-1.5247559,-10.610162189512153,-115.13340705966586,36.0768929582717,115.62126518445676,346.8399999999965
-5.2725081000000005,233.6673826,398.93999,22800.0,4.708819999999969,-3.4431400000016765,0.0,-0.7835000000033787,-1.0797499999881666,0.0,0.0,-0.5566405,-4.6538088,-0.2851563,-1.5365479,-11.136395410199572,-115.08380581181224,36.0769490044371,115.6213719987063,347.5359999999928
-5.1785824,233.5981781,398.93999,22800.0,4.696285000000033,-3.460224999999184,0.0,-0.6267499999967896,-0.8542499998753783,0.0,0.0,-0.5703127,-4.6401366,-0.2895507999999999,-1.5186035,-11.554340075661353,-115.04260891929428,36.07695576323291,115.62138487988165,348.4640000000072
-5.0848823,233.5286687,398.93999,22800.0,4.685004999999975,-3.4754700000007688,0.0,-0.5640000000028955,-0.7622500000792343,0.0,0.0,-0.6293946,-4.5947268,-0.2924805,-1.5109131,-11.928338257649877,-115.00441012700416,36.07694432877697,115.62136308766252,347.5359999999928
-4.9914169,233.4588441,398.93999,22800.0,4.673270000000018,-3.4912299999973584,0.0,-0.5867499999978598,-0.7879999998294807,0.0,0.0,-0.5576171999999999,-4.6220702000000005,-0.2856445999999999,-1.5186037,-12.315666187099836,-114.96357056579372,36.07694112626435,115.62135698420212,347.5360000000219
-4.898224,233.3886573,398.93999,22800.0,4.659645000000001,-3.5093400000022257,0.0,-0.6812500000008548,-0.9055000002433644,0.0,0.0,-0.5273438,-4.6357421,-0.284668,-1.507837,-12.762452074648303,-114.91473263323816,36.07689068072239,115.62126084387032,349.1600000000035
-4.8053647,233.3180302,398.93999,22800.0,4.642964999999988,-3.5313549999983707,0.0,-0.8340000000006675,-1.100749999807249,0.0,0.0,-0.5366211000000001,-4.5908203,-0.2919922,-1.5001467,-13.30652325910688,-114.85296106550298,36.07686859704639,115.62121875658936,347.5359999999928
-4.7129189,233.2468629,398.93999,22800.0,4.622290000000007,-3.558365000000663,0.0,-1.0337499999990565,-1.3505000001146072,0.0,0.0,-0.6118163999999999,-4.5952148,-0.291504,-1.5042482,-13.976054087985498,-114.77339541561676,36.07685987538376,115.62120213481526,346.8399999999965
-4.6209805,233.1750413,398.93999,22800.0,4.596920000000004,-3.5910800000010568,0.0,-1.2685000000001168,-1.6357500000196978,0.0,0.0,-0.5737305,-4.59375,-0.2866211999999999,-1.5365479,-14.79024914402459,-114.67131756949672,36.07686023791175,115.62120282572177,346.8399999999965
-4.5296451,233.102455,398.93999,22800.0,4.566770000000009,-3.629314999997746,0.0,-1.507499999999773,-1.911749999834456,0.0,0.0,-0.5878907,-4.6083984,-0.2905272999999999,-1.5283448,-15.747051616108896,-114.54379268028175,36.076831949594975,115.6211489139585,346.8399999999965
-4.4389596,233.0290586,398.93999,22800.0,4.53427500000001,-3.6698200000003567,0.0,-1.6247499999999526,-2.0252500001305407,0.0,0.0,-0.546875,-4.7138672,-0.2934568999999999,-1.5098878,-16.76615255607088,-114.39904336892744,36.07682042034893,115.62112694165882,348.23199999998906
-4.3489332,232.9548546,398.93999,22800.0,4.501319999999964,-3.710200000000441,0.0,-1.6477500000022791,-2.019000000004212,0.0,0.0,-0.6430665,-4.6186523,-0.2910156,-1.5160401,-17.78748958335907,-114.2447550737068,36.07685185279142,115.62118684535876,348.92800000001444
-4.2595731,232.87985,398.93999,22800.0,4.468005000000019,-3.750230000001409,0.0,-1.6657499999972458,-2.001500000048395,0.0,0.0,-0.5668946,-4.59375,-0.2871094999999999,-1.5011719,-18.8068510215926,-114.08133569325564,36.07682905129589,115.6211433904096,348.23199999998906
-4.1708865,232.8040501,398.93999,22800.0,4.434329999999997,-3.789994999999635,0.0,-1.683750000001094,-1.988249999911318,0.0,0.0,-0.536621,-4.618164200000001,-0.2880859999999999,-1.4965577,-19.82513565593305,-113.90880461535436,36.07683579913688,115.62115625038146,348.0
-4.0828803,232.7274612,398.93999,22800.0,4.400309999999985,-3.829444999998088,0.0,-1.701000000000619,-1.972499999922661,0.0,0.0,-0.5297852,-4.671386699999999,-0.2924805,-1.4955324,-20.84155010510525,-113.72723269934372,36.07684010038347,115.62116444766627,347.76800000001094
-3.995562000000001,232.6500893,398.93999,22800.0,4.365914999999987,-3.8685950000015614,0.0,-1.7197499999999089,-1.9575000001736955,0.0,0.0,-0.5922851,-4.6259766,-0.2885742999999999,-1.5227051,-21.856791543336666,-113.53645399617862,36.07682207076628,115.6211300870012,348.0
-3.9089381,232.5719404,398.93999,22800.0,4.33119500000001,-3.907445000000109,0.0,-1.7359999999988496,-1.9424999999273496,0.0,0.0,-0.5693359,-4.5498045,-0.2851564,-1.5319337,-22.869951920145663,-113.3367501536676,36.07684002774987,115.6211643092416,349.6240000000107
-3.8230156,232.4930211,398.93999,22800.0,4.296125000000006,-3.9459649999983526,0.0,-1.7535000000001857,-1.9259999999121649,0.0,0.0,-0.5263671999999999,-4.6328125,-0.2895507999999999,-1.5155274,-23.88118957256377,-113.12797925284482,36.076833830806905,115.62115249915485,347.5360000000219
-3.7378014,232.4133377,398.93999,22800.0,4.260710000000012,-3.984170000002507,0.0,-1.77074999999971,-1.910250000207725,0.0,0.0,-0.5131835,-4.6308594,-0.2919921,-1.5098877,-24.890564227633213,-112.91017074765163,36.076824619535,115.62113494441137,348.0
-3.6533021,232.33289600000003,398.93999,22800.0,4.224965000000003,-4.022084999996878,0.0,-1.787250000000462,-1.8957499997185323,0.0,0.0,-0.6064454,-4.6523437,-0.2866212,-1.5170656,-25.89803462486431,-112.68341702879265,36.07685598980002,115.62119472966651,346.8399999999965
-3.5695248,232.2517031,398.93999,22800.0,4.188864999999997,-4.0596450000023765,0.0,-1.8050000000002784,-1.8780000002749373,0.0,0.0,-0.5751953999999999,-4.6401367,-0.2846679,-1.4945068,-26.90344812844851,-112.44756147916245,36.076830877722095,115.62114687119367,348.92799999998533
-3.4864762,232.1697651,398.93999,22800.0,4.152430000000007,-4.096899999998982,0.0,-1.821749999999512,-1.862749999830271,0.0,0.0,-0.5024413000000001,-4.6508789,-0.2890624999999999,-1.4888673,-27.906905307066413,-112.20272603014745,36.07682517905592,115.6211360107394,348.6959999999963
-3.4041627,232.0870886,398.93999,22800.0,4.115675000000008,-4.133824999999547,0.0,-1.837749999999972,-1.846250000028249,0.0,0.0,-0.5058593,-4.5966797,-0.2890624999999999,-1.5006593,-28.90790126808164,-111.94901435739736,36.076828534871474,115.62114240621356,346.3760000000184
-3.3225907999999995,232.0036803,398.93999,22800.0,4.078595000000007,-4.170415000001526,0.0,-1.8540000000000223,-1.8295000000989603,0.0,0.0,-0.5458985000000001,-4.5898438,-0.2851563,-1.5298829,-29.90648466984249,-111.68639688378325,36.07682967594844,115.6211445808658,349.1600000000035
-3.2417671999999995,231.9195467,398.93999,22800.0,4.04118,-4.2066799999986415,0.0,-1.8707500000003647,-1.8132499998557703,0.0,0.0,-0.565918,-4.6542969,-0.2880858999999999,-1.5262939999999998,-30.90292551888526,-111.41480115448292,36.07682887660315,115.62114305748209,347.5359999999928
-3.1616981,231.8346944,398.93999,22800.0,4.003454999999989,-4.242615000001138,0.0,-1.886250000000533,-1.796750000124803,0.0,0.0,-0.4897462,-4.6142579,-0.2919922,-1.5088625,-31.896719462563656,-111.1344063616003,36.07684763743905,115.62117881175054,348.4640000000072
-3.0823902,231.7491304,398.93999,22800.0,3.965394999999994,-4.278199999998833,0.0,-1.902999999999766,-1.7792499998847688,0.0,0.0,-0.5195312000000001,-4.6342772,-0.2890625,-1.5180909,-32.88815847557018,-110.84503271538628,36.07683687223507,115.62115829548358,348.0
-3.0038495000000003,231.6628618,398.93999,22800.0,3.9270349999999774,-4.313430000001972,0.0,-1.9180000000007524,-1.761500000156957,0.0,0.0,-0.4858399,-4.6059571,-0.284668,-1.5083497,-33.876565475335575,-110.54694224714729,36.07682753028752,115.62114049168868,348.6959999999963
-2.9260828,231.5758947,398.93999,22800.0,3.8883350000000094,-4.348354999997639,0.0,-1.9349999999984653,-1.7462499997833447,0.0,0.0,-0.5820312999999999,-4.717773599999999,-0.2871093999999999,-1.4929688,-34.863071878667554,-110.23981919699354,36.07683521989402,115.62115514646516,350.0879999999888
-2.8490956,231.4882368,398.93999,22800.0,3.849360000000024,-4.382895000000531,0.0,-1.9487499999992768,-1.727000000144585,0.0,0.0,-0.5346679,-4.6523437,-0.2890624,-1.4970705,-35.8458518449466,-109.92418507553806,36.07683531430762,115.6211553263978,347.76800000001094
-2.7728946,231.399895,398.93999,22800.0,3.810049999999987,-4.417089999999746,0.0,-1.9655000000018408,-1.7097499999607635,0.0,0.0,-0.5229493,-4.6000976,-0.2871094999999999,-1.5216798,-36.8263246292301,-109.59955793083114,36.076811999775096,115.62111089386336,347.76800000001094
-2.6974857,231.3108755,398.93999,22800.0,3.770444999999989,-4.450975000001733,0.0,-1.9802499999999057,-1.6942500000993732,0.0,0.0,-0.4921875,-4.5839844,-0.2822268,-1.5283448,-37.80400945782287,-109.2662521420881,36.07684763391456,115.62117880503354,348.6959999999963
-2.6228748000000004,231.2211865,398.93999,22800.0,3.730544999999985,-4.484449999998219,0.0,-1.995000000000191,-1.673749999824281,0.0,0.0,-0.5117185,-4.6381836,-0.2871093999999999,-1.5124513,-38.7781686588796,-108.92428717078091,36.07682428907213,115.6211343146194,348.23199999998906
-2.5490679,231.1308342,398.93999,22800.0,3.690345000000028,-4.51761500000174,0.0,-2.009999999997847,-1.6582500001760536,0.0,0.0,-0.5380858000000001,-4.6049806,-0.2895508999999999,-1.5104005,-39.74962018258806,-108.5736065779422,36.07685526206591,115.62119334275091,349.3919999999925
-2.476071,231.0398269,398.93999,22800.0,3.649844999999985,-4.550365000000056,0.0,-2.025000000002164,-1.6374999999158035,0.0,0.0,-0.5083008,-4.625,-0.2875975999999999,-1.5170656,-40.71762225838384,-108.21422266573894,36.07681532449433,115.62111723005692,347.76800000001094
-2.4038897,230.9481711,398.93999,22800.0,3.6090650000000224,-4.582789999997772,0.0,-2.0389999999981256,-1.6212499998857766,0.0,0.0,-0.4663084,-4.6186522,-0.2836914,-1.5011719,-41.6824352374827,-107.84630079985098,36.07683178475495,115.62114859980797,348.23199999998906
-2.3325301,230.855874,398.93999,22800.0,3.5679799999999817,-4.614855000001228,0.0,-2.0542500000020336,-1.6032500001728067,0.0,0.0,-0.4267578999999999,-4.7250976,-0.2885742999999999,-1.4929689,-42.644269227980985,-107.46962098974709,36.07683888739109,115.62116213595334,348.4640000000072
-2.2619975,230.7629434,398.93999,22800.0,3.5266299999999973,-4.646530000000837,0.0,-2.0674999999992227,-1.583749999980455,0.0,0.0,-0.4785157,-4.6816406,-0.2895508999999999,-1.5062988,-43.602199945212845,-107.08454996287792,36.076837859812215,115.62116017760076,348.4640000000072
-2.1922978,230.6693865,398.93999,22800.0,3.484985000000007,-4.677845000000502,0.0,-2.082249999999508,-1.565749999983268,0.0,0.0,-0.5502929,-4.6474609,-0.2827149,-1.5309083,-44.55697041244142,-106.69080899346342,36.076837077421445,115.6211586865262,348.4640000000072
-2.1234367,230.5752107,398.93999,22800.0,3.443054999999995,-4.708789999997975,0.0,-2.096500000000612,-1.5472499998736566,0.0,0.0,-0.4877927999999999,-4.584961,-0.2851564999999999,-1.522705,-45.508331567618654,-106.28848824433766,36.07683398987721,115.62115280230958,349.85599999999977
-2.0554192,230.4804239,398.93999,22800.0,3.400874999999992,-4.739340000000425,0.0,-2.1090000000001385,-1.5275000001224726,0.0,0.0,-0.4404297,-4.6787111,-0.2900391999999999,-1.5083498,-46.45549912879978,-105.87792706051476,36.07682913986414,115.62114355920204,347.07200000001467
-1.9882512,230.3850331,398.93999,22800.0,3.358400000000006,-4.769539999999495,0.0,-2.1237499999993137,-1.509999999953493,0.0,0.0,-0.4360354,-4.6220704,-0.2900390999999999,-1.5139893999999998,-47.39955511391759,-105.4586885125075,36.07683814790162,115.62116072663946,348.92799999998533
-1.9219377,230.2890464,398.93999,22800.0,3.315675000000018,-4.7993350000027135,0.0,-2.136249999999396,-1.4897500001609387,0.0,0.0,-0.4653319999999999,-4.6220703,-0.2861328999999999,-1.5047608,-48.33936541869223,-105.0312140146114,36.07683215445389,115.62114930437666,347.5359999999928
-1.8564843,230.1924711,398.93999,22800.0,3.2726699999999886,-4.828764999997759,0.0,-2.1502500000014635,-1.4714999997522682,0.0,0.0,-0.487793,-4.6523438,-0.2890625999999999,-1.4945069,-49.27569872127205,-104.59520561366487,36.07683522994948,115.62115516562876,348.23199999998906
-1.7918962,230.0953152,398.93999,22800.0,3.2294049999999963,-4.8577949999994985,0.0,-2.163249999999617,-1.4515000000869804,0.0,0.0,-0.5151367,-4.7832031,-0.2919922,-1.496045,-50.20800171146285,-104.15085970548108,36.07682046117024,115.62112701945549,348.0
-1.7281779,229.997586,398.93999,22800.0,3.185915000000006,-4.88646000000017,0.0,-2.174499999999524,-1.4332500000335813,0.0,0.0,-0.4326173,-4.6708986,-0.2880860999999999,-1.5201416,-51.13583017387965,-103.69855538377364,36.07686244662896,115.62120703509989,349.6240000000107
-1.6653356,229.8992921,398.93999,22800.0,3.142115000000001,-4.914695000000791,0.0,-2.190000000000248,-1.41175000003102,0.0,0.0,-0.4506836000000001,-4.6376953,-0.2836915,-1.5273192999999998,-52.06037875779528,-103.23737328465944,36.076805180555176,115.62109789792352,346.8399999999965
-1.6033735,229.8004404,398.93999,22800.0,3.0981049999999954,-4.942585000000577,0.0,-2.200500000000272,-1.394499999989307,0.0,0.0,-0.4116212,-4.694336,-0.2875978,-1.5083497,-52.98027748618716,-102.76840597016808,36.07684327698285,115.6211705016113,349.39200000002165
-1.5422967,229.70103940000004,398.93999,22800.0,3.053839999999997,-4.970049999997173,0.0,-2.2132499999999444,-1.3732499998297951,0.0,0.0,-0.4501953999999999,-4.6606446,-0.2900391,-1.507837,-53.89594284868633,-102.29114623108066,36.076834619517385,115.6211540022724,348.4640000000072
-1.4821102,229.6010968,398.93999,22800.0,3.009325000000007,-4.997130000002414,0.0,-2.225749999999471,-1.35400000026209,0.0,0.0,-0.501465,-4.6508789,-0.2871093999999999,-1.5104004999999998,-54.80747568941583,-101.80566002428344,36.07683587118313,115.62115638768664,348.6959999999963
-1.422819,229.5006208,398.93999,22800.0,2.964559999999994,-5.023800000000733,0.0,-2.238250000000664,-1.3334999999159436,0.0,0.0,-0.4731442999999999,-4.6689452000000005,-0.2851563,-1.4909179,-55.714761785162615,-101.31193225699928,36.07681430088472,115.62111527927856,347.3040000000037
-1.364427,229.3996189,398.93999,22800.0,2.9196,-5.050094999998578,0.0,-2.2479999999996947,-1.3147499998922283,0.0,0.0,-0.4394529,-4.7285156,-0.2900391,-1.4878419,-56.616981142543565,-100.81061290721506,36.07685952440672,115.62120146592272,348.4640000000072
-1.3069399000000002,229.2980997,398.93999,22800.0,2.874354999999995,-5.075959999999213,0.0,-2.2622500000002432,-1.293250000031776,0.0,0.0,-0.3930664,-4.734863300000001,-0.2895507999999999,-1.4986085,-57.515486865874806,-100.3006338572283,36.07682810433378,115.6211415856996,347.0719999999856
-1.2503616000000002,229.1960711,398.93999,22800.0,2.8289149999999985,-5.101430000001983,0.0,-2.2719999999998297,-1.2735000001384833,0.0,0.0,-0.3945314,-4.6503906,-0.2851563,-1.524756,-58.40884389868327,-99.78305933348324,36.07683625943908,115.6211571276217,347.76799999998184
-1.195027,229.09416060000004,398.93999,22800.0,2.766730000000006,-5.095524999997281,0.0,-3.10924999999962,0.2952500002351144,0.0,0.0,-0.4145507,-4.6572266,-0.2851564,-1.5170655,-59.47079047345587,-99.03362599187749,36.022454837512164,115.51811111958489,347.0719999999856
-1.1615043,229.0322572,398.93999,22800.0,1.6761350000000008,-3.0951700000017013,0.0,-54.52975000000026,100.01774999977896,0.0,0.0,0.2368163,-5.6601564,-0.2924805,-1.4898926,-72.34102284835829,-83.91830927391877,31.79667299314918,110.79488353773282,345.2160000000149
-1.1486852,229.04092400000005,398.93999,22800.0,0.6409550000000097,0.433340000002147,0.0,-51.75899999999955,176.4255000001924,0.0,0.0,-0.8666993,-5.601562400000001,-0.3300781,-1.3073731,75.1854216631208,-90.30146953367948,21.77171517783142,117.5040553793924,339.41599999999744
-1.1092375,229.1227471,398.93999,22800.0,1.9723849999999987,4.091154999996149,0.0,66.57149999999945,182.8907499997001,0.0,0.0,-0.8725585,-6.0581054,-0.3818358999999999,-1.0043700000000002,112.36517895911815,-0.6140538790775557,33.888838381981216,112.36685678918434,334.5439999999944
-1.056507,229.22679150000005,398.93999,22800.0,2.6365249999999896,5.2022200000038765,0.0,33.20699999999954,55.55325000038636,0.0,0.0,-0.6708983,-5.8359374,-0.4155272999999999,-0.8208252,115.3681119164261,7.595524893157505,36.07511427415345,115.61787597756496,329.4400000000023
-1.0011823,229.3294936,398.93999,22800.0,2.7662350000000058,5.135104999996543,0.0,6.48550000000081,-3.3557500003666973,0.0,0.0,-0.7919921000000001,-5.794433700000001,-0.4272460999999999,-0.8382569,115.52369973195994,4.709247143148455,36.076042524799135,115.61964456101433,325.0320000000065
-0.9426467,229.4303869,398.93999,22800.0,2.9267799999999955,5.044664999999782,0.0,8.027249999999487,-4.5219999998380445,0.0,0.0,-0.7407226,-5.8256836,-0.4272459999999999,-0.9202881,115.6131617424703,1.0532327179917849,36.075157907301886,115.61795910345782,321.55199999999604
-0.8816313000000001,229.52981980000004,398.93999,22800.0,3.0507699999999973,4.971645000003377,0.0,6.199500000000091,-3.650999999820215,0.0,0.0,-0.682129,-5.779785,-0.4277344,-0.9741212,115.60652689743014,-1.7926914568264125,36.07645237232202,115.62042554819465,316.679999999993
-0.8195643,229.628606,398.93999,22800.0,3.1033500000000047,4.9393099999974766,0.0,2.62900000000037,-1.616750000295042,0.0,0.0,-0.7221679,-5.7299805,-0.4262696,-0.9997558,115.58192356745728,-3.0138940824277385,36.076864935473736,115.62121177834813,313.4320000000007
-0.7567171,229.7268973,398.93999,22800.0,3.14236,4.914564999998561,0.0,1.950499999999744,-1.2372499999457889,0.0,0.0,-0.7744139999999999,-5.7636718,-0.4228517,-1.0269288,115.55437915283224,-3.929253575886849,36.07683988896047,115.62116404473764,310.88000000000466
-0.6930946,229.8246889,398.93999,22800.0,3.181125000000001,4.889580000002525,0.0,1.9382500000000968,-1.2492499998018047,0.0,0.0,-0.7397463,-5.6948242,-0.4135741999999999,-1.061792,115.51975101518391,-4.842605089894175,36.07686286054392,115.62120782394014,308.3280000000086
-0.6287009,229.9219736,398.93999,22800.0,3.219685,4.864234999999439,0.0,1.927999999999929,-1.267250000154263,0.0,0.0,-0.6816405999999999,-5.769042799999999,-0.4101561999999999,-1.0679444,115.47771749080889,-5.756507579353826,36.076810484147785,115.621108005408,303.9200000000128
-0.5635394,230.0187465,398.93999,22800.0,3.258074999999999,4.838644999999531,0.0,1.9194999999999407,-1.279499999995437,0.0,0.0,-0.6328125,-5.7622072,-0.4067382,-1.0838379,115.4286875566504,-6.669419963815296,36.07686144243902,115.62120512131224,302.06400000001304
-0.4976147999999999,230.11500110000003,398.93999,22800.0,3.2962300000000058,4.812730000001864,0.0,1.907750000000341,-1.2957499998833557,0.0,0.0,-0.7148437999999999,-5.7749023,-0.3979491999999999,-1.1192138,115.37233438518342,-7.581915119112273,36.07685668787873,115.62119606006505,301.1359999999986
-0.430931,230.2107312,398.93999,22800.0,3.334189999999995,4.786504999998442,0.0,1.8979999999994668,-1.3112500001710714,0.0,0.0,-0.7172850000000001,-5.8300779,-0.3872069999999999,-1.1699708,115.30874291823076,-8.49422814256213,36.07685016818351,115.62118363483626,296.0320000000065
-0.3634925,230.3059308,398.93999,22800.0,3.3719250000000005,4.759980000000041,0.0,1.8867500000002704,-1.3262499999200372,0.0,0.0,-0.7792969,-5.7846679000000005,-0.3808592999999999,-1.1817626,115.23792296002205,-9.405826098863177,36.07682826580827,115.62114189343586,296.7280000000028
-0.2953028,230.4005941,398.93999,22800.0,3.409485000000001,4.733164999998962,0.0,1.878000000000024,-1.3407500000539585,0.0,0.0,-0.7387696,-5.749999900000001,-0.3769531,-1.1863769999999998,115.15995043308212,-10.317126182951425,36.07684828778047,115.62118005116916,293.2480000000214
-0.2263666999999999,230.4947153,398.93999,22800.0,3.446805,4.706060000000889,0.0,1.8659999999999453,-1.355249999903663,0.0,0.0,-0.7294922,-5.7172852,-0.3666991999999999,-1.2140623,115.07478104124048,-11.227359233277475,36.07685180630449,115.621186756764,290.4640000000072
-0.1566885,230.5882881,398.93999,22800.0,3.4839099999999985,4.6786400000002,0.0,1.8552499999999303,-1.371000000034428,0.0,0.0,-0.7353516,-5.751952999999999,-0.3603515999999999,-1.2248289,114.98232957165492,-12.13726153872498,36.07683003264215,115.62114526064892,291.85599999999977
-0.0862725,230.6813074,398.93999,22800.0,3.5208000000000004,4.65096500000044,0.0,1.8445000000000933,-1.3837499999880265,0.0,0.0,-0.7470701999999999,-5.7197266,-0.3564451999999999,-1.2289306,114.8828493198806,-13.0457751618429,36.07685745725995,115.62119752635218,287.2160000000149
-0.0151228,230.7737666,398.93999,22800.0,3.557485,4.622959999998955,0.0,1.8342499999999704,-1.4002500000742657,0.0,0.0,-0.8149413000000001,-5.7675783,-0.3500975,-1.2443115,114.77602094801274,-13.954334396511996,36.07685091242428,115.62118505320872,286.5199999999895
0.056756,230.8656603,398.93999,22800.0,3.5939400000000004,4.594685000000709,0.0,1.8227500000000283,-1.4137499999122838,0.0,0.0,-0.7524414,-5.820312599999999,-0.3393552999999999,-1.2909668,114.66209428320153,-14.86159558118467,36.07686102248186,115.62120432095698,284.8960000000079
0.1293591999999999,230.9569823,398.93999,22800.0,3.630159999999999,4.566099999999551,0.0,1.8109999999999404,-1.4292500000578912,0.0,0.0,-0.7490235000000001,-5.8208007,-0.3359374,-1.3160889,114.540884771456,-15.7682174539167,36.07683396847246,115.6211527615166,283.9679999999935
0.2026821,231.0477276,398.93999,22800.0,3.666145000000001,4.5372650000004455,0.0,1.7992500000000966,-1.4417499999552774,0.0,0.0,-0.7231444,-5.7666015,-0.3359375999999999,-1.3130126,114.412679308705,-16.673134101674908,36.0768421860067,115.62116842243468,283.0400000000081
0.2767208,231.1378902,398.93999,22800.0,3.7019349999999993,4.508129999999255,0.0,1.7894999999999106,-1.4567500000595146,0.0,0.0,-0.7456054,-5.8085938,-0.3310546,-1.3227538,114.27725046036902,-17.57766508627438,36.07686418570174,115.62121034943,280.7200000000012
0.3514699,231.2274645,398.93999,22800.0,3.7374550000000006,4.478715000000477,0.0,1.7760000000000664,-1.4707499999389029,0.0,0.0,-0.8061522999999999,-5.7260742,-0.3232422,-1.3473631,114.13467436341747,-18.48065195713845,36.07685081189335,115.62118486161708,280.9519999999902
0.426925,231.31644450000005,398.93999,22800.0,3.7727550000000014,4.4490000000024565,0.0,1.7650000000001054,-1.4857499999010315,0.0,0.0,-0.8442382,-5.737793,-0.3232421,-1.3447997,113.98485800384437,-19.382987850614736,36.076827402251865,115.62114024767978,280.25599999999395
0.5030816,231.4048251,398.93999,22800.0,3.8078299999999983,4.419029999996837,0.0,1.7537499999997763,-1.4985000002809556,0.0,0.0,-0.8056638999999999,-5.7827150000000005,-0.3212889,-1.3473632,113.82803683871582,-20.283805588809027,36.07684253171013,115.62116908127442,279.7919999999868
0.5799348,231.4926009,398.93999,22800.0,3.8426599999999977,4.388790000001563,0.0,1.7414999999999736,-1.5119999997637024,0.0,0.0,-0.7915038,-5.7666015,-0.3178710999999999,-1.3745362,113.66413263913246,-21.18316756792636,36.076858181988754,115.62119890754094,278.63200000001234
0.6574799,231.5797659,398.93999,22800.0,3.8772550000000017,4.35824999999852,0.0,1.7297500000001964,-1.5270000001521566,0.0,0.0,-0.8212890999999999,-5.772949199999999,-0.3125,-1.4155517999999998,113.4929759770242,-22.081718557236155,36.076849681327175,115.6211827069866,277.7039999999979
0.7357116,231.6663149,398.93999,22800.0,3.911585000000001,4.327450000000965,0.0,1.716499999999943,-1.5399999998777505,0.0,0.0,-0.8945314,-5.842773500000001,-0.3125002,-1.4170897999999998,113.31479037038687,-22.978438983186265,36.07683262716565,115.62115020526625,276.5439999999944
0.8146257,231.7522426,398.93999,22800.0,3.945705,4.296384999999248,0.0,1.705999999999941,-1.5532500000858818,0.0,0.0,-0.8261719,-5.8261718,-0.3125000999999999,-1.4052978,113.1295526941719,-23.87395767350557,36.076857979953374,115.62119852250171,277.7039999999979
0.8942165000000001,231.8375433,398.93999,22800.0,3.979540000000004,4.26503500000166,0.0,1.691750000000214,-1.5674999998793735,0.0,0.0,-0.8012696,-5.7866211,-0.3076173,-1.4237547000000002,112.93713969311383,-24.76791135682257,36.07682486734048,115.621135416676,275.15200000000186
0.9744798999999998,231.92221230000004,398.93999,22800.0,4.013169999999988,4.233450000000971,0.0,1.6814999999992253,-1.579250000034449,0.0,0.0,-0.7998046000000001,-5.7651369,-0.3051757999999999,-1.4268311,112.73786014532384,-25.660153271657897,36.07687392787223,115.62122891611028,275.6160000000091
1.0554101,232.00624350000004,398.93999,22800.0,4.0465100000000085,4.201559999999915,0.0,1.6670000000010177,-1.5945000000527898,0.0,0.0,-0.8403320000000001,-5.7993164,-0.3061523,-1.4129884,112.53127602435438,-26.55115777090719,36.07683645711298,115.62115750434712,276.5439999999944
1.1370022,232.0896323,398.93999,22800.0,4.079604999999997,4.169439999998303,0.0,1.6547499999994386,-1.6060000000805985,0.0,0.0,-0.8383787999999999,-5.8183593,-0.3051758,-1.4258056,112.31786531121271,-27.43998066022677,36.0768440451659,115.62117196561078,274.22400000001653
1.2192515,232.1723729,398.93999,22800.0,4.112464999999999,4.137029999998276,0.0,1.643000000000061,-1.620500000001357,0.0,0.0,-0.7714844,-5.7495118,-0.300293,-1.4652831000000002,112.09723343932288,-28.327802942014536,36.0768412259499,115.62116659276388,275.1519999999728
1.3021524999999998,232.25446060000004,398.93999,22800.0,4.145049999999994,4.104385000003674,0.0,1.6292499999997825,-1.6322499997301063,0.0,0.0,-0.7919923,-5.8256835,-0.3002929,-1.4878418,111.86975198807129,-29.21325922193227,36.07684521952105,115.62117420369157,274.22400000001653
1.3857002,232.3358902,398.93999,22800.0,4.177385000000012,4.071479999997507,0.0,1.6167500000008772,-1.6452500003083514,0.0,0.0,-0.7905272,-5.8222656,-0.3022460999999999,-1.4765626,111.63525145539056,-30.097029363009195,36.0768557022374,115.62119418162968,274.68799999999464
1.4698897,232.41665570000004,398.93999,22800.0,4.209474999999996,4.038275000002045,0.0,1.6044999999992091,-1.6602499997731002,0.0,0.0,-0.8500978,-5.841797,-0.2993164,-1.4786134,111.3934401724803,-30.979884847956345,36.076835812700445,115.6211562762308,274.9200000000128
1.5547216,232.4967458,398.93999,22800.0,4.2415949999999984,4.0045049999960725,0.0,1.6060000000001295,-1.6885000002986317,0.0,0.0,-0.8208007,-5.7851562,-0.2954101,-1.4929688,111.14230252893614,-31.868969825505857,36.07681509677816,115.62111679607912,274.68799999999464
1.6401978,232.5761469,398.93999,22800.0,4.27381,3.970055000002049,0.0,1.610750000000083,-1.7224999997011992,0.0,0.0,-0.8105468,-5.8183594,-0.2988281,-1.4791258,110.88081904241815,-32.766801278768305,36.076762108628834,115.62101581269631,273.7599999999802
1.7263098,232.6548569,398.93999,22800.0,4.305599999999998,3.9355000000000473,0.0,1.5894999999999104,-1.727750000100059,0.0,0.0,-0.7900389999999999,-5.7587891,-0.2993163,-1.4709228,110.61328862150508,-33.65849304824161,36.0767041911613,115.62090543644308,274.4560000000056
1.8130414,232.7328843,398.93999,22800.0,4.336580000000012,3.901370000001236,0.0,1.5490000000006887,-1.7064999999405472,0.0,0.0,-0.828125,-5.7851563,-0.2973633999999999,-1.4929688,110.34398576684436,-34.53134666373952,36.07673896263666,115.6209717020442,274.68799999999464
1.9003696,232.8102445,398.93999,22800.0,4.366409999999998,3.868009999999345,0.0,1.4914999999993128,-1.6680000000945938,0.0,0.0,-0.8510741,-5.828125099999999,-0.2929686999999999,-1.5278321,110.07600863422132,-35.37663304129417,36.07679511252637,115.62107871049965,274.9199999999837
1.988269,232.8869562,398.93999,22800.0,4.394969999999976,3.8355849999987854,0.0,1.4279999999988746,-1.621250000027885,0.0,0.0,-0.8183594,-5.8051757,-0.2958984999999999,-1.5247559000000002,109.81113628222916,-36.190795129746526,36.07685288793276,115.62118881812968,273.52799999999115
2.0767137,232.9630396,398.93999,22800.0,4.422235000000018,3.804170000000795,0.0,1.3632500000021253,-1.57074999989959,0.0,0.0,-0.8090820000000001,-5.8061524,-0.2978515,-1.5042481,109.55045310912068,-36.97270322620346,36.07690565928056,115.62128939026135,277.47200000000885
2.1656805,233.0385121,398.93999,22800.0,4.448339999999984,3.7736249999994698,0.0,1.3052499999982814,-1.5272500000662603,0.0,0.0,-0.8740235000000001,-5.791503799999999,-0.2934569999999999,-1.5227051,109.29323199686053,-37.72635674253409,36.07691925813938,115.62131530727596,273.7600000000093
2.2551514,233.1133861,398.93999,22800.0,4.473545000000012,3.743700000001127,0.0,1.260250000001406,-1.496249999917154,0.0,0.0,-0.8266602000000001,-5.8461914,-0.2919922,-1.5165529,109.03770050648656,-38.458597980016044,36.07690867730507,115.62129514207471,275.38400000002
2.3451166,233.1876646,398.93999,22800.0,4.498259999999998,3.7139249999981416,0.0,1.2357499999993138,-1.4887500001492526,0.0,0.0,-0.7890626000000001,-5.8046875,-0.2968749,-1.4965577,108.78003990933836,-39.181226993226296,36.07686724605224,115.62121618185812,274.9200000000128
2.4355728,233.2613444,398.93999,22800.0,4.52281000000001,3.683990000001813,0.0,1.227500000000603,-1.4967499998164158,0.0,0.0,-0.828125,-5.7578125,-0.2968749,-1.4955324,108.51761351007644,-39.90230335952555,36.07686866184929,115.62121888009106,274.68799999999464
2.5265167,233.3344211,398.93999,22800.0,4.547195000000004,3.653835000000072,0.0,1.219249999999672,-1.5077500000870714,0.0,0.0,-0.9023437,-5.7768556,-0.2905274999999999,-1.5268066,108.24989308381008,-40.62291298911989,36.07685540360412,115.6211936124944,277.00800000000163
2.6179445,233.4068916,398.93999,22800.0,4.571389999999975,3.623525000000427,0.0,1.209749999998566,-1.5154999999822394,0.0,0.0,-0.8950194999999999,-5.7441407,-0.2929688,-1.5385985999999998,107.9774437813839,-41.34168373702016,36.07686168312111,115.62120558000473,283.2719999999972
2.7098519,233.4787527,398.93999,22800.0,4.59537000000001,3.5930549999989125,0.0,1.1990000000017265,-1.5235000000757282,0.0,0.0,-0.8051757,-5.8061525,-0.2954100999999999,-1.5216797000000002,107.70022499401168,-42.058537906359376,36.07685236799756,115.62118782723785,288.14400000000023
2.8022349,233.5500016,398.93999,22800.0,4.619150000000016,3.562445000000025,0.0,1.189000000000329,-1.530499999944368,0.0,0.0,-0.8032228,-5.8027344,-0.2939452999999999,-1.5114258,107.4184189935848,-42.77321212566999,36.076864485136674,115.62121092009416,294.4079999999958
2.8950896,233.6206348,398.93999,22800.0,4.642734999999987,3.5316600000001586,0.0,1.1792499999985218,-1.539249999993331,0.0,0.0,-0.8427733999999999,-5.7504883,-0.2905272,-1.5216799,107.13170582369015,-43.48637620069701,36.07687104995183,115.62122343135034,298.11999999999534
2.9884116,233.690649,398.93999,22800.0,4.666100000000006,3.500709999998719,0.0,1.168250000000981,-1.5475000000719774,0.0,0.0,-0.8403319999999999,-5.8159179,-0.2939452999999999,-1.5016846,106.84017464229689,-44.19768744527643,36.07685104856754,115.62118531267028,301.3680000000168
3.082197,233.7600417,398.93999,22800.0,4.68926999999999,3.4696350000018583,0.0,1.158499999999174,-1.5537499998430349,0.0,0.0,-0.7910155999999999,-5.8540041,-0.2978515,-1.4924562,106.54420366097833,-44.90657558345752,36.07687231298419,115.62122583844544,306.47200000000885
3.1764414000000003,233.828809,398.93999,22800.0,4.712220000000023,3.4383649999995214,0.0,1.147500000001633,-1.5635000001168464,0.0,0.0,-0.8144531,-5.8520506,-0.2963866999999999,-1.5114259,106.2431253881535,-45.61416042474092,36.07683931813414,115.62116295686056,309.0240000000049
3.271141,233.8969486,398.93999,22800.0,4.734979999999989,3.4069799999997485,0.0,1.137999999998307,-1.5692499999886422,0.0,0.0,-0.8598633,-5.7963867,-0.2924805,-1.5473144,105.93770976442217,-46.31916793393282,36.07686279146343,115.62120769228636,312.0400000000081
3.3662917,233.9644569,398.93999,22800.0,4.757535000000002,3.3754150000007144,0.0,1.127750000000649,-1.5782499999517086,0.0,0.0,-0.8784181,-5.7475587,-0.2973633,-1.5319337000000002,105.62732472355394,-47.02268553494231,36.07686509449151,115.62121208140478,313.8959999999788
3.4618887000000003,234.0313316,398.93999,22800.0,4.779850000000008,3.34373499999856,0.0,1.115750000000304,-1.5840000001077217,0.0,0.0,-0.8247071,-5.8188477,-0.2978515,-1.5129639,105.31260984961688,-47.723335922540215,36.07686033331984,115.62120300755063,317.14400000000023
3.5579283000000004,234.09756930000003,398.93999,22800.0,4.801980000000006,3.311885000002235,0.0,1.1064999999998992,-1.5924999998162548,0.0,0.0,-0.817871,-5.736328200000001,-0.2954101,-1.5201417,104.99302210614144,-48.42242925855191,36.07686886825187,115.62121927345416,319.23199999998906
3.6544061,234.1631669,398.93999,22800.0,4.823889999999986,3.279879999998059,0.0,1.0954999999990278,-1.6002500002088027,0.0,0.0,-0.8559570000000001,-5.715331999999999,-0.2929685999999999,-1.5098878,104.6687045353206,-49.119494559564494,36.07686003828179,115.6212024452666,323.17599999997765
3.7513177,234.22812170000003,398.93999,22800.0,4.845579999999994,3.247740000001897,0.0,1.0845000000003768,-1.6069999998080675,0.0,0.0,-0.8125,-5.7695312,-0.298828,-1.4898926,104.33986129856837,-49.81417360164499,36.07685117180854,115.62118554754277,325.7280000000028
3.8486588,234.2924311,398.93999,22800.0,4.867054999999998,3.215469999997822,0.0,1.0737500000002065,-1.6135000002037714,0.0,0.0,-0.8159181,-5.8208007,-0.2998046,-1.4924562,104.00654878576388,-50.50640555878233,36.07685263623422,115.62118833844288,326.8880000000063
3.9464256,234.3560918,398.93999,22800.0,4.888340000000002,3.1830350000007,0.0,1.0642500000002109,-1.6217499998560925,0.0,0.0,-0.8330076999999999,-5.7817382,-0.2958983999999999,-1.5232179,103.66840545918669,-51.19694536193607,36.07686695894592,115.62121563468962,328.0479999999807
4.044613,234.4191015,398.93999,22800.0,4.909370000000002,3.150484999999037,0.0,1.051499999999983,-1.6275000000831596,0.0,0.0,-0.8730469,-5.7651366,-0.2958984999999999,-1.5401367,103.32594438123655,-51.88456691790769,36.07685234973536,115.62118779243376,331.7599999999802
4.143217399999999,234.481457,398.93999,22800.0,4.930219999999963,3.1177750000011883,0.0,1.0424999999980589,-1.6354999998924311,0.0,0.0,-0.8325194,-5.790038900000001,-0.2988282,-1.5134766000000002,102.97870583876572,-52.57045042525524,36.07686834150507,115.6212182695774,332.2239999999874
4.2422339,234.5431558,398.93999,22800.0,4.950825000000059,3.084940000000813,0.0,1.0302500000047845,-1.64175000001876,0.0,0.0,-0.8442382,-5.8681641,-0.2973633,-1.5124512,102.6270468100865,-53.25365200123744,36.07685943365404,115.6212012929661,334.31200000000536
4.341658600000001,234.6041948,398.93999,22800.0,4.971235000000007,3.0519499999996924,0.0,1.0204999999974262,-1.6495000000560367,0.0,0.0,-0.8671875,-5.8666992,-0.2929686999999999,-1.5237307,102.27065606841812,-53.93494419646238,36.07686648991508,115.6212147408086,335.2400000000198
4.4414865,234.6645716,398.93999,22800.0,4.991394999999965,3.0188399999985904,0.0,1.0079999999978997,-1.655500000055099,0.0,0.0,-0.8715819999999999,-5.734375099999999,-0.2968749,-1.5052735,101.90989715542338,-54.613450508674575,36.07684565167837,115.62117502729514,335.93599999998696
4.5417139,234.7242837,398.93999,22800.0,5.011370000000026,2.985604999999225,0.0,0.9987500000030458,-1.661749999968265,0.0,0.0,-0.7973632,-5.7436524,-0.3002929,-1.4975832,101.54474764906917,-55.28955412200983,36.076878452571776,115.6212375393197,337.7919999999868
4.6423358,234.7833279,398.93999,22800.0,5.031094999999963,2.952210000000832,0.0,0.9862499999968576,-1.6697499999196452,0.0,0.0,-0.8041992,-5.755371200000001,-0.2978515,-1.5104004999999998,101.17477779901004,-55.96358541824736,36.07685119024555,115.62118558267996,339.41599999999744
4.7433481,234.84170240000003,398.93999,22800.0,5.050615000000036,2.918725000002098,0.0,0.9760000000036406,-1.6742499999367055,0.0,0.0,-0.8818360000000001,-5.721191500000001,-0.2949218,-1.5370604,100.80081089070232,-56.6345049677777,36.076878586549626,115.62123779465593,339.1840000000084
4.8447458,234.8994038,398.93999,22800.0,5.069884999999985,2.8850699999978247,0.0,0.9634999999974524,-1.682750000213673,0.0,0.0,-0.8603515999999999,-5.7524414,-0.2973632999999999,-1.5278321,100.42189894655355,-57.30353432226152,36.076838207077984,115.62116083941736,342.20000000001164
4.946525299999999,234.9564301,398.93999,22800.0,5.088974999999962,2.851314999999488,0.0,0.954499999998859,-1.6877499999168322,0.0,0.0,-0.8139647,-5.7651369,-0.2978515999999999,-1.5104005,100.03889905357336,-57.969725614447135,36.0768780930142,115.62123685407164,341.0400000000081
5.0486813,235.0127785,398.93999,22800.0,5.10780000000004,2.817420000002357,0.0,0.9412500000038904,-1.6947499998565263,0.0,0.0,-0.8510742,-5.7319336,-0.2954101999999999,-1.5232177,99.65128601499572,-58.63344316311699,36.07685324619653,115.62118950090832,342.8960000000079
5.151209700000001,235.0684465,398.93999,22800.0,5.126420000000032,2.783399999998437,0.0,0.9309999999995712,-1.701000000196018,0.0,0.0,-0.9008788999999998,-5.7001954,-0.2944335999999999,-1.5145021,99.25927791612789,-59.29465787101543,36.07685606639698,115.62119487564505,343.127999999997
5.254106,235.1234317,398.93999,22800.0,5.144814999999969,2.74926000000022,0.0,0.9197499999968884,-1.7069999999108632,0.0,0.0,-0.78125,-5.7426758,-0.2998046,-1.5001466,98.86292091353924,-59.95320464804113,36.0768632700262,115.62120860433268,344.28800000000047
5.3573653,235.17773190000003,398.93999,22800.0,5.162964999999975,2.715010000001428,0.0,0.9075000000002832,-1.7124999999396096,0.0,0.0,-0.814453,-5.8154297,-0.2993163,-1.5037355,98.46231972168756,-60.60884156152668,36.076854650323874,115.62119217689316,344.7520000000077
5.4609833,235.2313447,398.93999,22800.0,5.180899999999999,2.680639999998391,0.0,0.896750000001223,-1.718500000151835,0.0,0.0,-0.8676758,-5.7958983,-0.2958983999999999,-1.5411620999999998,98.0573811997948,-61.26184854173475,36.07686375875885,115.62120953576084,344.7520000000077
5.5649555,235.284267,398.93999,22800.0,5.198610000000015,2.646115000000293,0.0,0.8855000000007607,-1.726249999904894,0.0,0.0,-0.8691405999999999,-5.7993163,-0.2968750999999999,-1.5488525000000002,97.64766133760818,-61.912788338418125,36.0768524813636,115.62118804329069,346.14400000000023
5.669277299999999,235.3364974,398.93999,22800.0,5.216089999999962,2.611520000000666,0.0,0.8739999999973769,-1.7297499999813226,0.0,0.0,-0.8520507,-5.7636719,-0.3002929,-1.5273192,97.23421036165432,-62.5601859607477,36.07687382809134,115.62122872594712,347.0719999999856
5.7739437,235.3880334,398.93999,22800.0,5.233320000000052,2.5767999999985136,0.0,0.8615000000045114,-1.7360000001076514,0.0,0.0,-0.8955077000000001,-5.7158201,-0.2988281,-1.5211669,96.81632324975166,-63.20492487161592,36.07686121989073,115.62120469717922,345.2160000000149
5.8789504,235.438872,398.93999,22800.0,5.250334999999984,2.5419300000010026,0.0,0.8507499999965695,-1.743499999875553,0.0,0.0,-0.8764649,-5.7612304000000005,-0.2944335999999999,-1.5227052,96.39371745396092,-63.84753514485189,36.07684654565168,115.621176731026,345.448000000004
5.9842928,235.4890115,398.93999,22800.0,5.267120000000025,2.506975000000012,0.0,0.8392500000020675,-1.7477500000495638,0.0,0.0,-0.8051759,-5.7685548,-0.2973632,-1.5047608,95.96720135754973,-64.48686495252994,36.07685330565031,115.6211896142153,346.8400000000256
6.0899663,235.53845020000003,398.93999,22800.0,5.283674999999954,2.471935000001224,0.0,0.8277499999964633,-1.7519999999393576,0.0,0.0,-0.8540039,-5.7167968,-0.3007811999999999,-1.4919435,95.53678372059407,-65.12291883592523,36.07688079260496,115.62124199897733,348.6959999999963
6.195966100000001,235.58718489999995,398.93999,22800.0,5.299990000000054,2.436734999996304,0.0,0.815750000005,-1.7600000002460092,0.0,0.0,-0.8593751,-5.7045898,-0.2983398,-1.5104006,95.10147801783263,-65.75693042197649,36.07686585809876,115.62121353669042,347.3040000000037
6.302287199999999,235.63521410000004,398.93999,22800.0,5.316054999999942,2.401460000004363,0.0,0.803249999994371,-1.763749999597053,0.0,0.0,-0.8095703999999999,-5.7143555,-0.2944334999999999,-1.5375733,94.66237178732511,-66.38744870531892,36.07684987973996,115.62118308512122,347.3039999999746
6.4089253,235.6825355,398.93999,22800.0,5.331905000000026,2.366069999997933,0.0,0.7925000000041926,-1.7695000003215,0.0,0.0,-0.7729491000000001,-5.7280272,-0.2993164,-1.5303955000000002,94.21899600754374,-67.01523357193497,36.07685614558581,115.62119502656311,348.23200000001816
6.5158757000000005,235.7291468,398.93999,22800.0,5.347520000000028,2.330564999999752,0.0,0.7807500000001077,-1.7752499999090787,0.0,0.0,-0.8413086,-5.7524414,-0.3017577999999999,-1.5124512,93.77131892597116,-67.64023055631996,36.07685683416429,115.62119633885614,348.0
6.6231335,235.77504630000004,398.93999,22800.0,5.362889999999965,2.2949750000023528,0.0,0.7684999999968412,-1.7794999998699268,0.0,0.0,-0.8608397,-5.742187599999999,-0.2954103,-1.5191163,93.31972423331902,-68.26192115782874,36.07685630843925,115.6211953369292,348.0
6.7306944,235.8202319,398.93999,22800.0,5.378045000000009,2.259279999998398,0.0,0.7577500000022219,-1.7847500001977323,0.0,0.0,-0.7944337,-5.7148439,-0.2934571,-1.5114259,92.86399803943044,-68.88070282113127,36.07688476718313,115.62124957377142,346.8399999999965
6.838552699999999,235.8647012,398.93999,22800.0,5.392914999999965,2.223464999998725,0.0,0.7434999999977876,-1.7907499999836318,0.0,0.0,-0.8217774,-5.7294923,-0.2993163,-1.4934815,92.40380713517833,-69.49667095723392,36.07683369915362,115.62115224825116,347.07200000001467
6.9467046,235.9084528,398.93999,22800.0,5.4075950000000095,2.1875800000003665,0.0,0.7340000000022329,-1.7942499999179518,0.0,0.0,-0.8544923000000001,-5.7509766,-0.2983397,-1.4960451,91.9400092158917,-70.10920627434771,36.07686830723262,115.6212182042608,348.0
7.0551447,235.9514845,398.93999,22800.0,5.422005000000008,2.1515850000014325,0.0,0.7204999999999018,-1.7997499999466982,0.0,0.0,-0.8066405,-5.7504881,-0.2949218999999999,-1.5227051,91.47190586211882,-70.71880038363471,36.07685058712536,115.62118443325473,346.8399999999965
7.163868600000001,235.9937945,398.93999,22800.0,5.436195000000055,2.115499999999315,0.0,0.709500000002361,-1.804250000105867,0.0,0.0,-0.7988282,-5.8051759,-0.2968750999999999,-1.5427002,90.9998709002665,-71.32522437415409,36.07686385264592,115.62120971469116,347.0719999999856
7.2728713,236.0353809,398.93999,22800.0,5.450134999999978,2.0793199999985745,0.0,0.6969999999961729,-1.809000000037031,0.0,0.0,-0.8422850000000001,-5.8344726,-0.300293,-1.5201416,90.52377396336628,-71.92850419296629,36.07686211024495,115.62120639401836,346.14400000000023
7.382148099999999,236.0762416,398.93999,22800.0,5.463839999999953,2.0430350000012254,0.0,0.6852499999987494,-1.8142499998674568,0.0,0.0,-0.8681640999999999,-5.767578,-0.2993164,-1.5114258,90.04350510564342,-72.52882423319039,36.07686162999078,115.62120547874883,346.60800000000745
7.491694000000001,236.1163753,398.93999,22800.0,5.477295000000071,2.0066849999992087,0.0,0.6727500000058839,-1.817500000100836,0.0,0.0,-0.8027344,-5.6879882,-0.2924804,-1.5216797999999998,89.55959530861684,-73.12552478083684,36.0768623786978,115.6212069056365,348.0
7.601504199999999,236.1557798,398.93999,22800.0,5.490509999999915,1.9702249999994592,0.0,0.6607499999922162,-1.8229999999874733,0.0,0.0,-0.8491209999999999,-5.6738282,-0.2968749999999999,-1.507837,89.07142970198299,-73.71933582759392,36.07685461313501,115.62119210601864,346.60799999997835
7.7115741,236.1944533,398.93999,22800.0,5.503495000000047,1.9336750000007896,0.0,0.6492500000065959,-1.82749999993348,0.0,0.0,-0.8803712000000001,-5.7055664,-0.3007811999999999,-1.4924562,88.57931638380876,-74.30995114111404,36.07686383841649,115.62120968757266,348.0
7.8218986,236.2323945,398.93999,22800.0,5.516224999999997,1.8970600000002944,0.0,0.6364999999974863,-1.83075000002475,0.0,0.0,-0.8168945000000001,-5.6953126,-0.2973633,-1.5068117,88.08355403745463,-74.89694739031387,36.07686631318931,115.62121440400388,347.76800000001094
7.932472799999999,236.2696015,398.93999,22800.0,5.52870999999997,1.860349999999756,0.0,0.6242499999986606,-1.8355000000269683,0.0,0.0,-0.8203125,-5.6752929,-0.2939452,-1.5365478,87.58373484498574,-75.48080790375427,36.076861209845866,115.62120467803568,346.3759999999893
8.0432918,236.3060725,398.93999,22800.0,5.540950000000056,1.823549999998875,0.0,0.6120000000042758,-1.8400000000440289,0.0,0.0,-0.8618162999999999,-5.7001952,-0.2983399,-1.5283448,87.07992873267892,-76.06145284976517,36.07685128591345,115.62118576500367,348.0
8.1543509,236.3418064,398.93999,22800.0,5.552955000000015,1.7866950000012594,0.0,0.6002499999979705,-1.8427499998807664,0.0,0.0,-0.7675782,-5.7436523,-0.2988282,-1.5073243,86.57267819704373,-76.63835456475708,36.07686808387363,115.6212177785821,346.3759999999893
8.265622400000002,236.37687560000003,398.93999,22800.0,5.563575000000043,1.753460000001894,0.0,0.5310000000013915,-1.661749999968265,0.0,0.0,-0.7817383,-5.7485351,-0.2949219999999999,-1.5165528,86.11299052010342,-77.1546645092855,36.07692116069371,115.62131893321326,346.60800000000745
8.3770042,236.4116022,398.93999,22800.0,5.569089999999921,1.7363299999971105,0.0,0.2757499999939128,-0.8565000002391798,0.0,0.0,-0.8247071,-5.711914,-0.2929688,-1.5124513,85.87558170495709,-77.41943085737547,36.0771353914924,115.62172722911858,346.8399999999965
8.488490099999998,236.4459987,398.93999,22800.0,5.574294999999907,1.7198250000021176,0.0,0.2602499999992957,-0.8252499997496443,0.0,0.0,-0.8320312,-5.678711,-0.2983397,-1.4950196,85.64612812535242,-77.673550629043,36.07726227635542,115.62196906378472,345.679999999993
8.6002166,236.4795938,398.93999,22800.0,5.58632500000007,1.67975499999784,0.0,0.6015000000081372,-2.003500000213876,0.0,0.0,-0.7719727000000001,-5.690918,-0.2973632,-1.5037356,85.08563693297093,-78.28639540608236,36.07700267896501,115.62147429421069,347.76800000001094
8.712376800000001,236.5116857,398.93999,22800.0,5.608010000000085,1.604595000000586,0.0,1.084250000000786,-3.757999999862705,0.0,0.0,-0.8417968,-5.6694338,-0.2934569999999999,-1.5293702000000002,84.0255704132499,-79.421591660808,36.07645895620013,115.62043809469044,347.76799999998184
8.8251351,236.5416033,398.93999,22800.0,5.637914999999971,1.495880000000227,0.0,1.495249999994286,-5.435750000017947,0.0,0.0,-0.8388669999999999,-5.6718751,-0.2944337,-1.5432129,82.47422823357594,-81.0311240688052,36.07635839127797,115.62024645613792,347.76800000001094
8.9385443,236.5689564,398.93999,22800.0,5.670459999999977,1.3676550000013776,0.0,1.627250000000302,-6.41124999994247,0.0,0.0,-0.7612304,-5.6938476,-0.2978516,-1.5232177,80.61593370575372,-82.88041094093656,36.07647161845189,115.620462224422,346.60800000000745
9.0525607,236.5936582,398.93999,22800.0,5.70081999999994,1.2350899999987064,0.0,1.517999999998132,-6.628250000133562,0.0,0.0,-0.7836914,-5.7309571,-0.2963866999999999,-1.517578,78.66194053366823,-84.7372528993653,36.076498016000826,115.62051252893386,347.76800000001094
9.1671218,236.6156943,398.93999,22800.0,5.728055000000065,1.101805000000411,0.0,1.3617500000062677,-6.664249999914773,0.0,0.0,-0.8203125,-5.7216796,-0.2910157,-1.5211671999999998,76.66429931899758,-86.54869149936894,36.07647049590926,115.6204600852539,345.44799999997485
9.282166,236.63505300000003,398.93999,22800.0,5.752209999999991,0.9679350000013188,0.0,1.2077499999962882,-6.693499999954611,0.0,0.0,-0.7749024,-5.7099608,-0.2910156,-1.5062989,74.62535837169393,-88.31285350511658,36.07650094081575,115.62051810262714,346.60800000000745
9.3976303,236.6517234,398.93999,22800.0,5.773214999999965,0.8335199999976339,0.0,1.050249999998698,-6.720750000184239,0.0,0.0,-0.7998046,-5.710937700000001,-0.2934569999999999,-1.4970705,72.54542440588725,-90.02923205369935,36.076494178524406,115.62050521602625,346.3760000000184
9.5134516,236.6656966,398.93999,22800.0,5.7910650000000174,0.6986600000004728,0.0,0.8925000000026273,-6.742999999858057,0.0,0.0,-0.8212889000000001,-5.707519700000001,-0.2924805,-1.5088624,70.4260771689586,-91.69654719806468,36.07646669057273,115.62045283363588,345.2160000000149
9.6295677,236.6769652,398.93999,22800.0,5.805804999999964,0.5634299999996983,0.0,0.7369999999973231,-6.761500000038723,0.0,0.0,-0.7138671999999999,-5.683105499999999,-0.2861327999999999,-1.5380859,68.268828888687,-93.31383401282493,36.07650187051243,115.62051987431066,348.0
9.7459147,236.6855224,398.93999,22800.0,5.817350000000054,0.4278600000006349,0.0,0.5772500000045255,-6.778499999953169,0.0,0.0,-0.8164063,-5.6850585,-0.2900390999999999,-1.5324463,66.07365447194765,-94.88079430478344,36.07647538140531,115.62046939528032,348.23199999998906
9.8624296,236.6913645,398.93999,22800.0,5.825745000000016,0.292105000001186,0.0,0.4197499999980536,-6.787749999972448,0.0,0.0,-0.786621,-5.7041018,-0.2949218999999999,-1.5088624,63.84343209769061,-96.39558812175216,36.07647603534162,115.62047064145224,347.76800000001094
9.9790494,236.69448730000005,398.93999,22800.0,5.830989999999936,0.1561400000014146,0.0,0.2622499999960226,-6.79824999998857,0.0,0.0,-0.7509762999999999,-5.6904297,-0.2900391,-1.5216798,61.57776126277876,-97.85848903618472,36.07650174019838,115.62051962597668,346.8400000000256
10.09571,236.6948899,398.93999,22800.0,5.833030000000061,0.0201299999972093,0.0,0.1020000000062637,-6.800500000210263,0.0,0.0,-0.7685548000000001,-5.6499021,-0.2880859999999999,-1.5155275,59.27902141596939,-99.26777761483623,36.07647789905874,115.6204741930405,346.60799999997835
10.2123486,236.6925713,398.93999,22800.0,5.831929999999996,-0.1159300000011853,0.0,-0.0550000000032468,-6.802999999919734,0.0,0.0,-0.7958983999999999,-5.4633789,-0.2919922,-1.4986085,56.9476354483743,-100.62342039008936,36.07650481640452,115.6205254881744,348.23199999998906
10.3289009,236.6875339,398.93999,22800.0,5.8276149999999305,-0.2518699999981777,0.0,-0.2157500000032897,-6.796999999849618,0.0,0.0,-0.7285155999999999,-5.2124022,-0.2919924,-1.4991213,54.585881192033625,-101.92384046148467,36.0764634374578,115.62044663436043,345.9120000000112
10.4453044,236.6797793,398.93999,22800.0,5.820175000000116,-0.3877300000013406,0.0,-0.3719999999907131,-6.793000000158145,0.0,0.0,-0.7138671999999999,-5.0473633,-0.2890626,-1.5319336,52.19385648399368,-103.1692921264969,36.07649478248596,115.6205063669684,347.5359999999928
10.5614954,236.6693123,398.93999,22800.0,5.809549999999941,-0.5233499999988567,0.0,-0.5312500000087539,-6.780999999875803,0.0,0.0,-0.762207,-4.9360351,-0.2861329,-1.5432129,49.7737688963943,-104.35838788099332,36.076494098786775,115.62050506407382,346.3760000000184
10.6774105,236.6561385,398.93999,22800.0,5.795754999999936,-0.658690000000206,0.0,-0.6897500000002665,-6.767000000067469,0.0,0.0,-0.7275391,-4.871582,-0.2905274,-1.522705,47.32642606632651,-105.49077543458812,36.07647847405167,115.62047528877474,348.23199999998906
10.7929871,236.6402652,398.93999,22800.0,5.778830000000035,-0.7936649999990664,0.0,-0.8462499999950523,-6.748749999943016,0.0,0.0,-0.6874999,-4.8203125,-0.2915039,-1.5165526,44.85368478490763,-106.5657025638149,36.07649593789522,115.62050856877995,346.3759999999893
10.9081619,236.6217006,398.93999,22800.0,5.758740000000007,-0.9282300000009512,0.0,-1.004500000001407,-6.728250000094249,0.0,0.0,-0.7529296999999999,-4.7558593,-0.2851564,-1.5257814,42.35594928529644,-107.5828551181932,36.07648493983277,115.62048761028797,347.76799999998184
11.0228724,236.6004553,398.93999,22800.0,5.735525000000052,-1.0622649999987743,0.0,-1.1607499999977122,-6.701749999891149,0.0,0.0,-0.7143554999999999,-4.689453299999999,-0.2875978,-1.5073243,39.83567606096954,-108.54129875446093,36.07647919237108,115.620476657639,348.4640000000072
11.1370564,236.5765404,398.93999,22800.0,5.709199999999992,-1.195745000002546,0.0,-1.3162500000030164,-6.674000000188585,0.0,0.0,-0.6738280999999999,-4.6562501,-0.2924804,-1.5047609999999998,37.29346596895312,-109.44084630340056,36.07649467135365,115.6205061551886,347.3040000000037
11.2506516,236.5499693,398.93999,22800.0,5.679759999999945,-1.3285549999977777,0.0,-1.4720000000023603,-6.640499999761573,0.0,0.0,-0.7128905999999999,-4.6015625,-0.2895508,-1.5150148,34.73118703762508,-110.28075004419324,36.076489542223406,115.62049638084213,346.60800000000745
11.3635961,236.5207565,398.93999,22800.0,5.647225000000056,-1.4606400000019448,0.0,-1.626749999994459,-6.604250000208367,0.0,0.0,-0.6914062000000001,-4.5561522,-0.2832032,-1.5462890000000002,32.149980662546554,-111.06066517138412,36.07647461376178,115.6204679324228,347.0719999999856
11.4758288,236.4889175,398.93999,22800.0,5.611634999999904,-1.5919499999981213,0.0,-1.7795000000075945,-6.5654999998088215,0.0,0.0,-0.6484375,-4.5283204,-0.2875975999999999,-1.5427,29.551179918734466,-111.7802671514806,36.07649221022066,115.62050146511986,347.3039999999746
11.5872633,236.4544072,398.93999,22800.0,5.571725000000072,-1.7255149999996888,0.0,-1.9954999999916008,-6.678250000078378,0.0,0.0,-0.6523437999999999,-4.5522461,-0.2905273,-1.5247557,26.869271636461107,-112.4542303106639,36.07606400497301,115.61968549100008,346.60799999997835
11.6974987,236.4164107,398.93999,22800.0,5.511770000000027,-1.8998250000024088,0.0,-2.9977500000022417,-8.71550000013599,0.0,0.0,-0.6948241000000001,-4.5786132,-0.2861327999999999,-1.5350096,23.2793919463246,-113.2434503286254,36.0717440333677,115.61145761438377,346.60799999997835
11.8061102,236.37409690000004,398.93999,22800.0,5.430574999999926,-2.1156899999965617,0.0,-4.059750000005025,-10.793249999707657,0.0,0.0,-0.6103514999999999,-4.6127931,-0.2822266,-1.5237307000000002,18.766747804081508,-114.0725814607997,36.06887054216854,115.60598887718916,346.3760000000184
11.9132389,236.3280463,398.93999,22800.0,5.356435000000026,-2.302530000001468,0.0,-3.70699999999502,-9.34200000024532,0.0,0.0,-0.6293945000000001,-4.6674805,-0.2861327999999999,-1.5021974,14.84040109417613,-114.65605461885474,36.07228747848202,115.6124922549368,347.07200000001467
12.0194289,236.2797521,398.93999,22800.0,5.309499999999989,-2.4147100000007526,0.0,-2.3467500000018404,-5.608999999964226,0.0,0.0,-0.6967774,-4.6791992,-0.290039,-1.5083497,12.466341027695217,-114.94567175127216,36.076076350974205,115.61970901611024,345.9119999999821
12.1252349,236.2305981,398.93999,22800.0,5.290300000000059,-2.457699999999363,0.0,-0.9599999999965192,-2.1494999999305264,0.0,0.0,-0.6713867,-4.6357422,-0.2861329,-1.5350098,11.542221363424469,-115.04365116667788,36.07686478723078,115.62121149582616,346.14400000000023
12.2307935,236.1809144,398.93999,22800.0,5.27792999999992,-2.48418500000156,0.0,-0.6185000000069607,-1.324250000109828,0.0,0.0,-0.6210937,-4.604003799999999,-0.2832032,-1.5442382,10.965689248339237,-115.10007543946938,36.076885570129775,115.6212511040366,347.3040000000037
12.3361032,236.1307058,398.93999,22800.0,5.265485000000059,-2.5104299999995305,0.0,-0.622249999993052,-1.3122499998985404,0.0,0.0,-0.6582032,-4.6455078,-0.288086,-1.5334715,10.39234469841783,-115.15322547235502,36.07686845694905,115.62121848959112,346.8399999999965
12.4411618,236.07997370000004,398.93999,22800.0,5.252929999999978,-2.536604999997394,0.0,-0.6277500000040348,-1.3087499998931662,0.0,0.0,-0.6445313,-4.640624900000001,-0.2905274,-1.5221922,9.81917413609832,-115.2035275289148,36.07687474417797,115.62123047183184,346.8399999999965
12.5459665,236.028719,398.93999,22800.0,5.2402350000000375,-2.562735000002192,0.0,-0.6347499999970196,-1.3065000002399074,0.0,0.0,-0.5722657,-4.6723633,-0.2841798,-1.5278322,9.245350435412666,-115.25100640243188,36.07687938590375,115.62123931807244,347.07200000001467
12.6505147,235.97694310000003,398.93999,22800.0,5.227409999999999,-2.588794999998356,0.0,-0.641250000001925,-1.3029999998082076,0.0,0.0,-0.6601562000000001,-4.7568359,-0.2832031,-1.5119386,8.671389055177062,-115.29561167133755,36.07687956145723,115.6212396526439,346.3759999999893
12.7548037,235.9246475,398.93999,22800.0,5.214449999999982,-2.614780000001815,0.0,-0.6480000000008701,-1.2992500001729468,0.0,0.0,-0.6777344,-4.7221681,-0.291504,-1.5057864,8.097280189352457,-115.3373252410434,36.07686477012297,115.62121146322204,347.5359999999928
12.8588314,235.8718335,398.93999,22800.0,5.201384999999981,-2.6406999999991854,0.0,-0.6532500000000496,-1.2959999998685134,0.0,0.0,-0.6489258,-4.6577149,-0.291504,-1.5139893,7.523357648458592,-115.37621833579328,36.076883212343176,115.6212466105398,348.0
12.9625946,235.8185018,398.93999,22800.0,5.188159999999975,-2.666585000001476,0.0,-0.6612500000002797,-1.2942500001145163,0.0,0.0,-0.6201171000000001,-4.6245116,-0.2875976,-1.5427002,6.948325562801873,-115.41227021489954,36.07688020921503,115.621240887147,347.76799999998184
13.066091,235.7646547,398.93999,22800.0,5.174820000000047,-2.692354999997804,0.0,-0.6669999999964205,-1.2884999998163948,0.0,0.0,-0.6655273,-4.6030274,-0.2885742,-1.5334717,6.3740234606433415,-115.4453760870974,36.07686135454211,115.62120495379811,347.5360000000219
13.1693183,235.7102929,398.93999,22800.0,5.161365000000018,-2.718090000003315,0.0,-0.672750000001443,-1.2867500002755603,0.0,0.0,-0.6743164,-4.6293944,-0.2929688,-1.5170654,5.799332755706311,-115.47571337014328,36.0768831464932,115.62124648504224,347.07200000001467
13.2722732,235.6554175,398.93999,22800.0,5.147745000000015,-2.743769999999301,0.0,-0.6810000000001537,-1.2839999997993343,0.0,0.0,-0.6450196,-4.657226700000001,-0.2905273,-1.5298828,5.223730117758974,-115.5031451952974,36.07686333179696,115.62120872205556,346.8399999999965
13.3749542,235.6000306,398.93999,22800.0,5.134050000000023,-2.76934499999868,0.0,-0.6847499999995676,-1.278749999968909,0.0,0.0,-0.6440429,-4.6479492,-0.2836915,-1.5216799,4.649359921238779,-115.52773858148716,36.076888344247045,115.621256390984,347.5359999999928
13.4773576,235.544133,398.93999,22800.0,5.120169999999913,-2.7948799999990115,0.0,-0.6940000000055235,-1.276750000016591,0.0,0.0,-0.6767578,-4.6123046,-0.2875976999999999,-1.5088625,4.073542634955633,-115.54941283678734,36.07685573068975,115.62119423585416,348.23200000001816
13.5794822,235.4877266,398.93999,22800.0,5.106230000000078,-2.82032000000072,0.0,-0.696999999991732,-1.272000000085427,0.0,0.0,-0.6064453000000001,-4.6074222,-0.2919921,-1.5021974,3.4990662217791586,-115.56831011383368,36.076894782930246,115.6212686619189,344.98399999999674
13.6813242,235.4308121,398.93999,22800.0,5.092099999999977,-2.845725000000243,0.0,-0.7065000000050503,-1.2702499999761585,0.0,0.0,-0.5844729,-4.6508788,-0.2890624,-1.5324464,2.9229919921325607,-115.58427549891218,36.07687403842935,115.62122912681087,347.76800000001094
13.782881799999998,235.37339150000005,398.93999,22800.0,5.07787999999989,-2.8710299999985978,0.0,-0.711000000004347,-1.265249999917728,0.0,0.0,-0.6508789,-4.6469726,-0.2846681,-1.5416748999999998,2.3478377967517314,-115.59740019703212,36.07688005117022,115.62124058594362,345.2159999999858
13.8841518,235.3154659,398.93999,22800.0,5.063500000000154,-2.8962800000016387,0.0,-0.7189999999868135,-1.2625000001520448,0.0,0.0,-0.6806641,-4.6176756,-0.2924804,-1.5273192999999998,1.7718447581188663,-115.60761075801562,36.07685242345987,115.6211879329378,347.5359999999928
13.9851326,235.257037,398.93999,22800.0,5.049039999999927,-2.9214449999997782,0.0,-0.7230000000113534,-1.2582499999069796,0.0,0.0,-0.5888673,-4.7036133,-0.2944334999999999,-1.5268065,1.1967359797887145,-115.61503874972334,36.0768757114603,115.62123231528606,347.3040000000037
14.085821200000002,235.198106,398.93999,22800.0,5.034430000000079,-2.946550000000059,0.0,-0.7304999999924178,-1.25525000001403,0.0,0.0,-0.6230467,-4.7016603,-0.2880861,-1.5273195,0.6210212210707035,-115.61956361865155,36.07687524996904,115.62123143577236,348.0
14.186215,235.13867420000005,398.93999,22800.0,5.0196899999999545,-2.971589999998514,0.0,-0.7370000000062049,-1.2519999999227591,0.0,0.0,-0.6748046999999999,-4.6450196,-0.2856446,-1.5109132,0.0450986940142112,-115.62122074517065,36.07687425558479,115.6212295406673,346.14400000000023
14.2863119,235.0787437,398.93999,22800.0,5.004845000000024,-2.996525000001782,0.0,-0.7422499999965027,-1.246750000163388,0.0,0.0,-0.6254883,-4.645996200000001,-0.2934570999999999,-1.5011721,-0.5300888915441065,-115.62001456769582,36.076874351729806,115.6212297239012,345.679999999993
14.386109199999998,235.0183154,398.93999,22800.0,4.989864999999849,-3.021415000000616,0.0,-0.7490000000087704,-1.244499999941695,0.0,0.0,-0.6123048,-4.5996094,-0.2934569999999999,-1.5139893,-1.1058295691226665,-115.61595800410797,36.07688306818383,115.62124633579936,346.60800000000745
14.4856042,234.9573911,398.93999,22800.0,4.974750000000139,-3.0462149999991084,0.0,-0.7557499999855111,-1.2399999999246347,0.0,0.0,-0.6157228,-4.581542799999999,-0.2875975999999999,-1.5457764,-1.6815364302268732,-115.6089831436376,36.076864788386885,115.62121149802948,347.76799999998184
14.5847951,234.89597250000003,398.93999,22800.0,4.95954499999991,-3.070929999998384,0.0,-0.7602500000114532,-1.2357499999637866,0.0,0.0,-0.6870117,-4.6235351,-0.2915039999999999,-1.5380858,-2.256519021659669,-115.59922366977098,36.07688258465173,115.62124541427865,347.3040000000037
14.683678600000002,234.8340604,398.93999,22800.0,4.944175000000151,-3.095605000001456,0.0,-0.7684999999879594,-1.2337500001535773,0.0,0.0,-0.6157227,-4.6577148,-0.2958984999999999,-1.5211668,-2.832619586276711,-115.58652645986872,36.07687451036558,115.62123002623042,348.23199999998906
14.782252799999998,234.7716568,398.93999,22800.0,4.928709999999814,-3.1201800000005164,0.0,-0.773250000016823,-1.2287499999530382,0.0,0.0,-0.6010744,-4.6015625,-0.2915039,-1.5273193,-3.407885129130233,-115.5710135245623,36.07688362162567,115.62124739055496,347.0719999999856
14.8805152,234.70876360000003,398.93999,22800.0,4.9131200000001485,-3.144659999998112,0.0,-0.7794999999832797,-1.2239999998797657,0.0,0.0,-0.6420899,-4.5908202000000005,-0.2875978,-1.5211672,-3.982891122837739,-115.5526083159744,36.0768742324983,115.62122949666887,348.0
14.978464499999998,234.6453841,398.93999,22800.0,4.897464999999812,-3.16897500000124,0.0,-0.7827500000168186,-1.2157500001563903,0.0,0.0,-0.6777345,-4.6123046,-0.2910157,-1.5073244,-4.555739685430281,-115.53142401680996,36.07686513138748,115.62121215172124,346.8399999999965
15.0761829,234.5816468,398.93999,22800.0,4.885920000000166,-3.1868650000006937,0.0,-0.5772499999823211,-0.8944999999727088,0.0,0.0,-0.6127929,-4.6479491,-0.2958984999999999,-1.5062989999999998,-4.9769097209348825,-115.51423838763516,36.0769654273711,115.62140329820316,348.0
15.1738339,234.5178007,398.93999,22800.0,4.882549999999952,-3.192304999998896,0.0,-0.168500000010674,-0.2719999999101219,0.0,0.0,-0.5922851,-4.7324218,-0.2910156999999999,-1.5385986,-5.102440870447332,-115.50921232563792,36.0772017070972,115.62185362173416,346.8399999999965
15.2713025,234.4536755,398.93999,22800.0,4.873430000000045,-3.206260000000327,0.0,-0.455999999995349,-0.6977500000715509,0.0,0.0,-0.6611328000000001,-4.6884765,-0.2885741999999999,-1.5519286,-5.432311749230813,-115.49424905278218,36.07724377349386,115.62193379807704,348.0
15.368218599999995,234.388728,398.93999,22800.0,4.845804999999803,-3.247375000000829,0.0,-1.381250000012102,-2.055750000025114,0.0,0.0,-0.6025391000000001,-4.6157226,-0.2929686999999999,-1.5298827000000002,-6.414814451062661,-115.44304914923336,36.076825970753205,115.62113751954644,347.5360000000219
15.4641187,234.3223007,398.93999,22800.0,4.795005000000163,-3.321364999999332,0.0,-2.539999999982001,-3.6994999999251377,0.0,0.0,-0.5517576,-4.597168000000001,-0.2939451999999999,-1.5227049,-8.192611924514525,-115.32957374234628,36.07633133845476,115.62019490442395,346.60800000000745
15.558608800000002,234.253882,398.93999,22800.0,4.724505000000079,-3.42093500000118,0.0,-3.525000000004219,-4.978500000092367,0.0,0.0,-0.5820312000000001,-4.5908204,-0.2885744,-1.5303957,-10.602776154065454,-115.13306476105052,36.076358556640685,115.62024677125316,348.0
15.6514919,234.1832946,398.93999,22800.0,4.644154999999905,-3.5293699999982664,0.0,-4.017500000008667,-5.421749999854342,0.0,0.0,-0.65625,-4.616211,-0.2871095,-1.5216799,-13.263073260271874,-114.85723316154976,36.07647578681428,115.62047016784678,348.23199999998906
15.742703,234.1105594,398.93999,22800.0,4.560555000000033,-3.6367600000005496,0.0,-4.179999999993633,-5.369500000114158,0.0,0.0,-0.5854494,-4.5996094,-0.2905274,-1.5114259,-15.93903373044804,-114.5165649651369,36.07648333415322,115.62048455042375,347.3039999999746
15.8321925,234.0357159,398.93999,22800.0,4.474474999999956,-3.7421749999992926,0.0,-4.30400000000386,-5.270749999937152,0.0,0.0,-0.590332,-4.5444336,-0.291504,-1.5257812000000002,-18.60631709033576,-114.11357557938192,36.07649858269788,115.62051360886367,348.23200000001816
15.919911099999998,233.958805,398.93999,22800.0,4.385929999999938,-3.8455450000014935,0.0,-4.427250000000882,-5.168500000110043,0.0,0.0,-0.5834961,-4.584961,-0.2856447,-1.5503905000000002,-21.26391435749218,-113.64830539374384,36.07647181743248,115.62046260360847,348.4640000000072
16.005811700000002,233.8798685,398.93999,22800.0,4.2950300000002,-3.946824999998455,0.0,-4.544999999986921,-5.063999999848079,0.0,0.0,-0.6298828000000001,-4.6049805,-0.2861329999999999,-1.5437254,-23.90938206678776,-113.12134794728055,36.07648665765739,115.62049088386256,346.8399999999965
16.0898472,233.7989491,398.93999,22800.0,4.201774999999941,-4.045970000001375,0.0,-4.662750000012927,-4.9572500001460185,0.0,0.0,-0.5522462,-4.6430664,-0.2929686999999999,-1.5232176000000002,-26.542264015210986,-112.53270892660149,36.076496745103576,115.620510107041,347.76799999998184
16.171972099999998,233.7160914,398.93999,22800.0,4.106244999999831,-4.1428849999988415,0.0,-4.776500000005512,-4.845749999873306,0.0,0.0,-0.4833983,-4.681640799999999,-0.2900391999999999,-1.5385985,-29.16021762328671,-111.88289233348102,36.076491142963725,115.62049943129786,347.3040000000037
16.252141200000004,233.6313402,398.93999,22800.0,4.008455000000311,-4.237560000001395,0.0,-4.88949999997601,-4.733750000127657,0.0,0.0,-0.4814452,-4.647461,-0.2822267,-1.5206545,-31.762887103399176,-111.17199290602468,36.07647551905119,115.6204696575848,348.0
16.3303114,233.54474170000003,398.93999,22800.0,3.908509999999765,-4.329924999997559,0.0,-4.997250000027265,-4.618249999808199,0.0,0.0,-0.5297851,-4.5732421,-0.2851563,-1.501172,-34.347740966198415,-110.4007701799243,36.07648541765827,115.62048852085655,348.23200000001816
16.4064397,233.4563427,398.93999,22800.0,3.8064150000000296,-4.419950000001904,0.0,-5.10474999998678,-4.501250000217283,0.0,0.0,-0.5405273,-4.6079101,-0.2890625999999999,-1.5027101000000005,-36.914433988794194,-109.56927023354862,36.076492339978245,115.6205017123929,348.92800000001444
16.480485,233.366192,398.93999,22800.0,3.7022650000000814,-4.507534999999052,0.0,-5.207499999997367,-4.379249999857393,0.0,0.0,-0.4824218,-4.6376953,-0.2846681999999999,-1.5360351,-39.46046391515745,-108.67826587123582,36.076477065214334,115.6204726040266,349.85599999999977
16.5524069,233.2743382,398.93999,22800.0,3.596094999999977,-4.592690000002619,0.0,-5.308500000005267,-4.257750000178362,0.0,0.0,-0.4731444999999999,-4.5595705,-0.2802735999999999,-1.5416748,-41.98526833617828,-107.72805852929493,36.07648538577588,115.62048846009986,346.8400000000256
16.6221663,233.18083140000005,398.93999,22800.0,3.4879699999999403,-4.675339999995742,0.0,-5.406250000001833,-4.132499999656147,0.0,0.0,-0.4296873,-4.5986327,-0.2856448,-1.5227051,-44.48713309119885,-106.71923242459944,36.076490442266106,115.62049809601116,348.92799999998533
16.689724899999998,233.0857224,398.93999,22800.0,3.377929999999907,-4.755450000003236,0.0,-5.502000000001672,-4.005500000374696,0.0,0.0,-0.5351560999999999,-4.6337891,-0.2875979999999999,-1.5196289,-46.9651025349755,-105.6521527356456,36.07648738739937,115.62049227449668,347.3040000000037
16.7550464,232.9890632,398.93999,22800.0,3.266075000000157,-4.83295999999882,0.0,-5.59274999998749,-3.875499999779208,0.0,0.0,-0.5053711,-4.6791993000000005,-0.2841798,-1.5227053000000002,-49.417006276204354,-104.52779353582564,36.076491692196704,115.62050047794555,347.3040000000037
16.8180947,232.8909062,398.93999,22800.0,3.15241499999992,-4.907850000002156,0.0,-5.683000000011873,-3.744500000166795,0.0,0.0,-0.4785157000000001,-4.5888673,-0.2807617999999999,-1.5052735,-51.8425517283921,-103.3462521828391,36.076486879423776,115.62049130647208,348.23200000001816
16.878835900000002,232.7913052,398.93999,22800.0,3.0370600000001247,-4.980049999998926,0.0,-5.767749999989746,-3.6099999998384646,0.0,0.0,-0.4150389,-4.6308594,-0.2856445999999999,-1.4991213,-54.23940763219447,-102.10866744587372,36.07647620897171,115.62047097232994,349.1600000000035
16.937237,232.6903139,398.93999,22800.0,2.920054999999877,-5.049564999998779,0.0,-5.85025000001238,-3.475749999992672,0.0,0.0,-0.4301757999999999,-4.6767578,-0.2851564,-1.5150146000000002,-56.6067964118625,-100.8155512866799,36.07650224550224,115.62052058891292,347.3040000000037
16.9932655,232.5879878,398.93999,22800.0,2.801425000000002,-5.116305000001376,0.0,-5.931499999993761,-3.3370000001298195,0.0,0.0,-0.413086,-4.5932616,-0.2807619,-1.5375732,-58.94387885173677,-99.4671212802876,36.076466591677686,115.6204526451772,347.76800000001094
17.046892,232.4843823,398.93999,22800.0,2.681325000000001,-5.180274999997891,0.0,-6.005000000000038,-3.198499999825799,0.0,0.0,-0.4448242999999999,-4.6176757,-0.2812500999999999,-1.5283447,-61.247975970487,-98.0652121644029,36.07649229710047,115.62050163068272,347.5359999999928
17.0980862,232.3795539,398.93999,22800.0,2.5597100000000594,-5.241420000002961,0.0,-6.0807499999970815,-3.057250000253476,0.0,0.0,-0.4448245,-4.650390700000001,-0.2851565,-1.5139893,-63.51966453589966,-96.60923156870646,36.07647189544385,115.62046275227054,348.6959999999963
17.1468211,232.2735596,398.93999,22800.0,2.436744999999973,-5.299714999998173,0.0,-6.148250000004296,-2.914749999760602,0.0,0.0,-0.4272460999999999,-4.6904297,-0.2827149999999999,-1.5221925,-65.7560434538661,-95.10121118674724,36.07648599426793,115.62048961967348,348.0
17.193069700000002,232.166457,398.93999,22800.0,2.3124300000000986,-5.3551300000009405,0.0,-6.215749999993747,-2.770750000138378,0.0,0.0,-0.4003905,-4.6499022,-0.2788088,-1.5150148,-67.95703096409697,-93.54112552300818,36.07649189823925,115.6205008705913,347.0719999999856
17.2366702,232.0582615,398.93999,22800.0,2.18002499999983,-5.409774999998263,0.0,-6.620250000013428,-2.7322499998660987,0.0,0.0,-0.3964843999999999,-4.591797,-0.2807619,-1.5047609000000002,-70.23589076209495,-91.84027356747396,36.075620353426174,115.61884016064764,348.92800000001444
17.276797,231.9487841,398.93999,22800.0,2.006339999999973,-5.473870000000147,0.0,-8.684249999992844,-3.2047500000942364,0.0,0.0,-0.3837889,-4.677734500000001,-0.2841798,-1.5062989000000002,-73.12594951365536,-89.54656704897083,36.07170548346195,115.61138422547106,347.76799999998184
17.313007,231.837969,398.93999,22800.0,1.810500000000026,-5.540755000001241,0.0,-9.791999999997358,-3.3442500000546715,0.0,0.0,-0.3510742,-4.6547851,-0.2807619,-1.5365478,-76.26174487173928,-86.88791132175818,36.07027563209192,115.60866258520582,348.23199999998906
17.3458379,231.7260678,398.93999,22800.0,1.641545000000022,-5.595059999998853,0.0,-8.447750000000198,-2.715249999880598,0.0,0.0,-0.3989257,-4.6411134,-0.275879,-1.5421876,-78.86427585278585,-84.54019035968112,36.07312653853077,115.6140899364581,347.07200000001467
17.376393200000003,231.6134849,398.93999,22800.0,1.5277650000001586,-5.629145000000335,0.0,-5.688999999993172,-1.7042500000741256,0.0,0.0,-0.4257813,-4.696289,-0.279297,-1.5257812000000002,-80.562958589283,-82.93075869215927,36.07603985923851,115.61963948186173,347.3040000000037
17.4057892,231.5005831,398.93999,22800.0,1.4697999999999212,-5.6450900000001525,0.0,-2.8982500000118705,-0.7972499999908678,0.0,0.0,-0.4501953999999999,-4.7416993,-0.2812500999999999,-1.5206542,-81.41163080628667,-82.09993080712174,36.07683692552311,115.62115839703952,347.3040000000037
17.434427399999997,231.3874863,398.93999,22800.0,1.431909999999803,-5.654839999999695,0.0,-1.894500000005905,-0.4874999999771034,0.0,0.0,-0.4194335999999999,-4.6416015,-0.2778321,-1.5165529000000002,-81.96038103228591,-81.55220142496073,36.07686721165919,115.62121611631171,349.1600000000035
17.4623213,231.27420350000003,398.93999,22800.0,1.3946950000001124,-5.664139999998952,0.0,-1.8607499999845345,-0.4649999999628562,0.0,0.0,-0.4243164,-4.649414,-0.2768556,-1.4950195,-82.4948658824589,-81.01152427364673,36.076877072917085,115.62123490996164,347.3040000000037
17.489469500000002,231.16074,398.93999,22800.0,1.3574100000001366,-5.673175000002573,0.0,-1.8642499999987905,-0.4517500001810504,0.0,0.0,-0.4096679,-4.6752929,-0.2822266999999999,-1.4924562,-83.02591831975168,-80.46711353093662,36.07685327168716,115.62118954948838,349.85599999999977
17.5158705,231.0471003,398.93999,22800.0,1.3200499999998172,-5.681984999998235,0.0,-1.868000000015968,-0.4404999997831282,0.0,0.0,-0.4096679,-4.6757811,-0.2807619,-1.5057862,-83.55361035618208,-79.9190477801514,36.07685447159241,115.62119183626685,348.6959999999963
17.541523700000003,230.9332895,398.93999,22800.0,1.282660000000213,-5.69054000000051,0.0,-1.8694999999802064,-0.4277500001137468,0.0,0.0,-0.3920898999999999,-4.6826171,-0.2778321,-1.5309082,-84.07730580433696,-79.36791092794468,36.07685137367509,115.62118593225964,348.6959999999963
17.566428,230.8193122,398.93999,22800.0,1.2452149999997886,-5.698865000002229,0.0,-1.872250000021225,-0.4162500000859381,0.0,0.0,-0.3564451999999999,-4.7573242,-0.2778323,-1.5252685,-84.59735828448896,-78.8134187988019,36.0768726467341,115.62122647450828,346.8399999999965
17.590582,230.7051738,398.93999,22800.0,1.2077000000001448,-5.70691999999724,0.0,-1.8757499999821905,-0.4027499997505401,0.0,0.0,-0.3247071,-4.7319336,-0.2812500999999999,-1.5104004,-85.11397749505484,-78.25516105126566,36.07685309775879,115.62118921801586,348.0
17.6139851,230.590879,398.93999,22800.0,1.1701549999999727,-5.714740000000518,0.0,-1.8772500000086008,-0.3910000001638991,0.0,0.0,-0.3261718,-4.6689454,-0.2797851999999999,-1.5160402,-85.62660879021907,-77.69392284541492,36.07685850693708,115.62119952682772,348.92799999998533
17.6366358,230.4764326,398.93999,22800.0,1.13253499999999,-5.72231999999957,0.0,-1.8809999999991327,-0.3789999999526117,0.0,0.0,-0.3403318999999999,-4.696288999999999,-0.2763673,-1.5037354,-86.13586732468328,-77.12896977452233,36.07686721628761,115.6212161251326,348.0
17.6585335,230.3618398,398.93999,22800.0,1.094885000000012,-5.729639999999847,0.0,-1.882499999998899,-0.3660000000138552,0.0,0.0,-0.3378906,-4.6708984,-0.2778322,-1.4914307,-86.64114635659202,-76.5609259972817,36.07686270823907,115.62120753367716,347.5360000000219
17.679676699999998,230.2471055,398.93999,22800.0,1.0571599999998682,-5.7367150000004585,0.0,-1.886250000007195,-0.3537500000305726,0.0,0.0,-0.3437498,-4.7070314,-0.2817383999999999,-1.4924562,-87.14304726871792,-75.98913972450042,36.076854566234296,115.62119201663532,348.4640000000072
17.700065000000002,230.1322345,398.93999,22800.0,1.0194150000002011,-5.743549999999686,0.0,-1.8872499999833536,-0.3417499999613937,0.0,0.0,-0.3642579,-4.784668,-0.2807618999999999,-1.5278319000000002,-87.64083141215006,-75.41451989388568,36.07686613434214,115.6212140631562,347.76800000001094
17.7196974,230.017232,398.93999,22800.0,0.9816199999999498,-5.750125000000139,0.0,-1.8897500000125689,-0.3287500000226373,0.0,0.0,-0.3676758,-4.7456055,-0.2783203999999999,-1.5360352,-88.13490878514664,-74.83648572320283,36.07685842058108,115.62119936225042,348.4640000000072
17.738573,229.9021027,398.93999,22800.0,0.943779999999883,-5.756465000001754,0.0,-1.892000000003336,-0.3170000000807249,0.0,0.0,-0.381836,-4.6953126,-0.2807617999999999,-1.5186035,-88.62520004657931,-74.25524349454041,36.07687096365216,115.6212232668799,347.5359999999928
17.756690900000002,229.786852,398.93999,22800.0,0.9058950000001786,-5.762534999998081,0.0,-1.8942499999852205,-0.3034999998163812,0.0,0.0,-0.3916017,-4.7626955,-0.2832032999999999,-1.5098878,-89.11172330847565,-73.67061156800641,36.07685047380981,115.62118421729818,346.60799999997835
17.7740507,229.6714845,398.93999,22800.0,0.8679899999998852,-5.768375000000958,0.0,-1.89525000001467,-0.2920000001438438,0.0,0.0,-0.4086915,-4.6821288,-0.2783204,-1.5165529000000002,-89.59413442368395,-73.08320764170362,36.07686391264315,115.62120982903404,345.2160000000149
17.7906513,229.5560054,398.93999,22800.0,0.8300300000000149,-5.773954999999376,0.0,-1.897999999993516,-0.2789999999208703,0.0,0.0,-0.4248048,-4.7197265,-0.2768556,-1.4986084,-90.07290092082071,-72.49230113958203,36.076857201704165,115.62119703931384,346.60800000000745
17.806492,229.4404195,398.93999,22800.0,0.7920349999999132,-5.779295000002094,0.0,-1.8997500000050849,-0.2670000001359085,0.0,0.0,-0.4135743,-4.741210799999999,-0.2807617999999999,-1.4955324,-90.54775217283496,-71.89832765043859,36.07686568289222,115.62121320278108,347.5359999999928
17.821572,229.32473200000004,398.93999,22800.0,0.7540000000000546,-5.784374999996089,0.0,-1.90174999999293,-0.2539999996997721,0.0,0.0,-0.4194338,-4.8012695,-0.2822266999999999,-1.5062989,-91.01876496404246,-71.30109299800064,36.07685773150744,115.62119804901324,347.5359999999928
17.835890900000003,229.2089477,398.93999,22800.0,0.7159450000001399,-5.789215000001491,0.0,-1.9027499999957345,-0.2420000002700817,0.0,0.0,-0.4125976999999999,-4.7280273,-0.2783203999999999,-1.5319336,-91.48567521250273,-70.70104094620524,36.07686799166233,115.62121760284538,348.23199999998906
17.8494482,229.0930719,398.93999,22800.0,0.6778649999999331,-5.793790000001309,0.0,-1.9040000000103416,-0.2287499999908959,0.0,0.0,-0.4023437,-4.6835938,-0.2788087999999999,-1.517578,-91.94856871538802,-70.09794407070247,36.07685685440346,115.62119637742798,346.60799999997835
17.8622431,228.9771094,398.93999,22800.0,0.6397449999999694,-5.798125000001164,0.0,-1.905999999998187,-0.2167499999927713,0.0,0.0,-0.3808592,-4.7587893,-0.2832033,-1.5073242,-92.4076072720094,-69.49170131595065,36.07685998979982,115.62120235286962,347.07200000001467
17.874274800000002,228.86106520000004,398.93999,22800.0,0.6015850000000711,-5.802209999995966,0.0,-1.907999999994913,-0.2042499997401137,0.0,0.0,-0.3837891,-4.710937599999999,-0.2822267,-1.5134767,-92.86279524145608,-68.88225284758217,36.07686240388221,115.62120695363303,347.3040000000037
17.8855431,228.7449443,398.93999,22800.0,0.5634149999998783,-5.806045000002769,0.0,-1.9085000000096384,-0.1917500003401073,0.0,0.0,-0.3710938,-4.6918945,-0.2778322,-1.5006592,-93.3137722945719,-68.27009810269077,36.076868978335206,115.6212194832516,346.3759999999893
17.896047499999998,228.6287519,398.93999,22800.0,0.5252199999999263,-5.809619999999427,0.0,-1.9097499999976009,-0.1787499998329167,0.0,0.0,-0.3691405,-4.7993164,-0.2788086999999999,-1.4939942,-93.76073004513084,-67.65492382871413,36.076861767285166,115.62120574040478,346.60800000000745
17.9057876,228.5124931,398.93999,22800.0,0.4870050000000958,-5.8129400000012765,0.0,-1.910749999991524,-0.166000000092481,0.0,0.0,-0.3554685999999999,-4.7460938,-0.2822268,-1.5016846,-94.20360545395702,-67.03684338867086,36.07684914009776,115.621181675513,347.3040000000037
17.9147629,228.3961728,398.93999,22800.0,0.4487649999999732,-5.816014999997776,0.0,-1.912000000006131,-0.1537499998249814,0.0,0.0,-0.3613282,-4.7348632,-0.2817383999999999,-1.5252685,-94.64244604220836,-66.41583854966167,36.07684585230118,115.62117540964132,346.3760000000184
17.922972899999998,228.2797956,398.93999,22800.0,0.4104999999999137,-5.818860000000825,0.0,-1.913250000002975,-0.142250000152444,0.0,0.0,-0.3598633,-4.7451172,-0.2788088999999999,-1.5324463,-95.07723252210089,-65.79201313683669,36.076875199901146,115.62123134035258,346.3759999999893
17.9304172,228.163367,398.93999,22800.0,0.3722150000001534,-5.821429999998884,0.0,-1.914249999988016,-0.1284999999029423,0.0,0.0,-0.3559569999999999,-4.6787108,-0.2817383999999999,-1.5134766000000002,-95.50795658340994,-65.16514716357202,36.07686848093514,115.62121853530395,346.60800000000745
17.9370958,228.0468922,398.93999,22800.0,0.3339300000000378,-5.823740000003852,0.0,-1.91425000000578,-0.115500000248403,0.0,0.0,-0.3574219,-4.7465821,-0.2836915999999999,-1.5073243,-95.93437834257271,-64.53567522566836,36.07685066668069,115.62118458487107,347.3039999999746
17.9430082,227.93037590000003,398.93999,22800.0,0.2956199999999853,-5.825814999995771,0.0,-1.915500000002624,-0.1037499995959478,0.0,0.0,-0.3583983,-4.7465821,-0.2802736,-1.5160402,-96.35674926757814,-63.90335197803908,36.07685792473311,115.62119841726287,345.9120000000112
17.948154,227.8138232,398.93999,22800.0,0.2572899999998768,-5.827635000002829,0.0,-1.916500000005428,-0.0910000003528921,0.0,0.0,-0.3588867,-4.7358398,-0.2792971,-1.4965576,-96.7750342097345,-63.2681217168843,36.07686007683037,115.62120251873256,345.2160000000149
17.952533199999998,227.6972389,398.93999,22800.0,0.2189599999999458,-5.829214999998555,0.0,-1.916499999996546,-0.0789999997863333,0.0,0.0,-0.3461914,-4.6884766,-0.2802734999999999,-1.4919435,-97.18899574032316,-62.63043276500412,36.07688170014816,115.6212437285824,347.0719999999856
17.9561457,227.5806289,398.93999,22800.0,0.1806250000001341,-5.830499999999006,0.0,-1.9167499999905857,-0.0642500000225254,0.0,0.0,-0.347168,-4.7392578,-0.2807618999999999,-1.5021973,-97.59876076146747,-61.98979200219472,36.07683725585275,115.62115902657926,345.448000000004
17.958991,227.4639972,398.93999,22800.0,0.1422650000000302,-5.831585000001383,0.0,-1.918000000005193,-0.0542500001188273,0.0,0.0,-0.3334961,-4.7177735,-0.2773439999999999,-1.5262941,-98.00442037550536,-61.34656969545135,36.07687268092515,115.62122653966976,347.0719999999856
17.961069199999997,227.3473494,398.93999,22800.0,0.1039099999998072,-5.832390000000487,0.0,-1.9177500000111536,-0.0402499999552219,0.0,0.0,-0.3325196,-4.703125,-0.277344,-1.5191161999999998,-98.40575791442394,-60.700673530604185,36.07686571760551,115.62121326893782,346.8399999999965
17.9623803,227.2306906,398.93999,22800.0,0.065555000000117,-5.832940000000519,0.0,-1.917749999984508,-0.0275000000016234,0.0,0.0,-0.3100585999999999,-4.784668,-0.2807617999999999,-1.5083495999999998,-98.80279669104932,-60.05220581854213,36.07685459867738,115.62119207846531,346.3759999999893
17.962924100000002,227.114026,398.93999,22800.0,0.0271900000001323,-5.8332299999975135,0.0,-1.918249999999233,-0.0144999998497041,0.0,0.0,-0.2978515,-4.7631836,-0.2802735999999999,-1.5150148,-99.19564680452562,-59.400955323313305,36.07683140978633,115.6211478851964,344.28800000000047
17.9627005,226.9973596,398.93999,22800.0,-0.0111800000000883,-5.833320000002118,0.0,-1.9185000000110364,-0.0045000002302231,0.0,0.0,-0.263672,-4.6640625,-0.2763674,-1.4986083999999995,-99.58417321234762,-58.74749126849204,36.07688915045235,115.62125792746072,346.60800000000745
17.9617097,226.8806975,398.93999,22800.0,-0.0495400000000145,-5.83310499999925,0.0,-1.9179999999963115,0.0107500001433891,0.0,0.0,-0.1547851,-4.7021484,-0.2763673,-1.4852785000000002,-99.96836795593742,-58.091223388184574,36.07686541973681,115.6212127012585,345.9119999999821
17.9599516,226.7640444,398.93999,22800.0,-0.0879049999999992,-5.832654999998965,0.0,-1.918249999999233,0.0225000000142472,0.0,0.0,-0.0317383,-4.7045898,-0.2807619,-1.5032226999999998,-100.34828607943363,-57.43246189314231,36.07686853221364,115.62121863303076,345.679999999993
17.9574264,226.6474056,398.93999,22800.0,-0.1262600000000446,-5.831940000000202,0.0,-1.917750000002272,0.0357499999381616,0.0,0.0,0.0966796,-4.7294921,-0.2788087999999999,-1.531421,-100.72382056099342,-56.77121468934654,36.07685184865646,115.62118683747836,344.5199999999895
17.9541344,226.5307856,398.93999,22800.0,-0.1645999999999148,-5.831000000000586,0.0,-1.9169999999935072,0.0469999999808123,0.0,0.0,0.1816405,-4.702636699999999,-0.2758791,-1.5303955,-101.09486947020544,-56.10790689925837,36.07687681811829,115.62123442436392,345.6800000000221
17.9500748,226.4141902,398.93999,22800.0,-0.2029800000000747,-5.829770000001133,0.0,-1.9190000000079976,0.0614999999726251,0.0,0.0,0.2607423,-4.7714844,-0.2788088,-1.5119384,-101.4620476150403,-55.44104090591728,36.07684567045728,115.62117506308392,346.3760000000184
17.945249,226.2976237,398.93999,22800.0,-0.2412899999999496,-5.828325000000234,0.0,-1.9154999999937417,0.0722500000449599,0.0,0.0,0.3076173,-4.7363282,-0.2817383999999999,-1.5073243,-101.8242045023855,-54.77314729958991,36.076868735205416,115.62121901989356,344.5199999999895
17.9396563,226.1810917,398.93999,22800.0,-0.2796350000000558,-5.826600000000326,0.0,-1.9172500000053103,0.0862499999954025,0.0,0.0,0.3481443999999999,-4.663086,-0.2773439,-1.5124513,-102.1824218489721,-54.10186103293229,36.07685152290509,115.6211862166619,345.2160000000149
17.9332978,226.0645989,398.93999,22800.0,-0.3179250000000522,-5.824639999997316,0.0,-1.9144999999998191,0.0980000001504777,0.0,0.0,0.3920898,-4.7099609,-0.2758791,-1.4934815,-102.5358004277914,-53.42912043925057,36.07685737296727,115.62119736570718,345.2160000000149
17.9261732,225.9481503,398.93999,22800.0,-0.3562299999998686,-5.822430000000622,0.0,-1.91524999999082,0.1104999998347011,0.0,0.0,0.4453126,-4.6977539,-0.2783202999999999,-1.4898927,-102.88500503213642,-52.75359604480948,36.0768684367629,115.62121845112028,346.3759999999893
17.918282299999998,225.8317516,398.93999,22800.0,-0.3945450000001571,-5.819934999999532,0.0,-1.9157500000144267,0.1247500000545187,0.0,0.0,0.4736327999999999,-4.7363281,-0.2792969999999999,-1.4996338,-103.23003019825444,-52.07504743415889,36.07683109599404,115.62114728717415,345.9120000000112
17.9096265,225.7154066,398.93999,22800.0,-0.4327899999998053,-5.817250000001195,0.0,-1.9122499999824072,0.1342499999168467,0.0,0.0,0.5180663,-4.8061524,-0.2758789999999999,-1.524756,-103.57003341160068,-51.39572923376279,36.076883522244856,115.6212472011539,345.2159999999858
17.9002056,225.5991212,398.93999,22800.0,-0.4710450000001032,-5.814270000000477,0.0,-1.912750000014896,0.1490000000359259,0.0,0.0,0.5336914,-4.6870117,-0.2773439,-1.5160399999999998,-103.90587097812862,-50.71328991505606,36.0768721617424,115.62122555020784,346.3759999999893
17.8900203,225.4829005,398.93999,22800.0,-0.5092649999999921,-5.811034999999265,0.0,-1.910999999994445,0.1617500000605787,0.0,0.0,0.5668944,-4.7260741,-0.2812502,-1.5083496,-104.23709346587174,-50.02887109062457,36.076853553003424,115.6211900856206,344.7519999999786
17.8790706,225.36674950000003,398.93999,22800.0,-0.5474850000000586,-5.807549999998685,0.0,-1.9110000000033267,0.1742500000290192,0.0,0.0,0.5698242,-4.7338868000000005,-0.2807617999999999,-1.5160402000000002,-104.563991599842,-49.34192246760522,36.07684006375246,115.62116437785512,345.2160000000149
17.8673795,225.2506702,398.93999,22800.0,-0.5845550000000088,-5.803965000001199,0.0,-1.85349999999751,0.1792499998742869,0.0,0.0,0.5888674,-4.6811524,-0.2773439,-1.507837,-104.87686778011768,-48.67356536311447,36.07688478425879,115.62124960631442,344.7520000000077
17.855076500000003,225.1346537,398.93999,22800.0,-0.6151499999997867,-5.800825000000032,0.0,-1.5297499999888942,0.1570000000583604,0.0,0.0,0.5844728,-4.725585799999999,-0.2792971,-1.4950195999999998,-105.13202422667804,-48.12012442358574,36.07692002770913,115.62131677394176,344.98399999999674
17.8423058,225.0186872,398.93999,22800.0,-0.6385350000002177,-5.798324999999238,0.0,-1.1692500000215489,0.1250000000396767,0.0,0.0,0.6040038999999999,-4.802734200000001,-0.2832032999999999,-1.4991212,-105.3251612633144,-47.69610005903012,36.076962376263374,115.6213974832695,345.679999999993
17.8291437,224.9027645,398.93999,22800.0,-0.6581049999999422,-5.796135000002778,0.0,-0.9784999999862264,0.109499999823015,0.0,0.0,0.6040039,-4.7958984,-0.2807617999999999,-1.5180909,-105.48557272157434,-47.34026333612805,36.07696017334852,115.621393284861,345.9120000000112
17.815605299999998,224.7868856,398.93999,22800.0,-0.6769200000000808,-5.793944999997791,0.0,-0.9407500000069292,0.1095000002493407,0.0,0.0,0.6010743,-4.7045897000000005,-0.2773439,-1.5237304,-105.63874837194614,-46.99729802137801,36.07692521563202,115.62132666122446,344.28800000000047
17.8016536,224.6710558,398.93999,22800.0,-0.6975849999998118,-5.791490000001431,0.0,-1.033249999986552,0.1227499998179837,0.0,0.0,0.6245117,-4.7524414,-0.2817382999999999,-1.509375,-105.80573864625292,-46.62010964531392,36.07692016675826,115.62131703894518,343.35999999998603
17.787208800000002,224.5552867,398.93999,22800.0,-0.7222399999999851,-5.788454999999715,0.0,-1.2327500000086644,0.1517500000858263,0.0,0.0,0.6416014999999999,-4.7509764,-0.2836915999999999,-1.5109131000000002,-106.00331316781757,-46.16902005222521,36.076901699436014,115.62128184351349,343.5920000000042
17.7721577,224.4395955,398.93999,22800.0,-0.7525550000000436,-5.784559999999317,0.0,-1.5157500000029245,0.1947500000198943,0.0,0.0,0.6630858,-4.7177734,-0.2802736,-1.5145021,-106.24377349256504,-45.6127162944905,36.076852865204366,115.62118877481387,346.14400000000023
17.7563633,224.3240033,398.93999,22800.0,-0.7897200000000382,-5.779609999999025,0.0,-1.858249999999728,0.247500000014611,0.0,0.0,0.6811522999999999,-4.7529298,-0.2788088999999999,-1.4919434,-106.53474828105328,-44.92895660626272,36.076862938528656,115.62120797256368,344.7520000000077
17.739674599999997,224.2085371,398.93999,22800.0,-0.8344350000001555,-5.77331000000072,0.0,-2.235750000005865,0.3149999999152442,0.0,0.0,0.7104492,-4.7973631,-0.2807617999999999,-1.4868165,-106.87935898378396,-44.10280095368015,36.07684182606935,115.62116773646812,345.448000000004
17.7219778,224.0932214,398.93999,22800.0,-0.884839999999798,-5.765784999999823,0.0,-2.520249999982127,0.3762500000448199,0.0,0.0,0.7314454,-4.7666016,-0.2817383999999999,-1.5006593,-107.26059011411232,-43.16723540824251,36.07681907965584,115.62112438658534,345.679999999993
17.7032523,223.9780682,398.93999,22800.0,-0.9362750000001084,-5.757660000000442,0.0,-2.571750000015527,0.4062499999690772,0.0,0.0,0.7485353,-4.7749023,-0.2783204999999999,-1.5242432,-107.6416591219753,-42.20805638711317,36.07682452122625,115.62113475705578,346.8400000000256
17.683498399999998,223.8630867,398.93999,22800.0,-0.9876950000000662,-5.749074999999948,0.0,-2.5709999999978805,0.4292500000246946,0.0,0.0,0.7714844000000001,-4.7250976,-0.2783204999999999,-1.5186035,-108.01456743853952,-41.24449666390624,36.07684376672838,115.6211714349659,345.679999999993
17.6627188,223.7482862,398.93999,22800.0,-1.0389799999998672,-5.740024999998639,0.0,-2.5642499999900537,0.45250000006547,0.0,0.0,0.8027343,-4.7861329,-0.2817383999999999,-1.5088623,-108.3784734345288,-40.27852456896103,36.07683868721604,115.62116175446111,346.60800000000745
17.640914199999997,223.6336761,398.93999,22800.0,-1.0902300000001477,-5.730505000001074,0.0,-2.562500000014012,0.4759999998782405,0.0,0.0,0.8281248999999999,-4.7602539,-0.2817383999999999,-1.5175783,-108.73407302915211,-39.30839459239241,36.07682842509653,115.6211421970057,344.5199999999895
17.618087000000003,223.519265,398.93999,22800.0,-1.141359999999736,-5.720555000000616,0.0,-2.5564999999794225,0.4975000000229101,0.0,0.0,0.8515626000000001,-4.7885743,-0.2783205,-1.5052735,-109.08074689535398,-38.33599755478022,36.07685004712159,115.6211834041167,344.5199999999895
17.594238999999998,223.4050629,398.93999,22800.0,-1.1924000000002266,-5.710104999998578,0.0,-2.552000000024534,0.5225000001018998,0.0,0.0,0.8979493,-4.7758787,-0.2797853,-1.4919433999999998,-109.41877351901763,-37.36001165430891,36.07680561190616,115.62109871998352,344.7520000000077
17.5693718,223.2910778,398.93999,22800.0,-1.24335999999996,-5.699255000001813,0.0,-2.547999999986672,0.5424999998382418,0.0,0.0,0.9785155,-4.7534181,-0.2822268,-1.4996338,-109.74811178764774,-36.38145105480533,36.07684997913636,115.6211832745506,345.6800000000221
17.5434874,223.1773196,398.93999,22800.0,-1.294219999999946,-5.687909999998908,0.0,-2.542999999999296,0.5672500001452363,0.0,0.0,0.989746,-4.8203124,-0.2792969999999999,-1.5252687,-110.06872683284624,-35.399520224683734,36.076833271488624,115.62115143321104,345.2159999999858
17.5165881,223.0637971,398.93999,22800.0,-1.344965000000009,-5.676124999999388,0.0,-2.537250000003155,0.5892499999760048,0.0,0.0,0.9633788,-4.7353515,-0.2768556999999999,-1.5273193,-110.38047736573095,-34.41512592179807,36.076833309969146,115.62115150654688,345.448000000004
17.4886762,222.9505193,398.93999,22800.0,-1.3955949999999715,-5.663890000001004,0.0,-2.5314999999981325,0.6117499999191978,0.0,0.0,0.9541015,-4.772461,-0.2783204999999999,-1.5109131,-110.6833779606402,-33.428147899337574,36.07683456492403,115.62115389822884,344.7520000000077
17.4597534,222.8374954,398.93999,22800.0,-1.4461400000000069,-5.651195000000087,0.0,-2.5272500000017573,0.6347500000458695,0.0,0.0,0.9443359,-4.8818358,-0.2802736,-1.5098876,-110.977605527722,-32.437967641988735,36.07683330477175,115.62115149664172,344.98399999999674
17.4298223,222.7247343,398.93999,22800.0,-1.496554999999944,-5.6380550000000085,0.0,-2.520749999996852,0.6570000000039045,0.0,0.0,0.9116212,-4.7875977,-0.2778320999999999,-1.5129639999999998,-111.26289243964516,-31.445513646684503,36.07683532231502,115.62115534165824,344.7520000000077
17.3988853,222.6122448,398.93999,22800.0,-1.546850000000077,-5.624474999999052,0.0,-2.514750000006672,0.6790000000478358,0.0,0.0,0.8798826999999999,-4.7236329,-0.2783204999999999,-1.4955323,-111.5392951023306,-30.45068781607589,36.076851609696064,115.621186382068,344.28800000000047
17.366944500000002,222.5000365,398.93999,22800.0,-1.597039999999872,-5.610415000001012,0.0,-2.5094999999897283,0.7029999999019765,0.0,0.0,0.8891602000000001,-4.807129000000001,-0.2797851999999999,-1.4955324,-111.80691201212193,-29.452728160039136,36.0768289851507,115.6211432643508,345.679999999993
17.3340033,222.3881179,398.93999,22800.0,-1.6470600000001667,-5.595929999999783,0.0,-2.501000000014741,0.7242500000614882,0.0,0.0,0.8837889999999999,-4.7495117,-0.2792971,-1.5098877000000002,-112.06538080962729,-28.453401174149143,36.07682182522097,115.62112961904432,345.679999999993
17.3000635,222.276498,398.93999,22800.0,-1.6969899999999427,-5.580994999999689,0.0,-2.4964999999888,0.7467500000046812,0.0,0.0,0.9145507,-4.7797851,-0.2758791,-1.5329590000000002,-112.31511805968758,-27.451088624584777,36.07682726443151,115.62113998502336,343.5920000000042
17.265127999999997,222.1651854,398.93999,22800.0,-1.7467750000001558,-5.565629999999544,0.0,-2.4892500000106565,0.7682500000072423,0.0,0.0,0.9223633999999998,-4.7856447,-0.2753907,-1.5211669,-112.55584155003302,-26.44694792042391,36.07685111263569,115.62118543477123,345.9119999999821
17.2292,222.0541895,398.93999,22800.0,-1.7963999999999205,-5.549795000001723,0.0,-2.481249999988222,0.7917499998910671,0.0,0.0,0.939453,-4.8632812,-0.2797853,-1.5114257,-112.78749882071004,-25.44067531930144,36.076826900231374,115.62113929093496,345.2159999999858
17.1922819,221.9435189,398.93999,22800.0,-1.845904999999881,-5.533529999999587,0.0,-2.475249999998041,0.813250000106791,0.0,0.0,0.9316407,-4.828125,-0.2792969999999999,-1.5175782,-113.01026124607726,-24.432174661347336,36.07683247014361,115.6211499060151,343.82399999999325
17.1543769,221.8331826,398.93999,22800.0,-1.895250000000104,-5.516814999998587,0.0,-2.467250000011134,0.835750000049984,0.0,0.0,0.9331054,-4.7524413,-0.2753907999999999,-1.5057862,-113.22395259251952,-23.421807567827354,36.07681932018152,115.62112484497564,347.0719999999856
17.1154878,221.723189,398.93999,22800.0,-1.9444549999999337,-5.499680000001206,0.0,-2.460249999991504,0.8567499998690664,0.0,0.0,0.9023437,-4.838379099999999,-0.2749024999999999,-1.4888672,-113.42865823302677,-22.409677401994067,36.07684119312615,115.62116653020864,345.2160000000149
17.075618,221.6135472,398.93999,22800.0,-1.9934900000000864,-5.482089999999573,0.0,-2.451750000007636,0.8795000000816344,0.0,0.0,0.867676,-4.796875,-0.2788085999999999,-1.4955324,-113.62425449658262,-21.395764135869733,36.07683162438048,115.62114829416782,346.3760000000184
17.0347703,221.5042659,398.93999,22800.0,-2.0423849999998467,-5.464064999999607,0.0,-2.444749999988005,0.9012499999982992,0.0,0.0,0.8247070000000001,-4.7890626,-0.2778321,-1.526294,-113.81086117420304,-20.3798808681792,36.07683555575069,115.62115578653804,344.7520000000077
16.992948399999996,221.3953539,398.93999,22800.0,-2.091095000000287,-5.445600000000184,0.0,-2.4355000000220173,0.9232499999711764,0.0,0.0,0.8564453000000001,-4.8769531,-0.2758791,-1.5360352000000002,-113.98830288066276,-19.362652976096427,36.07682161987096,115.62112922769111,345.9120000000112
16.9501554,221.2868195,398.93999,22800.0,-2.139649999999804,-5.426719999999818,0.0,-2.427749999975859,0.9440000000182636,0.0,0.0,0.8403319999999999,-4.8261717,-0.2753908,-1.5293699,-114.15670332159308,-18.34398074862213,36.076842085237615,115.62116823038954,345.679999999993
16.9063945,221.178672,398.93999,22800.0,-2.1880449999999385,-5.407375000000059,0.0,-2.419750000006715,0.9672499999879848,0.0,0.0,0.8681642,-4.7944334,-0.2807619,-1.5216796,-114.31601928505366,-17.32321291558031,36.0768226341993,115.62113116078432,347.5359999999928
16.861669499999998,221.0709193,398.93999,22800.0,-2.2362500000001617,-5.387635000002433,0.0,-2.4102500000111604,0.9869999998812772,0.0,0.0,0.8706054999999999,-4.8198243000000005,-0.2783204,-1.5303955,-114.46618114750255,-16.30183537328069,36.07684644209679,115.62117653367144,345.448000000004
16.815984,220.9635705,398.93999,22800.0,-2.28427499999988,-5.367439999997714,0.0,-2.4012499999859216,1.0097500002359538,0.0,0.0,0.8813477000000001,-4.7558595,-0.2778323,-1.5119386,-114.60719290791045,-15.278806416167388,36.07683311943987,115.62115114343791,345.2160000000149
16.7693413,220.8566343,398.93999,22800.0,-2.33213499999998,-5.346810000000346,0.0,-2.3930000000049745,1.0314999998684016,0.0,0.0,0.8388671000000001,-4.7841797,-0.2792968999999999,-1.5037355,-114.73910844471108,-14.254196525935512,36.07682071539888,115.6211275039608,347.0719999999856
16.721745300000002,220.7501184,398.93999,22800.0,-2.379799999999932,-5.325794999998834,0.0,-2.3832499999976164,1.0507500000755954,0.0,0.0,0.8115235000000001,-4.8227539,-0.2802734999999999,-1.5180909000000002,-114.86187822783856,-13.22921527769696,36.07686174465187,115.62120569727016,346.60799999997835
16.6732001,220.6440322,398.93999,22800.0,-2.427260000000153,-5.304310000001067,0.0,-2.3730000000110607,1.074249999888366,0.0,0.0,0.7963867,-4.8808595,-0.2783203999999999,-1.5421875,-114.97540049446587,-12.202712566422788,36.07682930983035,115.62114388312185,346.3760000000184
16.6237093,220.5383838,398.93999,22800.0,-2.4745399999998696,-5.282420000001764,0.0,-2.363999999985822,1.0944999999651372,0.0,0.0,0.7490233,-4.8647461,-0.2749026,-1.5324462,-115.07980744762872,-11.175313152447254,36.0768311101446,115.62114731414216,344.7519999999786
16.5732767,220.4331815,398.93999,22800.0,-2.5216300000000302,-5.260114999998677,0.0,-2.3545000000080307,1.115250000154333,0.0,0.0,0.8115234000000001,-4.8208006,-0.2788085999999999,-1.5180906,-115.1750610353845,-10.147016165318783,36.07684680182692,115.62117721924382,347.0719999999856
16.5219067,220.3284342,398.93999,22800.0,-2.568500000000107,-5.237364999999272,0.0,-2.3435000000038286,1.1374999999702595,0.0,0.0,0.8828125,-4.845703200000001,-0.2788086999999999,-1.5257811,-115.2610448245485,-9.117782560987973,36.07681456059072,115.62111577422196,345.2160000000149
16.469603,220.2241497,398.93999,22800.0,-2.6151849999999754,-5.214225000000283,0.0,-2.334249999993432,1.1569999999494485,0.0,0.0,0.8496091,-4.828125,-0.2758790999999999,-1.5139894,-115.33792036756344,-8.087974443974863,36.07683451174238,115.62115379687576,345.9119999999821
16.4163701,220.12033660000003,398.93999,22800.0,-2.6616449999998792,-5.190654999998401,0.0,-2.32299999999519,1.178500000094118,0.0,0.0,0.8491211999999999,-4.7875976,-0.2753909,-1.5006592,-115.40553582679618,-7.057531142003124,36.07682371065185,115.62113321227343,345.448000000004
16.362212,220.0170028,398.93999,22800.0,-2.7079050000001104,-5.166690000001495,0.0,-2.313000000011556,1.1982499998453022,0.0,0.0,0.8549804,-4.8364256,-0.2783202999999999,-1.5037354,-115.46400499778473,-6.026657629004199,36.07684777922888,115.62117908197308,345.9120000000112
16.3071331,219.9141575,398.93999,22800.0,-2.753944999999902,-5.142264999999213,0.0,-2.30199999998959,1.2212500001140825,0.0,0.0,0.7895508999999999,-4.9521486,-0.2768555,-1.5309083,-115.5131668448175,-4.994587982830013,36.07680369317279,115.62109506330096,346.60800000000745
16.2511379,219.8118075,398.93999,22800.0,-2.7997600000000844,-5.117500000001485,0.0,-2.290750000009112,1.2382499998864205,0.0,0.0,0.7724611,-4.835937400000001,-0.2734377,-1.5355224,-115.55323732001712,-3.9633306002190185,36.07685139228331,115.6211859677232,345.44799999997485
16.1942308,219.70996180000003,398.93999,22800.0,-2.845355000000005,-5.092284999997787,0.0,-2.279749999996028,1.2607500001848848,0.0,0.0,0.8305662999999999,-4.8442383,-0.2729494,-1.5201415,-115.58401587587502,-2.931033405703202,36.0768446717104,115.62117315967642,345.9120000000112
16.1364162,219.60862850000004,398.93999,22800.0,-2.890730000000019,-5.066664999999659,0.0,-2.268750000000708,1.2809999999063848,0.0,0.0,0.8315429,-4.9189454,-0.2734377,-1.517578,-115.60558724881156,-1.8984280529507989,36.07684501070455,115.62117380572997,347.07200000001467
16.0776989,219.5078161,398.93999,22800.0,-2.935864999999893,-5.040620000002605,0.0,-2.2567499999937013,1.3022499998527337,0.0,0.0,0.8989258,-4.8066407,-0.2729493,-1.5221924,-115.61786881685482,-0.8654513851807053,36.07681043752471,115.6211079165546,345.2160000000149
16.0180837,219.4075317,398.93999,22800.0,-2.98076000000016,-5.014219999999625,0.0,-2.24475000001334,1.3200000001489798,0.0,0.0,0.8286133,-4.8041992,-0.2719729,-1.5057862,-115.62103292767362,0.1667368933855545,36.07683417394541,115.62115315310518,346.14400000000023
15.9575751,219.3077839,398.93999,22800.0,-3.025429999999929,-4.987389999999436,0.0,-2.233499999988453,1.3415000000094324,0.0,0.0,0.7924804,-4.8310546,-0.2734375999999999,-1.5078371000000002,-115.6149183189286,1.1995797892032998,36.07682798630036,115.62114136075289,347.07200000001467
15.9029518,219.21938,398.93999,22800.0,-2.7311649999999688,-4.420195000000149,0.0,14.713249999998013,28.35974999996438,0.0,0.0,0.3271484,-5.5571289,-0.275879,-1.5196289,-113.6491105785932,7.066272341669037,35.04815388001037,113.86857573585412,348.0
15.891232,219.1913262,398.93999,22800.0,-0.5859900000000806,-1.4026900000004616,0.0,107.2587499999944,150.87524999998436,0.0,0.0,-0.1166993,-5.267578,-0.2895508,-1.4652832,-109.95672474753466,24.15312046831275,25.7764514129615,112.578215235284,342.4320000000007
15.950710700000002,219.1943456,398.93999,22800.0,2.9739350000001608,0.1509699999999725,0.0,177.99625000001208,77.6830000000217,0.0,0.0,-1.4770507,-5.067871200000001,-0.3481443999999999,-1.169458,39.69481557437102,-103.08890343775948,30.49457034531912,110.46719148907074,334.5439999999944
16.0651694,219.20152590000004,398.93999,22800.0,5.722934999999829,0.3590150000022163,0.0,137.44999999998342,10.40225000011219,0.0,0.0,0.0439454,-4.9326172,-0.3989258999999999,-0.9095213,64.2578348922546,-95.7726451500727,35.92260773822491,115.33199427774584,330.6000000000058
16.1817411,219.2060686,398.93999,22800.0,5.828585000000075,0.2271349999972471,0.0,5.282500000012291,-6.594000000248457,0.0,0.0,-0.9907224999999998,-4.9951173,-0.4282226999999999,-0.8674804,62.7643369300094,-97.101462673624,36.0763916442554,115.62030982323536,325.7280000000028
16.2983812,219.2072636,398.93999,22800.0,5.832005000000073,0.0597499999997808,0.0,0.1709999999999212,-8.369249999873318,0.0,0.0,-0.1923827999999999,-4.9492188,-0.4340821,-0.9018310000000002,59.94597334945378,-98.86385010827934,36.07531251732205,115.61825365851944,322.71199999999953
16.415015,219.2050315,398.93999,22800.0,5.831689999999945,-0.1116049999993151,0.0,-0.0157500000064203,-8.567749999954799,0.0,0.0,-0.7885741,-4.8276366,-0.4355468999999999,-0.9218262,57.01950583355709,-100.58161315239867,36.0760033558079,115.61956992586433,317.60799999997835
16.531614,219.2010833,398.93999,22800.0,5.829950000000039,-0.1974099999983991,0.0,-0.0869999999952853,-4.290249999954199,0.0,0.0,-0.5126953999999999,-4.8061524,-0.4331055,-0.9715576,55.53785681444785,-101.40904746434882,36.07682825316161,115.621141869334,315.98399999999674
16.648177099999998,219.19618720000005,398.93999,22800.0,5.828154999999846,-0.2448049999998147,0.0,-0.0897500000096584,-2.3697500000707805,0.0,0.0,-0.5087889999999999,-4.765625099999999,-0.4223633999999999,-1.0330811,54.71152003023542,-101.85725266392296,36.07683255789474,115.62115007325042,311.57600000000093
16.764698000000003,219.1903691,398.93999,22800.0,5.826045000000235,-0.2909050000013735,0.0,-0.1054999999805517,-2.305000000077939,0.0,0.0,-0.6474610999999999,-4.7397461,-0.4130860999999999,-1.0705078,53.90407729242292,-102.28688566399188,36.076846588580814,115.62117681284016,308.79200000001583
16.881169399999997,219.1836298,398.93999,22800.0,5.823569999999734,-0.3369649999996227,0.0,-0.123750000025069,-2.3029999999124584,0.0,0.0,-0.4892578999999999,-4.7236327,-0.4082031,-1.0792236,53.09363299831568,-102.70992034741504,36.07685810464632,115.62119876014164,307.8640000000014
16.9975835,219.1759699,398.93999,22800.0,5.820705000000181,-0.3829949999996529,0.0,-0.1432499999776126,-2.3015000000015107,0.0,0.0,-0.5795899,-4.7211914,-0.4018554,-1.1038329,52.27978331511307,-103.12649003264278,36.07682880401214,115.62114291913892,302.7600000000093
17.113933799999998,219.1673893,398.93999,22800.0,5.817514999999851,-0.4290299999993863,0.0,-0.1595000000165214,-2.3017499999866686,0.0,0.0,-0.5312499999999999,-4.6909179000000005,-0.3881835999999999,-1.1330565,51.46253211279307,-103.53681185822316,36.07686268482128,115.62120748904744,301.1359999999986
17.2302123,219.15788860000004,398.93999,22800.0,5.813925000000175,-0.4750349999994796,0.0,-0.1794999999837898,-2.3002500000046666,0.0,0.0,-0.5942381999999999,-4.6762696,-0.3789061999999999,-1.1361328,50.64177597337313,-103.94067774266492,36.07684077001681,115.62116572384934,298.3520000000135
17.346412100000002,219.1474687,398.93999,22800.0,5.80999000000002,-0.5209950000022445,0.0,-0.1967500000077393,-2.298000000138245,0.0,0.0,-0.550293,-4.6845703,-0.3749999,-1.1551025999999998,49.818290862328624,-104.3378840364571,36.07684573099824,115.62117517846264,296.0320000000065
17.4625257,219.1361304,398.93999,22800.0,5.805679999999924,-0.5669149999988576,0.0,-0.215500000004809,-2.295999999830656,0.0,0.0,-0.6235352,-4.676269400000001,-0.3686523,-1.1807375,48.99170262706473,-104.72852042723176,36.0768315887868,115.62114822633376,294.872000000003
17.5785463,219.1238741,398.93999,22800.0,5.80102999999994,-0.6128149999995003,0.0,-0.2324999999991917,-2.2950000000321324,0.0,0.0,-0.5839842999999999,-4.6489257,-0.3540039,-1.2268798,48.16201566699844,-105.11270419849002,36.07685523262576,115.62119328664387,291.85599999999977
17.6944662,219.1107006,398.93999,22800.0,5.795995000000076,-0.6586750000025177,0.0,-0.2517499999932227,-2.293000000150869,0.0,0.0,-0.5112302999999999,-4.6396485,-0.3491209,-1.2320068,47.329123760907535,-105.49032979391208,36.07684456547901,115.6211729572211,291.3919999999925
17.8102784,219.0966109,398.93999,22800.0,5.790610000000029,-0.7044849999985558,0.0,-0.2692500000023301,-2.2904999998019093,0.0,0.0,-0.5976564,-4.6494142,-0.3476560999999999,-1.2340576,46.49354863766496,-105.8612707125707,36.07685152212243,115.62118621517034,289.3039999999746
17.925975599999997,219.0816055,398.93999,22800.0,5.784859999999803,-0.7502699999989204,0.0,-0.2875000000113203,-2.289250000018228,0.0,0.0,-0.6323242,-4.6328125,-0.3388671,-1.257129,45.65471311452668,-106.2257436669292,36.07685775164064,115.6211980873831,286.98399999999674
18.0415505,219.06568550000003,398.93999,22800.0,5.778745000000107,-0.795999999999708,0.0,-0.3057499999847834,-2.286500000039382,0.0,0.0,-0.5893554999999999,-4.6083984,-0.3295898,-1.2627685,44.81312671237022,-106.58351228590584,36.07685768306119,115.62119795668434,286.0560000000114
18.1569956,219.0488522,398.93999,22800.0,5.772254999999937,-0.8416650000015125,0.0,-0.3245000000084985,-2.28325000009022,0.0,0.0,-0.6459959,-4.605957,-0.3320313,-1.2637939,43.968849574693685,-106.93451759459124,36.07683356050293,115.62115198401192,286.5200000000186
18.2723041,219.0311065,398.93999,22800.0,5.765425000000057,-0.8872850000003041,0.0,-0.3414999999939994,-2.2809999999395814,0.0,0.0,-0.6601562999999999,-4.6201172,-0.3291015,-1.2786623,43.12191749192799,-107.27886671309834,36.07684314824393,115.62117025626132,283.9679999999935
18.3874686,219.01244890000004,398.93999,22800.0,5.758224999999939,-0.9328799999977376,0.0,-0.3600000000059111,-2.279749999871683,0.0,0.0,-0.5761719,-4.6083985,-0.3198240999999999,-1.319165,42.27167090657301,-107.61673674045512,36.07684581779021,115.62117534387043,282.8080000000191
18.5024817,218.9928816,398.93999,22800.0,5.750655000000116,-0.978365000001702,0.0,-0.3784999999911775,-2.274250000198208,0.0,0.0,-0.6254883,-4.6103516,-0.3144531,-1.33916,41.41954252604614,-107.94751795214194,36.07682073765399,115.62112754637428,284.20000000001164
18.617337,218.9724052,398.93999,22800.0,5.742764999999928,-1.0238200000003417,0.0,-0.3945000000094012,-2.272749999931989,0.0,0.0,-0.6430662999999999,-4.6298829,-0.3168944999999999,-1.3335203999999998,40.56474270229019,-108.2717222478304,36.07686397319378,115.62120994443164,280.0240000000049
18.7320264,218.9510212,398.93999,22800.0,5.734470000000158,-1.0691999999991708,0.0,-0.4147499999884729,-2.2689999999414567,0.0,0.0,-0.6118165,-4.6582031,-0.3173827999999999,-1.3355712,39.70707264861007,-108.58913196238072,36.07683449664035,115.62115376809442,280.487999999983
18.8465433,218.9287307,398.93999,22800.0,5.725844999999907,-1.114524999999844,0.0,-0.4312500000125396,-2.266250000033665,0.0,0.0,-0.5937499999999999,-4.6533203,-0.3100584999999999,-1.3499266,38.84704732994236,-108.89979719386092,36.07685200615937,115.62118713764714,279.5599999999977
18.9608804,218.9055353,398.93999,22800.0,5.71685500000001,-1.1597700000024247,0.0,-0.4494999999948845,-2.262250000129029,0.0,0.0,-0.6665037999999999,-4.6713867,-0.3081054,-1.3401854,37.98468702136545,-109.2035908496827,36.07685606209499,115.6211948674463,279.09599999999045
19.075030500000004,218.8814363,398.93999,22800.0,5.707505000000168,-1.2049499999989166,0.0,-0.4674999999920715,-2.258999999824596,0.0,0.0,-0.6035157999999999,-4.6909179,-0.3095704,-1.3432617,37.11979692674043,-109.50060531050175,36.07685875024483,115.62119999052392,278.3999999999942
19.1889863,218.8564351,398.93999,22800.0,5.697789999999792,-1.2500599999995643,0.0,-0.4857500000188253,-2.2555000000323844,0.0,0.0,-0.6098633,-4.6835938,-0.3066407,-1.3581298,36.25240008818637,-109.79081040550648,36.07685120410364,115.62118560909072,277.47200000000885
19.3027404,218.8305341,398.93999,22800.0,5.687704999999887,-1.2950499999988097,0.0,-0.5042499999952099,-2.249499999962268,0.0,0.0,-0.642578,-4.647461,-0.2998047,-1.393506,35.38326229183696,-110.07390574325422,36.0768090309718,115.62110523597214,277.00800000000163
19.4162869,218.8037338,398.93999,22800.0,5.6773250000000886,-1.3400150000009603,0.0,-0.5189999999899442,-2.2482500001075323,0.0,0.0,-0.6323243,-4.6201173,-0.3027343999999999,-1.3909424,34.51172428137265,-110.35040117918146,36.07687750671231,115.62123573669231,278.8640000000014
19.5296174,218.7760363,398.93999,22800.0,5.666525,-1.384875000000818,0.0,-0.5400000000044258,-2.2429999999928896,0.0,0.0,-0.5712891,-4.6210937,-0.3056641,-1.3776123999999998,33.63758259349502,-110.61992193175922,36.0768410595126,115.6211662755687,278.1680000000051
19.6427253,218.7474436,398.93999,22800.0,5.655395000000141,-1.4296349999995073,0.0,-0.5564999999929654,-2.237999999934459,0.0,0.0,-0.6440429999999999,-4.6220702000000005,-0.3017578999999999,-1.3822266,32.76185750730402,-110.88242741789212,36.07683635447615,115.62115730874262,276.31200000000536
19.7556038,218.7179571,398.93999,22800.0,5.643924999999861,-1.47432499999951,0.0,-0.5735000000139934,-2.234500000000139,0.0,0.0,-0.6113282,-4.647949199999999,-0.300293,-1.3586425,31.883938594236056,-111.13809735985564,36.076859516751405,115.62120145133318,275.6160000000091
19.8682453,218.6875789,398.93999,22800.0,5.632074999999936,-1.5189100000014832,0.0,-0.592499999996221,-2.22925000009866,0.0,0.0,-0.5761719,-4.678222699999999,-0.3110351999999999,-1.3242919,31.00389172847736,-111.38676382912112,36.07683735566223,115.6211592167954,276.31199999997625
19.980643200000003,218.656311,398.93999,22800.0,5.619895000000241,-1.5633949999980246,0.0,-0.6089999999847606,-2.224249999827066,0.0,0.0,-0.6425782999999999,-4.6782228,-0.3232422,-1.3027588,30.122271817751773,-111.62842439266473,36.0768462805835,115.62117622586004,276.31200000000536
20.0927901,218.62415490000004,398.93999,22800.0,5.607344999999775,-1.6078049999990185,0.0,-0.6275000000233177,-2.2205000000496966,0.0,0.0,-0.6606444999999999,-4.6586914,-0.3271483999999999,-1.3135254,29.238157541433186,-111.86323128289844,36.07683715333256,115.62115883119704,275.84799999999814
20.2046778,218.5911081,398.93999,22800.0,5.594385000000024,-1.652340000001118,0.0,-0.6479999999875474,-2.226750000104971,0.0,0.0,-0.6142578999999999,-4.6875,-0.3334958999999999,-1.3022462,28.347791377530324,-112.09217651540511,36.07683929192089,115.62116290690352,276.5439999999944
20.3162944,218.5571601,398.93999,22800.0,5.58083000000007,-1.6974000000004708,0.0,-0.677749999997701,-2.252999999967642,0.0,0.0,-0.6176758999999999,-4.7817382,-0.3447265,-1.2689210000000002,27.4422979027768,-112.31714924611082,36.07676762584867,115.62102632721212,276.5440000000235
20.4276321,218.5223101,398.93999,22800.0,5.566884999999999,-1.742500000000291,0.0,-0.6972500000035353,-2.254999999991014,0.0,0.0,-0.6572264999999999,-4.8295898,-0.3510741,-1.2443116,26.53223725234865,-112.53552192343278,36.07672582610349,115.62094666709116,277.00800000000163
20.5386879,218.4865723,398.93999,22800.0,5.552789999999952,-1.7868900000010512,0.0,-0.7047500000023632,-2.2195000000380105,0.0,0.0,-0.6298828,-4.7807618,-0.3515624999999999,-1.2396971,25.63284116387828,-112.7437675857608,36.07671758302181,115.62093095787051,274.68799999999464
20.649462300000003,218.4499705,398.93999,22800.0,5.538720000000197,-1.8300899999985631,0.0,-0.7034999999877556,-2.1599999998755948,0.0,0.0,-0.6181641,-4.725586099999999,-0.3559569999999999,-1.2089357,24.754074142143164,-112.94001476795547,36.076743557918185,115.62098045952008,277.47200000000885
20.7599589,218.412535,398.93999,22800.0,5.524829999999703,-1.871774999999332,0.0,-0.6945000000246893,-2.0842500000384234,0.0,0.0,-0.6650389999999999,-4.718750099999999,-0.3666993999999999,-1.1945799999999998,23.90311696849119,-113.12333744080716,36.07682831530703,115.6211419877701,275.84800000002724
20.8701818,218.3742983,398.93999,22800.0,5.511145000000184,-1.91183499999994,0.0,-0.684249999975961,-2.003000000030397,0.0,0.0,-0.6738280999999999,-4.7114259,-0.3725583999999999,-1.1986817,23.081922067208936,-113.29388830200428,36.07690042368054,115.62127941215547,277.93599999998696
20.9801348,218.3352913,398.93999,22800.0,5.497650000000043,-1.9503499999999008,0.0,-0.6747500000070517,-1.925749999998061,0.0,0.0,-0.6064452,-4.693359500000001,-0.3730467999999999,-1.2171387,22.28887488156332,-113.45262143769936,36.07692538733348,115.62132698845792,274.2239999999874
21.089820600000003,218.2955396,398.93999,22800.0,5.484290000000058,-1.9875850000019568,0.0,-0.6679999999992248,-1.861750000102802,0.0,0.0,-0.6704102,-4.7021484,-0.3764649,-1.1981688,21.518918206068168,-113.60115393042926,36.076913498541,115.62130433049325,276.0799999999872
21.199239,218.255059,398.93999,22800.0,5.470919999999779,-2.0240299999983336,0.0,-0.6685000000139496,-1.8222499998188368,0.0,0.0,-0.6220703,-4.7446289,-0.3842775,-1.1658693,20.762261236554792,-113.74180796682154,36.076878001231336,115.621236679151,277.00800000000163
21.3083862,218.2138536,398.93999,22800.0,5.4573599999999445,-2.0602700000011964,0.0,-0.6779999999917408,-1.812000000143144,0.0,0.0,-0.5546873999999999,-4.7807615,-0.3842774,-1.1668946,20.00721252563798,-113.87700271103442,36.07685514746048,115.62119312433592,276.77599999998347
21.4172573,218.1719235,398.93999,22800.0,5.443555000000089,-2.096505000000093,0.0,-0.6902499999927869,-1.8117499999448228,0.0,0.0,-0.6103513999999999,-4.7875975,-0.3828125999999999,-1.1463867,19.24989431274698,-114.00749831494018,36.07687285461424,115.6212268706876,275.6160000000091
21.5258469,218.1292705,398.93999,22800.0,5.42947999999992,-2.132650000000069,0.0,-0.7037500000084407,-1.8072499999988167,0.0,0.0,-0.6450196,-4.7661133,-0.388672,-1.1248535,18.491257112995417,-114.1329544134928,36.07684964095731,115.62118263004982,280.71999999997206
21.634151,218.0858972,398.93999,22800.0,5.415204999999901,-2.168664999999237,0.0,-0.7137500000009567,-1.8007499999583845,0.0,0.0,-0.6113282,-4.7470705,-0.3955076999999999,-1.1156248999999998,17.732931340415124,-114.25325856152332,36.07686342142895,115.62120889287648,286.98399999999674
21.742164100000004,218.0418044,398.93999,22800.0,5.400655000000398,-2.20464000000078,0.0,-0.727499999975123,-1.7987500000771206,0.0,0.0,-0.6127929999999999,-4.7060546,-0.3950194999999999,-1.1376708,16.972447957152816,-114.36869132247298,36.07685797245084,115.62119850820336,292.0879999999888
21.849882,217.9969947,398.93999,22800.0,5.385894999999863,-2.240484999998671,0.0,-0.7380000000267728,-1.7922499998945796,0.0,0.0,-0.6708983,-4.7177734,-0.3935546,-1.1371582,16.21213336940402,-114.4789746494506,36.07687467464471,115.62123033931483,297.42399999999907
21.9572993,217.9514702,398.93999,22800.0,5.370864999999903,-2.276225000001375,0.0,-0.7514999999980176,-1.7870000001352082,0.0,0.0,-0.626953,-4.7885742,-0.3999023,-1.1079344,15.450713588058578,-114.58416092647025,36.07684195508889,115.62116798235282,299.0480000000098
22.0644117,217.9052325,398.93999,22800.0,5.355620000000094,-2.311884999998881,0.0,-0.7622499999904164,-1.782999999875301,0.0,0.0,-0.5581056,-4.7700195,-0.4018554,-1.098706,14.68863637374111,-114.68436472815236,36.07685345045022,115.62118989017485,303.68799999999464
22.1712144,217.8582837,398.93999,22800.0,5.340134999999968,-2.3474400000012,0.0,-0.7742500000063046,-1.7777500001159297,0.0,0.0,-0.6005860000000001,-4.750976700000001,-0.4008789,-1.0981934,13.92590353456103,-114.77948864224103,36.07685855732424,115.62119962285568,306.93599999998696
22.277703,217.8106262,398.93999,22800.0,5.324429999999936,-2.382875000000695,0.0,-0.7852500000016249,-1.7717499999747588,0.0,0.0,-0.6328126,-4.8022462,-0.4013672,-1.0756348,13.16304028837893,-114.8695079892364,36.0768760137436,115.62123289138,311.80799999999
22.383872200000003,217.7622617,398.93999,22800.0,5.308460000000181,-2.418224999998131,0.0,-0.7984999999877118,-1.7674999998718022,0.0,0.0,-0.5698243999999999,-4.8227538,-0.4082031,-1.0617921,12.39884231646603,-114.95448248476264,36.0768643024722,115.62121057197156,313.4320000000007
22.4897171,217.7131926,398.93999,22800.0,5.292244999999873,-2.453454999999849,0.0,-0.8107500000154033,-1.761500000085903,0.0,0.0,-0.6249999999999999,-4.8144531,-0.4096679,-1.0730714,11.634125876469804,-115.03432616796816,36.076829693281255,115.6211446138985,315.28800000000047
22.5952345,217.6634212,398.93999,22800.0,5.275870000000005,-2.488570000001289,0.0,-0.8187499999934289,-1.7557500000719983,0.0,0.0,-0.6694335999999999,-4.8061522,-0.40625,-1.0946045,10.87013491892412,-115.10915538175516,36.076894145010165,115.6212674461609,319.4640000000072
22.7004182,217.6129492,398.93999,22800.0,5.259185000000066,-2.5235999999992487,0.0,-0.8342499999969277,-1.7514999998979874,0.0,0.0,-0.5566405,-4.7729493,-0.4052734,-1.0828125,10.104108870446892,-115.17887274040984,36.07686749666416,115.62121665947548,322.2479999999923
22.8052638,217.5617794,398.93999,22800.0,5.242279999999866,-2.5584900000012567,0.0,-0.8452500000100116,-1.7445000001004018,0.0,0.0,-0.5644532,-4.735351700000001,-0.4121094,-1.0602541,9.338236843633638,-115.24344070530108,36.07683924880611,115.62116282473568,323.4079999999958
22.9097672,217.50991370000003,398.93999,22800.0,5.225169999999935,-2.593284999997536,0.0,-0.8554999999965673,-1.7397499998139665,0.0,0.0,-0.5947267,-4.7451171,-0.4106446,-1.0674317,8.572112139526672,-115.30299827438246,36.07686018056731,115.6212027164346,326.19200000001
23.0139237,217.4573546,398.93999,22800.0,5.207825000000099,-2.6279550000012364,0.0,-0.8672499999917704,-1.7335000001850176,0.0,0.0,-0.6225588,-4.7641601,-0.4086914,-1.0551269,7.8056932769213,-115.3574322694271,36.076868144518826,115.62121789416004,328.5119999999879
23.1177282,217.404104,398.93999,22800.0,5.190224999999948,-2.662529999999208,0.0,-0.8800000000075414,-1.7287499998985822,0.0,0.0,-0.6025389999999999,-4.789062700000001,-0.4121093999999999,-1.0397462,7.038235720442632,-115.4067769872489,36.07685659321406,115.62119587965311,331.2960000000021
23.2211766,217.3501648,398.93999,22800.0,5.172420000000066,-2.696960000001525,0.0,-0.8902499999940972,-1.7215000001158387,0.0,0.0,-0.5957032999999999,-4.762207,-0.4150392,-1.0402589,6.271239720158681,-115.45100119686968,36.076859289698994,115.6212010186164,332.22400000001653
23.324264,217.2955391,398.93999,22800.0,5.154369999999986,-2.731285000000128,0.0,-0.9025000000040252,-1.7162499999301415,0.0,0.0,-0.645996,-4.7177734,-0.4116210999999999,-1.0664064,5.503503880530864,-115.490126180149,36.07684947598932,115.62118231565422,333.15200000000186
23.4269864,217.2402294,398.93999,22800.0,5.136120000000055,-2.765484999999046,0.0,-0.9124999999965412,-1.7099999999459214,0.0,0.0,-0.6083984,-4.7329101,-0.4082032,-1.0766602,4.7360335878572295,-115.52419128259496,36.07687440341028,115.62122982239424,336.4000000000233
23.5293385,217.1842381,398.93999,22800.0,5.117605000000047,-2.7995650000008254,0.0,-0.9257500000003916,-1.7040000000889677,0.0,0.0,-0.5800782,-4.7441406,-0.4111328,-1.0571778,3.967706286805497,-115.5530828141808,36.07684911513141,115.62118162793216,336.167999999976
23.6313165,217.1275674,398.93999,22800.0,5.098899999999951,-2.833534999999188,0.0,-0.935250000004828,-1.6984999999181127,0.0,0.0,-0.6186522999999999,-4.7583007,-0.4121094999999999,-1.0587159,3.1996066943494195,-115.576966345447,36.076883132561456,115.621246458491,337.09599999999045
23.7329153,217.0702204,398.93999,22800.0,5.079939999999894,-2.867350000001068,0.0,-0.9480000000028356,-1.690750000093999,0.0,0.0,-0.6352537,-4.8623047,-0.4082031,-1.0684571,2.431283667745675,-115.59562670344064,36.07685458866804,115.62119205938954,338.0240000000049
23.8341309,217.0121994,398.93999,22800.0,5.060779999999987,-2.9010499999984063,0.0,-0.9579999999953516,-1.6849999998669318,0.0,0.0,-0.5981447,-4.8276367,-0.4062499,-1.0556398000000002,1.6630962282437662,-115.6092554235282,36.07686769368942,115.6212170349672,340.3439999999828
23.934958,216.9535067,398.93999,22800.0,5.0413550000001806,-2.934635000001151,0.0,-0.97124999999032,-1.6792500001372446,0.0,0.0,-0.5961915,-4.7661134,-0.4082031,-1.053589,0.8939742311128777,-115.61769966526296,36.07683555665368,115.62115578825892,340.1119999999937
24.0353931,216.894145,398.93999,22800.0,5.021754999999928,-2.968085000000542,0.0,-0.9800000000126374,-1.6724999999695456,0.0,0.0,-0.6396484,-4.7578125,-0.4067382999999999,-1.0746095,0.1256768069254737,-115.62114027948031,36.076863258817845,115.62120858297178,341.9679999999935
24.1354315,216.8341172,398.93999,22800.0,5.001919999999949,-3.001390000000015,0.0,-0.9917499999989589,-1.6652499999736392,0.0,0.0,-0.6123048,-4.735351700000001,-0.399414,-1.1089599,-0.6426612490019303,-115.6194209331322,36.07686243333279,115.62120700976,342.20000000001164
24.2350686,216.7734255,398.93999,22800.0,4.981854999999946,-3.034585000000334,0.0,-1.003250000000122,-1.659750000015947,0.0,0.0,-0.5913085,-4.7612305,-0.3979492,-1.1104979,-1.4114165719202572,-115.61260197299278,36.076867700628696,115.6212170481921,342.8959999999788
24.3343001,216.7120731,398.93999,22800.0,4.961575000000096,-3.067619999998783,0.0,-1.0139999999925209,-1.6517499999224583,0.0,0.0,-0.6347655,-4.7724609,-0.3969726,-1.1115233,-2.179687554741644,-115.60065274331372,36.07685889834436,115.6212002727722,343.36000000001513
24.4331215,216.6500625,398.93999,22800.0,4.941070000000103,-3.100529999998969,0.0,-1.0252499999996445,-1.6455000000092923,0.0,0.0,-0.6430663999999999,-4.7226561,-0.3920899,-1.1417725,-2.94809710018966,-115.58359388942024,36.07685095734868,115.62118513882554,345.448000000004
24.5315285,216.587396,398.93999,22800.0,4.920349999999907,-3.1333250000017188,0.0,-1.0360000000098069,-1.6397500001374965,0.0,0.0,-0.5986326999999999,-4.6625976,-0.3808595,-1.1602295000000002,-3.716599355230528,-115.56146332078448,36.076865621910855,115.6212130865626,345.44799999997485
24.6295169,216.5240769,398.93999,22800.0,4.899420000000099,-3.1659549999986325,0.0,-1.0464999999904023,-1.631499999845687,0.0,0.0,-0.5512694999999999,-4.6977539,-0.3764649,-1.1745851000000005,-4.484473763978613,-115.53421763975462,36.076867970345184,115.62121756221909,344.28800000000047
24.727082000000003,216.4601079,398.93999,22800.0,4.878255000000031,-3.1984500000007188,0.0,-1.058250000003369,-1.6247500001043136,0.0,0.0,-0.6225586,-4.724121200000001,-0.3710936999999999,-1.2084228,-5.2525288818038165,-115.5018143328306,36.07685032409263,115.62118393196748,344.0560000000114
24.8242198,216.3954919,398.93999,22800.0,4.856889999999936,-3.230800000001466,0.0,-1.0682500000047668,-1.617500000037353,0.0,0.0,-0.6171873999999999,-4.6733398,-0.3593750999999999,-1.2802002,-6.020041198117541,-115.4643537108585,36.07684964350311,115.62118263490164,345.679999999993
24.9209262,216.3302313,398.93999,22800.0,4.835319999999932,-3.2630299999979684,0.0,-1.0785000000002043,-1.6114999998251278,0.0,0.0,-0.5688479,-4.7124022,-0.3432615,-1.3504394,-6.787400900351599,-115.42184714427796,36.0768808102882,115.62124203267824,345.679999999993
25.0171966,216.2643296,398.93999,22800.0,4.8135199999999045,-3.295084999999176,0.0,-1.0900000000013677,-1.6027500000603825,0.0,0.0,-0.5712891999999999,-4.6684571,-0.3266601,-1.4314452,-7.554365098952598,-115.374156184323,36.07686433234414,115.6212106289016,347.3040000000037
25.1130266,216.1977895,398.93999,22800.0,4.791500000000148,-3.327005000001293,0.0,-1.1009999999878062,-1.596000000105846,0.0,0.0,-0.6040040999999999,-4.6704101,-0.3076173,-1.4914308,-8.321253195961672,-115.32135000460818,36.07684770963734,115.6211789493458,347.3040000000037
25.2084122,216.1306137,398.93999,22800.0,4.769280000000009,-3.358790000000056,0.0,-1.1110000000069675,-1.589249999938147,0.0,0.0,-0.6044921,-4.6308594,-0.2915039,-1.5155275,-9.087714290090997,-115.263499906928,36.07685665033113,115.62119598850688,347.3040000000037
25.3033492,216.0628054,398.93999,22800.0,4.746849999999903,-3.3904150000012123,0.0,-1.1215000000053266,-1.5812500000578211,0.0,0.0,-0.5595703,-4.5864257,-0.2836915,-1.4980957,-9.85362240909764,-115.2005507844844,36.07685622786162,115.62119518336436,345.6800000000221
25.3978334,215.9943673,398.93999,22800.0,4.724210000000007,-3.421905000000436,0.0,-1.1319999999948038,-1.5744999999611764,0.0,0.0,-0.5800783,-4.641601400000001,-0.282715,-1.4904054,-10.619273029905802,-115.13252092140338,36.07686883902789,115.62121921775896,346.60800000000745
25.4918607,215.925303,398.93999,22800.0,4.701365000000024,-3.453214999998977,0.0,-1.1422499999991231,-1.5654999999270558,0.0,0.0,-0.6235353,-4.6728515,-0.2802736,-1.5109132,-11.384052851801489,-115.0594009461405,36.07685992602456,115.62120223132662,346.8399999999965
25.5854268,215.8556148,398.93999,22800.0,4.678305000000016,-3.4844100000015032,0.0,-1.1530000000004037,-1.5597500001263145,0.0,0.0,-0.5473633,-4.5864258,-0.2729492999999999,-1.5339845,-12.148891398396469,-114.98119014323466,36.0768763623723,115.6212335557994,346.3759999999893
25.678527100000004,215.7853065,398.93999,22800.0,4.655015000000162,-3.515414999996836,0.0,-1.1644999999926853,-1.5502499997666064,0.0,0.0,-0.5859375,-4.588378799999999,-0.2749024,-1.531421,-12.913191704015258,-114.8977766090394,36.07683084567129,115.62114681011155,348.92800000001444
25.7711589,215.7143808,398.93999,22800.0,4.631589999999797,-3.546285000001604,0.0,-1.1712500000182755,-1.5435000002383958,0.0,0.0,-0.6381835,-4.6079103,-0.2832033,-1.5196288,-13.675902944300011,-114.80960717083926,36.076891272814336,115.62126197228751,345.9119999999821
25.8633164,215.6428412,398.93999,22800.0,4.607875000000128,-3.5769799999982865,0.0,-1.185749999983443,-1.5347499998341618,0.0,0.0,-0.6230469,-4.6591798,-0.2797853,-1.5355224,-14.439317580032998,-114.71597601123884,36.07682960832566,115.62114445199104,347.76799999998184
25.9549966,215.5706904,398.93999,22800.0,4.584009999999772,-3.6075400000001423,0.0,-1.193250000017798,-1.5280000000927885,0.0,0.0,-0.5600585999999999,-4.7153321,-0.2753908,-1.523218,-15.201399679979946,-114.6175285792002,36.076855397832304,115.62119360149448,345.448000000004
26.0461952,215.4979316,398.93999,22800.0,4.559930000000101,-3.637940000001549,0.0,-1.2039999999835516,-1.520000000070354,0.0,0.0,-0.6054689,-4.6318359,-0.2832031,-1.501172,-15.963022478545254,-114.51395894031587,36.07686553846817,115.6212129275372,348.23200000001816
26.1369082,215.4245682,398.93999,22800.0,4.535650000000047,-3.6681700000002593,0.0,-1.214000000002713,-1.511499999935495,0.0,0.0,-0.6308594,-4.6098634,-0.2856447,-1.5073244,-16.723811659734533,-114.40533356040572,36.07686858964655,115.62121874248672,348.4640000000072
26.2271314,215.3506035,398.93999,22800.0,4.511159999999848,-3.6982350000002384,0.0,-1.2245000000099535,-1.5032499999989568,0.0,0.0,-0.6147461,-4.6064453,-0.2836916,-1.5334717999999998,-17.48400257693917,-114.29160463018287,36.07685727034156,115.62119717012298,346.3759999999893
26.316861,215.2760408,398.93999,22800.0,4.486480000000093,-3.7281349999986446,0.0,-1.233999999987745,-1.49499999992031,0.0,0.0,-0.5332032,-4.6489258,-0.2807619,-1.5411622,-18.243237927156045,-114.17287212226886,36.07685550874749,115.62119381287664,344.7520000000077
26.4060933,215.2008832,398.93999,22800.0,4.461614999999952,-3.757880000000569,0.0,-1.2432500000070237,-1.4872500000961963,0.0,0.0,-0.5170899,-4.618163999999999,-0.2875978,-1.521167,-19.001531167329137,-114.049167544572,36.07687898396932,115.62123855206202,348.6959999999963
26.4948237,215.12513410000005,398.93999,22800.0,4.436520000000144,-3.787454999998374,0.0,-1.2547499999904232,-1.478749999890283,0.0,0.0,-0.5708008,-4.5742187,-0.2919922,-1.5191161000000002,-19.759534367133984,-113.92024891501973,36.07685971238519,115.62120182417236,347.3040000000037
26.5830485,215.0487969,398.93999,22800.0,4.41123999999995,-3.816860000002009,0.0,-1.2640000000097018,-1.4702500001817498,0.0,0.0,-0.6098633999999999,-4.6396484,-0.2856444999999999,-1.524756,-20.51643921728055,-113.7863530908642,36.07685090054967,115.62118503057816,347.5360000000219
26.670764,214.971875,398.93999,22800.0,4.385775000000081,-3.846094999998684,0.0,-1.2732499999934532,-1.461749999833728,0.0,0.0,-0.5688477,-4.6005859,-0.284668,-1.5011719,-21.272245406559144,-113.64748398727208,36.07685229241969,115.62118768320164,348.4640000000072
26.757966700000004,214.8943717,398.93999,22800.0,4.36013500000012,-3.8751649999994697,0.0,-1.281999999998007,-1.4535000000392984,0.0,0.0,-0.5703123999999999,-4.6723633,-0.2905273999999999,-1.4965578000000002,-22.026820810219164,-113.50370294464282,36.076880374558485,115.62124120226017,345.679999999993
26.844651700000004,214.8162903,398.93999,22800.0,4.334249999999962,-3.904070000001525,0.0,-1.2942500000079349,-1.4452500001027602,0.0,0.0,-0.6376953,-4.7026368,-0.2905273999999999,-1.5052735,-22.781432204280947,-113.35460446452068,36.07685448281851,115.62119185766154,349.3919999999925
26.930828400000003,214.7376482,398.93999,22800.0,4.308834999999966,-3.932104999998387,0.0,-1.2707499999997651,-1.4017499998431049,0.0,0.0,-0.6679687,-4.6674803,-0.2856444999999999,-1.5293702000000002,-23.51625807392504,-113.2044476401236,36.076857552283776,115.62119770744866,347.3040000000037
27.0166682,214.6586349,398.93999,22800.0,4.291989999999757,-3.950665000000697,0.0,-0.8422500000104804,-0.9280000001155032,0.0,0.0,-0.5815431,-4.614258,-0.2890625999999999,-1.5180909,-24.00160575352189,-113.1029062851298,36.07704617819963,115.62155719799983,348.6960000000254
27.1023181,214.5794114,398.93999,22800.0,4.282494999999997,-3.961175000002015,0.0,-0.4747499999879778,-0.5255000000659038,0.0,0.0,-0.5390623999999999,-4.6225585,-0.2924804,-1.4975831,-24.27511331202368,-113.0449685452132,36.07727659197756,115.62199634887745,347.3040000000037
27.1875559,214.4997471,398.93999,22800.0,4.261890000000079,-3.983214999999518,0.0,-1.0302499999959025,-1.1019999998751473,0.0,0.0,-0.5576171,-4.6992187,-0.2924805,-1.5088624,-24.860028176740045,-112.91753101842647,36.07714901614892,115.62175319655732,347.0719999999856
27.2719155,214.4191621,398.93999,22800.0,4.2179799999999545,-4.029249999999252,0.0,-2.195500000006234,-2.3017499999866686,0.0,0.0,-0.5737304999999999,-4.6230468,-0.2856447,-1.4965576,-26.09203021252609,-112.63832168408588,36.07668553494993,115.62086988264268,347.76800000001094
27.3548706,214.33713870000005,398.93999,22800.0,4.147754999999975,-4.101169999998433,0.0,-3.5112499999989666,-3.5959999999590764,0.0,0.0,-0.5678710999999999,-4.6069336,-0.2900389999999999,-1.4775879,-28.030701189285825,-112.17087449246308,36.07632186113192,115.62017684455827,347.3039999999746
27.4360193,214.2533257,398.93999,22800.0,4.057434999999998,-4.190650000001028,0.0,-4.515999999998854,-4.474000000129763,0.0,0.0,-0.5219726999999998,-4.619140700000001,-0.2924805,-1.4837403999999998,-30.46834679017164,-111.53365108359486,36.07643575231018,115.620393876527,347.76800000001094
27.5151976,214.167648,398.93999,22800.0,3.9589150000001183,-4.283884999999543,0.0,-4.925999999993991,-4.661749999925746,0.0,0.0,-0.5429685999999999,-4.6821289,-0.2875975999999999,-1.5088624,-33.053359010924524,-110.79517825286491,36.07648246799379,115.62048289982695,348.23199999998906
27.5923548,214.0801455,398.93999,22800.0,3.857859999999924,-4.37512500000139,0.0,-5.052750000009709,-4.5620000000923255,0.0,0.0,-0.5722656999999999,-4.6757813,-0.2836915999999999,-1.514502,-35.63018827086641,-109.99360428974089,36.07649888607521,115.62051418699664,346.3759999999893
27.6674489,213.9908664,398.93999,22800.0,3.754705000000058,-4.463954999998521,0.0,-5.1577499999933,-4.441499999856546,0.0,0.0,-0.5708006999999999,-4.603515700000001,-0.2885744,-1.4975831,-38.18737491756918,-109.1321306270308,36.07648580908696,115.62048926678308,347.76800000001094
27.7404388,213.8998591,398.93999,22800.0,3.649494999999981,-4.550365000000056,0.0,-5.260500000003887,-4.320500000076777,0.0,0.0,-0.5263671,-4.6157226,-0.2919922,-1.4868164,-40.724027828040526,-108.21112279042832,36.07647673145807,115.62047196800476,346.8399999999965
27.811285200000004,213.8071734,398.93999,22800.0,3.5423200000002097,-4.6342850000002045,0.0,-5.358749999988532,-4.196000000007416,0.0,0.0,-0.4804689,-4.6503907,-0.2856447,-1.497583,-43.23800537415025,-107.23137611618348,36.07647581103117,115.62047021399565,348.0
27.8799494,213.7128593,398.93999,22800.0,3.433209999999676,-4.71570500000098,0.0,-5.455500000026703,-4.071000000038794,0.0,0.0,-0.4926756999999999,-4.5947266,-0.2841798,-1.4775879,-45.72868642849942,-106.19317612513208,36.07649915193157,115.62051469362756,348.23200000001816
27.946394,213.6169686,398.93999,22800.0,3.322230000000026,-4.7945349999992,0.0,-5.548999999982485,-3.9414999999110014,0.0,0.0,-0.4882811999999999,-4.6123046,-0.2895507999999999,-1.4709229,-48.1943283342389,-105.09713880978376,36.07649563809436,115.62050799746288,347.3039999999746
28.0105824,213.5195537,398.93999,22800.0,3.209419999999952,-4.870744999999488,0.0,-5.640500000003712,-3.810500000014372,0.0,0.0,-0.5522461,-4.680664,-0.2875975999999999,-1.4873291,-50.634048998603,-103.94364181948193,36.07646323948468,115.6204462570945,348.23200000001816
28.07248,213.4206668,398.93999,22800.0,3.0948800000002663,-4.944345000001249,0.0,-5.726999999984272,-3.680000000088057,0.0,0.0,-0.5195313,-4.6733398,-0.2827148999999999,-1.5114259,-53.04607849294601,-102.73372592761469,36.0765024842289,115.62052104384426,348.23199999998906
28.132053300000003,213.3203628,398.93999,22800.0,2.9786650000000137,-5.01520000000113,0.0,-5.810750000012632,-3.542749999994044,0.0,0.0,-0.4999998,-4.6894529,-0.2827149999999999,-1.5052734,-55.42877810454116,-101.46795790218522,36.07648214351303,115.62048228148028,347.5359999999928
28.1892691,213.2186955,398.93999,22800.0,2.860789999999902,-5.083364999997286,0.0,-5.893750000005582,-3.408249999807822,0.0,0.0,-0.4672851999999999,-4.6713867,-0.2890627,-1.4832276,-57.78213056021038,-100.14651176127856,36.07648783270869,115.62049312310126,347.07200000001467
28.2440971,213.115721,398.93999,22800.0,2.741399999999849,-5.14872500000223,0.0,-5.9695000000026255,-3.2680000002471843,0.0,0.0,-0.4487304999999999,-4.6171875,-0.2856448,-1.4873291,-60.10311067739093,-98.77099814505176,36.0764777516561,115.62047391214293,347.76800000001094
28.2965067,213.0114948,398.93999,22800.0,2.6204800000002137,-5.211309999999969,0.0,-6.045999999981788,-3.129249999886952,0.0,0.0,-0.5122069,-4.6669923,-0.2812502999999999,-1.4755371,-62.39209677116201,-97.3412639383477,36.07648096714124,115.62048003972788,348.23200000001816
28.3464702,212.9060739,398.93999,22800.0,2.498174999999847,-5.271044999999219,0.0,-6.115250000018335,-2.9867499999625124,0.0,0.0,-0.5268555,-4.6083985,-0.2827151,-1.4627197,-64.64633626207866,-95.85903188262498,36.07649771675029,115.62051195866526,347.76800000001094
28.3939596,212.7995157,398.93999,22800.0,2.374469999999995,-5.327910000001168,0.0,-6.1852499999925925,-2.843250000097441,0.0,0.0,-0.4902343,-4.6645509,-0.2871095,-1.4652832,-66.8660308500324,-94.32408569817352,36.07648963544965,115.62049655849896,347.76800000001094
28.4389494,212.6918785,398.93999,22800.0,2.249490000000165,-5.381859999999961,0.0,-6.248999999991511,-2.697499999939623,0.0,0.0,-0.4785155,-4.7592774,-0.2827149,-1.4924561,-69.04896910766732,-92.73797841233946,36.07647499937735,115.62046866726988,348.6959999999963
28.4814149,212.5832206,398.93999,22800.0,2.123274999999758,-5.432894999998439,0.0,-6.310750000020349,-2.551749999923913,0.0,0.0,-0.4379882999999999,-4.7094727,-0.2773439,-1.5006592,-71.19449269099925,-91.10125300265318,36.07647797975206,115.62047434681357,348.4639999999781
28.521333100000003,212.473601,398.93999,22800.0,1.9959100000003005,-5.480980000000102,0.0,-6.368249999972875,-2.4042500000831524,0.0,0.0,-0.4194334999999999,-4.6645507,-0.2807617999999999,-1.4863038,-73.30114142176255,-89.41501960073393,36.07649834840575,115.62051316238336,346.60800000000745
28.5586824,212.3630799,398.93999,22800.0,1.8674649999997683,-5.526054999999985,0.0,-6.422250000026608,-2.25374999999417,0.0,0.0,-0.4287108999999999,-4.712402299999999,-0.2832032999999999,-1.4811767,-75.36771717983319,-87.68012926093053,36.07648653939845,115.62049065850226,347.07200000001467
28.593442,212.2517173,398.93999,22800.0,1.73798000000005,-5.5681299999989164,0.0,-6.474249999985915,-2.103749999946558,0.0,0.0,-0.4638671,-4.669922000000001,-0.2797852999999999,-1.4939941,-77.39360678422317,-85.89716990194736,36.07647816141613,115.62047469300136,348.92799999998533
28.6255935,212.1395737,398.93999,22800.0,1.607575000000061,-5.607180000002643,0.0,-6.52024999999945,-1.952500000186319,0.0,0.0,-0.4433593999999999,-4.6254883,-0.2788086999999999,-1.4714355,-79.3769407095872,-84.06784395785121,36.07649390104815,115.62050468725236,347.5359999999928
28.655119300000003,212.0267104,398.93999,22800.0,1.4762900000000911,-5.643164999997907,0.0,-6.564249999998495,-1.7992499997632194,0.0,0.0,-0.4614257999999999,-4.6967775,-0.2822266999999999,-1.4601562,-81.31710316710449,-82.19263092224607,36.07649104462905,115.62049924390604,348.4640000000072
28.6820006,211.9131886,398.93999,22800.0,1.3440649999997945,-5.676090000000045,0.0,-6.611250000014834,-1.6462500001068747,0.0,0.0,-0.4731444999999999,-4.78125,-0.2836915999999999,-1.4765625,-83.2149007343521,-80.27058251865539,36.07645990228619,115.6204398975905,346.60800000000745
28.7058502,211.7990177,398.93999,22800.0,1.192479999999918,-5.7085450000002425,0.0,-7.57924999999382,-1.6227500000098871,0.0,0.0,-0.4594726999999999,-4.730957000000001,-0.2788086999999999,-1.5006593,-85.32261695751879,-78.02089660977279,36.07446960545906,115.6166479027667,347.76800000001094
28.7253752,211.6840921,398.93999,22800.0,0.976250000000256,-5.746280000001036,0.0,-10.8114999999831,-1.886750000039683,0.0,0.0,-0.4350588,-4.6713868,-0.2773439999999999,-1.4965576,-88.20720377553083,-74.72988380747462,36.069601706990575,115.60738009217523,346.8399999999965
28.7404382,211.5684831,398.93999,22800.0,0.7531499999998914,-5.780449999998893,0.0,-11.155000000018234,-1.7084999998928652,0.0,0.0,-0.40625,-4.7504884,-0.2807619,-1.4822022,-91.03246410762743,-71.26448090979467,36.07066852225296,115.6094103472938,348.0
28.752386,211.4524526,398.93999,22800.0,0.5973900000000754,-5.801524999999685,0.0,-7.787999999990802,-1.0537500000395994,0.0,0.0,-0.4267577999999999,-4.7065429000000005,-0.2778320999999999,-1.4883545,-92.91365053716642,-68.80813223497984,36.07514213215165,115.61792904999275,347.3039999999746
28.763006,211.33627110000003,398.93999,22800.0,0.5309999999999704,-5.809074999999098,0.0,-3.319500000005249,-0.3774999999706097,0.0,0.0,-0.4350585999999999,-4.6811524,-0.2753909,-1.4714355,-93.69339073503664,-67.74805146679927,36.07683165186948,115.62114834655613,346.60799999997835
28.773018099999994,211.2200353,398.93999,22800.0,0.5006049999996875,-5.811790000001338,0.0,-1.5197500000141415,-0.1357500001120115,0.0,0.0,-0.4306640999999999,-4.7753906,-0.2744141999999999,-1.4545165,-94.04648655280872,-67.2571163666579,36.07685749687412,115.6211976018489,347.3040000000037
28.782451700000003,211.1037507,398.93999,22800.0,0.4716800000004184,-5.814230000000009,0.0,-1.446249999963456,-0.1219999999335641,0.0,0.0,-0.4204101999999999,-4.7607422,-0.2773439,-1.4622069999999998,-94.37996330418416,-66.78845799242818,36.07688985291093,115.6212592662158,345.2159999999858
28.7913062,210.9874208,398.93999,22800.0,0.4427249999999105,-5.816494999999122,0.0,-1.447750000025394,-0.1132499999556557,0.0,0.0,-0.4282225999999999,-4.7153319,-0.2783204,-1.4852783,-94.71134697016625,-66.3176340138646,36.0768722261124,115.6212256728846,346.60800000000745
28.7995811,210.8710483,398.93999,22800.0,0.4137449999999987,-5.818625000001987,0.0,-1.4489999999955927,-0.1065000001432281,0.0,0.0,-0.4277344999999999,-4.7451173,-0.2758791,-1.4991211999999998,-95.0405326565797,-65.84499052214004,36.076867230475145,115.62121615217124,345.2160000000149
28.8072768,210.754636,398.93999,22800.0,0.3847849999999653,-5.820615000000373,0.0,-1.4480000000016702,-0.0994999999193169,0.0,0.0,-0.4160158,-4.678710799999999,-0.2768556,-1.484253,-95.3670127881334,-65.37125237785494,36.076872088788924,115.62122541117267,346.8399999999965
28.8143929,210.6381868,398.93999,22800.0,0.3558050000000534,-5.822459999998841,0.0,-1.4489999999955927,-0.0922499999234105,0.0,0.0,-0.4223631999999999,-4.7294922,-0.2817383999999999,-1.4842529,-95.69124967472648,-64.89571342704349,36.076874630031725,115.62123025429108,347.5359999999928
28.820929,210.5217035,398.93999,22800.0,0.3268049999997302,-5.824164999999937,0.0,-1.4500000000161606,-0.0852500000547706,0.0,0.0,-0.4077147999999999,-4.7226563,-0.2778321,-1.4919433000000002,-96.0132344901456,-64.41840806823592,36.076882820992886,115.62124586470016,346.3759999999893
28.826885500000003,210.4051894,398.93999,22800.0,0.2978250000003513,-5.825704999999459,0.0,-1.4489999999689471,-0.0769999999761239,0.0,0.0,-0.4189452999999999,-4.7509766,-0.2763674,-1.4745117,-96.33255269466456,-63.93983409939676,36.07686148696828,115.6212052061762,347.07200000001467
28.8322617,210.2886468,398.93999,22800.0,0.2688099999996751,-5.827130000001546,0.0,-1.450750000033807,-0.0712500001043281,0.0,0.0,-0.4091798,-4.7299805,-0.2817383999999999,-1.4688721,-96.6497534739203,-63.459418900462026,36.0768832712911,115.62124672288344,348.23200000001816
28.837057400000003,210.172079,398.93999,22800.0,0.2397850000003032,-5.828389999999217,0.0,-1.4512499999685955,-0.0629999998835728,0.0,0.0,-0.4101561999999999,-4.7148437,-0.2841798,-1.4806641,-96.96461870180002,-62.97722583673578,36.07687319723388,115.62122752365453,345.9120000000112
28.841272799999995,210.0554887,398.93999,22800.0,0.2107699999996271,-5.82951500000064,0.0,-1.450750000033807,-0.0562500000711452,0.0,0.0,-0.4125976999999999,-4.7583008,-0.2802736,-1.5073243,-97.27689512701086,-62.49381088142406,36.07687880181042,115.62123820490189,347.3040000000037
28.844907800000005,209.938879,398.93999,22800.0,0.1817500000004912,-5.830484999999896,0.0,-1.4509999999567924,-0.0484999999628144,0.0,0.0,-0.4184570999999999,-4.7060546,-0.2812500999999999,-1.4970703,-97.5867723084008,-62.00877260003881,36.076868102781305,115.62121781461649,346.8399999999965
28.8479621,209.8222525,398.93999,22800.0,0.1527149999995813,-5.831324999998344,0.0,-1.451750000045493,-0.0419999999223819,0.0,0.0,-0.4086914999999999,-4.752441500000001,-0.2851564,-1.4760499,-97.89432407873632,-61.522128301514535,36.076879331748806,115.6212392148634,346.14400000000023
28.850435800000003,209.7056124,398.93999,22800.0,0.1236850000003286,-5.832005000000606,0.0,-1.4514999999626357,-0.0340000001131102,0.0,0.0,-0.4047851999999999,-4.8261718,-0.2841798,-1.484253,-98.19937635502107,-61.03399068900069,36.07686702950752,115.62121576916624,346.8399999999965
28.8523287,209.5889614,398.93999,22800.0,0.0946449999997156,-5.832550000002357,0.0,-1.452000000030651,-0.0272500000875197,0.0,0.0,-0.4106444999999999,-4.689941500000001,-0.2822268,-1.4770751,-98.50205495231631,-60.544295288279805,36.07686926648688,115.62122003241258,345.9120000000112
28.853641,209.4723024,398.93999,22800.0,0.0656150000001076,-5.832949999998505,0.0,-1.451499999980399,-0.0199999998073963,0.0,0.0,-0.3964843999999999,-4.7241211000000005,-0.2817383,-1.4688721,-98.80216466963218,-60.05330621556461,36.07687110228467,115.62122353108656,346.14400000000023
28.8543725,209.355638,398.93999,22800.0,0.0365750000000275,-5.833219999999528,0.0,-1.4520000000040056,-0.0135000000511809,0.0,0.0,-0.3847656999999999,-4.7407227,-0.2841799,-1.4704102,-99.09989293471784,-59.56080251833315,36.07689525787033,115.6212695670672,346.14400000000023
28.8545229,209.2389717,398.93999,22800.0,0.0075199999999497,-5.833314999999573,0.0,-1.4527500000038884,-0.0047500000022182,0.0,0.0,-0.3618163,-4.712402299999999,-0.2836915,-1.4950196,-99.39534878953964,-59.06633998618362,36.07687234922822,115.62122590751954,346.14400000000023
28.8540929,209.1223062,398.93999,22800.0,-0.0214999999998966,-5.833275000000526,0.0,-1.4509999999923195,0.0019999999523179,0.0,0.0,-0.3051756999999999,-4.730957200000001,-0.2802735999999999,-1.501172,-99.6879725550526,-58.571088837320126,36.07686426979253,115.62121050969051,346.8399999999965
28.8530818,209.0056441,398.93999,22800.0,-0.0505549999999743,-5.83310499999925,0.0,-1.4527500000038884,0.0085000000638046,0.0,0.0,-0.1923827999999999,-4.7680664,-0.2832033,-1.4868165,-99.97846269790192,-58.07389910160503,36.07687888409807,115.62123836172644,346.3759999999893
28.8514899,208.8889887,398.93999,22800.0,-0.0795950000000544,-5.8327700000020855,0.0,-1.4520000000040056,0.0167499998582343,0.0,0.0,-0.0830077999999999,-4.7490235,-0.2861329999999999,-1.4837402,-100.26636495154828,-57.57533598590788,36.07686185265399,115.62120590310089,345.448000000004
28.8493176,208.7723424,398.93999,22800.0,-0.1086150000000785,-5.832314999997834,0.0,-1.451000000001201,0.022750000212568,0.0,0.0,0.0278318,-4.666015700000001,-0.2832032999999999,-1.490918,-100.55157187221064,-57.075858793418334,36.07688229382122,115.62124486001078,345.9119999999821
28.8465642,208.6557082,398.93999,22800.0,-0.1376699999999786,-5.831709999999646,0.0,-1.4527499999950066,0.0302499999094152,0.0,0.0,0.1074221,-4.6987304000000005,-0.2802735999999999,-1.4729736,-100.8346616451224,-56.57427914214435,36.076895424056445,115.62126988378732,345.9120000000112
28.8432302,208.5390896,398.93999,22800.0,-0.1666999999999419,-5.830930000001899,0.0,-1.4514999999981626,0.0389999998873236,0.0,0.0,0.1835937,-4.687011699999999,-0.2832032999999999,-1.4647705,-101.11508449549576,-56.07140530862024,36.07686083456889,115.62120396283206,347.5359999999928
28.839316,208.4224888,398.93999,22800.0,-0.1957100000002043,-5.830040000000736,0.0,-1.4505000000131218,0.0445000000581785,0.0,0.0,0.2338868,-4.7353516,-0.2841798999999999,-1.4786133,-101.39280239789892,-55.567709392271816,36.07687875908034,115.62123812346654,345.448000000004
28.834821000000005,208.3059089,398.93999,22800.0,-0.2247499999995739,-5.828994999998827,0.0,-1.4519999999684785,0.0522500000954551,0.0,0.0,0.2822265,-4.8071289,-0.2807617999999999,-1.5021974,-101.6683524683111,-55.0619501778655,36.07688226666451,115.6212448082552,346.14400000000023
28.8297461,208.1893531,398.93999,22800.0,-0.2537450000001939,-5.827790000000732,0.0,-1.4497500000310026,0.0602499999047267,0.0,0.0,0.3154296,-4.7495116,-0.279297,-1.4965576,-101.94103470472244,-54.55536290349962,36.07685941044874,115.62120124874144,344.98399999999674
28.8240905,208.0728238,398.93999,22800.0,-0.282780000000038,-5.826464999998393,0.0,-1.4517499999922023,0.0662500001169519,0.0,0.0,0.3691407000000001,-4.7216797,-0.2832032,-1.4770752,-102.21158586309762,-54.04684859862949,36.07687744956007,115.62123562777106,345.448000000004
28.8179074,207.95632100000003,398.93999,22800.0,-0.3091550000002385,-5.825139999998896,0.0,-1.3187500000100272,0.0662499999748433,0.0,0.0,0.4023439000000001,-4.7602538,-0.2822266,-1.4904052,-102.45520111635226,-53.58369201116774,36.07690049728089,115.62127955242438,345.448000000004
28.811503800000004,207.8398274,398.93999,22800.0,-0.3201799999995813,-5.824680000000626,0.0,-0.5512499999671405,0.0229999999135088,0.0,0.0,0.4233398,-4.6694337,-0.2778322,-1.4857909,-102.5562458521038,-53.39090722231241,36.07710981986155,115.62167849196244,345.2159999999858
28.8049123,207.7233418,398.93999,22800.0,-0.3295750000001263,-5.824280000000215,0.0,-0.469750000027247,0.0200000000205591,0.0,0.0,0.4624024,-4.7451172,-0.2788087,-1.4642578,-102.64205781678174,-53.22654312825738,36.07730129230152,115.62204342705508,344.98399999999674
28.797621300000003,207.60690130000003,398.93999,22800.0,-0.3645499999999302,-5.822024999999087,0.0,-1.7487499999901956,0.1127500000563941,0.0,0.0,0.5058592000000001,-4.777832200000001,-0.2832033,-1.4693848,-102.96012986106024,-52.60753392869238,36.0770381871348,115.62154196802996,346.14400000000023
28.7888516,207.4905701,398.93999,22800.0,-0.4384850000002771,-5.816560000000948,0.0,-3.696750000017346,0.2732499999069659,0.0,0.0,0.5302735000000001,-4.803711,-0.2802734999999999,-1.4914307,-103.62067321673544,-51.29181075340915,36.0764772537357,115.62047296328194,344.98399999999674
28.7778639,207.3744298,398.93999,22800.0,-0.5493849999998801,-5.807015000000604,0.0,-5.544999999980149,0.4772500000171931,0.0,0.0,0.5561524000000001,-4.762207,-0.2763673999999999,-1.5016846,-104.58062333652023,-49.304215617240544,36.076292725594655,115.62012132447563,345.2159999999858
28.7642467,207.2585665,398.93999,22800.0,-0.6808599999999387,-5.7931650000000445,0.0,-6.573750000002931,0.6925000000279624,0.0,0.0,0.5839843,-4.7246094,-0.2797853,-1.4857911,-105.67111328715912,-46.92218644069721,36.07643639579977,115.62039510278092,345.448000000004
28.7479313,207.1430515,398.93999,22800.0,-0.8157700000001711,-5.775749999999391,0.0,-6.745500000011617,0.8707500000326718,0.0,0.0,0.5981446,-4.7871094,-0.2817385,-1.4873291,-106.73654180973756,-44.44560686812399,36.07649440765181,115.62050565266392,345.679999999993
28.7289247,207.0279486,398.93999,22800.0,-0.950329999999866,-5.755145000000539,0.0,-6.727999999984746,1.0302499999426118,0.0,0.0,0.6064453000000001,-4.7285156,-0.2773439,-1.4919433999999998,-107.74464690960367,-41.94276392543627,36.07650134261672,115.6205188683222,345.679999999993
28.7072381,206.9133207,398.93999,22800.0,-1.0843299999999445,-5.731395000000816,0.0,-6.700000000003925,1.1874999999861302,0.0,0.0,0.6108399,-4.7426757,-0.2749024999999999,-1.4770752000000005,-108.69379988120966,-39.41767185305773,36.07648001928709,115.62047823345046,344.98399999999674
28.6828827,206.79923,398.93999,22800.0,-1.217770000000051,-5.704534999999567,0.0,-6.67200000000534,1.3430000000624889,0.0,0.0,0.6240235000000001,-4.854980500000001,-0.2778322,-1.4760499,-109.58396793577153,-36.870724296026594,36.07648308677001,115.6204840789979,344.98400000002584
28.6558721,206.6857385,398.93999,22800.0,-1.3505300000000275,-5.674575000000459,0.0,-6.637999999998812,1.4979999999553684,0.0,0.0,0.6533204,-4.773925800000001,-0.2788085999999999,-1.4868165,-110.41435971363978,-34.30405794176108,36.07648963048185,115.6204965490321,345.448000000004
28.6262211,206.57290820000003,398.93999,22800.0,-1.4825499999998826,-5.64151499999781,0.0,-6.600999999992752,1.6530000001324652,0.0,0.0,0.6728516000000001,-4.776855599999999,-0.273926,-1.5160401,-111.18462441887752,-31.718660920336983,36.07647813761387,115.62047464764262,345.9119999999821
28.5939454,206.4608004,398.93999,22800.0,-1.613785000000334,-5.605390000000909,0.0,-6.56175000002257,1.806249999845022,0.0,0.0,0.6923830000000001,-4.785644400000001,-0.2739258999999999,-1.5098877,-111.89447021078658,-29.115713869902034,36.076485172812376,115.62048805426576,344.28800000000047
28.559063100000003,206.3494761,398.93999,22800.0,-1.7441149999996242,-5.566215000000341,0.0,-6.516499999964509,1.9587500000284308,0.0,0.0,0.7299806,-4.7392577,-0.2783204,-1.5027099,-112.54326309078454,-26.497367031894328,36.0764835135861,115.62048489236008,345.2160000000149
28.5215926,206.2389961,398.93999,22800.0,-1.8735250000002424,-5.524000000001195,0.0,-6.47050000003091,2.1107499999573065,0.0,0.0,0.7661134,-4.7944336,-0.2797853,-1.5155274,-113.13092223135388,-23.86399185265996,36.07648157405087,115.62048119628489,345.679999999993
28.481554800000005,206.1294201,398.93999,22800.0,-2.001889999999662,-5.478799999998785,0.0,-6.418249999970982,2.260000000120499,0.0,0.0,0.8325195000000001,-4.8286133,-0.2758791,-1.5037354,-113.65687906902136,-21.218335289773066,36.07650027332502,115.62051683061868,345.9119999999821
28.438971,206.0208083,398.93999,22800.0,-2.129190000000314,-5.430590000000279,0.0,-6.365000000032595,2.410499999925264,0.0,0.0,0.8408201999999999,-4.839843500000001,-0.2753907999999999,-1.4934815,-114.12104912941324,-18.560356499222006,36.07649295620711,115.62050288671192,344.98399999999674
28.393865,205.9132196,398.93999,22800.0,-2.2553000000000267,-5.379435000000399,0.0,-6.305499999985642,2.55774999999403,0.0,0.0,0.8232421999999999,-4.8286131,-0.2778321,-1.4929688,-114.52297882063704,-15.89290961147015,36.0764851636531,115.62048803681137,346.14400000000023
28.3462612,205.8067126,398.93999,22800.0,-2.3801900000000487,-5.325349999999673,0.0,-6.244500000001096,2.704250000036268,0.0,0.0,0.7802734,-4.8251951,-0.2763672,-1.5180909,-114.86258967796908,-13.216667364557598,36.0764796036032,115.62047744130297,346.8399999999965
28.2961853,205.7013452,398.93999,22800.0,-2.5037949999997977,-5.268369999998868,0.0,-6.180249999987453,2.8490000000402915,0.0,0.0,0.7778322000000001,-4.8393554,-0.2729494,-1.5221925,-115.13970238328614,-10.533135309163052,36.076486866722206,115.62049128226728,345.6800000000221
28.2436643,205.597175,398.93999,22800.0,-2.626050000000113,-5.208509999999933,0.0,-6.112750000015765,2.9929999999467327,0.0,0.0,0.7470704,-4.823730299999999,-0.2734377,-1.509375,-115.35414027988968,-7.843501094203,36.07648728603045,115.6204920813228,346.14400000000023
28.1887274,205.4942583,398.93999,22800.0,-2.7468450000000644,-5.145835000000432,0.0,-6.039749999997568,3.133749999975066,0.0,0.0,0.8046875000000002,-4.8574218,-0.2744141,-1.5057862,-115.50573813192987,-5.150356131880844,36.07649527522463,115.62050730595834,345.9120000000112
28.1314042,205.3926517,398.93999,22800.0,-2.866159999999951,-5.080330000001254,0.0,-5.96574999999433,3.2752499999588736,0.0,0.0,0.8403320000000001,-4.939453,-0.2724609999999999,-1.5175782999999998,-115.59442982291468,-2.4537291792406752,36.07647549438229,115.6204696105746,347.3040000000037
28.0717262,205.2924099,398.93999,22800.0,-2.983899999999906,-5.012089999999603,0.0,-5.886999999997755,3.412000000082571,0.0,0.0,0.8027343,-4.851562400000001,-0.2700197,-1.4980957,-115.62023316746162,0.243532634822689,36.07648600776888,115.6204896454016,346.8399999999965
28.0097252,205.1935879,398.93999,22800.0,-3.100049999999932,-4.94109999999921,0.0,-5.807500000001298,3.549500000019634,0.0,0.0,0.8032225000000001,-4.8242187,-0.2695314,-1.5001466,-115.58308582118175,2.941463951053445,36.07649579361055,115.62050829382312,347.5359999999928
27.9454358,205.0962395,398.93999,22800.0,-3.2144699999999915,-4.867420000000777,0.0,-5.721000000002974,3.683999999921639,0.0,0.0,0.7661133,-4.879882799999999,-0.2758789,-1.5057861,-115.48295339522367,5.637255081539164,36.07647135691146,115.62046172601866,346.60800000000745
27.8788924,205.0004174,398.93999,22800.0,-3.327170000000024,-4.791104999999618,0.0,-5.635000000001611,3.81575000005796,0.0,0.0,0.7617187000000001,-4.8603516,-0.2714845,-1.5391114,-115.32003117968934,8.330095122129075,36.07649156797004,115.6205002412126,346.8399999999965
27.8101312,204.9061744,398.93999,22800.0,-3.4380600000000427,-4.7121500000002925,0.0,-5.544500000000952,3.947749999966277,0.0,0.0,0.8247070000000001,-4.8256836,-0.2695313,-1.5303954000000002,-115.09419986190822,11.018959022783998,36.076473921365576,115.6204666129603,345.448000000004
27.739082000000003,204.8136603,398.93999,22800.0,-3.5524599999998685,-4.625705000000835,0.0,-5.719999999991288,4.3222499999728825,0.0,0.0,0.8725584,-4.9272461,-0.2709962,-1.5196288,-114.78609551590436,13.849433825065308,36.07548040085822,115.61857351248192,347.3040000000037
27.6652832,204.723389,398.93999,22800.0,-3.6899400000002913,-4.513564999999176,0.0,-6.874000000021141,5.607000000082962,0.0,0.0,0.8549806,-4.908202999999999,-0.2724609999999999,-1.5216797000000002,-114.30153242180224,17.352504407070306,36.07160907001161,115.6112006821558,346.3759999999893
27.5885265,204.6356545,398.93999,22800.0,-3.837834999999856,-4.386724999999103,0.0,-7.394749999978245,6.342000000003623,0.0,0.0,0.7919921000000001,-4.963379000000001,-0.2695313,-1.507837,-113.65204875723458,21.1719399334783,36.06954010189778,115.60726286554682,346.8399999999965
27.5091229,204.550275,398.93999,22800.0,-3.970179999999957,-4.268975000000808,0.0,-6.617250000005015,5.88749999991478,0.0,0.0,0.7338867,-4.9433595,-0.2670899999999999,-1.4888673,-112.96172725531648,24.607179016839936,36.07141678025605,115.61083462924796,346.60800000000745
27.4277028,204.4667566,398.93999,22800.0,-4.07100499999995,-4.175920000000133,0.0,-5.041249999999664,4.652750000033734,0.0,0.0,0.8271484000000001,-4.9272461,-0.2675784,-1.496045,-112.36151627257034,27.243524048036733,36.07472085535815,115.61712650653035,346.3759999999893
27.3450001,204.3844742,398.93999,22800.0,-4.135135000000112,-4.114119999999844,0.0,-3.2065000000081056,3.09000000001447,0.0,0.0,0.814453,-4.900879000000001,-0.2695316,-1.5165529,-111.93816287331131,28.947910081839915,36.076568109601816,115.62064610422424,345.9119999999821
27.261591900000003,204.3029017,398.93999,22800.0,-4.170409999999869,-4.078624999999647,0.0,-1.7637499999878514,1.774750000009817,0.0,0.0,0.8095703000000001,-4.920898299999999,-0.2680667,-1.5242431,-111.68660872599456,29.90589176914353,36.07685658091554,115.6211958562146,346.3760000000184
27.1776446,204.2218839,398.93999,22800.0,-4.197365000000275,-4.050889999999185,0.0,-1.347750000020298,1.3867500000230848,0.0,0.0,0.7441406,-4.8955078,-0.2690433,-1.5083496,-111.48590910602938,30.645680756376223,36.07686735235424,115.621216384449,347.0719999999856
27.0931666,204.1414198,398.93999,22800.0,-4.223899999999858,-4.02320500000144,0.0,-1.326749999979171,1.384249999887288,0.0,0.0,0.8066407,-4.9204101,-0.2709965,-1.5088623,-111.2820070118029,31.37795925379289,36.07685767073733,115.62119793319752,348.0
27.0081607,204.0615133,398.93999,22800.0,-4.250295000000115,-3.995324999999639,0.0,-1.3197500000128315,1.3940000000900454,0.0,0.0,0.7724610000000001,-4.9082031,-0.2709965,-1.519629,-111.07313141351226,32.10962292180699,36.07687354238048,115.62122818143732,345.44799999997485
26.9226317,203.9821675,398.93999,22800.0,-4.276449999999876,-3.967289999999936,0.0,-1.3077499999880615,1.4017499999852134,0.0,0.0,0.7661134,-4.9960937,-0.2719729999999999,-1.4955323,-110.8595912276557,32.83910607669266,36.07684506258642,115.6211739046062,347.5359999999928
26.8365824,203.903386,398.93999,22800.0,-4.302465000000133,-3.939074999999548,0.0,-1.3007500000128402,1.410750000019334,0.0,0.0,0.7001954000000001,-5.025879000000001,-0.2700199,-1.4934816000000002,-110.6411854202416,33.56769166535029,36.07685863154236,115.62119976430064,346.8399999999965
26.7500169,203.825172,398.93999,22800.0,-4.328274999999948,-3.9107000000001335,0.0,-1.2904999999907574,1.4187499999707145,0.0,0.0,0.6704101,-4.9531249,-0.2709963999999999,-1.504248,-110.4180767545086,34.29448130042148,36.0768615516396,115.62120532942696,348.23200000001816
26.6629388,203.747529,398.93999,22800.0,-4.353904999999969,-3.88214999999974,0.0,-1.2815000000010457,1.427500000019677,0.0,0.0,0.7456054000000001,-4.9096679000000005,-0.2729495,-1.5262939,-110.19014625736696,35.0199519235025,36.07686664150061,115.62121502970096,348.6959999999963
26.575351900000005,203.6704602,398.93999,22800.0,-4.379344999999724,-3.853440000000319,0.0,-1.2719999999877274,1.4354999999710572,0.0,0.0,0.7797851,-4.9350585,-0.2724612999999999,-1.5155273,-109.95751347258502,35.74374862348122,36.076877918445774,115.62123652137755,347.07200000001467
26.4872602,203.5939696,398.93999,22800.0,-4.404585000000161,-3.824530000001402,0.0,-1.2620000000218567,1.4454999999458096,0.0,0.0,0.7480468,-4.970702999999999,-0.2734378999999999,-1.5052734,-109.71985731570338,36.46653044495415,36.07684296817539,115.6211699130876,347.76800000001094
26.3986672,203.5180599,398.93999,22800.0,-4.429650000000152,-3.795484999999133,0.0,-1.2532499999995397,1.4522500001135086,0.0,0.0,0.7382813,-4.8989258,-0.2734378999999999,-1.5160401,-109.47769794599856,37.187293799757626,36.07685711752244,115.62119687888026,347.07200000001467
26.309577,203.4427342,398.93999,22800.0,-4.454509999999878,-3.76628500000038,0.0,-1.2429999999863384,1.4599999999376223,0.0,0.0,0.7832032000000001,-4.8881835,-0.2729495999999999,-1.4970704,-109.23088357152524,37.90618081211495,36.0768646098193,115.62121115771473,347.3040000000037
26.2199932,203.3679963,398.93999,22800.0,-4.479190000000166,-3.7368949999986967,0.0,-1.2340000000143905,1.4695000000841674,0.0,0.0,0.8413086,-4.9560547,-0.2709965,-1.4811769,-108.97911585042844,38.624017771117806,36.07686000523317,115.6212023822825,346.8399999999965
26.1299197,203.2938493,398.93999,22800.0,-4.503674999999952,-3.707350000001952,0.0,-1.2242499999892686,1.4772499998372268,0.0,0.0,0.7690429,-4.9521484,-0.2729494999999999,-1.4857912,-108.72268884409596,39.34005180925606,36.07686069849118,115.62120370349488,347.5359999999928
26.0393606,203.2202961,398.93999,22800.0,-4.527955000000006,-3.677659999998184,0.0,-1.214000000002713,1.4845000001884046,0.0,0.0,0.7241211,-5.0107421,-0.2729495,-1.5283447,-108.46169344423818,40.05403075499876,36.07686428065726,115.62121053039655,348.0
25.948319700000003,203.1473402,398.93999,22800.0,-4.552044999999794,-3.647795000001963,0.0,-1.2044999999893946,1.4932499998110416,0.0,0.0,0.7666017,-4.9838868000000005,-0.2719729999999999,-1.5416748,-108.19586702095776,40.76661002709019,36.07685930905521,115.62120105550548,347.76800000001094
25.8568011,203.0749845,398.93999,22800.0,-4.575930000000028,-3.617784999998719,0.0,-1.1942500000117209,1.5005000001622193,0.0,0.0,0.7861328000000001,-4.9858399,-0.2714846999999999,-1.5206541999999998,-107.9254748583706,41.477137522161584,36.07685687412048,115.62119641500468,346.60800000000745
25.7648085,203.0032324,398.93999,22800.0,-4.599630000000232,-3.5876049999998827,0.0,-1.1850000000102057,1.508999999941807,0.0,0.0,0.7299804000000001,-4.9365235,-0.2744142,-1.5186034000000002,-107.65029166863768,42.18620493539965,36.07685715266981,115.62119694586414,348.23200000001816
25.6723455,202.9320867,398.93999,22800.0,-4.623149999999932,-3.5572849999994105,0.0,-1.1759999999849668,1.5160000000236096,0.0,0.0,0.7348632,-4.943359200000001,-0.2753907,-1.5191163,-107.3705894631546,42.89329140554721,36.076895151146175,115.6212693636706,347.76800000001094
25.5794174,202.8615511,398.93999,22800.0,-4.646404999999909,-3.526780000001395,0.0,-1.16274999999888,1.5252499999007796,0.0,0.0,0.7626954,-5.0078124,-0.2724611999999999,-1.5021974,-107.08595802594672,43.59867226607653,36.076824129099535,115.62113400974567,349.1600000000035
25.486027,202.791628,398.93999,22800.0,-4.669520000000027,-3.496154999999135,0.0,-1.1557500000058951,1.5312500001130047,0.0,0.0,0.8291014000000001,-4.980957,-0.2724611,-1.4950198,-106.79699405780129,44.30196257837581,36.07685861597977,115.62119973464144,348.92800000001444
25.3921789,202.7223203,398.93999,22800.0,-4.692405000000122,-3.4653849999997988,0.0,-1.1442500000047318,1.5384999999668023,0.0,0.0,0.7543945000000001,-4.9477538,-0.2753906,-1.5098877,-106.50347367300796,45.00304792174487,36.0768640586247,115.62121010724618,347.3040000000037
25.2978767,202.6536315,398.93999,22800.0,-4.715109999999889,-3.4344400000009045,0.0,-1.1352499999883747,1.547249999944711,0.0,0.0,0.7465820000000001,-4.9702149,-0.2734377,-1.5355225,-106.20510674471105,45.70278272708855,36.07687499794142,115.62123095545614,347.5359999999928
25.2031248,202.58556460000003,398.93999,22800.0,-4.737594999999928,-3.403344999998126,0.0,-1.1242500000019362,1.554750000138938,0.0,0.0,0.7988280000000001,-4.9467774,-0.2729495,-1.5206541999999998,-105.90212965802304,46.40046867147333,36.07686481281388,115.62121154458252,346.8399999999965
25.1079277,202.5181222,398.93999,22800.0,-4.759855000000002,-3.372120000001644,0.0,-1.1130000000036944,1.5612499998240992,0.0,0.0,0.8071288000000001,-5.0961915,-0.273926,-1.5037354,-105.59473902559272,47.09572008078233,36.07684484641075,115.6211734926196,347.76800000001094
25.0122888,202.4513072,398.93999,22800.0,-4.781945000000043,-3.34074999999956,0.0,-1.1045000000020622,1.5685000001042226,0.0,0.0,0.7519531,-5.060058700000001,-0.275879,-1.519629,-105.28279358980632,47.78912595563203,36.07687077292822,115.62122290339704,346.8399999999965
24.9162123,202.3851228,398.93999,22800.0,-4.803824999999939,-3.3092199999998684,0.0,-1.0939999999948211,1.5764999999845486,0.0,0.0,0.7846679000000001,-4.9804689,-0.2744143,-1.5062988999999998,-104.96613867806798,48.48072402203938,36.076879134573126,115.62123883908416,349.85599999999977
24.819703,202.3195718,398.93999,22800.0,-4.825465000000229,-3.2775499999999624,0.0,-1.0820000000144605,1.583499999995297,0.0,0.0,0.8413087000000001,-4.9770508,-0.2744143,-1.487842,-104.64496953285447,49.169991569790994,36.07684929317971,115.62118196725616,347.76800000001094
24.7227646,202.2546566,398.93999,22800.0,-4.846919999999777,-3.245760000000076,0.0,-1.0727499999774182,1.589499999994359,0.0,0.0,0.8325194,-5.0063478,-0.2753907,-1.4986085,-104.31950293793244,49.85687008632751,36.076868509148525,115.62121858907314,349.39200000002165
24.6254013,202.1903808,398.93999,22800.0,-4.868165000000069,-3.2137899999995057,0.0,-1.0622500000145862,1.59850000002848,0.0,0.0,0.7709961,-5.0190429,-0.2763673,-1.5268067,-103.98911099766072,50.54230183798183,36.07685329058146,115.6211895854971,347.76799999998184
24.5276173,202.1267466,398.93999,22800.0,-4.889200000000038,-3.181710000001204,0.0,-1.0517499999984636,1.6039999999151178,0.0,0.0,0.8125001000000001,-4.9799806,-0.2744143,-1.5314207999999998,-103.65452511580744,51.22502797389225,36.0768636983945,115.62120942071827,347.07200000001467
24.429417,202.0637571,398.93999,22800.0,-4.910014999999923,-3.149474999999313,0.0,-1.0407499999942615,1.6117500000945029,0.0,0.0,0.8657227000000001,-4.9365234,-0.2753909,-1.5068115,-103.31526782956578,51.90580679877058,36.07684844594062,115.62118035259029,348.0
24.3308047,202.0014145,398.93999,22800.0,-4.930615000000138,-3.1171300000011115,0.0,-1.0300000000107443,1.6172499999100864,0.0,0.0,0.7968751000000001,-4.9589844,-0.2783202999999999,-1.5114258,-102.971823287583,52.58386002967367,36.07685157881942,115.62118632322336,348.23199999998906
24.2317841,201.939722,398.93999,22800.0,-4.951029999999967,-3.084624999998198,0.0,-1.020749999991466,1.6252500001456838,0.0,0.0,0.7509767,-5.0078126,-0.2763672,-1.5232179,-102.62366170497856,53.26022246342955,36.07687089299735,115.62122313222557,347.5359999999928
24.1323603,201.8786819,398.93999,22800.0,-4.971189999999837,-3.0520050000006904,0.0,-1.0079999999934586,1.630999999875371,0.0,0.0,0.7641602000000001,-4.951171799999999,-0.2753909,-1.4980958,-102.27124801132136,53.933761272016525,36.0768516876245,115.62118653058388,346.60799999997835
24.032537,201.8182971,398.93999,22800.0,-4.991165000000208,-3.0192400000004227,0.0,-0.9987500000185888,1.638250000013386,0.0,0.0,0.7958984000000001,-5.0083008,-0.273926,-1.4883547,-101.91427913685772,54.60533661796866,36.07686145478856,115.621205144848,348.23199999998906
23.9323188,201.7585702,398.93999,22800.0,-5.010909999999846,-2.9863450000007674,0.0,-0.9872499999818984,1.6447499999827642,0.0,0.0,0.7387697,-5.060547000000001,-0.2763672,-1.5037355,-101.55290140174075,55.27447540435442,36.07685313894321,115.6211892965051,348.6960000000254
23.8317097,201.6995035,398.93999,22800.0,-5.030454999999989,-2.953334999997992,0.0,-0.977250000007146,1.650500000138777,0.0,0.0,0.7460938,-5.0063476,-0.2744143,-1.5283448,-101.18730145115424,55.94104499837717,36.076878271846,115.62123719489088,348.0
23.7307146,201.6411,398.93999,22800.0,-5.049755000000111,-2.9201750000012794,0.0,-0.9650000000061,1.6579999998356243,0.0,0.0,0.78125,-5.0107423,-0.2744143,-1.5139893,-100.81705424972338,56.60547109105813,36.076849441867616,115.62118225062518,348.0
23.6293372,201.5833619,398.93999,22800.0,-5.068869999999848,-2.8869049999997287,0.0,-0.9557499999868212,1.6635000000775335,0.0,0.0,0.7734376000000001,-5.0043946,-0.2753907999999999,-1.5032226999999998,-100.4426545309596,57.26729912752295,36.07687806333795,115.62123679751436,347.3040000000037
23.5275827,201.5262918,398.93999,22800.0,-5.087725000000098,-2.8535049999987905,0.0,-0.9427500000125376,1.6700000000469115,0.0,0.0,0.7368164,-4.98291,-0.2773436999999999,-1.5134766000000002,-100.06382376624552,57.92657687328448,36.076847966823415,115.62117943949016,347.5359999999928
23.4254549,201.469892,398.93999,22800.0,-5.106390000000083,-2.8199900000004163,0.0,-0.9332499999992194,1.6757499999187075,0.0,0.0,0.7597658,-4.971191299999999,-0.2773436999999999,-1.5062989,-99.6807854528095,58.58332103864674,36.07686466162141,115.6212112564394,347.5359999999928
23.3229583,201.4141655,398.93999,22800.0,-5.124829999999925,-2.786325000001,0.0,-0.9219999999920958,1.683249999970826,0.0,0.0,0.7988281,-5.031249900000001,-0.2749024,-1.4914308,-99.29309832355008,59.23800182393934,36.07685500062245,115.62119284449206,347.0719999999856
23.2200973,201.3591142,398.93999,22800.0,-5.143050000000038,-2.752565000000118,0.0,-0.9110000000056572,1.688000000044099,0.0,0.0,0.7402344000000001,-5.0498046,-0.2763673,-1.4924563,-98.90142287442578,59.88968123937785,36.07686664285284,115.62121503227804,348.23200000001816
23.1168769,201.30474020000003,398.93999,22800.0,-5.161019999999894,-2.718699999998364,0.0,-0.8984999999928078,1.6932500000876871,0.0,0.0,0.7202148,-4.9946289,-0.2763673,-1.5196289,-98.50561751124194,60.53843127248606,36.07685070615364,115.62118466009856,346.60799999997835
23.0133006,201.2510466,398.93999,22800.0,-5.178815000000014,-2.684680000001549,0.0,-0.8897500000060177,1.7009999998407466,0.0,0.0,0.7954100000000001,-4.965332,-0.273926,-1.5278321,-98.10513945230096,61.18537521153789,36.076873815916045,115.6212287027434,348.0
22.9093738,201.1980351,398.93999,22800.0,-5.196339999999999,-2.650574999999833,0.0,-0.8762499999992457,1.7052500000858115,0.0,0.0,0.7675782000000001,-4.991211,-0.2753907,-1.5165526,-97.70075599619932,61.828981568446565,36.07685601998987,115.62119478720234,348.0
22.8051004,201.1457089,398.93999,22800.0,-5.213670000000015,-2.61631000000051,0.0,-0.8665000000007694,1.7132499999661377,0.0,0.0,0.7529297,-5.002441200000001,-0.2768554,-1.5109131000000002,-97.29161125667164,62.470787614872776,36.076847492948914,115.62117853638172,346.3759999999893
22.7004851,201.0940689,398.93999,22800.0,-5.230765000000126,-2.581999999999596,0.0,-0.8547500000055663,1.715500000045722,0.0,0.0,0.8066406,-5.066406199999999,-0.2773436999999999,-1.5104004999999998,-96.87910337026116,63.10869641838942,36.076873150439376,115.6212274344732,347.07200000001467
22.5955323,201.0431184,398.93999,22800.0,-5.247639999999976,-2.5475249999999505,0.0,-0.8437499999924825,1.7237499999822603,0.0,0.0,0.8422851,-5.0996094,-0.2783200999999999,-1.4904054,-96.46174069635376,63.74480218380632,36.076870859031885,115.62122306749391,347.5360000000219
22.490247,200.9928592,398.93999,22800.0,-5.264264999999924,-2.512959999999964,0.0,-0.8312499999973966,1.7282499999993206,0.0,0.0,0.7836914000000001,-5.050781199999999,-0.2763673,-1.487842,-96.0404324610458,64.37774063489897,36.07685028490317,115.62118385728031,349.1599999999744
22.384633200000003,200.9432935,398.93999,22800.0,-5.280689999999844,-2.4782849999994028,0.0,-0.8212499999959988,1.733750000028067,0.0,0.0,0.7226563,-5.0156251,-0.2768554,-1.507837,-95.61498938823104,65.00799583390152,36.0768674427383,115.62121655670336,346.8399999999965
22.2786958,200.8944235,398.93999,22800.0,-5.296870000000098,-2.4435000000011087,0.0,-0.8090000000127162,1.7392499999147049,0.0,0.0,0.8149415,-4.967773299999999,-0.2768554,-1.5227052,-95.18535202867496,65.63544019561303,36.07685957448858,115.6212015613688,346.3760000000184
22.1724411,200.8462471,398.93999,22800.0,-5.312735000000224,-2.408819999999423,0.0,-0.7932500000062959,1.7340000000842792,0.0,0.0,0.8393553,-4.9736328,-0.2792967,-1.5145018,-94.75423861378594,66.25631307515827,36.07686526335479,115.621212403225,349.1600000000035
22.065907900000003,200.7986889,398.93999,22800.0,-5.3266599999997055,-2.377909999999872,0.0,-0.6962499999740857,1.545499999977551,0.0,0.0,0.7524416,-5.0209961,-0.2788084,-1.4996339,-94.3676893710201,66.80580359000949,36.076891205803406,115.62126184457712,346.60800000000745
21.959162900000003,200.7516056,398.93999,22800.0,-5.3372500000000045,-2.3541649999998526,0.0,-0.5295000000149486,1.1872500000009722,0.0,0.0,0.7626954,-5.049316500000001,-0.2797849,-1.5088624,-94.06933047076215,67.225519048655,36.0769664392156,115.62140522662116,348.0
21.8522511,200.7049032,398.93999,22800.0,-5.345590000000122,-2.3351199999993355,0.0,-0.4170000000058849,0.952250000025856,0.0,0.0,0.8105468,-5.031250099999999,-0.2802733,-1.4924560999999998,-93.82900621595392,67.56045089507477,36.07693827121556,115.62135154295387,345.679999999993
21.7451887,200.6585472,398.93999,22800.0,-5.353120000000011,-2.3178000000015686,0.0,-0.3764999999944507,0.865999999888345,0.0,0.0,0.7050782000000001,-5.0063474,-0.2812498,-1.4781007000000002,-93.6097652908445,67.86388716419397,36.076934654827205,115.62134465072376,347.3040000000037
21.6379701,200.6125542,398.93999,22800.0,-5.360929999999975,-2.299649999999076,0.0,-0.3904999999981839,0.907500000124628,0.0,0.0,0.7353517,-4.9887695,-0.2817381,-1.4873292,-93.37928011917796,68.18062621666138,36.07691742810109,115.62131181954302,346.8399999999965
21.530571,200.5669846,398.93999,22800.0,-5.369954999999926,-2.2784799999996608,0.0,-0.4512499999975716,1.0584999999707634,0.0,0.0,0.7861328000000001,-4.9765625,-0.2822264,-1.5124513,-93.10952761251524,68.54851832229635,36.07690778346218,115.6212934385701,347.0719999999856
21.4229542,200.5219327,398.93999,22800.0,-5.38084000000012,-2.2525950000002126,0.0,-0.5442500000096828,1.2942499999724075,0.0,0.0,0.7485351,-5.0102538,-0.2807615,-1.5232178,-92.778313419133,68.99603328333563,36.07687273356007,115.6212266399818,347.5359999999928
21.3150719,200.4775203,398.93999,22800.0,-5.394114999999999,-2.220620000001361,0.0,-0.6637499999939678,1.5987499999425836,0.0,0.0,0.7373047,-5.026855599999999,-0.2807615,-1.5129636999999998,-92.36718852936458,69.54545931450801,36.07687359207616,115.62122827614776,346.8399999999965
21.2068723,200.4338878,398.93999,22800.0,-5.409980000000125,-2.181624999998633,0.0,-0.7932500000062959,1.9497500001364187,0.0,0.0,0.8159178,-4.9990235,-0.2846679,-1.5098877,-91.8627244208933,70.21034957731663,36.07683932335557,115.62116296681154,347.5360000000219
21.098308600000003,200.3911697,398.93999,22800.0,-5.428184999999708,-2.135905000000093,0.0,-0.9102499999791293,2.2859999999269576,0.0,0.0,0.8144531,-5.0024413,-0.2841796,-1.5232179,-91.2670947074988,70.98285405777841,36.076827570987895,115.621140569255,348.4640000000072
20.9893682,200.3494208,398.93999,22800.0,-5.44702000000008,-2.087444999999377,0.0,-0.9417500000186152,2.423000000035813,0.0,0.0,0.7084961000000001,-5.0571289,-0.2812498,-1.4975832,-90.63091602227658,71.79342025300822,36.07685022613996,115.62118374528951,346.60799999997835
20.880059600000003,200.3086466,398.93999,22800.0,-5.465429999999927,-2.0387100000007763,0.0,-0.9204999999923302,2.4367499999300435,0.0,0.0,0.7617188,-5.0825196,-0.2817381,-1.4909181,-89.98601585812209,72.6000274516652,36.07682505104746,115.62113576678244,346.8399999999965
20.7703908,200.2688507,398.93999,22800.0,-5.483440000000073,-1.989795000000072,0.0,-0.9005000000072982,2.4457500000352184,0.0,0.0,0.7519532,-5.0649415,-0.2817381,-1.5016847,-89.33377219670449,73.40117203228938,36.07684291946964,115.62116982026446,348.4640000000072
20.6603713,200.2300355,398.93999,22800.0,-5.500974999999997,-1.940760000000808,0.0,-0.876749999996207,2.4517499999632264,0.0,0.0,0.7172853,-5.0341799,-0.2822264,-1.5324463,-88.67486397758292,74.19579652870073,36.07682661213759,115.6211387418892,347.0719999999856
20.5500092,200.1922047,398.93999,22800.0,-5.518105000000162,-1.891539999999736,0.0,-0.8565000000082534,2.4610000000535592,0.0,0.0,0.7329103,-5.0351562,-0.2822264,-1.524243,-88.0085342288142,74.9850203706467,36.07684397797587,115.62117183756035,347.3040000000037
20.4393138,200.1553611,398.93999,22800.0,-5.534769999999867,-1.8421799999998711,0.0,-0.8332499999852416,2.4679999999932534,0.0,0.0,0.7968751000000001,-5.0268554,-0.2827147,-1.5083495,-87.33527560459939,75.76806158657658,36.0768306909926,115.62114651532649,346.60800000000745
20.3282938,200.1195076,398.93999,22800.0,-5.550999999999995,-1.792675000000088,0.0,-0.8115000000064043,2.47524999998916,0.0,0.0,0.7714844000000001,-4.9921875,-0.2827147,-1.5170655,-86.65509546534615,76.5450370607616,36.07682784828876,115.62114109773188,346.14400000000023
20.216958,200.0846471,398.93999,22800.0,-5.5667900000001325,-1.7430250000003866,0.0,-0.7895000000068819,2.482499999985066,0.0,0.0,0.7143555,-4.9614256,-0.283203,-1.4996339,-85.96798135014947,77.31594008639193,36.07682816623952,115.6211417036789,346.14400000000023
20.105315,200.0507826,398.93999,22800.0,-5.582149999999864,-1.693224999999643,0.0,-0.7679999999865572,2.4900000000371847,0.0,0.0,0.7822266,-4.9765625,-0.2836913,-1.4832277,-85.27388992469163,78.08085078168929,36.07684439683212,115.62117263581464,347.5359999999928
19.9933743,200.017916,398.93999,22800.0,-5.597035000000084,-1.6433299999988549,0.0,-0.7442500000109931,2.494750000039403,0.0,0.0,0.7607423,-5.0317382,-0.2841796,-1.4924562,-84.57350323914346,78.83890991724554,36.07683442497167,115.62115363150885,347.3040000000037
19.8811445,199.9860512,398.93999,22800.0,-5.6114900000000745,-1.593240000001117,0.0,-0.7227499999995501,2.504499999886889,0.0,0.0,0.6918947,-5.0278321,-0.2846679,-1.5339843,-83.86545991110683,79.59164483531171,36.07682109753043,115.62112823222176,348.4639999999781
19.7686345,199.9551897,398.93999,22800.0,-5.625499999999839,-1.5430750000007265,0.0,-0.7004999999882244,2.5082500000195296,0.0,0.0,0.7905274,-5.0297852,-0.2846679,-1.532959,-83.15152336473527,80.33725860666934,36.076833951247615,115.62115272868968,347.0719999999856
19.655853200000003,199.9253345,398.93999,22800.0,-5.63906499999991,-1.4927599999978725,0.0,-0.6782500000035441,2.5157500001427024,0.0,0.0,0.7875976,-5.027832,-0.2817381999999999,-1.5180907,-82.43055891155373,81.07685967066236,36.07684134452423,115.62116681874215,346.60800000000745
19.5428099,199.8964876,398.93999,22800.0,-5.652165000000053,-1.4423450000009552,0.0,-0.6550000000071776,2.5207499998458616,0.0,0.0,0.7265625,-5.0214843,-0.2841796,-1.5104003,-81.7032560976536,81.80971067084744,36.07683363061092,115.62115211762308,347.76800000001094
19.4295135,199.8686517,398.93999,22800.0,-5.664820000000148,-1.391794999999263,0.0,-0.6327500000047337,2.527500000084615,0.0,0.0,0.7509764999999999,-4.9804687,-0.2836913,-1.5170655,-80.96914868089384,82.53632471616349,36.07682709271405,115.6211396577662,346.14400000000023
19.3159728,199.8418288,398.93999,22800.0,-5.677034999999897,-1.3411450000006653,0.0,-0.6107499999874477,2.5324999999298825,0.0,0.0,0.7744141,-4.9550781,-0.2841796,-1.4904054,-80.22880048624737,83.25619713899948,36.07684264468798,115.621169296587,347.5360000000219
19.2021973,199.8160209,398.93999,22800.0,-5.688774999999957,-1.290394999999478,0.0,-0.5870000000030018,2.537500000059368,0.0,0.0,0.7392579,-4.9941407,-0.2846679,-1.4852785,-79.48207185457554,83.96932931446848,36.07682726529651,115.62113998667184,347.0719999999856
19.088196,199.7912305,398.93999,22800.0,-5.700065000000087,-1.2395200000014484,0.0,-0.5645000000065181,2.543749999901479,0.0,0.0,0.7250978000000001,-5.0307617,-0.2851561999999999,-1.5001466,-78.72866864263752,84.67607210205115,36.07681011308973,115.62110729825234,347.5360000000219
18.9739771,199.767459,398.93999,22800.0,-5.710945000000045,-1.188574999999048,0.0,-0.5439999999978795,2.547250000120016,0.0,0.0,0.7763674,-5.0141601,-0.2841796,-1.5221924,-77.96963990930817,85.37565304642605,36.076870080883936,115.62122158449505,345.6800000000221
18.8595511,199.7447088,398.93999,22800.0,-5.721299999999907,-1.1375100000009295,0.0,-0.5177499999931001,2.5532499999059155,0.0,0.0,0.7187498999999999,-4.9873048,-0.2846679,-1.5109131,-77.20368020383683,86.06878205537845,36.076816985464816,115.62112039550794,347.76800000001094
18.7449262,199.7229811,398.93999,22800.0,-5.731245000000129,-1.086384999999268,0.0,-0.4972500000111068,2.5562500000830823,0.0,0.0,0.6723633,-5.005859299999999,-0.2841796,-1.4955324,-76.43226569471604,86.75461867108649,36.07684334921019,115.6211706392618,347.76800000001094
18.6301118,199.7022786,398.93999,22800.0,-5.740719999999833,-1.0351249999999368,0.0,-0.4737499999851735,2.562999999966564,0.0,0.0,0.7778320000000001,-5.0175782,-0.2861327999999999,-1.5093751,-75.65391871424919,87.43418474264618,36.076836492938654,115.62115757262336,346.3759999999893
18.515117,199.6826022,398.93999,22800.0,-5.749740000000081,-0.9838199999990138,0.0,-0.4510000000124137,2.5652500000461487,0.0,0.0,0.7270506000000001,-5.0244139,-0.2875976999999999,-1.4980957,-74.87015609290287,88.10627347011972,36.07684470653514,115.62117322604524,346.14400000000023
18.3999516,199.6639536,398.93999,22800.0,-5.758269999999932,-0.932430000000295,0.0,-0.4264999999925578,2.5694999999359425,0.0,0.0,0.6874999,-5.0722657,-0.2861327999999999,-1.4816896,-74.08015352362294,88.77143845337795,36.07680325642901,115.62109423096382,346.14400000000023
18.2846238,199.6463342,398.93999,22800.0,-5.766390000000143,-0.8809700000000475,0.0,-0.4060000000105646,2.573000000012371,0.0,0.0,0.7685548000000001,-5.1323242,-0.2871093999999999,-1.4924562,-73.28457049427804,89.4294386669372,36.076838068570765,115.6211605754513,346.14400000000023
18.169143,199.629746,398.93999,22800.0,-5.774040000000014,-0.8294100000000526,0.0,-0.382499999993513,2.577999999999747,0.0,0.0,0.7451171000000001,-5.148437599999999,-0.2885742999999999,-1.5211669,-72.48260623663943,90.08068736934732,36.07685093666173,115.6211850994004,348.0
18.0535191,199.6141893,398.93999,22800.0,-5.781194999999961,-0.7778350000009482,0.0,-0.357749999997381,2.578749999955221,0.0,0.0,0.6694335,-5.1259766,-0.2866210999999999,-1.5232177999999998,-71.67550715744824,90.72412856898002,36.07682231647393,115.62113055526758,347.5359999999928
17.937760599999997,199.5996662,398.93999,22800.0,-5.787925000000094,-0.7261549999995509,0.0,-0.3365000000066231,2.584000000069864,0.0,0.0,0.7646484000000001,-5.1245116,-0.2851561999999999,-1.5083495,-70.86218864974079,91.36084432335998,36.076840071961385,115.62116439349964,348.0
17.821877,199.5861778,398.93999,22800.0,-5.794179999999827,-0.6744199999999978,0.0,-0.3127499999866501,2.5867499999776555,0.0,0.0,0.8144532,-5.1259766,-0.2866210999999999,-1.5016846,-70.04318869350337,91.99024205166708,36.076838391383845,115.6211611906662,346.3760000000184
17.7058777,199.5737247,398.93999,22800.0,-5.799965000000107,-0.6226549999993836,0.0,-0.2892500000140074,2.588250000030712,0.0,0.0,0.7353515,-5.0927734,-0.2875976999999999,-1.5093751000000002,-69.21894792635221,92.61201875935528,36.07682898732609,115.62114326849668,348.6959999999963
17.5897717,199.5623082,398.93999,22800.0,-5.805299999999924,-0.5708249999997861,0.0,-0.2667499999908784,2.591499999979874,0.0,0.0,0.7304687000000001,-5.062988299999999,-0.2880859999999999,-1.4919435,-68.3890086136793,93.22658174279302,36.0768364116456,115.6211574176957,346.60800000000745
17.473568399999998,199.5519292,398.93999,22800.0,-5.810165000000112,-0.518950000000018,0.0,-0.243250000009354,2.593749999988404,0.0,0.0,0.7636719000000001,-5.058105500000001,-0.2890625999999999,-1.4904055,-67.55357943417889,93.83370723895216,36.07683338456744,115.62115164871564,347.5359999999928
17.357277,199.5425886,398.93999,22800.0,-5.814569999999897,-0.4670300000015004,0.0,-0.2202499999892637,2.59599999992588,0.0,0.0,0.6704101,-5.0624999,-0.2915041,-1.5078368,-66.71272327509259,94.43338461920968,36.07683535607679,115.62115540600117,346.14400000000023
17.240906900000002,199.5342868,398.93999,22800.0,-5.818504999999874,-0.4150899999999069,0.0,-0.1967499999988575,2.5970000000796745,0.0,0.0,0.6943358000000001,-5.0405272000000005,-0.2915040999999999,-1.5355225,-65.86679371347998,95.0253369328475,36.07682990083167,115.6211450094459,346.60800000000745
17.1244672,199.5270248,398.93999,22800.0,-5.821985000000041,-0.3630999999998607,0.0,-0.1740000000083341,2.5995000000023083,0.0,0.0,0.7089845,-5.0336914,-0.2905274999999999,-1.5227049,-65.01538825780924,95.6098919066,36.0768366342412,115.6211578419167,347.0719999999856
17.0079675,199.520803,398.93999,22800.0,-5.824985000000105,-0.3110899999995808,0.0,-0.1500000000032031,2.6005000000139944,0.0,0.0,0.6918945,-5.0576172,-0.2919923999999999,-1.5011719,-64.15883826884,96.18673706522142,36.07682023882341,115.62112659571004,346.14400000000023
16.891416600000003,199.5156224,398.93999,22800.0,-5.827544999999823,-0.2590300000008483,0.0,-0.1279999999859171,2.602999999936628,0.0,0.0,0.7006837000000001,-5.0644531,-0.2919923999999999,-1.5150147,-63.29692000455761,96.7561553377277,36.076840122093415,115.62116448904092,345.448000000004
16.7748243,199.5114823,398.93999,22800.0,-5.82961500000021,-0.2070050000000378,0.0,-0.103500000019352,2.6012500000405225,0.0,0.0,0.7260742,-5.0473632,-0.2915040999999999,-1.5057862,-62.43071271466295,97.31728038933495,36.07682486143145,115.6211354054146,346.60800000000745
16.658199500000002,199.508384,398.93999,22800.0,-5.831239999999838,-0.1549150000002441,0.0,-0.0812499999813809,2.6044999999896845,0.0,0.0,0.6655272,-5.054687400000001,-0.2924807,-1.482715,-61.55885211979764,97.87114136906904,36.07683764737061,115.62115977273108,346.3759999999893
16.5415518,199.5063276,398.93999,22800.0,-5.832385000000073,-0.1028199999979051,0.0,-0.057250000011777,2.604750000116951,0.0,0.0,0.6899414,-5.0820312,-0.2934573,-1.4924562,-60.682093027440494,98.4171325345642,36.07682812461184,115.62114162434531,345.9120000000112
16.424890299999998,199.5053132,398.93999,22800.0,-5.833075000000143,-0.0507200000015473,0.0,-0.03450000000349,2.604999999817892,0.0,0.0,0.7270508999999999,-5.084961,-0.2939456,-1.5206542,-59.8006267319248,98.9552239029648,36.07683471572737,115.62115418562855,345.9119999999821
16.3082243,199.5053403,398.93999,22800.0,-5.83329999999993,0.0013550000005579,0.0,-0.01124999998936,2.603750000105265,0.0,0.0,0.6772463,-5.106933700000001,-0.2944338999999999,-1.526294,-58.914889137200745,99.48512603288714,36.07684190567809,115.621167888186,345.6800000000221
16.191563199999997,199.5064101,398.93999,22800.0,-5.833055000000087,0.0534900000005222,0.0,0.0122499999921643,2.6067499999982147,0.0,0.0,0.6538086000000001,-5.2246094,-0.2924806999999999,-1.5047608,-58.023389624895934,100.00770362206238,36.076842049750255,115.62116816275794,346.3759999999893
16.0749165,199.5085213,398.93999,22800.0,-5.832334999999844,0.1055600000000822,0.0,0.0360000000121374,2.6034999999779984,0.0,0.0,0.7436523,-5.376464799999999,-0.2934573,-1.5037355,-57.12821640861399,100.52171190132334,36.07682649784386,115.62113852406956,345.448000000004
15.959939600000002,199.5116173,398.93999,22800.0,-5.748844999999925,0.154799999998545,0.0,4.174499999995973,2.461999999923137,0.0,0.0,0.6513671000000001,-5.487793,-0.2934572999999999,-1.5104004,-55.569572140129154,101.1171000590516,35.948802632151406,115.38043712947731,346.60800000000745
15.897715299999998,199.5127528,398.93999,22800.0,-3.1112150000002003,0.0567750000001865,0.0,131.8814999999862,-4.901249999917923,0.0,0.0,-0.8657226999999998,-5.426758,-0.2944337999999999,-1.4801514,-33.73610369090135,105.23296920327935,30.831915934837955,110.50838203313626,341.9679999999935
15.9071149,199.4878932,398.93999,22800.0,0.469980000000092,-1.2429799999992497,0.0,179.05975000001462,-64.98774999997181,0.0,0.0,-0.0019531999999999,-4.2402343,-0.331543,-1.2586670000000002,-98.34799235055488,-56.48200454677881,24.92413503519116,113.41315812994162,336.63200000001234
15.964926200000004,199.4023402,398.93999,22800.0,2.8905650000001337,-4.2776500000002216,0.0,121.0292500000021,-151.7335000000486,0.0,0.0,-0.7167968,-4.7075196,-0.3862305,-0.9613036,-53.30020847167141,-100.52879584472508,34.992061571378045,113.78466951709288,331.9919999999984
16.0281217,199.3042786,398.93999,22800.0,3.1597749999998648,-4.903079999999704,0.0,13.460499999986553,-31.27149999997414,0.0,0.0,-0.3608398,-4.6635742,-0.4179686999999999,-0.8659424,-51.68726446676231,-103.42390835729348,36.07644176100609,115.62040532689232,327.11999999999534
16.0887444,199.2046158,398.93999,22800.0,3.031134999999985,-4.983140000000219,0.0,-6.431999999993998,-4.003000000025736,0.0,0.0,-0.2788087,-4.7324219,-0.4218752,-0.8936278000000002,-54.3584719565612,-102.04385338683798,36.07579123336407,115.61916574464088,322.9439999999886
16.1461849,199.1030915,398.93999,22800.0,2.8720250000001,-5.076215000001128,0.0,-7.955499999994231,-4.65375000004542,0.0,0.0,-0.510254,-4.6787109,-0.4267577999999999,-0.9300294,-57.55729560802816,-100.2735026080796,36.07539655737976,115.61841377134736,320.1600000000035
16.2014883,199.0003688,398.93999,22800.0,2.7651699999999835,-5.136134999999342,0.0,-5.342750000005836,-2.9959999999107367,0.0,0.0,-0.2499999999999999,-4.7695311,-0.425293,-0.9818115,-59.64640774122614,-99.04787770249416,36.07666393528464,115.620828719573,317.14400000000023
16.255838599999997,198.897136,398.93999,22800.0,2.7175149999997927,-5.161640000000034,0.0,-2.382750000009537,-1.275250000034589,0.0,0.0,-0.5263671999999999,-4.743652300000001,-0.4111328999999999,-1.0115478,-60.56103171300917,-98.49171201113008,36.07684515777188,115.62117408601024,311.3439999999828
16.309370800000003,198.7934765,398.93999,22800.0,2.6766100000003235,-5.182974999999601,0.0,-2.045249999973464,-1.0667499999783558,0.0,0.0,-0.4282226999999999,-4.803222700000001,-0.4057617999999999,-1.026416,-61.33806204558305,-98.00969999654312,36.07685253668042,115.6211881487134,309.9520000000193
16.3620815,198.6893969,398.93999,22800.0,2.635534999999756,-5.203980000000286,0.0,-2.053750000028387,-1.0502500000342252,0.0,0.0,-0.5380857,-4.7817382,-0.4008788999999999,-1.0612794,-62.11128044846545,-97.52152027779346,36.07685010265038,115.6211835099434,306.2399999999907
16.4139675,198.584904,398.93999,22800.0,2.5942999999999827,-5.224644999999839,0.0,-2.061749999988649,-1.03324999997767,0.0,0.0,-0.5341796999999999,-4.7231445,-0.390625,-1.1120361,-62.88048680699178,-97.02728483921524,36.07683092433968,115.621146960037,304.61599999998
16.4650255,198.4800038,398.93999,22800.0,2.552900000000058,-5.24501000000015,0.0,-2.069999999996241,-1.0182500000155414,0.0,0.0,-0.4580078999999999,-4.7602539,-0.3808595,-1.1386963,-63.64589027755053,-96.52697710858202,36.07684688664395,115.6211773808878,301.1359999999986
16.5152523,198.37470320000003,398.93999,22800.0,2.51134000000004,-5.265029999998205,0.0,-2.0780000000009125,-1.000999999902774,0.0,0.0,-0.4589843999999999,-4.7211917,-0.3745116999999999,-1.1448487,-64.40726771131423,-96.02060763122952,36.076839092153975,115.62116252618912,301.36799999998766
16.564644700000002,198.2690082,398.93999,22800.0,2.4696200000001056,-5.284750000002703,0.0,-2.0859999999967016,-0.9860000002248626,0.0,0.0,-0.4208985,-4.727539,-0.3691406,-1.1617677,-65.16474679870834,-95.50823411029396,36.076870370229685,115.6212221359318,297.42399999999907
16.6132,198.1629265,398.93999,22800.0,2.4277649999998374,-5.304084999998793,0.0,-2.0927500000134103,-0.966749999804506,0.0,0.0,-0.3842773,-4.7573241,-0.3588865,-1.1817628,-65.91767731733115,-94.99006537721203,36.07683791078658,115.62116027474734,295.33600000001024
16.6609143,198.0564638,398.93999,22800.0,2.3857150000001326,-5.323134999999013,0.0,-2.102499999985241,-0.952500000011014,0.0,0.0,-0.415039,-4.7597656,-0.3486326999999999,-1.1817628,-66.66732870465101,-94.46545623973068,36.07684343816213,115.62117080878596,292.7840000000142
16.7077855,197.9496273,398.93999,22800.0,2.343559999999912,-5.341825000000711,0.0,-2.107750000011066,-0.9345000000848812,0.0,0.0,-0.4345703999999999,-4.708496,-0.345703,-1.193042,-67.41200644831187,-93.93548057940436,36.0768388678823,115.62116209877364,292.320000000007
16.7538101,197.8424231,398.93999,22800.0,2.301229999999954,-5.36021000000062,0.0,-2.116499999997856,-0.9192499999954862,0.0,0.0,-0.4169923,-4.7163088,-0.3403319,-1.2248290000000002,-68.15300655098984,-93.39929963523583,36.076857813201386,115.62119820470564,290.0
16.7989855,197.7348585,398.93999,22800.0,2.2587700000000765,-5.378229999999462,0.0,-2.12299999999388,-0.900999999942087,0.0,0.0,-0.3989258,-4.738281199999999,-0.3305664,-1.2668702,-68.88944672575477,-92.85741287744162,36.076843114309085,115.62117019158846,288.3759999999893
16.8433088,197.6269398,398.93999,22800.0,2.2161649999999256,-5.395934999999952,0.0,-2.1302500000075497,-0.8852500000244845,0.0,0.0,-0.3735350999999999,-4.6665038,-0.3242188,-1.2750733,-69.62168493984338,-92.3097066354762,36.07685663031256,115.62119595035544,288.14400000000023
16.8867772,197.5186742,398.93999,22800.0,2.1734200000000925,-5.413279999999077,0.0,-2.1372499999916528,-0.8672499999562433,0.0,0.0,-0.3164064,-4.7456056,-0.3232421,-1.274048,-70.34954625352965,-91.7561644287494,36.07683715170857,115.62115882810204,285.35999999998603
16.929387900000002,197.4100681,398.93999,22800.0,2.1305350000000445,-5.430305000001567,0.0,-2.144250000002401,-0.8512500001245371,0.0,0.0,-0.3291016,-4.7548828,-0.3183592999999999,-1.2955812,-71.07310846420621,-91.19686276719383,36.076842045262985,115.62116815420612,285.127999999997
16.9711386,197.3011285,398.93999,22800.0,2.087534999999896,-5.446979999999257,0.0,-2.150000000007424,-0.8337499998845033,0.0,0.0,-0.3393555,-4.740234500000001,-0.3115233999999999,-1.2935304,-71.79191356480422,-90.63209019077856,36.07684227286102,115.62116858796118,282.57600000000093
17.0120262,197.1918619,398.93999,22800.0,2.044380000000068,-5.46333000000061,0.0,-2.1577499999914096,-0.8175000000676391,0.0,0.0,-0.3437499999999999,-4.7119141,-0.3100585999999999,-1.2894289,-72.50664480152348,-90.06134142358543,36.07685165279331,115.62118646420264,283.9679999999935
17.0520484,197.0822753,398.93999,22800.0,2.001109999999961,-5.4793300000000045,0.0,-2.163500000005314,-0.7999999999697138,0.0,0.0,-0.3608398999999999,-4.722168,-0.3090822,-1.3145506,-73.21662090148766,-89.48512268010694,36.07685618628319,115.62119510412418,281.41599999999744
17.091203,196.9723761,398.93999,22800.0,1.9577299999999909,-5.494960000000049,0.0,-2.168999999998533,-0.781500000002211,0.0,0.0,-0.4121093,-4.7504883,-0.3032226999999999,-1.349414,-73.92174236646109,-88.90345725686407,36.07682884210743,115.62114299174053,281.88000000000466
17.1294869,196.8621703,398.93999,22800.0,1.9141949999999848,-5.510289999999429,0.0,-2.176750000000282,-0.7664999999690281,0.0,0.0,-0.3881836999999999,-4.6499023,-0.2983398999999999,-1.3673584,-74.62281078202477,-88.31587262884003,36.07684822147359,115.62117992480172,281.41600000002654
17.1668978,196.7516651,398.93999,22800.0,1.8705450000000567,-5.525260000000287,0.0,-2.1824999999964234,-0.7485000000428954,0.0,0.0,-0.3305663,-4.6977538,-0.2993164,-1.3673585,-75.31911369992808,-87.72279212582029,36.07684799385715,115.62117949101096,279.7919999999868
17.2034343,196.6408677,398.93999,22800.0,1.8268250000000208,-5.53986999999978,0.0,-2.1860000000017976,-0.7304999999746542,0.0,0.0,-0.3364257,-4.8168946,-0.3007811999999999,-1.372998,-76.00996446610287,-87.12487119499049,36.07684965482287,115.6211826564748,281.41599999999744
17.2390927,196.5297844,398.93999,22800.0,1.7829199999999543,-5.554165000000921,0.0,-2.1952500000033126,-0.7147500000570517,0.0,0.0,-0.3417967,-4.6894531,-0.2963867,-1.3878662,-76.69718107498673,-86.52055438889928,36.07686335508397,115.621208766436,278.8640000000014
17.2738716,196.4184231,398.93999,22800.0,1.7389449999999584,-5.568064999999933,0.0,-2.198749999999805,-0.6949999999505962,0.0,0.0,-0.3623046,-4.6665039,-0.2915039,-1.3755615,-77.37891884637429,-85.91129595300197,36.07682690754768,115.62113930487828,278.1680000000051
17.307769,196.3067899,398.93999,22800.0,1.6948700000000372,-5.581659999998578,0.0,-2.203749999996063,-0.6797499999322554,0.0,0.0,-0.3222656,-4.7250978,-0.2934569999999999,-1.3822267,-78.05572391451713,-85.29692579657771,36.07685806705635,115.62119868850264,276.7760000000126
17.3407823,196.1948923,398.93999,22800.0,1.6506650000000178,-5.594880000001012,0.0,-2.2102500000009684,-0.6610000001217031,0.0,0.0,-0.3310547,-4.6748048,-0.2929688,-1.4047852,-78.72798851356973,-84.67678250801295,36.07684010734469,115.6211644609329,276.7760000000126
17.3729097,196.082737,398.93999,22800.0,1.6063700000000125,-5.607764999999176,0.0,-2.214750000000265,-0.6442499999081974,0.0,0.0,-0.3862305,-4.7124022,-0.2856445999999999,-1.4360595,-79.39514074872072,-84.05158962797196,36.0768501418111,115.6211835845758,276.77599999998347
17.404148900000003,195.9703311,398.93999,22800.0,1.5619600000000844,-5.620294999999942,0.0,-2.220499999996406,-0.626500000038277,0.0,0.0,-0.4125976999999999,-4.712890499999999,-0.2851564,-1.4370848,-80.05753871909056,-83.42090589140003,36.07684776378712,115.62117905254428,274.9199999999837
17.4344983,195.8576817,398.93999,22800.0,1.517469999999932,-5.632470000000467,0.0,-2.224500000007623,-0.608750000026248,0.0,0.0,-0.4165040999999999,-4.7670898,-0.2885742999999999,-1.4324705999999998,-80.7146671453006,-82.78526118693954,36.07684757469282,115.62117869216895,277.7039999999979
17.463956099999997,195.744796,398.93999,22800.0,1.4728899999997935,-5.644284999999627,0.0,-2.22900000000692,-0.5907499999580068,0.0,0.0,-0.383789,-4.6992188,-0.2875976999999999,-1.4442626,-81.36667581491713,-82.14448627813802,36.076837583557605,115.62115965111671,276.0800000000163
17.4925197,195.6316804,398.93999,22800.0,1.42818000000009,-5.655780000000732,0.0,-2.23549999998518,-0.5747500000552463,0.0,0.0,-0.3603514,-4.6665037,-0.2822268,-1.4375975,-82.01415081834259,-81.49811390599322,36.07686242038598,115.62120698508596,276.7760000000126
17.5201867,195.5183426,398.93999,22800.0,1.3833500000000498,-5.666889999999114,0.0,-2.2415000000020058,-0.5554999999191068,0.0,0.0,-0.3505858999999999,-4.7133791,-0.2817383999999999,-1.4345213,-82.65691836735515,-80.84604493374951,36.0768298148822,115.62114484564428,276.5439999999944
17.546943399999996,195.4047872,398.93999,22800.0,1.3378349999998207,-5.677769999999782,0.0,-2.275750000011456,-0.5440000000334066,0.0,0.0,-0.3359374,-4.6992188,-0.2851564,-1.4493896,-83.30295468339457,-80.18006026328908,36.07677351169054,115.62103754424778,276.5439999999944
17.572780299999998,195.29101910000003,398.93999,22800.0,1.2918450000000803,-5.688404999999364,0.0,-2.2994999999870203,-0.5317499999790698,0.0,0.0,-0.3076172,-4.705078,-0.2822267,-1.4811767000000002,-83.94906798514477,-79.50330068451436,36.07676559801632,115.62102246264196,276.0799999999872
17.597702599999998,195.177048,398.93999,22800.0,1.2461150000000032,-5.698555000002159,0.0,-2.286500000003855,-0.5075000001397711,0.0,0.0,-0.2744141999999999,-4.7978515,-0.2778322,-1.4929688,-84.58492187197476,-78.82628750559249,36.07670154996229,115.62090040300843,276.31200000000536
17.6217274,195.0628838,398.93999,22800.0,1.2012400000001475,-5.708209999998815,0.0,-2.2437499999927724,-0.4827499998327766,0.0,0.0,-0.2822266,-4.6992189,-0.2802735999999999,-1.484253,-85.20250690385765,-78.15845042544677,36.0767422717278,115.6209780083568,276.7760000000126
17.644880999999998,194.9485387,398.93999,22800.0,1.15767999999985,-5.717255000000421,0.0,-2.1780000000148902,-0.452250000080312,0.0,0.0,-0.3012696,-4.7006834,-0.2832034,-1.4822021,-85.79597523394798,-77.5067453638664,36.07682030231862,115.62112671671836,277.00800000000163
17.667193200000003,194.8340257,398.93999,22800.0,1.1156100000002669,-5.725649999999405,0.0,-2.103499999979164,-0.4197499999492038,0.0,0.0,-0.3115234999999999,-4.7001955,-0.2802735999999999,-1.4914307,-86.36354772013152,-76.87397116048483,36.07687674318536,115.62123428155611,276.0799999999872
17.688693100000002,194.7193571,398.93999,22800.0,1.074994999999923,-5.733430000002215,0.0,-2.0307500000171785,-0.3890000001405269,0.0,0.0,-0.3486328999999999,-4.5996094,-0.2768556,-1.4786133,-86.90630256521652,-76.25991684429302,36.07690062733485,115.6212798002835,276.0800000000163
17.709407399999996,194.6045436,398.93999,22800.0,1.0357149999997262,-5.740674999998419,0.0,-1.9640000000098468,-0.3622499998101602,0.0,0.0,-0.3461914,-4.6948241,-0.2797853,-1.4781007,-87.42638246905926,-75.66320711186648,36.07692994251117,115.621335669847,277.7039999999979
17.729353,194.4895947,398.93999,22800.0,0.9972800000001668,-5.747445000000084,0.0,-1.921749999977962,-0.338500000083286,0.0,0.0,-0.3593749,-4.7446289,-0.2817383999999999,-1.4898927,-87.93071583457876,-75.07636937942907,36.07688175695192,115.62124383683958,275.38400000002
17.7485363,194.3745162,398.93999,22800.0,0.959165000000084,-5.753925000000493,0.0,-1.9057500000041472,-0.324000000020419,0.0,0.0,-0.3701172,-4.732422000000001,-0.2783204,-1.5165528,-88.42637992153969,-74.49191207337175,36.07687632019139,115.62123347541068,276.5439999999944
17.7669544,194.2593128,398.93999,22800.0,0.9209049999999052,-5.760169999999221,0.0,-1.913000000008936,-0.3122499999363981,0.0,0.0,-0.3916014,-4.6767578,-0.2768557,-1.5098877,-88.91947891970644,-73.90260065188546,36.07687288043922,115.62122691990508,275.84799999999814
17.7846064,194.1439899,398.93999,22800.0,0.8826000000000889,-5.766144999999767,0.0,-1.91524999999082,-0.2987500000273257,0.0,0.0,-0.394043,-4.7153321,-0.2807619,-1.4970705,-89.40871638321723,-73.30987026336392,36.07684458209389,115.62117298888568,278.8640000000014
17.801491300000002,194.0285519,398.93999,22800.0,0.8442450000000434,-5.771900000000585,0.0,-1.917750000002272,-0.2877500000408872,0.0,0.0,-0.4101561999999999,-4.6948243,-0.2783202999999999,-1.5073243,-89.89412184711333,-72.71390740998463,36.07686688780519,115.62121549910933,286.98399999999674
17.817608800000002,193.9130047,398.93999,22800.0,0.8058750000000003,-5.777360000000442,0.0,-1.9185000000021544,-0.2729999999928623,0.0,0.0,-0.4262694999999999,-4.6508789,-0.2744141,-1.4945068,-90.37530099121044,-72.11487699488023,36.076832941325016,115.62115080398824,290.92799999998533
17.832957299999997,193.7973523,398.93999,22800.0,0.7674249999997329,-5.782619999999383,0.0,-1.922500000013372,-0.2629999999470556,0.0,0.0,-0.4140625,-4.7114257,-0.2749024999999999,-1.4796388,-90.85300300392068,-71.51224082157945,36.07687430472967,115.62122963432796,295.7999999999884
17.8475372,193.6816006,398.93999,22800.0,0.7289950000002321,-5.787585000000206,0.0,-1.9214999999750404,-0.2482500000411391,0.0,0.0,-0.3969726999999999,-4.7758789,-0.2802734999999999,-1.4852785000000002,-91.32604777396158,-70.90710935303818,36.07686617377333,115.62121413830434,298.3520000000135
17.861346899999997,193.5657548,398.93999,22800.0,0.6904849999997964,-5.792290000000833,0.0,-1.9255000000217848,-0.2352500000313284,0.0,0.0,-0.3784179,-4.6811523,-0.2788085999999999,-1.5129639,-91.79565242314862,-70.29802836240955,36.0768422043063,115.62116845730996,303.9200000000128
17.8743864,193.4498194,398.93999,22800.0,0.6519750000000712,-5.796769999999185,0.0,-1.9254999999862576,-0.2239999999176234,0.0,0.0,-0.3588867,-4.7163085,-0.2763674,-1.5227051,-92.26079877120556,-69.68653029548818,36.07687147373501,115.62122423899896,305.5439999999944
17.886655100000002,193.3337999,398.93999,22800.0,0.6134350000001731,-5.800974999999653,0.0,-1.926999999994905,-0.2102500000233931,0.0,0.0,-0.3339844,-4.7099609,-0.2783204999999999,-1.5042481,-92.7219011006424,-69.07182152223265,36.0768714228881,115.62122414209458,310.88000000000466
17.8981522,193.2177016,398.93999,22800.0,0.5748549999998076,-5.804915000000221,0.0,-1.9290000000182768,-0.1970000000284244,0.0,0.0,-0.3266600999999999,-4.7006836,-0.2797853,-1.4955323,-93.17906995783248,-68.45379141587145,36.076855914236006,115.62119458565664,312.9679999999935
17.908876900000003,193.1015296,398.93999,22800.0,0.5362350000002181,-5.808600000000297,0.0,-1.930999999979477,-0.1842500000037716,0.0,0.0,-0.3364257,-4.6899415,-0.2778322,-1.5006592,-93.632291199452,-67.8324995495439,36.07684074064542,115.6211656678735,315.5200000000186
17.918829600000002,192.9852884,398.93999,22800.0,0.497634999999974,-5.812059999999519,0.0,-1.9300000000122,-0.1729999999611209,0.0,0.0,-0.3364258,-4.7416993000000005,-0.2734375999999999,-1.4786133,-94.08082811929518,-67.20914564522268,36.07688051256916,115.62124146528232,318.3040000000037
17.928008799999997,192.868984,398.93999,22800.0,0.4589599999997418,-5.815219999999499,0.0,-1.9337500000116137,-0.1579999999989922,0.0,0.0,-0.3295899,-4.7270507,-0.2788086999999999,-1.4852784,-94.5258704973318,-66.58165245369032,36.0768468362688,115.62117728488302,321.55199999999604
17.9364152,192.7526209,398.93999,22800.0,0.4203200000000961,-5.818155000000047,0.0,-1.9319999999822808,-0.1467500000273958,0.0,0.0,-0.3339841999999999,-4.696289200000001,-0.2812500999999999,-1.4924562,-94.96606325033927,-65.95235638898902,36.07686917741128,115.62121986265178,322.01600000000326
17.944047700000002,192.6362046,398.93999,22800.0,0.3816250000001631,-5.820815000001289,0.0,-1.9347499999966544,-0.1330000000621112,0.0,0.0,-0.3398435999999999,-4.746093699999999,-0.2778322,-1.519629,-95.40249728790184,-65.31941374381758,36.07685968819232,115.62120177806554,324.80000000001746
17.9509062,192.5197401,398.93999,22800.0,0.3429249999998163,-5.8232250000003205,0.0,-1.9350000000173395,-0.1204999999515621,0.0,0.0,-0.3500976999999999,-4.6557617,-0.2763672,-1.5052734,-95.8345724023864,-64.68383353650044,36.07686261062285,115.6212073476399,326.42399999999907
17.9569902,192.4032327,398.93999,22800.0,0.3042000000000655,-5.825369999998031,0.0,-1.9362499999875384,-0.1072499998855391,0.0,0.0,-0.3457032,-4.7133789,-0.2827149999999999,-1.4883546,-96.26253121847932,-64.04517443694596,36.07685284602219,115.62118873825656,328.0480000000098
17.9622995,192.2866874,398.93999,22800.0,0.2654650000000202,-5.827265000002058,0.0,-1.936750000002263,-0.0947500002013157,0.0,0.0,-0.3491210999999999,-4.7978515,-0.2817383999999999,-1.50271,-96.68618789204837,-63.40379544776176,36.07685493594122,115.62119272122258,329.20799999998417
17.9668341,192.1701092,398.93999,22800.0,0.226729999999975,-5.82890999999961,0.0,-1.936750000002263,-0.0822499998776038,0.0,0.0,-0.3496092999999999,-4.6899414,-0.2758791,-1.497583,-97.10543463544136,-62.75986894851129,36.07686941259143,115.6212203108594,331.06399999998393
17.970593400000002,192.0535034,398.93999,22800.0,0.187965000000112,-5.830289999998684,0.0,-1.9382499999931468,-0.0689999999536894,0.0,0.0,-0.3422850999999999,-4.6850586,-0.2768556,-1.4755372000000002,-97.52061494765071,-62.11277700014231,36.07687127385561,115.62122385806754,333.6160000000091
17.973577999999996,191.9368754,398.93999,22800.0,0.1492299999997115,-5.831399999999576,0.0,-1.9367500000200264,-0.055500000044617,0.0,0.0,-0.3330076999999999,-4.7495116,-0.2802734999999999,-1.4806642,-97.93109384503562,-61.463496846530376,36.07685579822636,115.62119436456544,333.15200000000186
17.975786900000003,191.82023,398.93999,22800.0,0.1104450000003254,-5.832270000000506,0.0,-1.9392499999693056,-0.0435000000464924,0.0,0.0,-0.3271483,-4.6743164,-0.2783204999999999,-1.5062989,-98.33768224780586,-60.81089761941434,36.076865856856095,115.62121353432217,335.93600000001607
17.9772204,191.7035727,398.93999,22800.0,0.0716749999998711,-5.832865000000709,0.0,-1.9385000000227133,-0.0297500000101536,0.0,0.0,-0.3193359999999999,-4.7202149,-0.2749024999999999,-1.5170655,-98.73973836422272,-60.15581498153627,36.07684994855045,115.62118321626006,335.93600000001607
17.9778786,191.5869082,398.93999,22800.0,0.0329100000000082,-5.8332250000006525,0.0,-1.9382499999931468,-0.0179999999971869,0.0,0.0,-0.2993164999999999,-4.7495117,-0.2773439,-1.4939942,-99.13731798477566,-59.498392350671175,36.07686923867988,115.62121997941784,338.487999999983
17.977761100000002,191.4702422,398.93999,22800.0,-0.0058749999999108,-5.833299999999042,0.0,-1.9392499999959512,-0.0037499999194778,0.0,0.0,-0.2685548,-4.759765799999999,-0.2783204,-1.4945069,-99.53074322764876,-58.837806936065896,36.07684623665919,115.62117614214932,337.5599999999977
17.976868,191.3535793,398.93999,22800.0,-0.0446550000001266,-5.833144999999718,0.0,-1.9390000000107928,0.0077499999662222,0.0,0.0,-0.1489257,-4.6787109,-0.2768556,-1.4945069,-99.91968314975882,-58.17492695166088,36.07686628215398,115.6212143448566,339.41599999999744
17.9751993,191.2369252,398.93999,22800.0,-0.0834349999999872,-5.83270500000026,0.0,-1.9389999999930296,0.021999999972877,0.0,0.0,-0.0234373999999999,-4.6835937,-0.2744141,-1.4770752,-100.30426382149294,-57.50921831589497,36.07684432965744,115.62117250779345,339.6479999999865
17.9727552,191.1202845,398.93999,22800.0,-0.1222049999999086,-5.832035000000246,0.0,-1.9384999999960684,0.0335000000006857,0.0,0.0,0.1098633,-4.7294922,-0.2788087,-1.4791261,-100.68431092246752,-56.84130762539324,36.07686517464423,115.62121223416014,340.57600000000093
17.969535999999998,191.0036625,398.93999,22800.0,-0.1609600000001876,-5.831100000000333,0.0,-1.9377500000139487,0.0467499999956544,0.0,0.0,0.1958007,-4.7124022,-0.279297,-1.494507,-101.059827007188,-56.17098998067094,36.07687432283118,115.62122966882596,341.50399999998626
17.9655413,190.8870647,398.93999,22800.0,-0.1997349999998121,-5.829889999998272,0.0,-1.9387499999812263,0.0605000001030475,0.0,0.0,0.2558595,-4.7451171,-0.2753908,-1.5242433,-101.43116110477928,-55.4975771866622,36.07685790932392,115.62119838789604,341.2719999999972
17.960772,190.7704961,398.93999,22800.0,-0.2384650000001542,-5.828430000001106,0.0,-1.936500000017105,0.0729999998583252,0.0,0.0,0.3032227,-4.7773437,-0.2744142,-1.5124512,-101.7976601159917,-54.82239515999743,36.07685132781118,115.6211858448523,342.4320000000007
17.9552277,190.6539617,398.93999,22800.0,-0.2772150000000195,-5.826720000000307,0.0,-1.937499999993264,0.0855000000399286,0.0,0.0,0.330078,-4.7167969,-0.279297,-1.4970704,-102.15993659254671,-54.14433512198806,36.07685825818123,115.6211990527486,343.127999999997
17.9489087,190.5374666,398.93999,22800.0,-0.3159499999998871,-5.824754999999016,0.0,-1.9367499999933813,0.0982500000645814,0.0,0.0,0.368164,-4.746582,-0.2802736,-1.5037354,-102.51766743329615,-53.46395300566715,36.07686900593171,115.62121953584511,343.5920000000042
17.941815499999997,190.4210164,398.93999,22800.0,-0.3546600000001731,-5.822510000001557,0.0,-1.9355000000143008,0.1122499998729154,0.0,0.0,0.4150391000000001,-4.6967773,-0.2744142,-1.4945068999999995,-102.8707990456465,-52.7811906260342,36.07684398501214,115.62117185097004,344.5199999999895
17.933948700000002,190.3046156,398.93999,22800.0,-0.3933399999997533,-5.820039999998983,0.0,-1.933999999979008,0.1235000001287289,0.0,0.0,0.4379883,-4.696289,-0.2749024,-1.4837404,-103.2192128850164,-52.09663831928136,36.07686724922983,115.62121618791402,344.28800000000047
17.925308,190.1882698,398.93999,22800.0,-0.4320350000000417,-5.817290000000241,0.0,-1.934750000014418,0.1374999999370629,0.0,0.0,0.491211,-4.737793,-0.2802735,-1.4893801,-103.563384873788,-51.40901830636917,36.07685866513565,115.62119982832276,345.2160000000149
17.915894299999998,190.0719838,398.93999,22800.0,-0.4706850000001594,-5.814300000000117,0.0,-1.932500000005888,0.1495000000062418,0.0,0.0,0.5019531,-4.8110351,-0.2778319999999999,-1.5155274,-103.90272960113712,-50.71973140250204,36.07687346506086,115.62122803408104,342.8960000000079
17.905707200000002,189.9557632,398.93999,22800.0,-0.5093549999998004,-5.811029999999562,0.0,-1.9334999999820468,0.1635000000277386,0.0,0.0,0.5209961,-4.7661134,-0.2734376,-1.5216798,-104.23786424777404,-50.02728469830397,36.07685800138004,115.62119856333668,344.5199999999895
17.8947485,189.8396129,398.93999,22800.0,-0.5479350000001659,-5.8075150000007625,0.0,-1.9290000000182768,0.1757499999399669,0.0,0.0,0.5327149,-4.7060546,-0.2783204999999999,-1.5068115,-104.56780422958066,-49.333893193337765,36.076851515779055,115.62118620308117,344.7519999999786
17.8830174,189.7235379,398.93999,22800.0,-0.5865549999999331,-5.803749999999752,0.0,-1.9309999999883587,0.188250000050516,0.0,0.0,0.5556642,-4.777832,-0.2827149999999999,-1.5016846,-104.89365261017124,-48.63729064160482,36.07686444935365,115.62121085189872,344.98399999999674
17.8705152,189.6075436,398.93999,22800.0,-0.6251100000000065,-5.799714999999139,0.0,-1.9277500000036696,0.2017500000306427,0.0,0.0,0.572754,-4.6982422,-0.2797853999999999,-1.5042481,-105.21456062166396,-47.93907116357904,36.07685063497592,115.6211845244482,345.2160000000149
17.8572419,189.4916348,398.93999,22800.0,-0.6636650000000799,-5.795440000001406,0.0,-1.9277500000036696,0.2137499998866587,0.0,0.0,0.5678712000000001,-4.6914062,-0.2753908,-1.4827149,-105.53102088712508,-47.23842627427744,36.07686646316009,115.62121468981884,344.5199999999895
17.8431988,189.3758167,398.93999,22800.0,-0.7021549999999266,-5.7909049999992135,0.0,-1.9244999999923351,0.2267500001096323,0.0,0.0,0.5703125000000001,-4.827148299999999,-0.2797851999999999,-1.477588,-105.84253865625624,-46.536263659484405,36.0768699535766,115.62122134187196,345.448000000004
17.8283858,189.2600947,398.93999,22800.0,-0.7406500000000094,-5.7861000000002605,0.0,-1.9247500000041384,0.2402499999476504,0.0,0.0,0.5659181,-4.7382813,-0.2812502,-1.4919435,-106.14968235921546,-45.83128510182913,36.07685845934249,115.62119943612193,344.5199999999895
17.812804,189.1444738,398.93999,22800.0,-0.7790899999999823,-5.7810449999990965,0.0,-1.921999999998647,0.2527500000581995,0.0,0.0,0.5756836,-4.731933700000001,-0.2768557,-1.5175782,-106.45195387714668,-45.12471797952593,36.076851420445465,115.62118602139454,344.0560000000114
17.796454,189.0289588,398.93999,22800.0,-0.8174999999999599,-5.775750000000812,0.0,-1.9204999999988808,0.2647499999142155,0.0,0.0,0.5805664,-4.7714842,-0.2763674,-1.5098877,-106.7495362064883,-44.41624561003045,36.076868886655966,115.62121930852878,344.98399999999674
17.7793363,188.9135553,398.93999,22800.0,-0.8558850000000007,-5.770174999999256,0.0,-1.9192500000020367,0.2787500000778209,0.0,0.0,0.6035155999999999,-4.7172851,-0.279297,-1.4955323,-107.04251578906596,-43.70535716950607,36.07685090937958,115.62118504740612,345.679999999993
17.7614521,188.798268,398.93999,22800.0,-0.8942100000000508,-5.764365000000282,0.0,-1.9162500000025064,0.290499999948679,0.0,0.0,0.6123047,-4.7832031,-0.2807619,-1.4986083999999995,-107.33057656935684,-42.99312825828466,36.07685842552464,115.62119937167182,344.5199999999895
17.742801800000002,188.6831021,398.93999,22800.0,-0.9325149999998672,-5.758295000001112,0.0,-1.91524999999082,0.3034999999584897,0.0,0.0,0.6284179,-4.760254,-0.2763673999999999,-1.4868164,-107.61404384889656,-42.2786124635711,36.07686242190396,115.62120698797892,346.60799999997835
17.7233861,188.5680627,398.93999,22800.0,-0.9707850000001628,-5.7519700000000284,0.0,-1.9135000000147784,0.3162500000541968,0.0,0.0,0.6479492,-4.7993164,-0.2773439,-1.4765626,-107.89279855657742,-41.56211830618031,36.0768673075339,115.62121629903018,346.3760000000184
17.7032064,188.4531551,398.93999,22800.0,-1.0089849999999956,-5.745379999999045,0.0,-1.9099999999916408,0.3295000000491654,0.0,0.0,0.6718748,-4.763671799999999,-0.2788085999999999,-1.477588,-108.16660798607212,-40.844122951198514,36.07684871083452,115.62118085742432,344.7519999999786
17.682263400000004,188.3383838,398.93999,22800.0,-1.0471499999997746,-5.738565000000051,0.0,-1.9082499999889533,0.3407499999497076,0.0,0.0,0.6821289,-4.746582,-0.2778320999999999,-1.5047609,-108.43567300209726,-40.12448763696567,36.07687644991877,115.62123372264618,346.60800000000745
17.6605577,188.2237548,398.93999,22800.0,-1.085285000000269,-5.731450000000393,0.0,-1.906750000024715,0.3557499999828906,0.0,0.0,0.6801758,-4.734375,-0.275879,-1.5201417000000002,-108.70010807191244,-39.4022756733676,36.07683818264204,115.62116079284752,344.28800000000047
17.638090400000003,188.1092722,398.93999,22800.0,-1.1233649999997652,-5.724130000000116,0.0,-1.9039999999748147,0.3660000000138552,0.0,0.0,0.7246094000000001,-4.7265625,-0.2783203999999999,-1.5073243,-108.95963786540317,-38.67899653046236,36.07687138714262,115.6212240739706,344.5200000000186
17.614862699999996,187.9949416,398.93999,22800.0,-1.1613850000003367,-5.716529999999409,0.0,-1.9010000000285745,0.380000000035352,0.0,0.0,0.7490235,-4.7646484,-0.2802736,-1.5078369,-109.2143144450126,-37.95386857052039,36.07686041103486,115.62120315566008,344.7520000000077
17.5908754,187.8807678,398.93999,22800.0,-1.1993649999997302,-5.708690000000161,0.0,-1.898999999969675,0.3919999999624224,0.0,0.0,0.7548829,-4.8168945,-0.2788088,-1.507837,-109.46422488519032,-37.22702248962629,36.07687201521897,115.62122527096254,343.5919999999751
17.566131300000002,187.7667559,398.93999,22800.0,-1.2372049999999746,-5.700595000000419,0.0,-1.8920000000122168,0.4047499999870751,0.0,0.0,0.7783203000000001,-4.7104492,-0.2749024999999999,-1.4878418999999998,-109.70876104614446,-36.49994841339762,36.07685102894851,115.62118527528038,344.28800000000047
17.540760499999998,187.6528804,398.93999,22800.0,-1.268540000000229,-5.69377499999888,0.0,-1.5667500000127177,0.3410000000769742,0.0,0.0,0.7553712000000001,-4.7666015,-0.2783204999999999,-1.4816896,-109.90778875465348,-35.89684724759938,36.07695809971021,115.62138933283502,346.14400000000023
17.515088,187.5390695,398.93999,22800.0,-1.2836249999999438,-5.690545000000213,0.0,-0.7542499999857455,0.1614999999333122,0.0,0.0,0.7304689000000001,-4.7832031,-0.2802736,-1.4986085,-110.00239783712588,-35.60728956192013,36.07718710636862,115.62182579367852,345.448000000004
17.4890106,187.4253499,398.93999,22800.0,-1.3038699999999182,-5.685980000001223,0.0,-1.0122499999987156,0.2282499999495257,0.0,0.0,0.7314453999999999,-4.7368164,-0.2749024,-1.5216797999999998,-110.12839548426636,-35.21603882721883,36.077246739891216,115.62193945190144,344.98399999999674
17.4619831,187.3118573,398.93999,22800.0,-1.3513749999999547,-5.674630000000036,0.0,-2.375250000001828,0.56750000005934,0.0,0.0,0.7363281,-4.786133,-0.2724609999999999,-1.5114258,-110.41925386645543,-34.29077718533521,36.0768749451715,115.62123085488686,344.7519999999786
17.4332869,187.1987812,398.93999,22800.0,-1.4348100000001196,-5.653804999998613,0.0,-4.171750000008245,1.0412500000711589,0.0,0.0,0.7402343000000001,-4.857422,-0.2763673,-1.4955323,-110.91256772505876,-32.656850547677905,36.07641779486759,115.62035965633008,344.5199999999895
17.402302600000002,187.086311,398.93999,22800.0,-1.549214999999826,-5.62351000000092,0.0,-5.720249999985327,1.514749999884657,0.0,0.0,0.7099608999999999,-4.8374024,-0.2792969999999999,-1.5057862,-111.55227294502488,-30.39971789690024,36.076383483199706,115.62029427143162,343.35999999998603
17.368744799999998,186.9745803,398.93999,22800.0,-1.677890000000204,-5.58653499999906,0.0,-6.43375000001889,1.8487500000929915,0.0,0.0,0.7163087000000001,-4.7353515,-0.2744141999999999,-1.4965575999999998,-112.2206553053937,-27.83201650893512,36.076483725496,115.62048529618627,344.7520000000077
17.3325915,186.8636624,398.93999,22800.0,-1.807664999999936,-5.5458950000002005,0.0,-6.488749999986609,2.0319999999429683,0.0,0.0,0.7548830000000001,-4.8007812,-0.2739258999999999,-1.4924562,-112.83896892050844,-25.20830823100047,36.07647258500302,115.62046406632606,345.679999999993
17.2938625,186.7536172,398.93999,22800.0,-1.936450000000001,-5.502260000000092,0.0,-6.439250000003227,2.1817500000054224,0.0,0.0,0.8139649999999999,-4.8178709,-0.2768555,-1.4996338000000002,-113.3959204124466,-22.57128180316106,36.07648578669651,115.62048922411476,346.60800000000745
17.2525786,186.6445047,398.93999,22800.0,-2.064194999999991,-5.4556250000004525,0.0,-6.387249999999511,2.33174999998198,0.0,0.0,0.8168945000000001,-4.8129883,-0.2734375999999999,-1.5221924999999998,-113.89129589082032,-19.92166329294483,36.07649127754461,115.62049968776236,346.3759999999893
17.2087625,186.5363842,398.93999,22800.0,-2.19080500000004,-5.406025000000625,0.0,-6.330500000002459,2.479999999991378,0.0,0.0,0.7983398000000002,-4.852539,-0.2724611,-1.5201416,-114.32472410067751,-17.261422002765162,36.07648964865631,115.62049658366628,345.448000000004
17.162438,186.4293145,398.93999,22800.0,-2.3162249999998608,-5.353484999999125,0.0,-6.270999999991034,2.627000000074986,0.0,0.0,0.8139649,-4.9213866,-0.2734376,-1.5119385,-114.69602390399972,-14.591758162257928,36.07648528116256,115.6204882607434,347.5360000000219
17.1136301,186.3233537,398.93999,22800.0,-2.440394999999995,-5.29803999999956,0.0,-6.2085000000067225,2.772249999978272,0.0,0.0,0.8193360000000001,-4.846191500000001,-0.2753906,-1.5042481,-115.00502052677145,-11.91410141546719,36.07649266375163,115.62050232939292,345.448000000004
17.0623654,186.2185595,398.93999,22800.0,-2.563235000000041,-5.239710000000741,0.0,-6.142000000002312,2.9164999999409247,0.0,0.0,0.7705078000000001,-4.8325195,-0.2734375999999999,-1.5047609,-115.2514970256274,-9.22993840352875,36.07648987406007,115.62049701320755,346.60799999997835
17.0086718,186.114989,398.93999,22800.0,-2.684680000000128,-5.178525000000889,0.0,-6.072250000004331,3.0592499999926304,0.0,0.0,0.7495117,-4.841796799999999,-0.2690431,-1.4873292,-115.43531854327,-6.540667571885133,36.076475736068495,115.6204700711432,345.44799999997485
16.952578600000002,186.0126979,398.93999,22800.0,-2.8046599999997923,-5.114554999998688,0.0,-5.998999999983212,3.198500000110016,0.0,0.0,0.8417968,-4.7773438,-0.2724611,-1.4847658,-115.5564470051188,-3.848396631662653,36.07649729806015,115.62051116078592,347.3040000000037
16.8941159,185.9117425,398.93999,22800.0,-2.923135000000165,-5.047770000000185,0.0,-5.923750000018657,3.339249999925187,0.0,0.0,0.8266601999999998,-4.864745999999999,-0.2734374999999999,-1.4996339,-115.6147372078951,-1.1531972217786106,36.076485321624766,115.62048833785023,345.448000000004
16.8333158,185.8121775,398.93999,22800.0,-3.0400049999999013,-4.978249999999207,0.0,-5.84349999998679,3.4760000000488844,0.0,0.0,0.859375,-4.8452149,-0.2700196,-1.526294,-115.61017713538608,1.5422763096410692,36.0764725000811,115.62046390449495,347.0719999999856
16.7702112,185.7140566,398.93999,22800.0,-3.155230000000131,-4.906045000001313,0.0,-5.761250000011486,3.610249999894677,0.0,0.0,0.8061522999999999,-4.938964800000001,-0.26709,-1.5155274,-115.5428543517338,4.236657610721388,36.07649243808218,115.62050189934506,347.3040000000037
16.7048366,185.6174333,398.93999,22800.0,-3.26872999999992,-4.831165000000226,0.0,-5.674999999989439,3.7440000000543705,0.0,0.0,0.7880860000000001,-4.9086915,-0.269043,-1.5021973,-115.41270583090692,6.92875365867107,36.07649206368817,115.62050118587968,346.14400000000023
16.6372273,185.5223604,398.93999,22800.0,-3.380465000000044,-4.753644999999551,0.0,-5.586750000006191,3.876000000033741,0.0,0.0,0.7763671000000001,-4.8608399,-0.2700198,-1.5083497,-115.2197924925096,9.617474654836087,36.07648322767449,115.62048434751252,345.679999999993
16.5674201,185.4288892,398.93999,22800.0,-3.4903599999999813,-4.6735599999991,0.0,-5.494749999996884,4.00425000002258,0.0,0.0,0.8256834,-4.882812400000001,-0.2666016,-1.4939942,-114.9643280323578,12.300610991005096,36.07649536825763,115.62050748324714,347.5360000000219
16.495452800000002,185.3370708,398.93999,22800.0,-3.598364999999859,-4.59092000000112,0.0,-5.400249999993889,4.131999999898994,0.0,0.0,0.8554687000000001,-4.8920898,-0.2656252,-1.4811769,-114.64632239873347,14.97740218912614,36.07649551622826,115.62050776522814,347.07200000001467
16.421365,185.2469552,398.93999,22800.0,-3.7043900000000463,-4.505779999999504,0.0,-5.301250000009361,4.25700000008078,0.0,0.0,0.8369139999999999,-4.8632812,-0.2661135,-1.4842531,-114.26597056841824,17.645878500858522,36.07646656475012,115.62045259386284,346.60800000000745
16.3451964,185.1585908,398.93999,22800.0,-3.808430000000129,-4.418219999999451,0.0,-5.202000000004148,4.3780000000026575,0.0,0.0,0.8066406,-4.8671875,-0.2670901,-1.5057863,-113.8236743556942,20.304549223226942,36.07649948091137,115.62051532055013,346.60800000000745
16.2669887,185.072026,398.93999,22800.0,-3.910385000000005,-4.32824000000096,0.0,-5.097749999993795,4.498999999924536,0.0,0.0,0.7597657000000001,-4.9306641,-0.2646485999999999,-1.5119385,-113.31941821662936,22.95236354106321,36.07649488352016,115.62050655950476,345.679999999993
16.186784499999998,184.987308,398.93999,22800.0,-4.010210000000036,-4.235899999999049,0.0,-4.991250000001557,4.617000000095572,0.0,0.0,0.8051757,-4.9819336,-0.2622071,-1.4950196,-112.75352667269632,25.58780226295096,36.07647642209324,115.62047137846444,345.9120000000112
16.104627,184.9044825,398.93999,22800.0,-4.107874999999872,-4.141275000000633,0.0,-4.88324999999179,4.731249999920806,0.0,0.0,0.8769530000000001,-4.9306641,-0.2666018,-1.48938,-112.12646321113284,28.20920320396314,36.076497971038535,115.62051244325124,346.3760000000184
16.020559,184.8235978,398.93999,22800.0,-4.2034000000001015,-4.04423500000064,0.0,-4.776250000011473,4.851999999999634,0.0,0.0,0.8515625,-4.9111327000000005,-0.2656252,-1.496045,-111.43727261108208,30.81906143621215,36.07644663289912,115.62041461093987,346.3759999999893
15.9344165,184.744966,398.93999,22800.0,-4.307124999999878,-3.931589999999119,0.0,-5.186249999988846,5.632250000076056,0.0,0.0,0.7939454,-4.9575195,-0.2641601999999999,-1.484253,-110.5830372779392,33.74249895737171,36.07436765971568,115.616453714436,348.4640000000072
15.8456278,184.6694338,398.93999,22800.0,-4.439435000000103,-3.776609999999891,0.0,-6.61550000001121,7.74899999996137,0.0,0.0,0.7954102,-5.000000099999999,-0.2631837,-1.4786134,-109.31955442070073,37.60608667620548,36.06941169678938,115.60701853191624,346.60800000000745
15.754126200000002,184.5972226,398.93999,22800.0,-4.575079999999865,-3.610559999999907,0.0,-6.78224999998811,8.302499999999213,0.0,0.0,0.8906251000000001,-4.9482422,-0.2675782,-1.4919435,-107.86054933741303,41.60359252686363,36.06889861706375,115.6060422923898,347.07200000001467
15.6604609,184.5277559,398.93999,22800.0,-4.683265000000159,-3.4733350000010432,0.0,-5.409250000014687,6.8612499999431975,0.0,0.0,0.8916017,-4.9379882,-0.2680667,-1.5119386,-106.57965568060432,44.802434936016525,36.07281628017785,115.61349913047424,347.07200000001467
15.5654831,184.4600204,398.93999,22800.0,-4.748889999999939,-3.3867749999984653,0.0,-3.281249999989022,4.328000000128895,0.0,0.0,0.8061524,-4.9711915,-0.2670901,-1.4996339,-105.73936597167082,46.76684563614825,36.07615408982237,115.6198571476641,347.5359999999928
15.4699464,184.39306,398.93999,22800.0,-4.776834999999924,-3.348020000001384,0.0,-1.3972499999992394,1.937749999854077,0.0,0.0,0.7998045000000001,-4.9375,-0.2700197999999999,-1.484253,-105.3553621930812,47.62879496680267,36.07684188071092,115.62116784060368,348.92800000001444
15.3740719,184.326583,398.93999,22800.0,-4.793725000000126,-3.323849999999595,0.0,-0.8445000000101288,1.2085000000894297,0.0,0.0,0.8125,-5.020996200000001,-0.2724611999999999,-1.490918,-105.11345491071334,48.16055119138374,36.07689325658882,115.621265752994,347.3040000000037
15.277868000000002,184.260584,398.93999,22800.0,-4.810194999999862,-3.299950000000252,0.0,-0.8234999999867654,1.1949999999671943,0.0,0.0,0.8085937000000001,-4.970214800000001,-0.2719729999999999,-1.4775878,-104.87245138270946,48.68303925118079,36.07687572880851,115.6212323483484,346.8399999999965
15.1813367,184.195065,398.93999,22800.0,-4.826565000000116,-3.275949999999739,0.0,-0.8185000000127118,1.200000000025625,0.0,0.0,0.7363282,-4.9497071,-0.2714846,-1.4591308,-104.62866433201184,49.20475594585676,36.07686673827281,115.62121521412983,348.6959999999963
15.084480500000002,184.1300272,398.93999,22800.0,-4.842809999999886,-3.251889999999946,0.0,-0.8122499999885235,1.202999999989629,0.0,0.0,0.7739257,-4.9477539,-0.2734375999999999,-1.4606689,-104.38250128828992,49.724842401153325,36.0768692783675,115.6212200550547,347.07200000001467
14.987301400000002,184.0654727,398.93999,22800.0,-4.858954999999998,-3.227724999999282,0.0,-0.8072500000055882,1.2082500000332177,0.0,0.0,0.7998049,-4.9184572,-0.2729495999999999,-1.4929688,-104.13350104517318,50.24424051774356,36.07687658058059,115.6212339716626,347.07200000001467
14.8898023,184.0014024,398.93999,22800.0,-4.874955000000103,-3.203514999999868,0.0,-0.800000000005241,1.2104999999706934,0.0,0.0,0.7753905000000001,-4.942871,-0.2724612999999999,-1.4975831000000002,-103.88228209091535,50.7616359048746,36.07688217849905,115.62124464022853,348.0
14.7919856,183.9378185,398.93999,22800.0,-4.890835000000049,-3.1791950000013003,0.0,-0.7939999999972969,1.2159999999283857,0.0,0.0,0.7250977000000001,-5.0063476,-0.2729495999999999,-1.4801514,-103.62816550766917,51.27832830703272,36.07686272844106,115.62120757217816,346.8399999999965
14.693853100000002,183.8747221,398.93999,22800.0,-4.906624999999831,-3.1548199999988924,0.0,-0.7894999999891184,1.2187500001203944,0.0,0.0,0.7817383999999999,-4.962402299999999,-0.2758791,-1.4719483,-103.37174314528282,51.79347914059439,36.076903848813096,115.62128593983682,345.448000000004
14.5954084,183.8121155,398.93999,22800.0,-4.922235000000086,-3.1303300000018908,0.0,-0.7805000000127293,1.2244999998500816,0.0,0.0,0.7963867,-4.8896484,-0.2749024999999999,-1.4786131999999998,-103.112344590579,52.3077169763185,36.07683827149033,115.62116096217396,347.5360000000219
14.4966528,183.7499994,398.93999,22800.0,-4.937779999999936,-3.1058049999984405,0.0,-0.7772499999925131,1.226250000172513,0.0,0.0,0.7636719,-4.9165039,-0.2749024999999999,-1.4565671999999998,-102.850869506214,52.8201754716732,36.07688236657757,115.6212449986706,347.76800000001094
14.3975892,183.6883758,398.93999,22800.0,-4.953180000000135,-3.081180000000927,0.0,-0.7700000000099294,1.231249999875672,0.0,0.0,0.7192383,-4.916504099999999,-0.2729495,-1.4586181,-102.58658771436323,53.33162613907572,36.07687789753051,115.62123648151706,346.3759999999893
14.2982201,183.6272464,398.93999,22800.0,-4.968454999999938,-3.0564699999985123,0.0,-0.763749999990182,1.2355000001207372,0.0,0.0,0.8261718,-5.0283202000000005,-0.2749024,-1.4734862999999998,-102.3196658393816,53.84189799212661,36.07686353721476,115.62120911354144,348.4639999999781
14.1985478,183.566612,398.93999,22800.0,-4.983614999999997,-3.0317200000013145,0.0,-0.758000000002923,1.2374999998598923,0.0,0.0,0.7939453000000001,-5.0488282,-0.2758789,-1.5006593,-102.05060901003614,54.35023766502247,36.07688880744584,115.62125727375437,347.0719999999856
14.0985752,183.5064747,398.93999,22800.0,-4.998630000000048,-3.0068649999989816,0.0,-0.7507500000025757,1.2427500001166436,0.0,0.0,0.7495117,-4.9472656,-0.2734376,-1.4878418,-101.77868033110224,54.85766449818532,36.07686155687364,115.621205339402,349.1600000000035
13.9983041,183.4468359,398.93999,22800.0,-5.013555000000025,-2.9819400000008045,0.0,-0.7462499999988381,1.246249999908855,0.0,0.0,0.7753905999999999,-4.9389648,-0.2739258,-1.472461,-101.50429574854245,55.36380104336215,36.07688288015069,115.62124597744378,347.76799999998184
13.8977374,183.38769710000005,398.93999,22800.0,-5.028334999999906,-2.956939999998553,0.0,-0.73899999999405,1.25000000011255,0.0,0.0,0.8183593,-4.9306641,-0.2788085999999999,-1.4796387,-101.22737220479428,55.86849335926088,36.07687587396492,115.62123262498864,348.4640000000072
13.7968777,183.3290596,398.93999,22800.0,-5.042985000000044,-2.9318750000015825,0.0,-0.7325000000069082,1.2532499998485491,0.0,0.0,0.8017578000000001,-4.9409179,-0.2783202999999999,-1.4673339,-100.94803124613485,56.37163307577044,36.07686814626848,115.62121789749456,346.60800000000745
13.695727,183.2709252,398.93999,22800.0,-5.057534999999991,-2.906720000000007,0.0,-0.7274999999973275,1.2577500000787722,0.0,0.0,0.7172852,-4.9809571,-0.2768556,-1.4581054,-100.66600300025232,56.87378379143441,36.07688043276173,115.62124131318448,346.60800000000745
13.5942883,183.2132947,398.93999,22800.0,-5.07193500000005,-2.8815249999993853,0.0,-0.7200000000029405,1.2597500000310902,0.0,0.0,0.8105468,-4.9741211,-0.2783203999999999,-1.4627197,-100.38183706628796,57.37386125247899,36.07688434699502,115.62124877297208,348.0
13.492564300000002,183.15617,398.93999,22800.0,-5.086199999999863,-2.85623500000014,0.0,-0.7132499999906727,1.2644999999622542,0.0,0.0,0.8007814000000002,-4.9160155,-0.2817383999999999,-1.4898926,-100.09490161603654,57.87289548102033,36.07685755586036,115.62119771426492,348.92800000001444
13.3905567,183.0995526,398.93999,22800.0,-5.100380000000104,-2.8308700000010845,0.0,-0.7090000000120611,1.2682499999527863,0.0,0.0,0.7846681,-4.8964844,-0.2807616999999999,-1.4883545,-99.80546392434395,58.37072864279491,36.076883039141066,115.62124628044934,348.92800000001444
13.288268400000002,183.0434437,398.93999,22800.0,-5.114414999999895,-2.8054449999984854,0.0,-0.7017499999895094,1.2712500001299532,0.0,0.0,0.7075195,-4.9780274,-0.2783204,-1.4781007000000002,-99.51365984050204,58.86686401640341,36.07689116823774,115.62126177298391,348.23199999998906
13.1857025,182.9878447,398.93999,22800.0,-5.128295000000094,-2.779950000000042,0.0,-0.6940000000099644,1.2747499999221643,0.0,0.0,0.7832030999999999,-4.974609299999999,-0.2817381,-1.4750245,-99.2193611035716,59.36144434220002,36.07686057674907,115.62120347147857,347.3040000000037
13.082861,182.9327568,398.93999,22800.0,-5.142075000000013,-2.754394999999477,0.0,-0.6889999999959429,1.277750000028277,0.0,0.0,0.7846681,-4.929687400000001,-0.2836913,-1.4698974,-98.922732785878,59.85450032201894,36.07687323478317,115.6212275952162,347.5359999999928
12.9797463,182.8781819,398.93999,22800.0,-5.155735000000039,-2.728745000000288,0.0,-0.6830000000013214,1.282499999959441,0.0,0.0,0.7363280999999999,-4.9990234,-0.2817381,-1.4478515,-98.62333568058988,60.34656097695619,36.07687662002174,115.62123404682984,346.8399999999965
12.8763613,182.8241209,398.93999,22800.0,-5.16924999999997,-2.7030500000023494,0.0,-0.6757499999965333,1.284749999896917,0.0,0.0,0.7773437000000001,-5.0156252,-0.2812498,-1.4422118000000002,-98.32175372721734,60.83667383108098,36.07687293571614,115.6212270252522,348.6959999999963
12.7727084,182.7705752,398.93999,22800.0,-5.182645000000008,-2.6772849999986192,0.0,-0.6697500000019119,1.2882500001865085,0.0,0.0,0.7377929,-5.0234376,-0.2817381,-1.4591308,-98.01770636241346,61.32535914075904,36.076878144354914,115.6212369519172,346.14400000000023
12.6687951,182.717537,398.93999,22800.0,-5.195664999999927,-2.651910000000157,0.0,-0.6509999999959604,1.2687499999231022,0.0,0.0,0.7197264999999999,-4.9755859,-0.2846679,-1.4878418,-97.71664484250216,61.80389757288256,36.07686453016968,115.6212110059182,347.76799999998184
12.5647189,182.6648142,398.93999,22800.0,-5.203810000000075,-2.636139999999898,0.0,-0.4072500000074086,0.7885000000129594,0.0,0.0,0.7060547,-4.9194336,-0.2851561999999999,-1.4801514,-97.52888690650576,62.100380299179015,36.07703829482165,115.6215421732674,348.6959999999963
12.4605862,182.6121982,398.93999,22800.0,-5.20663499999996,-2.630800000000022,0.0,-0.1412499999942085,0.2669999999938,0.0,0.0,0.7851563,-4.9418944,-0.2841796,-1.4642579,-97.46525983763092,62.2007969029974,36.0772084586539,115.62186648979872,349.1600000000035
12.3562544,182.5599781,398.93999,22800.0,-5.216589999999943,-2.6110049999985563,0.0,-0.4977499999991863,0.9897500000732862,0.0,0.0,0.786621,-4.9814453,-0.2875976999999999,-1.4642578,-97.22830372603278,62.570544691309536,36.07720868060936,115.6218669128329,347.5359999999928
12.2514162,182.5087974,398.93999,22800.0,-5.241910000000072,-2.559035000001586,0.0,-1.2660000000064286,2.5984999998485137,0.0,0.0,0.7265626000000001,-4.9990235,-0.2885742999999999,-1.4534911,-96.60124514131314,63.5325826842692,36.07669477730056,115.62088749609896,347.76800000001094
12.1457414,182.4593798,398.93999,22800.0,-5.283739999999959,-2.4708799999999087,0.0,-2.0914999999943618,4.407750000083865,0.0,0.0,0.7573242,-4.9960939,-0.2866210999999999,-1.4422118000000002,-95.52318851956694,65.14082906535346,36.07628070044146,115.62009840968967,348.0
12.0390188,182.4122631,398.93999,22800.0,-5.336130000000061,-2.355835000000184,0.0,-2.619500000005104,5.752249999986248,0.0,0.0,0.7832032000000001,-4.9907225,-0.2880859999999999,-1.4534911,-94.08974577805158,67.1951657292555,36.07642458221766,115.62037259047597,347.3040000000037
11.9312293,182.3676393,398.93999,22800.0,-5.389474999999955,-2.231189999999117,0.0,-2.667249999994681,6.232250000053341,0.0,0.0,0.7197266,-4.967773500000001,-0.2875976999999999,-1.4786133,-92.50282639016228,69.36368990679105,36.07647861395829,115.62047555538754,348.0
11.8224281,182.3255424,398.93999,22800.0,-5.440060000000013,-2.104845000000921,0.0,-2.529250000002925,6.317249999909791,0.0,0.0,0.7104492,-4.9838866,-0.2851561999999999,-1.4801513,-90.8593725907834,71.50291854187027,36.07647539141563,115.62046941435646,347.76799999998184
11.7126744,182.2859949,398.93999,22800.0,-5.487684999999942,-1.97737499999846,0.0,-2.3812499999964487,6.373500000123045,0.0,0.0,0.7905274,-5.012206900000001,-0.2861327999999999,-1.4586182,-89.16675709904717,73.60289841765496,36.07648510276705,115.6204879207838,346.8399999999965
11.6020279,182.2490187,398.93999,22800.0,-5.532325000000071,-1.8488099999999008,0.0,-2.232000000006451,6.428249999927971,0.0,0.0,0.7817383,-5.0253906,-0.2895508999999999,-1.4509276999999998,-87.4253491045872,75.6631133099403,36.07648772328928,115.62049291458592,347.0719999999856
11.4905491,182.2146339,398.93999,22800.0,-5.573940000000022,-1.7192400000013208,0.0,-2.080749999997522,6.478499999928999,0.0,0.0,0.6708984,-5.0712891,-0.2900391999999999,-1.4611815,-85.63633147277349,77.6821074116001,36.076471153319154,115.62046133804392,348.4640000000072
11.3782981,182.18285910000003,398.93999,22800.0,-5.612549999999938,-1.5887399999982676,0.0,-1.9304999999958383,6.525000000152659,0.0,0.0,0.78125,-5.1176757,-0.2905274999999999,-1.4386230000000002,-83.80087879037826,79.65875083110426,36.07650017763408,115.62051664826456,346.8399999999965
11.2653366,182.1537113,398.93999,22800.0,-5.648075000000041,-1.4573900000016238,0.0,-1.7762500000051418,6.567499999832194,0.0,0.0,0.7910155000000001,-5.1586913,-0.2915040999999999,-1.4299071,-81.9199414003631,81.5918051217608,36.07649017470829,115.62049758613874,349.6240000000107
11.1517258,182.127207,398.93999,22800.0,-5.680540000000001,-1.3252149999999574,0.0,-1.6232499999979666,6.608750000083319,0.0,0.0,0.6752929000000001,-5.137206900000001,-0.2929689999999999,-1.445288,-79.9939764629184,83.48091257056964,36.0764892032192,115.62049573481784,347.5359999999928
11.037527700000002,182.1033604,398.93999,22800.0,-5.709904999999882,-1.192329999999231,0.0,-1.4682499999940646,6.6442500000363225,0.0,0.0,0.7080076,-5.0761718,-0.2919924,-1.4704101,-78.0246092541448,85.3244142850536,36.07648078045104,115.62047968396188,347.76799999998184
10.922804199999998,182.0821843,398.93999,22800.0,-5.736175000000188,-1.058805000000973,0.0,-1.3135000000152883,6.676249999912898,0.0,0.0,0.7475588,-5.038086,-0.2924806999999999,-1.4581054999999998,-76.01297501140446,87.12134713637957,36.07649479244309,115.62050638594329,348.0
10.8076181,182.0636902,398.93999,22800.0,-5.759304999999859,-0.9247049999999036,0.0,-1.1564999999835734,6.705000000053474,0.0,0.0,0.6699221000000001,-5.0483398,-0.2919923999999999,-1.4411864,-73.9599027863199,88.87085314758231,36.07648177211678,115.62048157372912,345.9119999999821
10.6920318,182.0478884,398.93999,22800.0,-5.779315000000107,-0.790090000000987,0.0,-1.0005000000123945,6.730749999945829,0.0,0.0,0.6811522,-5.0493165,-0.2939455999999999,-1.4473389,-71.86645997485697,90.5721295357937,36.07648848612404,115.62049436828366,347.3040000000037
10.5761084,182.0347874,398.93999,22800.0,-5.796169999999901,-0.6550499999988801,0.0,-0.8427499999896781,6.75200000010534,0.0,0.0,0.7065428,-5.027832,-0.2963870999999999,-1.4329833,-69.73392987385041,92.22404785513646,36.076482269312855,115.62048252121068,347.5359999999928
10.4599106,182.0243946,398.93999,22800.0,-5.809890000000006,-0.5196400000002654,0.0,-0.6860000000052935,6.770499999930735,0.0,0.0,0.6635742,-5.0317382,-0.2968753,-1.4170897,-67.56334330382374,93.82590564701952,36.076504849790695,115.62052555179706,347.3040000000037
10.3435026,182.016715,398.93999,22800.0,-5.820400000000081,-0.3839799999994397,0.0,-0.5255000000037313,6.783000000041284,0.0,0.0,0.6625975000000001,-5.052246200000001,-0.2993165999999999,-1.4206786,-65.35621691181822,95.3763616149036,36.07645836325885,115.62043696475764,347.3040000000037
10.2269467,182.0117532,398.93999,22800.0,-5.827794999999902,-0.2480900000009001,0.0,-0.3697499999910647,6.794499999926984,0.0,0.0,0.6967772999999999,-5.0449217,-0.3007811999999999,-1.445288,-63.11352593472668,96.8750880231811,36.07649102194161,115.6204992006716,346.3759999999893
10.1103067,182.0095118,398.93999,22800.0,-5.832000000000104,-0.1120700000001306,0.0,-0.2102500000100704,6.801000000038471,0.0,0.0,0.6708984,-5.038086,-0.3022458999999999,-1.4442625,-60.83644692114911,98.32105026565895,36.07649638637285,115.6205094234238,347.3040000000037
9.9936462,182.0099924,398.93999,22800.0,-5.833024999999914,0.0240300000015736,0.0,-0.0512499999905102,6.805000000085215,0.0,0.0,0.6347656,-5.1123046,-0.3017576999999999,-1.4263184,-58.52588759568109,99.71369607879704,36.0764929942878,115.62050295928054,347.07200000001467
9.8770288,182.0131944,398.93999,22800.0,-5.830870000000044,0.1600999999993746,0.0,0.1077499999935227,6.80349999989005,0.0,0.0,0.6728517,-5.3198243,-0.3027343999999999,-1.4145263,-56.18371512570604,101.05189815717216,36.07648224220924,115.62048246956066,347.0719999999856
9.7605177,182.0191159,398.93999,22800.0,-5.825554999999927,0.2960749999999734,0.0,0.2657500000058377,6.798750000029941,0.0,0.0,0.5859377,-5.4921875,-0.3081052999999999,-1.4032471000000002,-53.81121426492249,102.33500640930347,36.07649211584472,115.62050128527198,347.5359999999928
9.6441767,182.0277539,398.93999,22800.0,-5.817050000000101,0.4318999999995299,0.0,0.4252499999912729,6.791249999977822,0.0,0.0,0.6079101,-5.5795898,-0.3164064,-1.3473633,-51.40905793091426,103.56254496394186,36.07647314288916,115.62046512945956,346.8399999999965
9.5280686,182.0391037,398.93999,22800.0,-5.805404999999908,0.5674900000002481,0.0,0.5822500000096653,6.77950000003591,0.0,0.0,0.6767579,-5.6582031,-0.3227539,-1.3094237,-48.97916677960051,104.73367531562924,36.07649485281,115.62050650098176,346.14400000000023
9.4122572,182.0531599,398.93999,22800.0,-5.790570000000095,0.7028099999999426,0.0,0.7417499999906596,6.765999999984729,0.0,0.0,0.6679688,-5.7314453,-0.3325193999999999,-1.2996826,-46.52165564377988,105.84814371718336,36.07647771658042,115.62047384530103,346.60800000000745
9.2968553,182.0701393,398.93999,22800.0,-5.77009499999992,0.8489699999998379,0.0,1.0237500000087607,7.307999999994763,0.0,0.0,0.5478514999999999,-5.7622069,-0.3417968999999999,-1.3114746,-43.82172276399359,106.99146040385568,36.07516589333992,115.61797431781154,347.3039999999746
9.182130699999998,182.0909266,398.93999,22800.0,-5.73623000000012,1.039365000001169,0.0,1.6932499999899877,9.519750000066551,0.0,0.0,0.6738281,-5.7924804000000005,-0.3525389,-1.2781495,-40.22886623370404,108.38539865391992,36.0711696708014,115.6103642404884,348.4639999999781
9.0682217,182.1157643,398.93999,22800.0,-5.695449999999891,1.241884999998888,0.0,2.0390000000114483,10.125999999885948,0.0,0.0,0.7016601,-5.8652344,-0.3583982,-1.2448243,-36.360297137891145,109.74261125183418,36.07061437626287,115.60930729109543,346.60800000000745
8.955038499999999,182.1438991,398.93999,22800.0,-5.659160000000085,1.406740000000184,0.0,1.8144999999902824,8.242750000064802,0.0,0.0,0.6142580000000001,-5.9311524,-0.3652343999999999,-1.2407226,-33.18555830117481,110.75046751056794,36.07387487528033,115.61551510748907,348.92800000001444
8.842348900000001,182.1740774,398.93999,22800.0,-5.634479999999886,1.5089150000008544,0.0,1.2340000000099494,5.108750000033524,0.0,0.0,0.6108399,-5.9716796,-0.3701173999999999,-1.2094483,-31.197866014109938,111.33175936549208,36.07641761375445,115.62035931119652,346.3760000000184
8.7299235,182.205246,398.93999,22800.0,-5.621270000000056,1.5584299999986229,0.0,0.6604999999915151,2.4757499998884214,0.0,0.0,0.6308593,-6.0048828,-0.3745119,-1.1781739,-30.220818241123403,111.60177422475354,36.07684054749378,115.62116529976628,348.0
8.6177059,182.2371564,398.93999,22800.0,-5.610879999999963,1.5955200000007608,0.0,0.519500000004669,1.854500000106896,0.0,0.0,0.5468750000000001,-6.0004882,-0.3793944999999999,-1.171509,-29.483442831653367,111.79891188585856,36.07687738597267,115.62123550658563,347.07200000001467
8.5057009,182.2698041,398.93999,22800.0,-5.600249999999996,1.6323849999992035,0.0,0.5314999999983527,1.8432499999221363,0.0,0.0,0.552246,-5.9345704,-0.3842770999999999,-1.1868898,-28.747359543493243,111.99039711903237,36.07685384977169,115.62119065120132,346.14400000000023
8.3939129,182.3031879,398.93999,22800.0,-5.589400000000033,1.6691900000012083,0.0,0.5424999999981139,1.8402500001002409,0.0,0.0,0.5903321,-5.8803711,-0.3920899,-1.1802247,-28.01015417621463,112.17707977260244,36.076867999194825,115.62121761720088,345.2159999999858
8.282347300000001,182.3373062,398.93999,22800.0,-5.578279999999936,1.705914999999436,0.0,0.5560000000048859,1.836249999911388,0.0,0.0,0.5415037,-5.8964844,-0.3959962999999999,-1.1489504,-27.27148635463184,112.35888187402408,36.07683700471184,115.6211585479568,348.4640000000072
8.171008,182.3721573,398.93999,22800.0,-5.566965000000046,1.7425549999984469,0.0,0.5657499999944804,1.83199999995054,0.0,0.0,0.5639649,-5.9282225,-0.3994141999999999,-1.1366456,-26.53243915629666,112.53575519694068,36.07686927453036,115.62122004774186,346.8399999999965
8.059900599999999,182.4077398,398.93999,22800.0,-5.555370000000082,1.7791250000016134,0.0,0.5797499999982136,1.8285000001583285,0.0,0.0,0.6044923000000001,-5.8833007,-0.4023438,-1.1361327,-25.79162891537346,112.70779984134091,36.07684599769929,115.62117568674044,347.5360000000219
7.949029400000001,182.4440525,398.93999,22800.0,-5.543559999999914,1.815634999999816,0.0,0.590500000008376,1.825499999910108,0.0,0.0,0.5566405999999999,-5.8598635,-0.4052732,-1.1028075,-25.049777649315644,112.87503985005569,36.07686804037379,115.62121769567996,346.14400000000023
7.8383994,182.4810936,398.93999,22800.0,-5.531500000000023,1.8520549999990976,0.0,0.6029999999945801,1.820999999964101,0.0,0.0,0.4965818999999999,-5.8989259,-0.4077145,-1.0874267000000002,-24.306886579849103,113.03734758826512,36.07686963683226,115.6212207382188,347.5359999999928
7.728015599999999,182.5188614,398.93999,22800.0,-5.519190000000052,1.888390000000584,0.0,0.6154999999985478,1.8167500000743075,0.0,0.0,0.5761719000000001,-5.9443359,-0.4086911,-1.0894775,-23.562871725525827,113.19474574709308,36.07685308077315,115.62118918564464,347.5359999999928
7.617882400000001,182.5573543,398.93999,22800.0,-5.506659999999908,1.924644999999714,0.0,0.6265000000071907,1.8127499999565089,0.0,0.0,0.5449218,-5.9335938,-0.4106443000000001,-1.1130614,-22.818071664140707,113.34725455618263,36.07686470130293,115.62121133206452,346.60800000000745
7.5080048,182.5965709,398.93999,22800.0,-5.49388000000004,1.9608300000015788,0.0,0.6389999999933949,1.8092500000932432,0.0,0.0,0.5058594000000001,-5.8945313,-0.4130858,-1.0956298,-22.071912209541168,113.49491498582644,36.07686589560408,115.62121360816823,347.0719999999856
7.398387699999999,182.6365095,398.93999,22800.0,-5.480855000000062,1.9969299999985424,0.0,0.6512499999988819,1.804999999848178,0.0,0.0,0.5493163,-5.9013670000000005,-0.4145506999999999,-1.0740966,-21.324696838454702,113.63766191981776,36.07685651428015,115.62119572922086,346.60800000000745
7.289035200000001,182.6771677,398.93999,22800.0,-5.467624999999909,2.032910000001209,0.0,0.6615000000076421,1.7990000001333328,0.0,0.0,0.6147461,-5.893066299999999,-0.4160156,-1.0792237,-20.577538824253782,113.77536763883325,36.07687576435295,115.62123241608928,346.14400000000023
7.1799528,182.7185443,398.93999,22800.0,-5.454120000000051,2.068829999998912,0.0,0.6752499999929107,1.7959999998851115,0.0,0.0,0.5502929,-5.885254,-0.4169922,-1.0602539,-19.828505449985315,113.90825342387132,36.07685407408572,115.62119107869886,347.76799999998184
7.071144800000001,182.7606374,398.93999,22800.0,-5.440399999999945,2.1046550000008324,0.0,0.6860000000052935,1.7912500000960565,0.0,0.0,0.5913086,-5.9394531,-0.4179688,-1.0397462,-19.07900046685409,114.03619617192,36.076859678141744,115.62120175891116,347.5360000000219
6.9626161,182.8034454,398.93999,22800.0,-5.4264350000000405,2.140400000000397,0.0,0.6982499999952374,1.7872499999782576,0.0,0.0,0.6748045,-5.9960937,-0.4194337,-1.0397462,-18.32836080294876,114.15924211448092,36.076857576270086,115.6211977531618,345.9120000000112
6.8543712,182.846966,398.93999,22800.0,-5.412244999999993,2.1760299999996846,0.0,0.709500000002361,1.7814999999643533,0.0,0.0,0.645996,-5.9707032,-0.4194337,-1.0658936,-17.577412521429363,114.27727491125675,36.07685671903686,115.62119611944628,345.2160000000149
6.746414799999999,182.8911979,398.93999,22800.0,-5.397820000000042,2.2115949999999884,0.0,0.7212499999975641,1.7782500000151913,0.0,0.0,0.578125,-5.9438477,-0.4199219999999999,-1.0725586,-16.82524948008121,114.39046480038591,36.07687138930277,115.62122407808744,347.3040000000037
6.6387519,182.9361385,398.93999,22800.0,-5.383144999999967,2.247029999999484,0.0,0.7337500000037522,1.7717499999747588,0.0,0.0,0.5708008999999999,-5.950683700000001,-0.419922,-1.0515381,-16.0726316235305,114.49858148726622,36.07684232790095,115.62116869285596,347.3040000000037
6.5313867000000005,182.9817863,398.93999,22800.0,-5.368259999999969,2.282390000000589,0.0,0.7442499999998908,1.768000000055281,0.0,0.0,0.5644530000000001,-5.928711,-0.4204103,-1.0443605,-15.319324573140916,114.60183367587126,36.07685897715678,115.62120042297305,346.8400000000256
6.424323800000001,183.0281394,398.93999,22800.0,-5.3531449999999925,2.3176550000002294,0.0,0.7557499999988337,1.7632499999820084,0.0,0.0,0.4956055000000001,-5.9013672,-0.4233401,-1.05,-14.565335312533042,114.70014264131348,36.07688104973456,115.62124248901748,346.60800000000745
6.3175685,183.0751957,398.93999,22800.0,-5.337765000000028,2.352814999998998,0.0,0.7689999999982433,1.75799999993842,0.0,0.0,0.5375974,-5.9482422,-0.4252933,-1.0305175,-13.81028113299184,114.79344685252352,36.07685289142224,115.62118882477992,346.3760000000184
6.2111248,183.1229527,398.93999,22800.0,-5.322185000000035,2.387849999999503,0.0,0.7789999999996411,1.751750000025254,0.0,0.0,0.5639649,-5.9550781,-0.4243167,-1.0223144,-13.055440740719018,114.8817443787879,36.07685384261524,115.6211906375626,346.8400000000256
6.1049975000000005,183.1714091,398.93999,22800.0,-5.306364999999946,2.422819999999604,0.0,0.791000000004427,1.7485000000050377,0.0,0.0,0.5019532,-5.9008791,-0.4228517999999999,-1.0387207,-12.299322996835995,114.96517459699862,36.076865169657154,115.62121222465572,348.23199999998906
5.9991911,183.2205621,398.93999,22800.0,-5.290320000000026,2.4576500000009105,0.0,0.8022499999960075,1.7415000000653436,0.0,0.0,0.5131836,-5.8867186,-0.4223635,-1.0694826,-11.543258702172324,115.04353841677865,36.07686026071948,115.62120286918876,346.3759999999893
5.8937104,183.2704103,398.93999,22800.0,-5.27403500000001,2.492410000000689,0.0,0.8142500000007935,1.737999999988915,0.0,0.0,0.5244141000000001,-5.9023439,-0.4208985999999999,-1.061792,-10.785993831307932,115.11701119417776,36.07686338366943,115.62120882091426,344.98399999999674
5.7885599,183.3209511,398.93999,22800.0,-5.257524999999985,2.5270399999996584,0.0,0.8255000000012558,1.7314999999484826,0.0,0.0,0.5019531,-5.9604492,-0.4184571,-1.0474366,-10.028632747227832,115.18544781360396,36.0768564256589,115.62119556032646,347.5359999999928
5.6837438,183.3721821,398.93999,22800.0,-5.240804999999993,2.561549999998647,0.0,0.8359999999996148,1.7254999999494205,0.0,0.0,0.4116213,-5.9833985,-0.4184571,-1.0674317,-9.27126375666977,115.24889986937576,36.0768663869136,115.62121454450796,347.0719999999856
5.579267100000001,183.4241013,398.93999,22800.0,-5.223834999999966,2.595960000002151,0.0,0.848500000001362,1.7205000001752069,0.0,0.0,0.5214843,-5.9282226,-0.4194337,-1.0607666,-8.512971440487922,115.30736252341076,36.07685114329155,115.62118549319511,347.3040000000037
5.4751341,183.4767067,398.93999,22800.0,-5.206650000000046,2.630269999998802,0.0,0.8592499999959813,1.7154999998325593,0.0,0.0,0.5263671000000001,-5.909668099999999,-0.4184571,-1.0505127,-7.754309587999122,115.36088140917732,36.07685963392587,115.62120167464448,346.8399999999965
5.371349,183.5299959,398.93999,22800.0,-5.1892549999999815,2.664459999999736,0.0,0.8697500000032221,1.7095000000466598,0.0,0.0,0.477539,-5.9536132,-0.4140624,-1.0633302,-6.9956449131281735,115.40942045160097,36.07688482101657,115.6212496763678,347.5359999999928
5.267917,183.5839666,398.93999,22800.0,-5.171600000000032,2.6985350000003905,0.0,0.8827499999974897,1.7037500000327557,0.0,0.0,0.544922,-5.9721679000000005,-0.4077145,-1.1063965,-6.236106409251531,115.45290825755,36.07686138473387,115.62120501133762,348.4640000000072
5.1648423,183.638616,398.93999,22800.0,-5.1537349999999815,2.732469999999409,0.0,0.8932500000025101,1.6967499999509528,0.0,0.0,0.5844728000000001,-6.0351563,-0.4042967,-1.1294677,-5.476839322244814,115.49137577609916,36.07684005360233,115.62116435851108,347.0719999999856
5.0621291,183.6939423,398.93999,22800.0,-5.1356600000000086,2.7663150000009296,0.0,0.9037499999986488,1.692250000076001,0.0,0.0,0.5571288,-6.048828,-0.3994143999999999,-1.1330567,-4.717152838398059,115.5249299948794,36.07685669437424,115.62119607244423,346.8399999999965
4.959782,183.7499431,398.93999,22800.0,-5.117355000000012,2.8000400000010472,0.0,0.915249999999812,1.6862500000058844,0.0,0.0,0.4492186,-5.973633,-0.3945314,-1.1551027,-3.957141729736728,115.55347062528674,36.076862510084005,115.6212071560327,348.0
4.8578052,183.8066156,398.93999,22800.0,-5.0988400000000045,2.833624999998108,0.0,0.9257500000003916,1.6792499998530277,0.0,0.0,0.5429687000000001,-5.9697268,-0.3886717999999999,-1.1894532999999998,-3.197403107723507,115.5770016012405,36.07686963858063,115.62122074155086,346.3759999999893
4.7562035,183.8639576,398.93999,22800.0,-5.08008499999999,2.8671000000002778,0.0,0.9377500000007366,1.6737500001084982,0.0,0.0,0.5488281,-5.9628904,-0.3813473999999999,-1.1920166,-2.4370365309132045,115.5955155640526,36.07685983561159,115.62120205901742,347.3040000000037
4.654981,183.9219666,398.93999,22800.0,-5.0611249999999774,2.9004500000013422,0.0,0.948000000000615,1.6675000000532236,0.0,0.0,0.5688477000000001,-5.9848632,-0.3701173999999999,-1.223291,-1.6768204626156529,115.60905999716154,36.07686917233637,115.62121985298003,347.5359999999928
4.5541423000000005,183.9806401,398.93999,22800.0,-5.041934999999986,2.933674999998459,0.0,0.959499999999558,1.6612499998558403,0.0,0.0,0.5395508,-6.0874024,-0.3569334999999999,-1.2925049000000002,-0.9163429735238624,115.61757877937218,36.07686401457117,115.6212100232888,348.23199999998906
4.4536919,184.0399757,398.93999,22800.0,-5.02252000000003,2.966780000001279,0.0,0.9707499999977998,1.655250000140995,0.0,0.0,0.5869142,-6.1108399,-0.3378906,-1.3996582,-0.1556194354340743,115.62108841618316,36.07685515757286,115.62119314360812,346.3760000000184
4.3536337000000005,184.0999702,398.93999,22800.0,-5.002909999999972,2.999724999999387,0.0,0.9805000000029374,1.647249999905398,0.0,0.0,0.5546873999999999,-6.0581054000000005,-0.3154297,-1.4760499,0.604324243435505,115.6196056772364,36.07685089346021,115.62118501706702,347.76800000001094
4.253972299999999,184.1606219,398.93999,22800.0,-4.983070000000067,3.032584999999699,0.0,0.9919999999952188,1.6430000000156042,0.0,0.0,0.4682616,-6.0644531,-0.2998047,-1.4914308,1.36505411779476,115.61315186679664,36.07686412818528,115.62121023981496,348.0
4.154712,184.2219276,398.93999,22800.0,-4.96301499999996,3.0652850000009835,0.0,1.0027500000053813,1.635000000064224,0.0,0.0,0.515625,-6.1196289,-0.2880859999999999,-1.5057862,2.125340800771494,115.60165738302771,36.07685506515392,115.62119296747612,347.5359999999928
4.0558568,184.2838848,398.93999,22800.0,-4.942760000000002,3.0978599999997414,0.0,1.0127499999978973,1.6287499999378952,0.0,0.0,0.541504,-6.1142579,-0.2817381999999999,-1.5032228,2.8853856397253623,115.58521529758649,36.07687136289962,115.62122402776816,348.0
3.9574114,184.3464906,398.93999,22800.0,-4.922269999999984,3.130289999998581,0.0,1.024500000000872,1.6214999999419888,0.0,0.0,0.5205078000000001,-6.1044921,-0.2792967999999999,-1.4822023,3.645525192851305,115.56369891181254,36.07685074678699,115.6211847375375,348.4640000000072
3.8593796,184.4097428,398.93999,22800.0,-4.901590000000033,3.1626100000011093,0.0,1.033999999997537,1.6160000001264052,0.0,0.0,0.4877931,-6.1391599,-0.2719728999999999,-1.4919435,4.405438386383152,115.53728339207036,36.07688110939273,115.62124260271464,346.3760000000184
3.7617662,184.4736381,398.93999,22800.0,-4.880669999999965,3.1947649999992223,0.0,1.046000000003433,1.60774999990565,0.0,0.0,0.5454102,-6.071289,-0.2695315,-1.521167,5.165284256971329,115.50575105477397,36.07685149121632,115.62118615626952,347.3039999999746
3.6645752,184.5381743,398.93999,22800.0,-4.859550000000001,3.226810000001024,0.0,1.0559999999981695,1.6022500000900664,0.0,0.0,0.5507812000000001,-6.1152344,-0.2700198,-1.5232177999999998,5.925068319449796,115.4692864096024,36.07686022807802,115.6212028069806,347.0719999999856
3.5678107,184.6033483,398.93999,22800.0,-4.838225000000018,3.258699999999237,0.0,1.066249999999158,1.5944999999106813,0.0,0.0,0.5175780000000001,-6.1083984,-0.2666018,-1.5021971,6.684314790202678,115.42782817656143,36.076862595298174,115.62120731843407,347.5359999999928
3.4714767,184.6691571,398.93999,22800.0,-4.816699999999985,3.290440000000672,0.0,1.0762500000016662,1.5870000000717257,0.0,0.0,0.5024412,-6.0551758,-0.2670901,-1.4991211999999998,7.4430017183488415,115.38140265278176,36.07686888282524,115.62121930122818,345.6800000000221
3.3755778,184.7355982,398.93999,22800.0,-4.794945000000017,3.32205499999958,0.0,1.0877499999983886,1.5807499999453969,0.0,0.0,0.529297,-6.0903321,-0.268555,-1.5078371000000002,8.201951778093266,115.32992489684467,36.07686261324609,115.62120735263926,348.0
3.2801181,184.8026683,398.93999,22800.0,-4.772984999999985,3.353504999999757,0.0,1.0980000000015977,1.5725000000088585,0.0,0.0,0.5205078000000001,-6.1254882,-0.2700197,-1.496045,8.960250755271307,115.2734481003488,36.07684069558824,115.62116558200384,348.6960000000254
3.185101,184.8703646,398.93999,22800.0,-4.750855000000009,3.384814999999719,0.0,1.106499999998789,1.56549999999811,0.0,0.0,0.4833985,-6.1420898,-0.2695314,-1.48938,9.717588905684176,115.21213003854776,36.07686908581092,115.62121968807938,346.8400000000256
3.0905084,184.9386529,398.93999,22800.0,-4.729629999999996,3.414415000001725,0.0,1.0612500000006797,1.48000000010029,0.0,0.0,0.5024413,-6.131836,-0.2675784,-1.5124512,10.43676125948456,115.14921813598664,36.076873580348206,115.6212282537965,346.8399999999965
2.9962553,185.0074106,398.93999,22800.0,-4.712654999999999,3.4378849999995964,0.0,0.8487499999998427,1.1734999998935791,0.0,0.0,0.5878905,-6.117675800000001,-0.2705082,-1.5355225,11.008061313012606,115.09614497685652,36.07694523675487,115.62136481811925,347.5359999999928
2.9022663,185.0765288,398.93999,22800.0,-4.699450000000005,3.4559099999981413,0.0,0.6602499999996958,0.901249999927245,0.0,0.0,0.5864259,-6.118163999999999,-0.2714845,-1.5232177,11.448866079309427,115.05312659011985,36.07694176567711,115.62135820281694,347.0719999999856
2.8085044,185.1459546,398.93999,22800.0,-4.688095000000003,3.471290000001659,0.0,0.567750000000089,0.769000000175879,0.0,0.0,0.5146484,-6.206543,-0.2705079999999999,-1.5052734,11.825899603614218,115.01497009107808,36.076934445267234,115.62134425133772,347.3040000000037
2.7149687,185.2156848,398.93999,22800.0,-4.676784999999994,3.4865100000004645,0.0,0.5655000000004407,0.7609999999402817,0.0,0.0,0.5668944,-6.0917968,-0.2724611,-1.5170654,12.19972151661029,114.97591455261748,36.07693191708775,115.62133943305469,347.07200000001467
2.6216883,185.2857555,398.93999,22800.0,-4.664020000000013,3.503534999998692,0.0,0.6382499999990632,0.8512499999113743,0.0,0.0,0.6132812999999999,-6.074707200000001,-0.2773438,-1.5088623,12.619194281115886,114.93057314265351,36.07690145452509,115.62128137675772,347.07200000001467
2.5287179,185.3562363,398.93999,22800.0,-4.648519999999978,3.524040000000639,0.0,0.7750000000017465,1.025250000097344,0.0,0.0,0.623047,-6.0654297,-0.2802734,-1.4909180000000002,13.12565641665134,114.87377247711208,36.07686912513942,115.6212197630318,348.92799999998533
2.4361324,185.427222,398.93999,22800.0,-4.6292750000000105,3.5492849999982923,0.0,0.962249999998388,1.2622499998826695,0.0,0.0,0.5117187999999999,-6.1235352,-0.2797849,-1.4939943,13.750575001611937,114.80064903261038,36.07687110309712,115.62122353263496,346.60800000000745
2.3440227,185.4988239,398.93999,22800.0,-4.605484999999998,3.580095000000938,0.0,1.1895000000006206,1.5405000001322833,0.0,0.0,0.5620118000000001,-6.1469728,-0.2812498,-1.522705,14.516355306370988,114.70632282931643,36.07686596862042,115.62121374732308,348.92799999998533
2.2524882,185.5711592,398.93999,22800.0,-4.576725000000015,3.616764999999589,0.0,1.4379999999991622,1.8334999999325416,0.0,0.0,0.5444336000000001,-6.0771485,-0.2827147,-1.526294,15.432390153012973,114.58663266644008,36.07684323955564,115.6211704302827,348.4640000000072
2.1615959,185.6442998,398.93999,22800.0,-4.544614999999985,3.657030000000816,0.0,1.6055000000014807,2.013250000061362,0.0,0.0,0.5288086,-6.076172,-0.2846679,-1.5047608,16.443438776722946,114.44591723394522,36.07684232885628,115.62116869467664,347.07200000001467
2.0713607,185.7182491,398.93999,22800.0,-4.511759999999998,3.697465000000477,0.0,1.64274999999936,2.021749999983058,0.0,0.0,0.4663087,-6.1699218,-0.2851561999999999,-1.5068115,17.46505353504833,114.29443001224637,36.0768200381082,115.6211262131899,347.5359999999928
1.9817895,185.7930017,398.93999,22800.0,-4.478559999999998,3.737630000000536,0.0,1.6599999999999948,2.008250000002932,0.0,0.0,0.5522462,-6.171875200000001,-0.2866210999999999,-1.5083498,18.48527267591012,114.13390555211944,36.07684017809749,115.62116459577317,347.3040000000037
1.8928895,185.8685509,398.93999,22800.0,-4.444999999999999,3.777459999999168,0.0,1.6779999999999795,1.991499999931534,0.0,0.0,0.5620117,-6.1430665,-0.2895508999999999,-1.4934816,19.50368064076673,113.96425519709594,36.07682047913439,115.6211270536913,347.3040000000037
1.8046676,185.9448914,398.93999,22800.0,-4.411095000000021,3.81702500000074,0.0,1.6952499999988824,1.978250000078674,0.0,0.0,0.5405273,-6.0664063,-0.2890625999999999,-1.487842,20.52073561041021,113.78557329625872,36.07684829668845,115.62118006814592,346.8399999999965
1.7171315,186.0220168,398.93999,22800.0,-4.376804999999983,3.856269999999995,0.0,1.714500000001884,1.9622499999627507,0.0,0.0,0.494629,-6.1284181,-0.2890625999999999,-1.5052735,21.53659209232285,113.59762708967328,36.07682197264998,115.62112990001252,347.3039999999746
1.6302873000000002,186.0999207,398.93999,22800.0,-4.342209999999991,3.8951949999983526,0.0,1.729749999999619,1.9462499999178813,0.0,0.0,0.5253905999999999,-6.0385741,-0.2905274999999999,-1.5309082,22.54980968256371,113.4008690613954,36.0768340925879,115.62115299805475,347.3039999999746
1.5441428,186.1785975,398.93999,22800.0,-4.307225000000015,3.9338400000019647,0.0,1.749249999998792,1.932250000180602,0.0,0.0,0.5527345,-6.0253906,-0.2900392,-1.5206541999999998,23.56232103331785,113.19481118052518,36.07682780728631,115.62114101958984,348.23199999998906
1.458704,186.2580404,398.93999,22800.0,-4.271939999999996,3.97214499999734,0.0,1.7642500000009331,1.9152499997687755,0.0,0.0,0.5234373999999999,-6.1206056,-0.2905274999999999,-1.5021973000000002,24.571905280506485,112.97998451343894,36.07684409751378,115.62117206537512,346.60800000000745
1.3739783,186.3382434,398.93999,22800.0,-4.236284999999995,4.010150000002,0.0,1.7827500000000551,1.9002500002329723,0.0,0.0,0.4892578,-6.1357423,-0.2915040999999999,-1.5191161000000002,25.580221231534445,112.75596695042374,36.07684494028142,115.62117367151788,348.6959999999963
1.2899726,186.4191997,398.93999,22800.0,-4.200285000000004,4.047814999998423,0.0,1.7999999999995795,1.883249999821146,0.0,0.0,0.4824218000000001,-6.1132813,-0.2924806999999999,-1.5088624,26.586438212567323,112.52290721593064,36.07681667605339,115.62111980583649,346.3760000000184
1.2066929,186.5009031,398.93999,22800.0,-4.163985000000004,4.085170000001881,0.0,1.8149999999999888,1.8677500001729184,0.0,0.0,0.5766602000000001,-6.1127929000000005,-0.292969,-1.4934815,27.59001414902368,112.28109925177824,36.07684114802695,115.6211664442588,348.23200000001816
1.1241465,186.5833472,398.93999,22800.0,-4.127320000000001,4.122204999998758,0.0,1.8332500000001417,1.8517499998438325,0.0,0.0,0.5517578000000001,-6.2387696,-0.2934573,-1.4955324,28.592040709690806,112.03011634728476,36.07683577203375,115.62115619872851,350.0879999999888
1.0423399,186.666525,398.93999,22800.0,-4.090329999999998,4.158890000000781,0.0,1.849500000000148,1.8342500001011783,0.0,0.0,0.489746,-6.1542968,-0.2934572,-1.5268066,29.591522444068254,111.77022461840032,36.07681206211812,115.6211110126756,347.07200000001467
0.9612791,186.7504304,398.93999,22800.0,-4.053040000000002,4.195269999998175,0.0,1.8644999999998024,1.8189999998696749,0.0,0.0,0.477539,-6.081543000000001,-0.2924806999999999,-1.5288575000000002,30.588394731355272,111.50159860940067,36.07684626434057,115.62117619490432,347.76800000001094
0.8809712000000001,186.8350565,398.93999,22800.0,-4.015394999999994,4.231305000001839,0.0,1.8822500000004183,1.8017500001832327,0.0,0.0,0.5166017,-6.0600585,-0.292969,-1.5016846,31.583316677571847,111.22385333605878,36.076835051693166,115.62115482590936,347.0719999999856
0.8014221000000001,186.9203964,398.93999,22800.0,-3.977454999999997,4.266995000000406,0.0,1.89699999999986,1.7844999999283573,0.0,0.0,0.5556641,-6.1386719,-0.292969,-1.5001465,32.57519265304045,110.9374216129012,36.07684242002575,115.62116886842692,348.23200000001816
0.7226387,187.0064434,398.93999,22800.0,-3.9391700000000087,4.302350000000388,0.0,1.9142499999993845,1.767749999999069,0.0,0.0,0.5131835,-6.1035154,-0.2944338999999999,-1.5083497,33.56502332458314,110.64193129827152,36.07682667617237,115.62113886392594,347.07200000001467
0.6446267999999999,187.0931907,398.93999,22800.0,-3.900595000000001,4.337364999997817,0.0,1.9287500000003897,1.7507499998714593,0.0,0.0,0.4692383,-6.0297851,-0.2944338999999999,-1.4904054,34.55175660368508,110.33779836660212,36.07684001995455,115.62116429438532,347.76800000001094
0.5673929,187.1806311,398.93999,22800.0,-3.8616949999999983,4.372020000000987,0.0,1.94500000000013,1.7327500001584897,0.0,0.0,0.4692381999999999,-6.1689453,-0.2949221999999999,-1.4765625999999998,35.53587839385504,110.02475823735364,36.07682287815679,115.62113162571526,347.76800000001094
0.4909429,187.268758,398.93999,22800.0,-3.822499999999998,4.40634499999959,0.0,1.959750000000016,1.7162499999301415,0.0,0.0,0.5703125,-6.1635743000000005,-0.2963869,-1.4929689000000002,36.51707061997595,109.7030425159036,36.07684081668941,115.62116581279771,346.8399999999965
0.4152831,187.3575641,398.93999,22800.0,-3.78299,4.440304999999967,0.0,1.975499999999908,1.698000000018851,0.0,0.0,0.5703125,-6.157226499999999,-0.296387,-1.5206544,37.49543212577,109.37249658762772,36.07683277538485,115.62115048774103,346.8399999999965
0.3404196,187.4470424,398.93999,22800.0,-3.743175000000001,4.473915000001227,0.0,1.99074999999993,1.6805000000630343,0.0,0.0,0.5737305,-6.1049805,-0.2968753,-1.5114257,38.47089351096415,109.0331969105069,36.07682650341509,115.62113853468712,347.3040000000037
0.2663581,187.5371858,398.93999,22800.0,-3.7030749999999975,4.507169999999405,0.0,2.00500000000019,1.6627499999088968,0.0,0.0,0.5473633,-6.1186523,-0.2939456,-1.4955323,39.44305012387481,108.68531474214028,36.07683596023859,115.62115655740776,348.23200000001816
0.1931049,187.6279872,398.93999,22800.0,-3.6626600000000025,4.540070000000185,0.0,2.020749999999749,1.6450000000389764,0.0,0.0,0.5795899,-6.0712891,-0.294922,-1.5083496,40.41245009915512,108.32859203652508,36.07683172143223,115.6211484791281,346.60800000000745
0.1206653999999999,187.719439,398.93999,22800.0,-3.621975,4.572590000000787,0.0,2.034250000000104,1.6260000000301034,0.0,0.0,0.5546876000000001,-6.1225585,-0.2963869999999999,-1.5001466,41.37809846990237,107.96342479212532,36.07682752400436,115.62114047971431,347.3040000000037
0.0490453999999999,187.8115344,398.93999,22800.0,-3.5809999999999995,4.604769999997416,0.0,2.048750000000044,1.6089999998314397,0.0,0.0,0.5551759,-6.0795897,-0.2978518,-1.4832277,42.34063216404906,107.58963626002478,36.07685211393513,115.621187343046,348.0
-0.0217488,187.9042658,398.93999,22800.0,-3.53971,4.6365700000023935,0.0,2.06449999999998,1.5900000002488923,0.0,0.0,0.5039064,-6.086425800000001,-0.2983399999999999,-1.4868166,43.30023865885797,107.20699672557748,36.07683362567672,115.62115210821952,347.76799999998184
-0.091712,187.9976256,398.93999,22800.0,-3.4981600000000004,4.6679900000000885,0.0,2.0774999999999766,1.570999999884748,0.0,0.0,0.4521486,-6.125000200000001,-0.2983398999999999,-1.5180908,44.2559192699857,106.8160104542245,36.076823788932586,115.62113336145988,347.76799999998184
-0.1608387,188.0916068,398.93999,22800.0,-3.456335,4.699059999998667,0.0,2.091250000000011,1.5534999999289312,0.0,0.0,0.4384767,-6.1499023,-0.2998047,-1.5221924000000002,45.208134790515686,106.41654250563948,36.0768453235636,115.62117440197538,348.23200000001816
-0.229123,188.1862015,398.93999,22800.0,-3.414215000000001,4.72973499999938,0.0,2.1059999999999635,1.5337500000356383,0.0,0.0,0.5258789,-6.053711,-0.2998048,-1.5037353,46.15697133632912,106.00839902748524,36.07682421444964,115.62113417240482,347.5359999999928
-0.2965599,188.2814023,398.93999,22800.0,-3.371844999999998,4.760040000000743,0.0,2.118500000000134,1.5152500000681357,0.0,0.0,0.493164,-6.089355500000001,-0.2988282,-1.5073242,47.101764256382,105.59201725559984,36.07683246692476,115.62114989988068,347.3040000000037
-0.3631437,188.3772017,398.93999,22800.0,-3.329190000000001,4.78997000000021,0.0,2.132749999999839,1.4964999999733664,0.0,0.0,0.5004881,-6.106933499999999,-0.2998048,-1.5175782,48.043116503376574,105.16705382984289,36.07683235445672,115.62114968554016,347.5359999999928
-0.4288693,188.4735918,398.93999,22800.0,-3.28628,4.81950500000039,0.0,2.145500000000089,1.4767500000090197,0.0,0.0,0.4379884,-6.0922851,-0.3002929,-1.4924562,48.98037363356715,104.73380591276886,36.07682520139199,115.6211360533072,348.23200000001816
-0.4937314,188.5705655,398.93999,22800.0,-3.2431050000000017,4.848684999998909,0.0,2.1587499999998983,1.4589999999259362,0.0,0.0,0.4497071000000001,-6.0786132,-0.3022459999999999,-1.4801515,49.91393277582917,104.29217983591217,36.076853242727694,115.62118949429744,348.6959999999963
-0.5577248,188.6681144,398.93999,22800.0,-3.199669999999999,4.877444999999625,0.0,2.171750000000139,1.4380000000357995,0.0,0.0,0.4794923000000001,-6.1738281,-0.3012696,-1.4991213,50.843357286682696,103.84221474306372,36.07683754692679,115.62115958130602,347.3040000000037
-0.6208441,188.7662308,398.93999,22800.0,-3.1559649999999992,4.90582000000046,0.0,2.185249999999983,1.4187500000417683,0.0,0.0,0.5214843,-6.1201171,-0.3007811999999999,-1.5242433,51.76901396807352,103.38380742834195,36.07681463486172,115.62111591576638,348.92799999998533
-0.6830849000000001,188.8649072,398.93999,22800.0,-3.112040000000005,4.933820000000821,0.0,2.196249999999722,1.4000000000180537,0.0,0.0,0.5058592000000001,-6.0522461,-0.3037108999999999,-1.5134765,52.69005366276742,102.91749928549268,36.076839523869936,115.62116334895052,347.0719999999856
-0.7444419,188.9641356,398.93999,22800.0,-3.067849999999994,4.96141999999935,0.0,2.2095000000005305,1.37999999992644,0.0,0.0,0.4858398999999999,-6.116211099999999,-0.300293,-1.4986084,53.60715748931313,102.4427996807134,36.076842079670925,115.62116821978056,347.76799999998184
-0.8049097,189.0639079,398.93999,22800.0,-3.0233899999999982,4.988615000000607,0.0,2.2229999999997974,1.3597500000628315,0.0,0.0,0.4213867,-6.0317382,-0.2983399,-1.5047608,54.52039104937883,101.95964074045725,36.07681221708806,115.62111130801456,346.14400000000023
-0.8644847999999999,189.1642165,398.93999,22800.0,-2.978755,5.015430000000265,0.0,2.2317499999999324,1.3407499999829042,0.0,0.0,0.4008789,-6.0903321,-0.3007813,-1.5006593,55.4281833033911,101.46910109395644,36.07685896327117,115.6212003965098,348.0
-0.9231608,189.2650532,398.93999,22800.0,-2.933800000000004,5.0418350000001055,0.0,2.247749999999815,1.3202499999920292,0.0,0.0,0.4497069999999999,-6.0849609,-0.3017577999999999,-1.4811769,56.33296430095156,100.96952650266194,36.07682757681638,115.62114058036288,347.76800000001094
-0.980934,189.3664098,398.93999,22800.0,-2.888660000000004,5.067829999998708,0.0,2.256999999999953,1.2997499999301,0.0,0.0,0.4565431,-6.084961,-0.2988282,-1.4847658,57.232354801332754,100.46245192539722,36.07682424997312,115.621134240105,347.3040000000037
-1.0378001,189.4682784,398.93999,22800.0,-2.84330499999999,5.093430000000865,0.0,2.267750000000701,1.2800000001078615,0.0,0.0,0.4409181,-6.1147461,-0.2993165,-1.5170656,58.12694931059846,99.9475537403747,36.07684478975447,115.62117338464428,347.76799999998184
-1.0937505,189.5706449,398.93999,22800.0,-2.797520000000009,5.118324999999402,0.0,2.2892499999990656,1.244749999926853,0.0,0.0,0.432129,-6.0898438,-0.3027341999999999,-1.5216797,59.01933102030465,99.4220203908658,36.0763088782378,115.6201521045792,349.1600000000035
-1.1378142,189.6527235,398.93999,22800.0,-2.2031849999999964,4.103930000000844,0.0,29.716750000000623,-50.7197499999279,0.0,0.0,-0.1508787999999999,-5.0859375,-0.3022460999999999,-1.5016845,65.94760226126436,91.27790153154126,34.10342959727289,112.60879873265527,345.448000000004
-1.1514619,189.6634149,398.93999,22800.0,-0.6823849999999965,0.5345699999992348,0.0,76.03999999999999,-178.46800000008045,0.0,0.0,0.4321289,-5.5102538,-0.3227538,-1.364795,61.35485018781466,99.11481487136258,22.39932182208156,116.56828114265758,338.9519999999902
-1.1810025,189.6030104,398.93999,22800.0,-1.4770300000000014,-3.020225000000209,0.0,-39.73225000000025,-177.73974999997222,0.0,0.0,0.9448243,-4.3657226,-0.3715821,-1.0946046,-110.04747982448862,11.598924146405626,31.434094705772257,110.6570506433065,333.84799999999814
-1.2327857,189.4995702,398.93999,22800.0,-2.589160000000001,-5.172009999998295,0.0,-55.6065,-107.58924999990428,0.0,0.0,0.5219725000000001,-4.8789062,-0.3955077,-0.853125,-115.21346193538032,-7.786788988778744,36.00020925414044,115.47630013942728,328.74400000000605
-1.2874956000000002,189.3965351,398.93999,22800.0,-2.73549500000001,-5.151755000001401,0.0,-7.316750000000427,1.0127499998446865,0.0,0.0,0.8251953999999999,-4.936035,-0.4082031,-0.8295410999999999,-115.49387755075304,-5.402980947928505,36.07632790055989,115.62018835321112,324.80000000001746
-1.3451803,189.2951501,398.93999,22800.0,-2.8842349999999906,-5.06924999999967,0.0,-7.436999999999028,4.125250000086567,0.0,0.0,0.7319335,-4.9321288,-0.4160156,-0.8956785999999999,-115.6005274988596,-2.028175789219604,36.07534628429959,115.61831799090736,320.1600000000035
-1.4056636,189.195397,398.93999,22800.0,-3.024165000000001,-4.987654999999336,0.0,-6.996500000000516,4.079750000016702,0.0,0.0,0.7729493,-4.9375,-0.4169922,-0.9684815,-115.61386790308433,1.1786891504074448,36.07616405909303,115.61987614430798,315.98399999999674
-1.4674665,189.0964458,398.93999,22800.0,-3.090145,-4.947560000000806,0.0,-3.298999999999941,2.004749999926503,0.0,0.0,0.7207031,-4.9804689,-0.4121092,-0.9982177,-115.58949802117236,2.70551347395484,36.07683598808468,115.62115661047665,314.5920000000042
-1.5300614,188.9979934,398.93999,22800.0,-3.129745000000006,-4.922619999999256,0.0,-1.9800000000003148,1.2470000000774917,0.0,0.0,0.6777343,-4.9829102,-0.4086912,-1.0177002,-115.56411226167188,3.632671555030584,36.0768552517488,115.6211933230886,312.03999999997905
-1.5934331,188.9000394,398.93999,22800.0,-3.1685849999999904,-4.897700000000782,0.0,-1.941999999999222,1.245999999923697,0.0,0.0,0.6987303,-4.9243164,-0.404785,-1.053589,-115.53173186271502,4.546835810329628,36.07684263010743,115.62116926879946,306.93599999998696
-1.6575775,188.8025895,398.93999,22800.0,-3.2072199999999995,-4.872494999999333,0.0,-1.931750000000454,1.2602500000724604,0.0,0.0,0.7700194,-4.982910200000001,-0.3955078999999999,-1.0684571,-115.49218353552162,5.460265470126763,36.07685210075416,115.62118731792572,305.0800000000163
-1.7224903,188.7056501,398.93999,22800.0,-3.245640000000005,-4.846969999999828,0.0,-1.921000000000284,1.2762499999752208,0.0,0.0,0.7729493000000001,-4.959961099999999,-0.3857419999999999,-1.077173,-115.44534762020253,6.373438137821736,36.07682950952324,115.62114426369442,302.06400000001304
-1.7881682,188.6092271,398.93999,22800.0,-3.283894999999992,-4.8211500000007845,0.0,-1.9127499999993525,1.2909999999521915,0.0,0.0,0.7871094000000001,-5.039062599999999,-0.3774414,-1.1033202,-115.39135369840513,7.286537800832508,36.0768502506722,115.62118379204304,299.0480000000098
-1.8546063,188.5133264,398.93999,22800.0,-3.3219050000000028,-4.795034999999359,0.0,-1.9005000000005268,1.3057500000712707,0.0,0.0,0.7817383,-4.9936524,-0.3710939,-1.1530518,-115.33013043862546,8.198585598011178,36.07684492126394,115.62117363527445,299.0479999999807
-1.921801,188.4179543,398.93999,22800.0,-3.359734999999997,-4.768605000001003,0.0,-1.8914999999997129,1.321499999917819,0.0,0.0,0.7651367,-4.900878799999999,-0.3598631,-1.1791993,-115.26166142228536,9.110717097626374,36.07684484651988,115.62117349282754,295.33599999998114
-1.9897477,188.3231163,398.93999,22800.0,-3.3973350000000124,-4.7419000000004985,0.0,-1.88000000000077,1.335250000025212,0.0,0.0,0.7797851,-4.9692382,-0.3530270999999999,-1.1827881,-115.18605685368584,10.021636299597994,36.07685648198432,115.62119566767144,292.3199999999779
-2.0584424,188.2288189,398.93999,22800.0,-3.4347349999999777,-4.714869999997973,0.0,-1.869999999998262,1.3515000001262931,0.0,0.0,0.7885742,-4.9570311,-0.3447265999999999,-1.2017577000000002,-115.10314535410744,10.932572775731822,36.07684361676642,115.62117114916911,291.6239999999816
-2.1278805000000003,188.1350675,398.93999,22800.0,-3.4719050000000307,-4.687570000000108,0.0,-1.8585000000026497,1.3649999998932572,0.0,0.0,0.8183593,-4.9125976,-0.3374022,-1.2238036,-115.0131259745145,11.84221306812858,36.07684801629394,115.62117953377096,288.60800000000745
-2.1980579,188.0418684,398.93999,22800.0,-3.508869999999975,-4.659955000001048,0.0,-1.84824999999722,1.3807499999529682,0.0,0.0,0.7666016000000001,-4.9125976,-0.3276365,-1.2202148,-114.91582912423397,12.751637533384942,36.07683641274701,115.62115741979478,287.679999999993
-2.2689706000000003,187.9492271,398.93999,22800.0,-3.5456350000000247,-4.632065000001262,0.0,-1.838250000002484,1.394499999989307,0.0,0.0,0.7441408,-5.0288085,-0.3217775,-1.2279051,-114.8114242561004,13.660191935081214,36.076863506673206,115.62120905533524,286.5199999999895
-2.3406134,187.8571496,398.93999,22800.0,-3.582139999999989,-4.60387499999797,0.0,-1.825249999998224,1.4095000001645983,0.0,0.0,0.7558594000000001,-4.9794922,-0.3164063,-1.2673829,-114.69977452499232,14.56764434873188,36.0768420738811,115.62116820874634,285.127999999997
-2.4129823000000004,187.7656417,398.93999,22800.0,-3.618445000000015,-4.575395000000526,0.0,-1.8152500000012672,1.4239999998721942,0.0,0.0,0.8266602000000001,-4.9047849,-0.3100585,-1.304297,-114.58095039197434,15.47449050232001,36.07684096446338,115.6211660944244,283.50399999998626
-2.4860723,187.6747087,398.93999,22800.0,-3.654499999999983,-4.546650000001762,0.0,-1.8027499999984096,1.4372499999382171,0.0,0.0,0.7836915,-4.9301759,-0.3017577999999999,-1.3083983,-114.45505293630832,16.379733111418613,36.07684266725301,115.62116933959128,282.1119999999937
-2.5598793,187.5843567,398.93999,22800.0,-3.690349999999998,-4.517599999998367,0.0,-1.7925000000007518,1.4525000001697208,0.0,0.0,0.8017578999999999,-4.9975586,-0.2954104,-1.3155762000000002,-114.32190532615247,17.28457556248823,36.076842191471016,115.62116843284856,280.487999999983
-2.6343987,187.4945912,398.93999,22800.0,-3.7259699999999896,-4.4882749999999305,0.0,-1.7809999999995885,1.4662499999218426,0.0,0.0,0.7280274,-4.9248047,-0.2939454,-1.3381348,-114.18164419995824,18.18820839861545,36.07685173803789,115.62118662666164,280.25599999999395
-2.709626,187.405418,398.93999,22800.0,-3.761365000000017,-4.458660000000236,0.0,-1.7697500000013466,1.4807499999847096,0.0,0.0,0.7802734,-4.9355468,-0.2890625999999999,-1.3324950000000002,-114.03419362997268,19.09095188163386,36.07685846283119,115.6211994427707,280.4880000000121
-2.7855558,187.3168425,398.93999,22800.0,-3.796489999999997,-4.428774999999519,0.0,-1.7562499999990155,1.4942500000358905,0.0,0.0,0.8188477000000001,-4.947754,-0.2836913,-1.3345457,-113.87965039102193,19.99198130606786,36.07684105679159,115.62116627038296,278.3999999999942
-2.8621835,187.2288701,398.93999,22800.0,-3.8313849999999983,-4.398620000000619,0.0,-1.7447500000000726,1.5077499999449628,0.0,0.0,0.8261719,-5.0288086000000005,-0.283203,-1.3509521,-113.7180261079838,20.89171435031934,36.07683901610224,115.6211623812502,278.63200000001234
-2.9395048,187.1415066,398.93999,22800.0,-3.866064999999996,-4.368174999999042,0.0,-1.7339999999999025,1.522250000078884,0.0,0.0,0.7734375000000001,-5.0004883,-0.2797851999999999,-1.3909425,-113.54920904735832,21.79065847758781,36.076844647539055,115.62117311361078,276.77599999998347
-3.0175145,187.0547574,398.93999,22800.0,-3.900484999999998,-4.337460000000704,0.0,-1.7210000000000836,1.5357499999169022,0.0,0.0,0.7231446,-4.9536132,-0.2749024999999999,-1.4001709999999998,-113.37330519273708,22.687999384515344,36.07683551259745,115.62115570429692,277.7039999999979
-3.0962083,186.9686277,398.93999,22800.0,-3.934689999999996,-4.306484999999327,0.0,-1.7102499999999132,1.5487500000688217,0.0,0.0,0.8100585,-4.8808595,-0.2729494,-1.3965819,-113.19037783225082,23.58399801374715,36.076869435164085,115.6212203538785,277.2399999999907
-3.1755802,186.8831231,398.93999,22800.0,-3.968594999999997,-4.275230000001784,0.0,-1.695250000000037,1.5627499998771557,0.0,0.0,0.8535157,-4.9667967,-0.2724611,-1.4037596999999995,-113.00030704325556,24.47819401762203,36.07683489502745,115.62115452733715,275.15200000000186
-3.2556261,186.7982488,398.93999,22800.0,-4.002295,-4.24371499999836,0.0,-1.6850000000001586,1.5757500001711833,0.0,0.0,0.8374022999999999,-4.9716797,-0.2709961999999999,-1.420166,-112.80321415915634,25.3711388344216,36.07685403763248,115.62119100922628,274.6880000000237
-3.3363409,186.7140106,398.93999,22800.0,-4.035739999999999,-4.211910000000785,0.0,-1.6722499999999307,1.590249999878779,0.0,0.0,0.7880859000000001,-4.8999024,-0.2675782999999999,-1.4109375,-112.598908580751,26.26289798252077,36.07684090769492,115.62116598623544,273.9919999999984
-3.4177191,186.630413,398.93999,22800.0,-4.068910000000026,-4.179879999999514,0.0,-1.6585000000013397,1.6015000000635382,0.0,0.0,0.7812498,-4.945312400000001,-0.2661133999999999,-1.4099121,-112.38780931340922,27.15210501702357,36.07684650130315,115.62117664650673,274.68799999999464
-3.4997559,186.5474617,398.93999,22800.0,-4.101839999999957,-4.147565000000952,0.0,-1.6464999999965535,1.6157499999280844,0.0,0.0,0.8144531,-5.0024413,-0.2670901,-1.4319579,-112.16952641477948,28.04017794660586,36.076841387332976,115.62116690032684,275.6160000000091
-3.5824461,186.4651617,398.93999,22800.0,-4.1345100000000246,-4.114999999998759,0.0,-1.633500000003396,1.6282500001096878,0.0,0.0,0.8540040000000001,-5.0634765,-0.2631837,-1.4622069,-111.94429139992008,28.92629440731276,36.07684286174862,115.62116971026003,273.9919999999984
-3.6657849,186.3835183,398.93999,22800.0,-4.166939999999997,-4.082169999999508,0.0,-1.6214999999986102,1.641499999962548,0.0,0.0,0.779297,-4.9399415,-0.2607422,-1.4601563,-111.71200002141532,29.810903176483745,36.07685650322412,115.62119570815028,275.3839999999909
-3.7497668000000006,186.302537,398.93999,22800.0,-4.1990950000000415,-4.049065000002372,0.0,-1.607750000002239,1.6552499998567782,0.0,0.0,0.7651366000000001,-4.9394531,-0.2626953999999999,-1.4560547,-111.47258117606955,30.69388116073832,36.07683335323008,115.6211515889932,273.06399999998393
-3.8343905,186.2222267,398.93999,22800.0,-4.231184999999971,-4.01551499999897,0.0,-1.604499999996456,1.6775000001700846,0.0,0.0,0.7934571,-4.947265499999999,-0.2617188,-1.467334,-111.22474995720954,31.58011107387964,36.07682818806887,115.621141745281,273.52799999999115
-3.9196595,186.1426031,398.93999,22800.0,-4.263449999999969,-3.98117999999954,0.0,-1.6132499999998997,1.716749999971512,0.0,0.0,0.8198242,-4.939453,-0.2597656,-1.4591307,-110.96583969759224,32.477721410418155,36.076763629518815,115.6210187111516,275.15200000000186
-4.0055699,186.0636725,398.93999,22800.0,-4.2955200000000415,-3.9465300000003367,0.0,-1.6035000000036437,1.732499999960169,0.0,0.0,0.8315428,-4.869628799999999,-0.2568358,-1.4488768,-110.69924698131132,33.37490793747181,36.07673593270363,115.62096592774202,273.52799999999115
-4.0921073,185.98543,398.93999,22800.0,-4.326870000000005,-3.912124999999378,0.0,-1.5674999999981676,1.7202500000479404,0.0,0.0,0.7749024,-4.8632812,-0.2573241,-1.4575927,-110.42938312143306,34.257193454441456,36.07672730506314,115.6209494856156,275.6160000000091
-4.1792504,185.9078624,398.93999,22800.0,-4.357154999999979,-3.878380000000448,0.0,-1.514249999998718,1.6872499999465165,0.0,0.0,0.7705081,-4.8994141,-0.2563475,-1.4898926,-110.15981173394272,35.11446963050884,36.07674123490151,115.62097603242084,272.8319999999949
-4.266975,185.8309512,398.93999,22800.0,-4.386230000000024,-3.845559999999182,0.0,-1.453750000002252,1.6410000000632865,0.0,0.0,0.8125,-4.859375,-0.2539060999999999,-1.497583,-109.8930769333182,35.94111092296383,36.076835888934674,115.62115642151736,276.77599999998347
-4.3552547,185.7546769,398.93999,22800.0,-4.413984999999965,-3.813715000001139,0.0,-1.3877499999970233,1.592249999902151,0.0,0.0,0.8232421999999999,-4.9785155,-0.2553709,-1.4837403,-109.63007741608372,36.73578387054793,36.07688099558473,115.6212423858182,273.2960000000021
-4.4440649,185.6790202,398.93999,22800.0,-4.440510000000009,-3.7828349999983857,0.0,-1.3262500000021935,1.5440000001376577,0.0,0.0,0.7133789,-4.9780273,-0.2558591999999999,-1.4919434,-109.37117611049572,37.499788201388256,36.0769186354086,115.62131412045984,274.4560000000056
-4.5333855,185.6039667,398.93999,22800.0,-4.466029999999988,-3.752675000001205,0.0,-1.2759999999989446,1.5079999998590663,0.0,0.0,0.7314453999999999,-4.9458006,-0.2563475,-1.4929688,-109.1147010367097,38.239661264552375,36.07692180534328,115.6213201618034,275.15200000000186
-4.623203,185.5295095,398.93999,22800.0,-4.490875000000028,-3.722860000000594,0.0,-1.2422500000019987,1.4907500000305165,0.0,0.0,0.8081055000000001,-4.893554700000001,-0.2553709,-1.4734862999999998,-108.85771448078562,38.96494968300652,36.07687558365137,115.62123207170676,273.7600000000093
-4.7135123,185.45565,398.93999,22800.0,-4.515464999999974,-3.692974999998455,0.0,-1.22949999999733,1.4942500001069448,0.0,0.0,0.7739258,-4.9282226,-0.2548825999999999,-1.4688721,-108.59673458038522,39.686388268798765,36.07685486574948,115.62119258745122,272.5999999999767
-4.8043107,185.3823925,398.93999,22800.0,-4.539920000000031,-3.662875000000554,0.0,-1.2227500000028255,1.5049999998950625,0.0,0.0,0.7802736,-4.9765627,-0.258789,-1.4857911,-108.3305029037021,40.40748143757904,36.0768599488971,115.62120227491714,275.15200000000186
-4.8955939,185.3097397,398.93999,22800.0,-4.564159999999973,-3.63264000000072,0.0,-1.2119999999971045,1.5117499999917072,0.0,0.0,0.7768555000000001,-4.906249900000001,-0.2578124,-1.5145021,-108.05972512654114,41.126198912908,36.07687359970632,115.62122829068934,280.9520000000193
-4.987358,185.2376957,398.93999,22800.0,-4.588205000000034,-3.602199999998845,0.0,-1.202250000003069,1.5220000000937262,0.0,0.0,0.8403320000000001,-4.874999900000001,-0.2592773,-1.5047608,-107.78377506142792,41.84395924323044,36.07685240670907,115.62118790101414,288.14400000000023
-5.0795992000000005,185.1662635,398.93999,22800.0,-4.612060000000007,-3.5716100000016127,0.0,-1.1927499999986324,1.5294999998616277,0.0,0.0,0.8442382,-4.9023438,-0.2597656,-1.4904054,-107.50314046162724,42.55978583512982,36.07685578269624,115.62119433496817,292.7840000000142
-5.172313,185.0954457,398.93999,22800.0,-4.63568999999997,-3.540889999999308,0.0,-1.18149999999817,1.536000000115223,0.0,0.0,0.7749025,-4.9536133,-0.2607422,-1.4996338,-107.21801297975004,43.273085479204425,36.07685953755142,115.62120149097387,295.7999999999884
-5.2654956,185.0252459,398.93999,22800.0,-4.659129999999978,-3.5099899999991635,0.0,-1.172000000000395,1.545000000007235,0.0,0.0,0.7573242,-5.0322266,-0.2602539,-1.4837402000000002,-106.92792939482902,43.98499807261447,36.07685932402182,115.62120108402888,302.52799999999115
-5.3591429,184.9556669,398.93999,22800.0,-4.682365000000033,-3.478950000001646,0.0,-1.161750000002737,1.551999999875875,0.0,0.0,0.8041991,-4.9521484,-0.2597656,-1.4657959,-106.63326343321208,44.694696172349815,36.07687429157221,115.6212296092524,304.84799999999814
-5.4532504,184.8867119,398.93999,22800.0,-4.705374999999989,-3.447749999999417,0.0,-1.1504999999978338,1.5600000001114722,0.0,0.0,0.7900392,-4.959960799999999,-0.2617188,-1.4719483,-106.33382716837926,45.40242315997073,36.076860887341454,115.62120406340613,306.93599999998696
-5.5478142,184.818384,398.93999,22800.0,-4.728189999999977,-3.416394999999284,0.0,-1.1407499999993576,1.5677500000066402,0.0,0.0,0.7495117,-4.9560545000000005,-0.2622071,-1.4955323,-106.02966667336992,46.10827152392212,36.07686108865165,115.6212044470635,311.3440000000119
-5.642830200000001,184.7506865,398.93999,22800.0,-4.750800000000055,-3.38487500000042,0.0,-1.13050000000392,1.5759999999431784,0.0,0.0,0.7719726,-4.979004,-0.2612305,-1.4986084,-105.72068218231432,46.81235950159048,36.076853658255736,115.62119028621036,314.5920000000042
-5.7382941,184.683622,398.93999,22800.0,-4.773194999999975,-3.353224999999327,0.0,-1.119749999995978,1.5825000000546652,0.0,0.0,0.8457031,-4.9956055,-0.2612305,-1.4811768,-105.4072184573593,47.51399408823918,36.07685750197713,115.62119761157422,316.2159999999858
-5.8342018,184.6171934,398.93999,22800.0,-4.795384999999985,-3.3214299999997365,0.0,-1.1095000000005406,1.5897499999795173,0.0,0.0,0.8134764999999999,-4.9541016,-0.2626953999999999,-1.4760497999999995,-105.08913103661205,48.21350509908645,36.076871567777815,115.6212244182263,320.1600000000035
-5.9305485,184.5514036,398.93999,22800.0,-4.817335000000034,-3.289490000000228,0.0,-1.097500000002416,1.5969999999754236,0.0,0.0,0.7260742,-4.915038999999999,-0.2626953999999999,-1.4816895,-104.7664161778012,48.910700335104345,36.07685121399428,115.62118562794026,322.9439999999886
-6.0273309,184.486256,398.93999,22800.0,-4.839119999999975,-3.2573800000008646,0.0,-1.089249999997044,1.605499999968174,0.0,0.0,0.7822265,-4.9799806,-0.2612305,-1.4668212,-104.43882585379004,49.606438496198194,36.07687054674052,115.6212224723272,323.17600000000675
-6.124544,184.4217531,398.93999,22800.0,-4.860655000000014,-3.225145000000396,0.0,-1.076750000001958,1.6117500000234486,0.0,0.0,0.8193359000000001,-4.9492187,-0.2617188,-1.4647705,-104.10680968662103,50.299449473825,36.076860005622265,115.62120238302406,326.42399999999907
-6.222183599999999,184.3578978,398.93999,22800.0,-4.8819799999999525,-3.1927650000000085,0.0,-1.0662499999969377,1.619000000019355,0.0,0.0,0.7421877,-4.9804688,-0.2622070999999999,-1.4801514,-103.77016829968592,50.9903096439503,36.076853348138805,115.62118969518984,328.74400000000605
-6.3202456,184.2946932,398.93999,22800.0,-4.903100000000027,-3.160230000000297,0.0,-1.0560000000037206,1.6267499999855772,0.0,0.0,0.7221679000000001,-5.001952999999999,-0.2607422,-1.5027101,-103.42879527863622,51.67922057730437,36.07684886831656,115.62118115755314,329.4400000000023
-6.4187253,184.2321415,398.93999,22800.0,-4.92398500000002,-3.1275849999985894,0.0,-1.0442499999996355,1.632250000085378,0.0,0.0,0.7558593,-4.9536132,-0.2612305,-1.4929688,-103.08316487276636,52.36522770109531,36.07684528335825,115.62117432535224,332.68799999999464
-6.5176192,184.170246,398.93999,22800.0,-4.94469500000001,-3.0947750000009933,0.0,-1.035499999999523,1.6404999998798075,0.0,0.0,0.7939453000000001,-4.9633789,-0.2631837,-1.4796387000000002,-102.73270440610362,53.04960436529445,36.07687506658434,115.6212310862764,335.00800000000163
-6.616922099999999,184.109009,398.93999,22800.0,-4.9651449999999375,-3.061850000000277,0.0,-1.0224999999963735,1.6462500000358204,0.0,0.0,0.7407227,-4.9335937,-0.2641603,-1.4873290999999995,-102.37792845926488,53.73105139535129,36.07686835402818,115.62121829344402,334.31200000000536
-6.7166298,184.0484335,398.93999,22800.0,-4.985385000000031,-3.028774999998518,0.0,-1.0120000000046758,1.653750000087939,0.0,0.0,0.7426759,-4.910644499999999,-0.2626954,-1.4729735000000002,-102.01847015476676,54.4104311957247,36.07686190061488,115.62120599450488,336.4000000000233
-6.8167381,183.9885223,398.93999,22800.0,-5.005415000000024,-2.995560000000808,0.0,-1.0014999999996554,1.6607499998855246,0.0,0.0,0.8212887999999999,-4.9550781,-0.2631837,-1.4545165,-101.6544384964104,55.08756146371788,36.07686421150652,115.62121039860888,338.0240000000049
-6.9172421,183.9292778,398.93999,22800.0,-5.025199999999996,-2.9622250000002737,0.0,-0.9892499999986092,1.6667500000266957,0.0,0.0,0.7832032,-5.0068359,-0.2626954,-1.4596435,-101.28604184090403,55.76193535019349,36.07684472384704,115.62117325903816,338.9519999999902
-7.0181381,183.8707026,398.93999,22800.0,-5.044799999999983,-2.928759999998931,0.0,-0.9799999999993148,1.673250000067128,0.0,0.0,0.7397461,-4.930664,-0.2641603,-1.4847656,-100.913201223121,56.43398771021536,36.07687523011538,115.62123139793508,340.1119999999937
-7.119421,183.8127993,398.93999,22800.0,-5.064145000000009,-2.895165000001043,0.0,-0.9672500000013072,1.6797499998943977,0.0,0.0,0.7548828000000001,-4.8515625,-0.2646486,-1.4934815,-100.53587701829768,57.10342287458496,36.07686234583194,115.62120684300068,341.9679999999935
-7.2210866,183.7555708,398.93999,22800.0,-5.083279999999979,-2.861425000000395,0.0,-0.9567499999985074,1.6870000000324126,0.0,0.0,0.8466797000000001,-4.9091797,-0.2666018,-1.4755371,-100.15391899311048,57.77069057820032,36.07685487531653,115.6211926056841,341.0400000000081
-7.323130399999999,183.6990193,398.93999,22800.0,-5.102189999999984,-2.827575000000593,0.0,-0.9455000000002656,1.6924999999901047,0.0,0.0,0.7768555,-4.9184571,-0.2675784,-1.4719482999999998,-99.76772753290874,58.43511566336444,36.0768594591654,115.62120134158567,342.8960000000079
-7.4255477,183.6431472,398.93999,22800.0,-5.120865000000041,-2.7936049999993884,0.0,-0.933750000002842,1.6985000000602213,0.0,0.0,0.7114257,-4.972168,-0.2675784,-1.4745117,-99.3771800549028,59.09683735491796,36.07685469709505,115.62119226602968,344.0559999999823
-7.5283343,183.5879572,398.93999,22800.0,-5.1393299999999975,-2.759499999999093,0.0,-0.9232499999978216,1.7052500000147577,0.0,0.0,0.7973633,-5.0327149,-0.2670901,-1.4581053,-98.98211656971438,59.75620927292255,36.07686342469569,115.62120889910224,345.2160000000149
-7.6314854,183.5334519,398.93999,22800.0,-5.157554999999992,-2.725265000000832,0.0,-0.911249999999697,1.7117499999130814,0.0,0.0,0.7836914,-4.9853516,-0.2666018,-1.4534911,-98.58256934189968,60.41303280683606,36.076848819990346,115.62118106545316,344.28800000000047
-7.7349968,183.479633,398.93999,22800.0,-5.175570000000018,-2.6909449999990898,0.0,-0.900750000001338,1.7160000000870923,0.0,0.0,0.7431641,-4.9765625,-0.2680667,-1.4704101,-98.17911638683496,61.066637422105885,36.07688419433295,115.621248482027,343.36000000001513
-7.8388632,183.4265038,398.93999,22800.0,-5.193320000000012,-2.6564600000000382,0.0,-0.887499999999708,1.7242499999525762,0.0,0.0,0.7661134,-4.9345703,-0.2680667,-1.496045,-97.7707221460163,61.71821541279338,36.07683682028183,115.6211581964715,347.3039999999746
-7.9430808,183.3740657,398.93999,22800.0,-5.210879999999962,-2.6219050000008792,0.0,-0.8779999999974919,1.7277499999579504,0.0,0.0,0.8164063,-4.9213869,-0.2685548999999999,-1.4847656,-97.35863669488546,62.36638381431247,36.076877088928526,115.62123494047636,346.60799999997835
-8.0476445,183.3223219,398.93999,22800.0,-5.228185000000041,-2.5871899999984294,0.0,-0.8652500000039254,1.7357500001224937,0.0,0.0,0.7788087,-4.9882813,-0.2700199,-1.4734864,-96.94167057003752,63.01247201616176,36.076852476723865,115.62118803444828,347.07200000001467
-8.152550000000002,183.2712743,398.93999,22800.0,-5.245275000000049,-2.5523800000016195,0.0,-0.8545000000004244,1.7404999998404946,0.0,0.0,0.7060546999999999,-5.017578200000001,-0.2700198,-1.4816895,-96.52068142041075,63.65549487887175,36.07686347653258,115.62120899789316,345.448000000004
-8.2577924,183.2209251,398.93999,22800.0,-5.262119999999904,-2.5174599999985503,0.0,-0.8422499999927169,1.746000000153458,0.0,0.0,0.7788085,-4.96875,-0.2700199,-1.4642577,-96.09544706457382,64.29561871164839,36.0768579442699,115.62119845449612,347.3040000000037
-8.3633671,183.1712764,398.93999,22800.0,-5.278735000000001,-2.482435000001715,0.0,-0.8307500000048762,1.7512499998417752,0.0,0.0,0.7851561,-4.9189453,-0.268555,-1.4509276,-95.66605061451148,64.93280501404597,36.07685993000244,115.62120223890769,347.3040000000037
-8.4692695,183.1223309,398.93999,22800.0,-5.2951199999999865,-2.447274999998683,0.0,-0.819249999999272,1.7580000001515828,0.0,0.0,0.7324217000000001,-4.925292999999999,-0.2700199,-1.4540038,-95.23210307083164,65.5675568683062,36.07684985924749,115.62118304606672,346.3760000000184
-8.575495100000001,183.0740902,398.93999,22800.0,-5.311280000000096,-2.412035000000401,0.0,-0.808000000005471,1.76199999991411,0.0,0.0,0.7709962000000001,-4.9633789,-0.2709963999999999,-1.4786132,-94.79432753428593,66.19896242229747,36.07687071118418,115.6212227857249,347.07200000001467
-8.6820386,183.0265569,398.93999,22800.0,-5.327174999999951,-2.376664999999889,0.0,-0.7947499999927388,1.7685000000255968,0.0,0.0,0.7890625000000001,-4.9892579,-0.2675784,-1.4847656,-94.3520094883707,66.82775787628545,36.07683385810944,115.62115255118772,346.8400000000256
-8.7888962,182.9797326,398.93999,22800.0,-5.342879999999983,-2.341214999999864,0.0,-0.7852500000016249,1.772500000001287,0.0,0.0,0.7485352000000001,-4.953125099999999,-0.2675784,-1.4673341,-93.90592521884476,67.45329547848398,36.07687684603094,115.62123447756012,346.14400000000023
-8.896062400000002,182.9336197,398.93999,22800.0,-5.358310000000088,-2.3056449999998563,0.0,-0.7715000000052541,1.7785000000003492,0.0,0.0,0.7680665,-4.970702999999999,-0.2690433,-1.4647706,-93.4554087683106,68.07603497077059,36.07685438934808,115.62119167952564,348.6960000000254
-9.0035331,182.8882203,398.93999,22800.0,-5.373534999999929,-2.2699700000003986,0.0,-0.761249999992053,1.7837499999728834,0.0,0.0,0.8090820000000001,-5.0219727,-0.2705082,-1.468872,-93.00077462112424,68.69588831208537,36.076875232703976,115.62123140286846,344.7520000000077
-9.111303,182.8435362,398.93999,22800.0,-5.38849499999996,-2.2342049999991787,0.0,-0.7480000000015252,1.788250000060998,0.0,0.0,0.737793,-5.021484500000001,-0.2695316,-1.4473387,-92.54212166736656,69.31247725964715,36.07686305999826,115.62120820406082,347.76800000001094
-9.2193672,182.7995694,398.93999,22800.0,-5.403210000000058,-2.1983400000010533,0.0,-0.73575000000492,1.7932499999062657,0.0,0.0,0.6752929000000001,-5.011230599999999,-0.2695316,-1.4432371,-92.07934788815226,69.92601345803594,36.07684009449853,115.62116443645078,347.76800000001094
-9.3277218,182.756322,398.93999,22800.0,-5.417729999999921,-2.162369999999214,0.0,-0.725999999993121,1.7985000000919626,0.0,0.0,0.7426758,-5.046875200000001,-0.2690433,-1.4642577,-91.61248296263992,70.53667221113092,36.07687525558751,115.6212314464801,348.0
-9.4363613,182.7137959,398.93999,22800.0,-5.431975000000033,-2.1263050000001726,0.0,-0.712250000005632,1.8032499999520724,0.0,0.0,0.7646484,-4.998046700000001,-0.2700199,-1.4852782999999998,-91.1415061540155,71.14413667192302,36.076859747669126,115.62120189141656,347.76799999998184
-9.545281,182.6719927,398.93999,22800.0,-5.445984999999975,-2.0901600000016174,0.0,-0.7004999999971062,1.8072499999277625,0.0,0.0,0.7075195,-4.9477537,-0.2695316,-1.4755371,-90.66670633391128,71.74824361012581,36.07685922977272,115.62120090440884,346.3759999999893
-9.6544763,182.6309144,398.93999,22800.0,-5.459765000000072,-2.053914999999052,0.0,-0.6890000000048246,1.8122500001283013,0.0,0.0,0.7109377,-4.949707,-0.2695316,-1.4601563,-90.18781766455864,72.3493211532393,36.07686973085091,115.6212209174001,348.23199999998906
-9.763942,182.590563,398.93999,22800.0,-5.473284999999972,-2.01756999999958,0.0,-0.6759999999950139,1.8172499999735687,0.0,0.0,0.7475588,-4.978515499999999,-0.2719730999999999,-1.462207,-89.70477012104381,72.94731939657919,36.07684809080104,115.62117967576636,347.3040000000037
-9.8736738,182.5509401,398.93999,22800.0,-5.4865900000000245,-1.9811450000005948,0.0,-0.6652500000026151,1.8212499999492595,0.0,0.0,0.7001953000000001,-4.9882813,-0.2724611999999999,-1.4529785,-89.21795146713755,73.5419889207074,36.076870347991296,115.62122209354978,349.1599999999744
-9.9836664,182.5120476,398.93999,22800.0,-5.49963,-1.944624999998723,0.0,-0.6519999999987647,1.826000000093586,0.0,0.0,0.7001954,-5.0195314,-0.2724613999999999,-1.4370849,-88.72702937991333,74.13349378403835,36.07685592739178,115.62119461072896,348.0
-10.093915,182.473887,398.93999,22800.0,-5.512429999999924,-1.908030000001304,0.0,-0.6399999999961992,1.829749999870956,0.0,0.0,0.7871092,-5.0371094,-0.2724613999999999,-1.4447753,-88.23235022461118,74.72155684964203,36.07685148216257,115.6211861390149,346.8399999999965
-10.2044149,182.4364603,398.93999,22800.0,-5.5249950000000325,-1.871334999999874,0.0,-0.628250000005437,1.8347500000714945,0.0,0.0,0.7685546999999999,-4.9858399,-0.2734378999999999,-1.4765624000000002,-87.7335673664566,75.30657292579761,36.07685167385776,115.62118650434724,346.60799999997835
-10.3151613,182.3997686,398.93999,22800.0,-5.537320000000001,-1.834584999998868,0.0,-0.6162499999984306,1.8375000000503403,0.0,0.0,0.7045899,-4.9384766,-0.2724613999999999,-1.4796386,-87.23132327939177,75.8878369438051,36.076871615686365,115.62122450953072,348.92800000001444
-10.426149,182.363814,398.93999,22800.0,-5.54938500000004,-1.797730000001252,0.0,-0.6032500000019425,1.8427499998807664,0.0,0.0,0.7670898,-4.9555664,-0.2714847999999999,-1.4668214,-86.72483287796433,76.46610111003064,36.07685731941739,115.62119726365177,345.679999999993
-10.5373655,182.3285713,398.93999,22800.0,-5.560824999999969,-1.762134999999887,0.0,-0.5719999999964642,1.7797500000682476,0.0,0.0,0.7597655999999999,-5.0151368000000005,-0.2744143,-1.460669,-86.23319357688149,77.02025843218273,36.07690866164246,115.6212951122246,347.5359999999928
-10.6487233,182.2937711,398.93999,22800.0,-5.567889999999931,-1.7400099999989038,0.0,-0.3532499999980842,1.1062500000491582,0.0,0.0,0.6899414,-4.9980468,-0.2753909,-1.4668212,-85.92657126781863,77.36261876277229,36.07705966242327,115.6215828973015,347.5360000000219
-10.76017,182.2592477,398.93999,22800.0,-5.572335000000095,-1.726170000000593,0.0,-0.222250000008195,0.691999999915538,0.0,0.0,0.7158203000000001,-4.9624023,-0.2768555,-1.4468261,-85.73450567097365,77.57599684405281,36.07726458792667,115.62197346955595,346.8399999999965
-10.8718069,182.2253511,398.93999,22800.0,-5.581844999999941,-1.6948300000009908,0.0,-0.4754999999923015,1.566999999980112,0.0,0.0,0.7724609,-5.0249023,-0.2749026,-1.4360595,-85.29690809497338,78.05646519543075,36.07711379526474,115.62168606869484,348.0
-10.9838203,182.1927435,398.93999,22800.0,-5.600670000000019,-1.6303799999988655,0.0,-0.9412500000038904,3.2225000001062654,0.0,0.0,0.6938477000000001,-5.1162109,-0.2763672,-1.4514403,-84.39042945605831,79.03421934019686,36.07661032877236,115.62072656099468,347.76800000001094
-11.0963921,182.1621322,398.93999,22800.0,-5.628589999999978,-1.530565000000195,0.0,-1.3959999999979544,4.990749999933541,0.0,0.0,0.6953125,-5.1416016,-0.2749026,-1.4775879,-82.97155598519112,80.52178061484479,36.076346739005366,115.62022425159404,347.76800000001094
-11.2096131,182.1340108,398.93999,22800.0,-5.661050000000056,-1.4060700000001702,0.0,-1.6230000000039269,6.224750000001222,0.0,0.0,0.753418,-5.1113281,-0.2744143,-1.4683594000000002,-81.17599397057471,82.3319184685025,36.07646143112772,115.62044281101385,346.60800000000745
-11.3234583,182.1085326,398.93999,22800.0,-5.6922600000000045,-1.2739100000004555,0.0,-1.5604999999974112,6.607999999985736,0.0,0.0,0.7236328000000001,-5.0986327000000005,-0.2739261,-1.4565674,-79.23751574203277,84.19923808097616,36.07648139778363,115.62048086038128,346.8399999999965
-11.437867,182.0857177,398.93999,22800.0,-5.720435000000013,-1.1407449999992991,0.0,-1.4087500000004027,6.658250000057819,0.0,0.0,0.6977539,-5.0688477,-0.2763672,-1.4652832,-77.25131434133971,86.02517263929703,36.076482080161504,115.62048216075443,346.60800000000745
-11.5527768,182.0655785,398.93999,22800.0,-5.745489999999975,-1.006960000000845,0.0,-1.2527499999981373,6.689249999922708,0.0,0.0,0.7314452,-5.0195313,-0.2763673,-1.4550291999999998,-75.22304186522987,87.8042529309872,36.07647519314821,115.62046903652876,347.5359999999928
-11.6681254,182.0481262,398.93999,22800.0,-5.767429999999951,-0.8726149999986887,0.0,-1.0969999999987934,6.717250000107811,0.0,0.0,0.7128907,-5.013672,-0.2768554,-1.4381102,-73.15368806825916,89.53566646411667,36.07648605614874,115.62048973759671,348.0
-11.7838498,182.0333696,398.93999,22800.0,-5.786220000000064,-0.7378299999999172,0.0,-0.9395000000056442,6.739249999938579,0.0,0.0,0.6528321000000001,-5.044922000000001,-0.2783201,-1.4463133,-71.04502942260484,91.2178883228821,36.07648993343268,115.62049712635115,346.3759999999893
-11.899887,182.02131760000003,398.93999,22800.0,-5.801859999999959,-0.6025999999991427,0.0,-0.7819999999947314,6.761500000038723,0.0,0.0,0.7319335,-5.0371094,-0.2792967,-1.4714355,-68.89697678728717,92.85097880239174,36.07648611929987,115.62048985794075,346.8399999999965
-12.0161738,182.0119767,398.93999,22800.0,-5.814340000000051,-0.467045000002031,0.0,-0.6240000000046209,6.777749999855587,0.0,0.0,0.703125,-5.0136721,-0.2788082999999999,-1.4775878,-66.71145086634692,94.43346073262887,36.07648273269594,115.62048340425662,347.3040000000037
-12.132647,182.0053512,398.93999,22800.0,-5.823659999999986,-0.3312749999992093,0.0,-0.4659999999967468,6.7885000001410845,0.0,0.0,0.6870117,-5.0278321,-0.2773435999999999,-1.4652832999999998,-64.4903014245336,95.9640650201326,36.07649310425431,115.62050316883868,348.0
-12.2492431,182.0014454,398.93999,22800.0,-5.829804999999944,-0.1952899999992041,0.0,-0.3072499999978717,6.7992500000002565,0.0,0.0,0.7548829,-5.054687299999999,-0.2778318999999999,-1.4591309,-62.23342817273187,97.44281142292668,36.07649384658436,115.62050458346316,347.5359999999928
-12.3658984,182.0002611,398.93999,22800.0,-5.832765000000073,-0.0592150000002789,0.0,-0.1480000000064762,6.803749999946263,0.0,0.0,0.7270507,-5.0629882,-0.2797848999999999,-1.4657958,-59.94286196098506,98.86833630031995,36.07647919311368,115.6204766590541,346.3760000000184
-12.482549700000002,182.001799,398.93999,22800.0,-5.832565000000045,0.0768949999994106,0.0,0.0100000000013977,6.805499999984477,0.0,0.0,0.597168,-5.1621094,-0.2802732,-1.4442625,-57.61973473527679,100.24003729251469,36.07648891593376,115.6204951873516,347.76800000001094
-12.5991332,182.0060584,398.93999,22800.0,-5.829174999999864,0.2129699999997569,0.0,0.1695000000090374,6.803750000017317,0.0,0.0,0.6474611,-5.4121094,-0.2807614999999999,-1.4391355,-55.264997530735805,101.55724348177532,36.07647699829338,115.62047247649886,345.679999999993
-12.7155856,182.0130368,398.93999,22800.0,-5.822620000000089,0.3489200000004189,0.0,0.3277499999887467,6.7975000000330965,0.0,0.0,0.6328125,-5.5874024,-0.2807615,-1.4575927,-52.88039884905937,102.81905339370267,36.07647851310756,115.62047536320148,347.5359999999928
-12.831843600000004,182.0227309,398.93999,22800.0,-5.8129000000000985,0.4847049999995079,0.0,0.4859999999995423,6.78924999995445,0.0,0.0,0.5942383,-5.6601563,-0.2817381,-1.4857911,-50.46663273458457,104.02508803481136,36.0764913051616,115.62049974039074,347.76799999998184
-12.9478438,182.0351347,398.93999,22800.0,-5.800009999999922,0.6201900000007754,0.0,0.6445000000088186,6.774250000063375,0.0,0.0,0.6318360000000001,-5.7182615,-0.2812498,-1.4796387000000002,-48.0259610616287,105.174176448605,36.07649213871423,115.62050132885332,345.6800000000221
-13.0635228,182.0502418,398.93999,22800.0,-5.783950000000004,0.7553549999997244,0.0,0.8029999999958903,6.758249999947452,0.0,0.0,0.6772462,-5.8066406,-0.2802732,-1.4616944,-45.55871391802972,106.26616264007716,36.07647718079847,115.62047282428922,345.9119999999821
-13.178818,182.0680438,398.93999,22800.0,-5.764760000000013,0.8900999999994497,0.0,0.959499999999558,6.737249999986261,0.0,0.0,0.5991211,-5.8579102,-0.2822264,-1.4714356,-43.06701046484751,107.30019578824108,36.07649004878008,115.6204973461633,345.679999999993
-13.293666399999998,182.0885314,398.93999,22800.0,-5.742419999999804,1.0243800000012016,0.0,1.1170000000104707,6.714000000087594,0.0,0.0,0.5659182,-5.8754883,-0.2812498,-1.4657958,-40.55140720282277,108.2759582239212,36.076490840454525,115.62049885482016,348.0
-13.4080056,182.111693,398.93999,22800.0,-5.716960000000171,1.1580799999990177,0.0,1.27299999998165,6.684999999890806,0.0,0.0,0.6103517,-5.922851700000001,-0.2817381,-1.4468260000000002,-38.01417608162557,109.1926025660668,36.07649602097982,115.62050872711056,346.8400000000256
-13.521772899999998,182.1375163,398.93999,22800.0,-5.688364999999873,1.2911650000006605,0.0,1.4297500000148844,6.654250000082129,0.0,0.0,0.5712889999999999,-6.023437599999999,-0.2817381,-1.4586181,-35.45572098444413,110.04991377139308,36.07647249583111,115.62046389639596,347.3040000000037
-13.6349068,182.1659867,398.93999,22800.0,-5.656695000000056,1.4235200000001669,0.0,1.583499999990856,6.617749999975331,0.0,0.0,0.6030274,-6.0922852,-0.283203,-1.4852784,-32.87867186049504,110.84712376409568,36.07647303698127,115.62046492763662,346.14400000000023
-13.7473458,182.1970898,398.93999,22800.0,-5.621950000000009,1.555154999999786,0.0,1.737250000002355,6.581749999980957,0.0,0.0,0.6455077,-6.119629,-0.2846679,-1.4924561,-30.282887269525933,111.5842801534316,36.07650237595716,115.62052083751536,347.3040000000037
-13.8590226,182.2308215,398.93999,22800.0,-5.583839999999984,1.686584999998786,0.0,1.9055000000012257,6.571499999949992,0.0,0.0,0.5957032000000001,-6.1098633,-0.2851561999999999,-1.4760499,-27.65626322131909,112.2638769946758,36.07637106036338,115.62027059837988,345.9120000000112
-13.96966,182.2676979,398.93999,22800.0,-5.531869999999994,1.8438200000005625,0.0,2.598499999999504,7.861750000088818,0.0,0.0,0.5380858,-6.0898436,-0.2856444999999999,-1.4770752,-24.44222780349648,113.00135287859568,36.07337739103973,115.61456764781384,346.60800000000745
-14.0787553,182.3087566,398.93999,22800.0,-5.454765000000084,2.052934999998968,0.0,3.855249999995536,10.455749999920272,0.0,0.0,0.6259764999999999,-6.0532227,-0.2866210999999999,-1.4888672,-20.083018486236824,113.84865889248044,36.06909808446263,115.60642180750554,347.0719999999856
-14.1862889,182.3538094,398.93999,22800.0,-5.376679999999912,2.2526400000003832,0.0,3.904250000008602,9.985250000070778,0.0,0.0,0.5898439,-6.062988300000001,-0.2880859999999999,-1.463745,-15.89168424386273,114.51253555105718,36.07096542422288,115.60997546249531,347.0719999999856
-14.2927046,182.4015789,398.93999,22800.0,-5.320784999999972,2.388475000000767,0.0,2.7947499999969594,6.791750000019192,0.0,0.0,0.5473633,-6.0341796,-0.2890625999999999,-1.4642578,-13.024817325203912,114.8821917358085,36.07527453105359,115.61818128814345,346.8399999999965
-14.3986048,182.4505281,398.93999,22800.0,-5.295010000000122,2.4474599999990687,0.0,1.2887499999925112,2.9492499999150823,0.0,0.0,0.6098633,-6.0224611,-0.2880859999999999,-1.4827149,-11.76423744332659,115.02106562132734,36.07681548279355,115.62111753174096,346.14400000000023
-14.5042477,182.5000321,398.93999,22800.0,-5.282144999999883,2.4752000000006547,0.0,0.6432500000119745,1.387000000079297,0.0,0.0,0.6494138,-6.0361329,-0.2905275,-1.5068117,-11.161465547925332,115.08124308895704,36.07687902881646,115.62123863753212,346.3759999999893
-14.6096428,182.5500612,398.93999,22800.0,-5.269755000000043,2.501454999999453,0.0,0.6194999999920014,1.3127499999399106,0.0,0.0,0.5478517,-6.0551757,-0.2910158,-1.4893799,-10.588533809816148,115.13535225603574,36.07686896147311,115.6212194511157,348.0
-14.7147878,182.6006144,398.93999,22800.0,-5.257250000000013,2.5276599999997984,0.0,0.6252500000014649,1.3102500000172768,0.0,0.0,0.4946289,-6.0551759,-0.2915041,-1.4745118,-10.015409731508177,115.18665975421084,36.07688854391047,115.62125677150516,347.76800000001094
-14.8196795,182.6516903,398.93999,22800.0,-5.244585000000068,2.5537950000000365,0.0,0.6332499999972541,1.3067500000119026,0.0,0.0,0.5776367,-6.0458983,-0.292969,-1.4893799,-9.441677720305185,115.2350551974908,36.076861784707006,115.62120577360736,345.679999999993
-14.9243157,182.703288,398.93999,22800.0,-5.231809999999904,2.579885000000104,0.0,0.6387500000082369,1.3045000000033724,0.0,0.0,0.5537111,-6.0058594,-0.2954104999999999,-1.4822021,-8.867763484751537,115.2806659373555,36.076875271428406,115.62123147666976,346.60799999997835
-15.0286939,182.7554058,398.93999,22800.0,-5.2189099999999655,2.6058900000009544,0.0,0.644999999996898,1.3002500000425243,0.0,0.0,0.5146483,-6.0595704,-0.2958984999999999,-1.4652832,-8.294004242486357,115.32337621932857,36.07688080987982,115.6212420318999,346.60800000000745
-15.1328112,182.8080427,398.93999,22800.0,-5.205865000000109,2.631844999999089,0.0,0.6522499999928044,1.2977499999067277,0.0,0.0,0.5522461,-6.1372071,-0.2968749999999999,-1.4729737,-7.719584365196075,115.36323917324346,36.07687474302959,115.62123046964322,347.76800000001094
-15.2366652,182.8611975,398.93999,22800.0,-5.192700000000006,2.6577400000007856,0.0,0.6582500000051894,1.2947500000848322,0.0,0.0,0.6074219000000001,-6.1093749,-0.2983398999999999,-1.5042482,-7.1450437022827815,115.40026761337396,36.07688490728948,115.62124984078775,346.14400000000023
-15.340253199999998,182.9148681,398.93999,22800.0,-5.179399999999834,2.6835299999987683,0.0,0.6650000000085754,1.2894999998991352,0.0,0.0,0.5283202,-6.0952148,-0.2988281,-1.5104004,-6.570773665576886,115.4343398153947,36.076858722860166,115.6211999383342,347.3040000000037
-15.4435727,182.9690541,398.93999,22800.0,-5.165975000000156,2.7093000000007805,0.0,0.6712499999839139,1.288500000100612,0.0,0.0,0.5244142999999999,-6.0766602,-0.29834,-1.4868165000000002,-5.995743538452146,115.4656571918618,36.07687019578337,115.621221803471,346.3760000000184
-15.546621300000002,183.0237538,398.93999,22800.0,-5.152430000000052,2.7349850000007336,0.0,0.6772500000051807,1.284249999997655,0.0,0.0,0.5581055,-6.0502929000000005,-0.2988282,-1.4827148,-5.420944108277164,115.49408902066946,36.07687995837945,115.62124040910211,347.0719999999856
-15.649396199999998,183.078966,398.93999,22800.0,-5.138744999999823,2.7606099999985645,0.0,0.6842500000114882,1.2812499998915428,0.0,0.0,0.5703126000000001,-6.1074219,-0.300293,-1.4939942,-4.845704577767484,115.51965110110343,36.07687861878735,115.62123785609488,348.4640000000072
-15.751895100000002,183.1346887,398.93999,22800.0,-5.124945000000203,2.786135000000911,0.0,0.6899999999809836,1.2762500001173294,0.0,0.0,0.5253904,-6.074707,-0.300293,-1.4739989999999998,-4.270979225120036,115.54231249794042,36.07687089826449,115.62122314226366,347.5360000000219
-15.854115299999998,183.1909214,398.93999,22800.0,-5.111009999999805,2.8116350000004786,0.0,0.6967500000198967,1.2749999999783768,0.0,0.0,0.5375977,-6.0278321,-0.2983399,-1.4668213,-3.6954148276438414,115.56217931790783,36.0768848272059,115.62124968816354,346.3759999999893
-15.9560541,183.2476623,398.93999,22800.0,-5.09694000000005,2.837044999999705,0.0,0.7034999999877556,1.2704999999613165,0.0,0.0,0.5766601,-6.058593800000001,-0.2983399,-1.4832276,-3.1199006231687227,115.57912516461072,36.07687251568377,115.62122622475168,347.07200000001467
-16.0577091,183.3049094,398.93999,22800.0,-5.082750000000047,2.862354999999184,0.0,0.7095000000001406,1.2654999999739402,0.0,0.0,0.5102538,-6.0786132,-0.2993165,-1.5119386,-2.5448123078384186,115.59316727429524,36.07684627680303,115.62117621865524,348.0
-16.159078100000002,183.3626627,398.93999,22800.0,-5.068450000000091,2.8876650000015047,0.0,0.7149999999978007,1.2655000001160488,0.0,0.0,0.5058594000000001,-6.0922851,-0.2968751999999999,-1.5021973,-1.9689686029896445,115.60450342560873,36.07689542428688,115.62126988422648,347.3039999999746
-16.2601583,183.4209198,398.93999,22800.0,-5.05400999999992,2.912854999999581,0.0,0.7220000000085491,1.2594999999038237,0.0,0.0,0.5742187000000001,-6.0820312,-0.2963869,-1.4914308,-1.3934913987370965,115.61285881254418,36.07688837070005,115.62125644139849,347.07200000001467
-16.360947200000002,183.479679,398.93999,22800.0,-5.039445000000065,2.9379599999984407,0.0,0.7282499999927694,1.2552499999429756,0.0,0.0,0.6044921000000001,-6.0791016,-0.2968752,-1.5001465,-0.8181526340689411,115.61832978081904,36.076871611047295,115.62122450068958,346.8399999999965
-16.4614421,183.5389394,398.93999,22800.0,-5.024744999999875,2.963020000001393,0.0,0.7350000000094781,1.2530000001476085,0.0,0.0,0.5444336000000001,-6.0849608,-0.2983399,-1.4914307,-0.2422554837170194,115.62095428150704,36.07686299219503,115.62120807484122,348.23199999998906
-16.561641200000004,183.5986994,398.93999,22800.0,-5.009955000000232,2.988000000000568,0.0,0.7394999999821295,1.248999999958755,0.0,0.0,0.6025389999999999,-6.0932617,-0.2958987,-1.477588,0.3329843296198507,115.62079002597848,36.07689523176394,115.62126951731318,345.44799999997485
-16.6615411,183.6589575,398.93999,22800.0,-4.994994999999847,3.012904999998512,0.0,0.7480000000192888,1.245249999897169,0.0,0.0,0.6660155000000001,-6.1987305,-0.2958984999999999,-1.4801515,0.9089693672233876,115.61764053078174,36.07686587515935,115.62121356920458,346.8399999999965
-16.7611396,183.7197122,398.93999,22800.0,-4.979924999999952,3.037735000000908,0.0,0.7534999999947445,1.2415000001197996,0.0,0.0,0.5561524,-6.1362304000000005,-0.2949220999999999,-1.5139893,1.4846978026928843,115.61165925390526,36.07685465622437,115.62119218813832,347.76800000001094
-16.8604352,183.7809621,398.93999,22800.0,-4.964780000000069,3.0624949999989326,0.0,0.7572499999941584,1.2379999999012623,0.0,0.0,0.4833985,-6.0297851,-0.2939454999999999,-1.5165527,2.0596415081543835,115.60295421772484,36.07691152880556,115.62130057652654,347.76800000001094
-16.9594238,183.8427052,398.93999,22800.0,-4.949429999999921,3.0871550000014736,0.0,0.7675000000073595,1.2330000001270491,0.0,0.0,0.5205078000000001,-6.0615235,-0.2915040999999999,-1.4970704,2.635607341659089,115.59112251879172,36.076840924026,115.62116601735914,346.60800000000745
-17.0581043,183.9049407,398.93999,22800.0,-4.93402500000002,3.111774999999284,0.0,0.7702499999950874,1.230999999890514,0.0,0.0,0.5883789,-6.0410156,-0.2910157,-1.4929688,3.2108312899122544,115.57666631599275,36.07688903600441,115.62125770934432,347.5360000000219
-17.1564737,183.9676667,398.93999,22800.0,-4.918469999999964,3.136299999999892,0.0,0.777750000002797,1.2262500000304044,0.0,0.0,0.5332030000000001,-6.090332,-0.2934573,-1.4950196,3.786215883953256,115.55924258432796,36.07688618396652,115.62125227389409,347.07200000001467
-17.2545295,184.0308814,398.93999,22800.0,-4.902790000000046,3.160735000000159,0.0,0.7839999999958991,1.221750000013344,0.0,0.0,0.5249024,-6.1020508,-0.2944337,-1.4760498,4.361405544619109,115.53893095767783,36.07686904725565,115.62121961460052,347.3040000000037
-17.3523099,184.0945225,398.93999,22800.0,-4.889020000000066,3.1820549999991954,0.0,0.6884999999989816,1.0659999999518277,0.0,0.0,0.5903321000000001,-6.0717773,-0.292969,-1.4657959,4.863805553396549,115.5189720104287,36.07692140337496,115.62131939572156,347.5359999999928
-17.4499902,184.1583218,398.93999,22800.0,-4.884014999999842,3.189965000001393,0.0,0.2502500000112206,0.3955000001099051,0.0,0.0,0.5791016000000001,-6.0639648,-0.2924806,-1.4827149,5.048188195740713,115.51143770128824,36.077118683792726,115.62169538576318,347.0719999999856
-17.5475531,184.2223046,398.93999,22800.0,-4.878144999999989,3.199139999999545,0.0,0.2934999999926191,0.4587499999075817,0.0,0.0,0.4814452000000001,-6.0947265,-0.2934572999999999,-1.5139893999999998,5.262998026673205,115.50218252238028,36.07729310031343,115.6220278133108,346.8400000000256
-17.644686200000002,184.2869306,398.93999,22800.0,-4.8566550000002096,3.2313000000002035,0.0,1.074499999988987,1.6080000000329164,0.0,0.0,0.5239257,-6.117187500000001,-0.2944338999999999,-1.5047608,6.0302492309804485,115.46406089350752,36.07697532759961,115.62142216651442,349.1600000000035
-17.7409374,184.3528506,398.93999,22800.0,-4.812559999999877,3.2960000000002765,0.0,2.204750000016631,3.235000000003652,0.0,0.0,0.5654296000000001,-6.1337889,-0.292969,-1.4996339,7.582072249369755,115.37152610634514,36.07643887385312,115.6203998250384,347.5359999999928
-17.8358761,184.4206441,398.93999,22800.0,-4.746935000000008,3.38967499999967,0.0,3.281249999993463,4.683749999969677,0.0,0.0,0.5175780999999999,-6.1420899,-0.2944337,-1.5088624,9.843413816587557,115.20035624132468,36.07629821437363,115.62013178375425,348.6960000000254
-17.929244,184.4905887,398.93999,22800.0,-4.668395000000025,3.497229999999263,0.0,3.9269999999991256,5.377749999979642,0.0,0.0,0.4882812,-6.073730500000001,-0.2954101999999999,-1.50271,12.47015064281986,114.94599905840175,36.07646270369815,115.62044523607716,347.5359999999928
-18.0209553,184.5626922,398.93999,22800.0,-4.5855650000000026,3.605174999999861,0.0,4.14150000000113,5.397250000029885,0.0,0.0,0.5146484000000001,-6.1591798,-0.294922,-1.4739991,15.147709766918036,114.62392333397104,36.07648438706333,115.62048655690243,347.07200000001467
-18.1109594,184.6369161,398.93999,22800.0,-4.500205000000079,3.711195000001055,0.0,4.267999999996164,5.30100000005973,0.0,0.0,0.5727539,-6.0986327000000005,-0.2939454999999999,-1.4791261,17.818031808636952,114.2393175555295,36.07650032076988,115.62051692103226,347.5359999999928
-18.1992069,184.7132193,398.93999,22800.0,-4.412374999999891,3.815160000000617,0.0,4.3915000000094295,5.1982499999780885,0.0,0.0,0.5405273,-6.0810546,-0.2954102999999999,-1.5124512,20.4786505906225,113.7924006267695,36.07645865031456,115.62043751178255,347.76800000001094
-18.2856508,184.7915608,398.93999,22800.0,-4.322194999999951,3.91707499999967,0.0,4.508999999996988,5.095749999952659,0.0,0.0,0.4824219,-6.1376954,-0.2963867999999999,-1.5170654,23.127457089370857,113.28383193356504,36.07650466847253,115.62052520626648,349.6240000000107
-18.370243100000003,184.8718979,398.93999,22800.0,-4.229615000000209,4.016854999998998,0.0,4.628999999987116,4.988999999966381,0.0,0.0,0.4946290000000001,-6.155273500000001,-0.2963867999999999,-1.5021972,25.76449347313228,112.7133182417224,36.0764941934512,115.62050524447152,347.3039999999746
-18.4529382,184.9541864,398.93999,22800.0,-4.134754999999757,4.11442500000021,0.0,4.74300000002259,4.878500000060626,0.0,0.0,0.527832,-6.1401367,-0.2963869,-1.501172,28.38688006583537,112.08158583853104,36.07648423342552,115.62048626412242,347.0719999999856
-18.5336909,185.0383819,398.93999,22800.0,-4.037635000000073,4.209774999999638,0.0,4.855999999984206,4.767499999971392,0.0,0.0,0.5219728,-6.1352539,-0.2988282,-1.5098877000000002,30.994161003633945,111.38877595586942,36.07648555260108,115.62048877801053,346.3760000000184
-18.6124573,185.1244388,398.93999,22800.0,-3.938319999999962,4.302845000000843,0.0,4.965750000005542,4.653500000060262,0.0,0.0,0.472168,-6.1938476,-0.3022459999999999,-1.484253,33.58460450764123,110.63534607088758,36.07650378614278,115.62052352484716,348.4640000000072
-18.689194,185.2123098,398.93999,22800.0,-3.836835000000072,4.393550000000346,0.0,5.074249999994507,4.535249999975122,0.0,0.0,0.494629,-6.1171873,-0.3022459999999999,-1.4801514999999998,36.15705732946892,109.8214813530374,36.07646997618401,115.62045909484206,348.4639999999781
-18.7638603,185.3019469,398.93999,22800.0,-3.733314999999848,4.481855000000223,0.0,5.176000000011172,4.415249999993876,0.0,0.0,0.4931639,-6.1103515,-0.3012696,-1.4975832,38.70878773870465,108.94826766395848,36.07648067340398,115.6204794799677,348.0
-18.8364145,185.393302,398.93999,22800.0,-3.627710000000128,4.567754999999352,0.0,5.2802499999859975,4.294999999956417,0.0,0.0,0.5556639999999999,-6.093750099999999,-0.3056641,-1.5288574,41.2406581651879,108.01529250892143,36.07648073355887,115.62047959460185,348.6959999999963
-18.9068177,185.486325,398.93999,22800.0,-3.5201599999998834,4.6511500000008255,0.0,5.377500000012248,4.169750000073691,0.0,0.0,0.5039062000000001,-6.1210937,-0.3081055,-1.5145019,43.74939702166304,107.0237772673643,36.076488309952055,115.62049403256113,347.3040000000037
-18.9750318,185.580965,398.93999,22800.0,-3.410705000000114,4.731999999998493,0.0,5.47274999998848,4.042499999883376,0.0,0.0,0.4702148,-6.1000975,-0.3041992999999999,-1.4970704,46.23403644711182,105.97411518556514,36.07648961530379,115.62049652010792,348.0
-19.0410191,185.6771708,398.93999,22800.0,-3.2993649999999874,4.81029000000035,0.0,5.567000000006317,3.9145000000928576,0.0,0.0,0.4291992,-6.1240235,-0.3037109,-1.5006592,48.69411715163426,104.86648761609048,36.076485200511726,115.62048810705106,348.4639999999781
-19.1047438,185.7748899,398.93999,22800.0,-3.1862350000000816,4.885955000000308,0.0,5.65649999999529,3.7832499999979055,0.0,0.0,0.4868163,-6.167968999999999,-0.3081055,-1.4888672,51.127540882711656,103.70182707860276,36.07647863324694,115.62047559214491,350.320000000007
-19.1661715,185.8740694,398.93999,22800.0,-3.071384999999971,4.958974999999555,0.0,5.742500000005535,3.6509999999623233,0.0,0.0,0.472168,-6.1328125,-0.3090820999999999,-1.4704102,53.53294148890678,102.48087430288088,36.07650370031336,115.6205233612856,348.23199999998906
-19.2252684,185.9746547,398.93999,22800.0,-2.9548449999998283,5.029265000000294,0.0,5.827000000007132,3.5145000000369464,0.0,0.0,0.4750977,-6.065918000000001,-0.3066405,-1.4760499,55.909379470483806,101.20392116293618,36.07647408414214,115.62046692315492,347.76799999998184
-19.2820024,186.0765915,398.93999,22800.0,-2.836700000000114,5.096840000000213,0.0,5.907249999985709,3.378749999995989,0.0,0.0,0.4335938,-6.080078200000001,-0.3095701999999999,-1.5037355,58.25541721098336,99.87192026683304,36.07647798889332,115.6204743642336,347.3039999999746
-19.3363431,186.1798244,398.93999,22800.0,-2.7170350000000454,5.161644999999737,0.0,5.983250000003437,3.240249999976186,0.0,0.0,0.3725586,-5.9951171,-0.3120117999999999,-1.5129639,60.56933226166881,98.48584947303188,36.076506275302215,115.6205282683362,349.6240000000107
-19.3882599,186.2842968,398.93999,22800.0,-2.595840000000038,5.223619999999585,0.0,6.059750000000364,3.0987499999923784,0.0,0.0,0.3774413,-6.0966797,-0.3120117999999999,-1.4863038,62.8510794687623,97.04551904903688,36.07647087615405,115.62046080986552,347.3040000000037
-19.4377255,186.3899522,398.93999,22800.0,-2.473279999999889,5.282769999999459,0.0,6.128000000007461,2.957499999993729,0.0,0.0,0.3749999,-6.109863300000001,-0.3090820999999999,-1.4842529,65.09784544636985,95.552980506472,36.07649494786192,115.62050668211792,348.4640000000072
-19.4847127,186.4967327,398.93999,22800.0,-2.3493600000000114,5.3390250000006745,0.0,6.195999999993873,2.81275000006076,0.0,0.0,0.3876952,-6.1083984,-0.3120116999999999,-1.4975831,67.30935393102055,94.00822856574445,36.07648269195442,115.62048332661752,348.4640000000072
-19.5291509,186.6045946,398.93999,22800.0,-2.221909999999916,5.393094999999448,0.0,6.372500000004777,2.703499999938685,0.0,0.0,0.4208984,-6.1816405,-0.3134765999999999,-1.4775879,69.52237950793713,92.38289484616897,36.07617484580048,115.61989669863895,348.4640000000072
-19.570400900000003,186.7136709,398.93999,22800.0,-2.062500000000256,5.453815000001328,0.0,7.970499999983005,3.0360000000939635,0.0,0.0,0.4086914,-6.0810546,-0.3129882999999999,-1.4704102,72.20301574780557,90.2954194055538,36.07294588966701,115.61374593318357,348.4640000000072
-19.6077516,186.8241053,398.93999,22800.0,-1.867534999999876,5.521719999998709,0.0,9.748250000019,3.395249999869065,0.0,0.0,0.3593749,-6.069336,-0.3105468999999999,-1.4868165,75.3616989659366,87.66943952446461,36.07016980655996,115.60846118501104,347.76799999998184
-19.6414842,186.9357233,398.93999,22800.0,-1.6866300000000225,5.580900000001066,0.0,9.045249999992675,2.95900000011784,0.0,0.0,0.364746,-6.0786133,-0.3120117999999999,-1.5139894,78.17913605565623,85.17136592139292,36.07203879556215,115.6120187840547,348.6959999999963
-19.6725832,187.0481485,398.93999,22800.0,-1.5549499999998773,5.621259999999495,0.0,6.584000000007251,2.0179999999214715,0.0,0.0,0.3676757,-6.0185547,-0.3154297,-1.4950196,80.16105259760643,83.31758616067229,36.07538955302371,115.61840042656392,346.60800000000745
-19.7022412,187.1609811,398.93999,22800.0,-1.4829000000000647,5.64163000000093,0.0,3.602499999990627,1.0185000000717537,0.0,0.0,0.3613281,-6.0708008,-0.3139648999999999,-1.4811767999999998,81.2208220797591,82.28856920363113,36.07678766682186,115.62106452066888,349.1600000000035
-19.7310996,187.2740218,398.93999,22800.0,-1.4429200000000364,5.652034999998534,0.0,1.9990000000014163,0.5202499998802068,0.0,0.0,0.3535156,-6.1293945,-0.3105468999999999,-1.4883546,81.80140253121574,81.71164193476555,36.076858742304296,115.62119997539088,347.0719999999856
-19.7592136,187.3872499,398.93999,22800.0,-1.4057000000001096,5.661405000000741,0.0,1.8609999999963376,0.468500000110339,0.0,0.0,0.3876952,-6.0893555,-0.3134766999999999,-1.4811767999999998,82.33727063786294,81.17163701235563,36.07685626355168,115.62119525138247,348.23199999998906
-19.7865826,187.5006604,398.93999,22800.0,-1.3684499999998323,5.670524999999316,0.0,1.862500000013867,0.4559999999287356,0.0,0.0,0.4223633,-6.0688476,-0.3139649,-1.4637451,82.86913586208708,80.62857870226284,36.07685760395387,115.62119780592155,347.3040000000037
-19.813205000000004,187.6142486,398.93999,22800.0,-1.3311200000002188,5.679410000001894,0.0,1.8664999999806755,0.4442500001289318,0.0,0.0,0.4389649,-6.0180663,-0.3120117999999999,-1.467334,83.39771350723328,80.08175077335535,36.07686677813694,115.62121529010304,347.76800000001094
-19.8390797,187.7280094,398.93999,22800.0,-1.293734999999785,5.688039999999717,0.0,1.8692500000216936,0.4314999998911162,0.0,0.0,0.4135742,-6.0771484,-0.3095704,-1.5001466,83.92264562459735,79.53146092147517,36.0768629201513,115.62120793754008,348.4639999999781
-19.8642059,187.8419378,398.93999,22800.0,-1.2563099999999494,5.69641999999817,0.0,1.8712499999917755,0.4189999999226756,0.0,0.0,0.4101562,-6.0297852,-0.3125001,-1.5073244,84.44372585604047,78.97796479142747,36.076858459339306,115.62119943611584,347.07200000001467
-19.888582000000003,187.956029,398.93999,22800.0,-1.2188050000002448,5.7045600000009244,0.0,1.875249999985229,0.4070000001377138,0.0,0.0,0.4272460999999999,-6.0283203,-0.3120117,-1.4857911,84.96150931909068,78.4206747026391,36.07685511818919,115.62119306855068,348.0
-19.9122075,188.0702782,398.93999,22800.0,-1.1812749999998928,5.712460000000874,0.0,1.8765000000176,0.3949999999974807,0.0,0.0,0.4257813,-6.130370999999999,-0.3110351999999999,-1.4811767,85.47523442505629,77.86046213218884,36.0768709494173,115.621223239751,347.5360000000219
-19.9350808,188.18468,398.93999,22800.0,-1.143665000000027,5.720089999998379,0.0,1.8804999999932903,0.3814999998752455,0.0,0.0,0.4233399,-6.0039063,-0.3100586999999999,-1.4904054,85.98566269079424,77.29631797655969,36.076843034064574,115.62117003865887,348.92800000001444
-19.9572014,188.2992302,398.93999,22800.0,-1.106029999999869,5.727510000001246,0.0,1.881750000007898,0.37100000014334,0.0,0.0,0.4233398,-5.995605499999999,-0.3125002,-1.4642578,86.49202876863397,76.72939410071584,36.076879336279056,115.62123922349724,348.0
-19.978568,188.413923,398.93999,22800.0,-1.068330000000017,5.734640000000013,0.0,1.884999999992587,0.3564999999383644,0.0,0.0,0.4267579,-6.061035,-0.3149414,-1.45708,86.99489849855667,76.15867708987948,36.07684643715987,115.62117652426268,346.8399999999965
-19.999180000000003,188.5287542,398.93999,22800.0,-1.0306000000001705,5.741559999999879,0.0,1.8864999999923528,0.3459999999932961,0.0,0.0,0.3754882,-6.0307616,-0.3095703999999999,-1.4796387000000002,87.49377458048805,75.58511014715863,36.07687594788674,115.62123276586944,348.0
-20.0190362,188.6437181,398.93999,22800.0,-0.9928099999997996,5.748194999999612,0.0,1.8895000000185287,0.3317499999866413,0.0,0.0,0.3740232,-6.0878905,-0.3115234999999999,-1.512964,87.9890866877351,75.00784391483684,36.07684544791619,115.62117463896604,346.8399999999965
-20.0381358,188.7588105,398.93999,22800.0,-0.9549800000000276,5.754620000000443,0.0,1.8914999999886104,0.321250000041573,0.0,0.0,0.3496094,-6.0634766,-0.3149414,-1.4986085,88.48053400377977,74.42757564803381,36.07687469565867,115.6212303793634,347.76799999998184
-20.0564779,188.8740258,398.93999,22800.0,-0.917104999999907,5.760764999998003,0.0,1.8937500000060223,0.3072499998779676,0.0,0.0,0.3569335,-6.024414,-0.3129883999999999,-1.4857911,88.96821744005612,73.84386797536334,36.07685572047622,115.62119421638924,347.76799999998184
-20.0740624,188.989359,398.93999,22800.0,-0.8792250000000834,5.7666600000018775,0.0,1.8939999999911803,0.2947500001937442,0.0,0.0,0.3476561,-6.0478516,-0.3100587,-1.4965577,89.45160875024516,73.25752480270673,36.07684368556748,115.62117128028989,348.23199999998906
-20.0908875,189.1048058,398.93999,22800.0,-0.8412550000000962,5.772340000000042,0.0,1.898499999999359,0.2839999999082465,0.0,0.0,0.3569335999999999,-5.966797,-0.3125000999999999,-1.4919434,89.93177373666022,72.66735079670183,36.076872165147705,115.62122555669772,347.5359999999928
-20.1069531,189.2203606,398.93999,22800.0,-0.8032800000000506,5.777739999999199,0.0,1.8987500000022808,0.269999999957804,0.0,0.0,0.3593749,-6.0527343,-0.3149414999999999,-1.4657958999999998,90.40766872251945,72.07438183658732,36.07686145891828,115.62120515271846,347.76799999998184
-20.1222586,189.3360185,398.93999,22800.0,-0.7652749999998321,5.78289500000011,0.0,1.900250000010928,0.2577500000455757,0.0,0.0,0.3564453,-6.027832200000001,-0.3129882999999999,-1.4698975,90.87959237548728,71.47840042662617,36.07685909205196,115.6212006419404,347.5359999999928
-20.1368027,189.4517747,398.93999,22800.0,-0.7272050000000974,5.787809999999638,0.0,1.9034999999867352,0.2457499999763968,0.0,0.0,0.3520507,-6.038086099999999,-0.3100587,-1.4975831,91.3479734749749,70.87885986798817,36.07686589094099,115.62121359928128,346.60800000000745
-20.1505856,189.567624,398.93999,22800.0,-0.6891449999999466,5.792465000000391,0.0,1.9030000000075376,0.2327500000376403,0.0,0.0,0.345215,-6.0566406,-0.3129883999999999,-1.5134766000000002,91.81189921370007,70.27688233731523,36.07686587757334,115.62121357380516,347.5359999999928
-20.1636059,189.6835615,398.93999,22800.0,-0.6510150000000436,5.796875000000057,0.0,1.906499999995148,0.2204999999833035,0.0,0.0,0.3496093,-5.9658202000000005,-0.3144532,-1.4939942,92.27234078220096,69.67123267399904,36.07686702905608,115.62121576830586,347.3040000000037
-20.1758638,189.7995819,398.93999,22800.0,-0.6128950000000799,5.801020000001245,0.0,1.905999999998187,0.2072500000593891,0.0,0.0,0.3696289,-5.9985351,-0.3125000999999999,-1.4852784,92.7283418820164,69.063115334179,36.07685285192798,115.62118874951176,347.3040000000037
-20.187358,189.9156805,398.93999,22800.0,-0.5747099999998895,5.80492999999791,0.0,1.9092500000095207,0.1954999998332596,0.0,0.0,0.3793946,-6.0390626,-0.3134765,-1.4950196999999998,93.18077918798264,68.45146793956798,36.07685690299304,115.62119647003,347.76799999998184
-20.1980885,190.0318521,398.93999,22800.0,-0.5365250000000543,5.808580000001484,0.0,1.9092499999917576,0.1825000001787202,0.0,0.0,0.3813477,-5.9882811,-0.3164064,-1.4755371,93.6288975340586,67.8372176373802,36.0768511781739,115.62118555967383,346.60800000000745
-20.2080548,190.1480919,398.93999,22800.0,-0.498314999999927,5.811989999999412,0.0,1.9105000000063648,0.1704999998963785,0.0,0.0,0.4003907000000001,-6.0888672,-0.3173829999999999,-1.4657959,94.07297650933828,67.22007586983935,36.07686243079071,115.62120700491528,346.3759999999893
-20.2172565,190.2643949,398.93999,22800.0,-0.4600850000000989,5.815149999999392,0.0,1.9114999999914064,0.1579999999989922,0.0,0.0,0.4008787,-6.0463867,-0.3149414,-1.4827149,94.51296727257142,66.60006375059496,36.0768759659263,115.6212328002494,346.14400000000023
-20.2256929,190.3807557,398.93999,22800.0,-0.4218199999998617,5.81804000000119,0.0,1.9132500000118569,0.1445000000899199,0.0,0.0,0.4248048,-5.9956055,-0.3164061999999999,-1.5165529,94.94906374371378,65.97679439839644,36.07685924410992,115.62120093173266,346.3759999999893
-20.2333639,190.4971694,398.93999,22800.0,-0.3835500000000991,5.820685000000481,0.0,1.913499999988133,0.1322499999645288,0.0,0.0,0.4101564000000001,-5.9414061,-0.3193357999999999,-1.5068116,95.3808940737524,65.35093713773148,36.07685432965802,115.62119156576836,347.5359999999928
-20.2402692,190.6136311,398.93999,22800.0,-0.3452649999999835,5.8230849999986845,0.0,1.91425000000578,0.1199999999101919,0.0,0.0,0.4296875,-5.9970704,-0.3178710999999999,-1.4868164,95.8085738970607,64.72232676046372,36.076859944312325,115.62120226617944,346.8399999999965
-20.2464084,190.7301357,398.93999,22800.0,-0.3069599999999894,5.8252300000006585,0.0,1.915249999999702,0.107250000098702,0.0,0.0,0.4189453,-6.0405272,-0.3144531,-1.4950196,96.2321703254418,64.09081005820421,36.07686023018535,115.6212028109968,347.07200000001467
-20.2517812,190.8466782,398.93999,22800.0,-0.2686399999999977,5.8271249999990005,0.0,1.9159999999995847,0.0947499999170986,0.0,0.0,0.4174805,-6.010254000000001,-0.3164063,-1.4929688,96.6516206097573,63.45650626682029,36.07686344011114,115.62120892848104,346.3759999999893
-20.2563873,190.9632536,398.93999,22800.0,-0.2303050000000084,5.828770000000816,0.0,1.9167499999994675,0.0822500000907666,0.0,0.0,0.4038086000000001,-6.078125,-0.3198240999999999,-1.4678467,97.06692369355122,62.81941592715623,36.0768696544469,115.62122077178888,346.8399999999965
-20.2602267,191.0798566,398.93999,22800.0,-0.1919699999998414,5.83014999999989,0.0,1.9167500000083493,0.0689999999536894,0.0,0.0,0.4028319999999999,-5.9750978,-0.3164064,-1.472461,97.47793649215345,62.17968181859929,36.07685658683658,115.6211958674989,347.5359999999928
-20.2632991,191.1964822,398.93999,22800.0,-0.1536200000002097,5.831280000001016,0.0,1.9174999999815867,0.0565000000563031,0.0,0.0,0.3974609,-5.9653319,-0.3134765,-1.5068117,97.88480243406411,61.5371590972654,36.076846519899,115.62117668194662,347.3040000000037
-20.2656045,191.3131258,398.93999,22800.0,-0.115270000000045,5.832179999998743,0.0,1.917500000008232,0.0449999998863859,0.0,0.0,0.3745117,-5.996582200000001,-0.3159179,-1.5119386,98.28733529657156,60.89225758079979,36.076871061807694,115.6212234539453,346.14400000000023
-20.2671426,191.4297818,398.93999,22800.0,-0.0769049999998827,5.832800000000304,0.0,1.9182500000081149,0.0310000000780519,0.0,0.0,0.3706054,-5.9462891,-0.3173826999999999,-1.4878418,98.68575790831798,60.24433826272271,36.0768524407704,115.6211879659282,344.7519999999786
-20.2679131,191.5464458,398.93999,22800.0,-0.038525000000078,5.833200000000716,0.0,1.918999999990234,0.0200000000205591,0.0,0.0,0.3588866,-6.0185547,-0.3134765,-1.4909181,99.0799867184232,59.59386825594876,36.07688374343603,115.62124762270253,346.3760000000184
-20.2679169,191.6631118,398.93999,22800.0,-0.000189999999911,5.833299999997621,0.0,1.9167500000083493,0.0049999998452676,0.0,0.0,0.3256836,-6.040039,-0.3120117,-1.4965578000000002,99.46951863600144,58.9412353197935,36.076841667132825,115.62116743356778,346.3760000000184
-20.2671531,191.7797758,398.93999,22800.0,0.0381900000000712,5.833200000002137,0.0,1.918999999999116,-0.0049999997742133,0.0,0.0,0.2509767,-5.9794922,-0.3144532,-1.4770752,99.85513301764033,58.285708461565726,36.07688033754058,115.62124113171107,346.60800000000745
-20.2656223,191.8964317,398.93999,22800.0,0.0765399999998805,5.83279499999918,0.0,1.9174999999904685,-0.0202500001478256,0.0,0.0,0.1459961,-6.004394400000001,-0.315918,-1.4647705,100.23621741448478,57.62771162625064,36.07683728805751,115.62115908795488,345.9119999999821
-20.2633241,192.0130755,398.93999,22800.0,0.1149100000001013,5.832190000000992,0.0,1.9185000000110364,-0.0302499999094152,0.0,0.0,0.0209961,-5.9448243,-0.310547,-1.4863038,100.61312378481284,56.96725908909495,36.07687553845699,115.62123198557497,346.8399999999965
-20.2602587,192.1297013,398.93999,22800.0,0.1532699999998499,5.831290000000422,0.0,1.917999999987429,-0.0450000000284944,0.0,0.0,-0.0820311999999999,-6.0063475,-0.3095704999999999,-1.5119386,100.9856868572678,56.30406810740074,36.07684774104261,115.62117900919785,346.3759999999893
-20.2564265,192.2463049,398.93999,22800.0,0.1916100000000753,5.8301799999981085,0.0,1.9170000000112708,-0.0555000001156713,0.0,0.0,-0.1582030999999999,-5.9638671,-0.3139649,-1.5032226999999998,101.35369418939304,55.63903282469409,36.07688464579584,115.6212493424301,344.98399999999674
-20.2518275,192.3628803,398.93999,22800.0,0.2299500000001231,5.828770000000816,0.0,1.917000000002389,-0.0704999998646371,0.0,0.0,-0.2031249999999999,-6.0029297,-0.3125,-1.4816895,101.71746457089256,54.97103374621665,36.0768480005871,115.6211795038369,345.679999999993
-20.246462,192.479423,398.93999,22800.0,0.2682749999998179,5.827134999999828,0.0,1.9162499999847429,-0.0817500000493964,0.0,0.0,-0.2431640999999999,-6.0537111,-0.3090821,-1.4929689,102.07675004914717,54.300979864652,36.076852913210224,115.6211888663034,345.9120000000112
-20.2403299,192.5959281,398.93999,22800.0,0.3066050000001041,5.825255000000595,0.0,1.916500000014309,-0.0939999999616247,0.0,0.0,-0.2871094999999999,-5.9453125,-0.3120117999999999,-1.4914307,102.43176296581636,53.62835784226039,36.076869963915925,115.62122136157669,345.9120000000112
-20.2334317,192.7123903,398.93999,22800.0,0.3449100000000982,5.823109999998621,0.0,1.915249999999702,-0.107250000098702,0.0,0.0,-0.3271483999999999,-5.965332,-0.3144531999999999,-1.4704102,102.78225506307928,52.953499909016365,36.076866059525045,115.62121392056945,345.9120000000112
-20.2257679,192.8288044,398.93999,22800.0,0.3831899999998001,5.820705000000714,0.0,1.9139999999850943,-0.1202499998953499,0.0,0.0,-0.3652342999999999,-6.0039063,-0.3129883999999999,-1.4734864,103.1282232187215,52.27644777338953,36.07684860461545,115.62118065499232,346.3759999999893
-20.2173383,192.9451657,398.93999,22800.0,0.4214799999999741,5.818065000001127,0.0,1.914500000008701,-0.1319999999793708,0.0,0.0,-0.3994142,-5.9760742,-0.3105468999999999,-1.5052735,103.46994218419968,51.59683530475299,36.07685979816067,115.62120198764336,344.7519999999786
-20.2081442,193.0614691,398.93999,22800.0,0.459705000000099,5.815169999999625,0.0,1.911250000006248,-0.1447500000750778,0.0,0.0,-0.4414061999999999,-6.0249023,-0.3125002,-1.5119386,103.80678200553432,50.91576038416414,36.07686047157397,115.62120327103564,344.28800000000047
-20.1981848,193.1777097,398.93999,22800.0,0.4979699999999809,5.812029999998458,0.0,1.9132499999940933,-0.1570000000583604,0.0,0.0,-0.4619142,-5.9960939,-0.3144532,-1.4934815,104.13964027165052,50.23152311637026,36.07687849880559,115.62123762743252,346.14400000000023
-20.1874613,193.2938819,398.93999,22800.0,0.5361749999998722,5.808610000001124,0.0,1.910249999994562,-0.1709999998666944,0.0,0.0,-0.4946289,-5.9760743,-0.3100586999999999,-1.4924561,104.46770367581222,49.54549289399652,36.07684760927387,115.62117875807344,346.3759999999893
-20.1759815,193.409982,398.93999,22800.0,0.5739900000001796,5.805005000000563,0.0,1.8907500000153727,-0.1802500000280815,0.0,0.0,-0.5185546999999999,-5.937499799999999,-0.3095702999999999,-1.5083497,104.7881211969466,48.86423314034322,36.07686269197899,115.62120750268863,346.3759999999893
-20.163842,193.5260156,398.93999,22800.0,0.6069749999999985,5.80167999999901,0.0,1.649249999990943,-0.166250000077639,0.0,0.0,-0.5576171999999999,-5.9858398,-0.3144532,-1.4883546,105.06411844393712,48.268165255221625,36.07691065407425,115.62129890944416,345.6800000000221
-20.1511988,193.6419961,398.93999,22800.0,0.6321599999999705,5.799025000000313,0.0,1.2592499999986018,-0.1327499999348447,0.0,0.0,-0.5781251,-5.9985351,-0.3134767,-1.4796388,105.27265899330362,47.81187974220526,36.07696469074095,115.62140189430109,345.9119999999821
-20.1381483,193.7579312,398.93999,22800.0,0.6525249999999261,5.796755000000076,0.0,1.018249999997778,-0.113500000011868,0.0,0.0,-0.6044921,-5.9877929000000005,-0.3105470999999999,-1.4934816,105.43996609686106,47.44167779131361,36.0769435117168,115.6213615304803,345.6800000000221
-20.1247231,193.8738233,398.93999,22800.0,0.671260000000018,5.79460499999982,0.0,0.9367500000045936,-0.1075000000128056,0.0,0.0,-0.6137695,-6.037597700000001,-0.3115233999999999,-1.5216798,105.59278771312908,47.10048193207439,36.07692756721202,115.6213311429323,346.3759999999893
-20.1109001,193.9896687,398.93999,22800.0,0.6911499999999293,5.792269999999178,0.0,0.9944999999955684,-0.1167500000320842,0.0,0.0,-0.6298827,-5.9467774,-0.3139651,-1.5083497,105.75386513729975,46.73772281745991,36.07693326343117,115.62134199895752,345.44799999997485
-20.0966117,194.1054572,398.93999,22800.0,0.7144200000000822,5.789425000000392,0.0,1.1635000000076443,-0.1422499999392812,0.0,0.0,-0.6572264,-5.9272462,-0.3120117,-1.4883545,105.94084945363892,46.3121689248112,36.076901151092734,115.6212807984708,345.679999999993
-20.0817537,194.2211735,398.93999,22800.0,0.742900000000013,5.7858150000015485,0.0,1.4239999999965391,-0.1804999999421852,0.0,0.0,-0.6811522999999999,-5.9926757,-0.3081056,-1.4970704,106.1674923016222,45.79003901689741,36.07686375937531,115.62120953693572,346.14400000000023
-20.0661944,194.3367977,398.93999,22800.0,0.7779650000001581,5.781209999997827,0.0,1.753250000007256,-0.2302500001860608,0.0,0.0,-0.7207031999999999,-5.9482421,-0.3115234999999999,-1.4929688,106.44315303983848,45.145575023038894,36.07687210612965,115.62122544422073,346.3759999999893
-20.0497861,194.4523041,398.93999,22800.0,0.8204149999999188,5.775320000002182,0.0,2.1224999999880367,-0.2944999997822606,0.0,0.0,-0.7543944999999999,-6.0107421,-0.3144532,-1.4806642,106.771961474676,44.36218387116178,36.07684338319056,115.62117070402142,345.679999999993
-20.032393000000003,194.5676662,398.93999,22800.0,0.8696549999998027,5.7681049999985134,0.0,2.461999999994191,-0.3607500001834296,0.0,0.0,-0.7792969,-6.015624900000001,-0.3115235,-1.4786134,107.14654163923504,43.44962405250365,36.07683453495875,115.62115384112128,344.98400000002584
-20.0139717,194.6828683,398.93999,22800.0,0.9210650000001764,5.760105000000237,0.0,2.570500000018683,-0.3999999999138026,0.0,0.0,-0.7983399,-5.965332,-0.3081057,-1.512964,107.52981613065784,42.49211968478633,36.07681269882223,115.62111222609516,344.7520000000077
-19.994522,194.7979016,398.93999,22800.0,0.9724849999999564,5.751664999999662,0.0,2.5709999999889988,-0.4220000000287882,0.0,0.0,-0.8149412999999999,-5.9511718,-0.3115236,-1.5221924,107.90509898663323,41.530028836148205,36.07684013263244,115.62116450912616,344.7520000000077
-19.9740457,194.9127567,398.93999,22800.0,1.0238150000001056,5.742754999999988,0.0,2.5665000000074656,-0.4454999999836673,0.0,0.0,-0.8085937,-5.8867186,-0.3139649999999999,-1.50271,108.27169941157982,40.56471359946187,36.07684739477804,115.621178349288,346.8399999999965
-19.9525443,195.0274241,398.93999,22800.0,1.0750699999999114,5.733370000001514,0.0,2.562749999990288,-0.4692499999237043,0.0,0.0,-0.8129880999999999,-6.006835799999999,-0.3100587,-1.5052734,108.62972713421094,39.59585786583439,36.07683081775909,115.62114675691676,345.448000000004
-19.9300199,195.1418946,398.93999,22800.0,1.1262199999999112,5.723524999999086,0.0,2.5574999999999903,-0.4922500001214303,0.0,0.0,-0.8129883,-5.9677734,-0.3081054,-1.5196289,108.97896363913854,38.62413166699893,36.07680468989822,115.62109696283956,345.9120000000112
-19.9064737,195.25616,398.93999,22800.0,1.177310000000098,5.713269999999682,0.0,2.554500000009341,-0.5127499999701968,0.0,0.0,-0.8139647,-5.9990233,-0.3125002,-1.496045,109.319653065872,37.649369911132766,36.076858101051485,115.6211987532906,345.679999999993
-19.8819079,195.3702102,398.93999,22800.0,1.2282899999998875,5.702510000000416,0.0,2.5489999999894764,-0.5379999999632901,0.0,0.0,-0.786621,-6.048828,-0.3149415,-1.4832277,109.65156745360004,36.67129518912973,36.07683208505224,115.62114917211164,346.14400000000023
-19.8563245,195.4840366,398.93999,22800.0,1.2791700000001072,5.691320000001099,0.0,2.544000000010982,-0.5594999999658512,0.0,0.0,-0.8124998999999999,-5.958008,-0.3100586999999999,-1.496045,109.97469822215312,35.69062498093217,36.076843032872645,115.62117003638733,346.3759999999893
-19.8297256,195.5976298,398.93999,22800.0,1.329944999999988,5.679659999998421,0.0,2.538749999994039,-0.5830000001338931,0.0,0.0,-0.8076171999999999,-5.9360351,-0.3100586999999999,-1.5257812999999998,110.28905395565468,34.70696243267389,36.0768287445802,115.62114280587414,346.14400000000023
-19.8021128,195.7109807,398.93999,22800.0,1.3806400000001773,5.667545000000018,0.0,2.534750000009467,-0.6057499999201355,0.0,0.0,-0.7958985,-5.9648438,-0.3139648999999999,-1.5109131000000002,110.59476419825924,33.72007401660282,36.07682102052052,115.62112808545734,346.8400000000256
-19.773489,195.8240809,398.93999,22800.0,1.4311899999999156,5.655010000000971,0.0,2.527499999986915,-0.6267499999523807,0.0,0.0,-0.7783203999999999,-5.9223633,-0.3125000999999999,-1.4888673,110.89142557271016,32.731471804230466,36.07684882237008,115.62118106998844,346.8399999999965
-19.743856,195.9369206,398.93999,22800.0,1.4816499999998456,5.6419849999983285,0.0,2.5229999999965003,-0.6512500001321087,0.0,0.0,-0.819824,-6.0102539,-0.3105468,-1.5016846,111.1794059240356,31.739372719642216,36.07682742513417,115.62114029128864,346.60800000000745
-19.7132163,196.0494912,398.93999,22800.0,1.5319850000000912,5.628530000001319,0.0,2.51675000001228,-0.6727499998504527,0.0,0.0,-0.8618165,-5.9970704,-0.3139649,-1.497583,111.4584638506553,30.74510751984045,36.07683359282517,115.62115204561138,346.8400000000256
-19.6815726,196.1617837,398.93999,22800.0,1.5821850000000026,5.614624999999762,0.0,2.509999999995572,-0.6952500000778628,0.0,0.0,-0.8852539,-5.9394532,-0.3168945999999999,-1.4806640999999998,111.7285647345679,29.748585614826908,36.07683296512949,115.62115084935462,347.5360000000219
-19.6489271,196.2737892,398.93999,22800.0,1.632274999999872,5.600274999999044,0.0,2.5044999999934703,-0.7175000000358978,0.0,0.0,-0.8662108,-5.9609375,-0.315918,-1.482715,111.98983572816684,28.74946610528244,36.07684336683505,115.62117067285116,346.14400000000023
-19.6152826,196.3854985,398.93999,22800.0,1.6822250000000594,5.585465000001477,0.0,2.4975000000093672,-0.7404999998783524,0.0,0.0,-0.8256836,-5.9121093,-0.3134764,-1.5124512,112.24212960556544,27.748036312679343,36.07682991060479,115.6211450280714,345.2159999999858
-19.5806415,196.4969028,398.93999,22800.0,1.7320549999999102,5.570214999998768,0.0,2.4914999999925413,-0.7625000001354465,0.0,0.0,-0.8046873999999999,-5.9516602,-0.3183595,-1.521167,112.4855344628822,26.74423800132657,36.07683116331759,115.62114741547872,346.14400000000023
-19.5450068,196.6079933,398.93999,22800.0,1.7817350000001395,5.554525000000865,0.0,2.484000000011477,-0.7844999998951607,0.0,0.0,-0.7851562,-5.9262694,-0.3188475,-1.5006592,112.71990760253236,25.73855485796252,36.07683353778858,115.62115194072312,346.60800000000745
-19.5083814,196.7187611,398.93999,22800.0,1.831270000000096,5.538389999999538,0.0,2.476749999997807,-0.8067500000663586,0.0,0.0,-0.7768554,-5.9667968,-0.3164061999999999,-1.4939942,112.94527704571824,24.730838089467813,36.07683168491964,115.62114840954278,346.3759999999893
-19.4707684,196.8291975,398.93999,22800.0,1.88064999999984,5.521819999999877,0.0,2.468999999987176,-0.8284999999830234,0.0,0.0,-0.7641601,-6.0185546,-0.3149413,-1.5052735,113.16159913492646,23.7213830461044,36.076835253910005,115.62115521129252,345.2160000000149
-19.432170300000003,196.9392933,398.93999,22800.0,1.9299049999998985,5.504790000000526,0.0,2.462750000002956,-0.8514999999675865,0.0,0.0,-0.8076171999999999,-5.8847656,-0.3183593999999999,-1.4898926,113.36900185348156,22.709369092374583,36.07682275884034,115.62113139832356,345.448000000004
-19.3925903,197.0490403,398.93999,22800.0,1.9790000000000416,5.487349999998514,0.0,2.4547500000071665,-0.8720000001005701,0.0,0.0,-0.8178711,-5.8974609,-0.3178709999999999,-1.4765624999999998,113.56733424593207,21.69604981885709,36.076849896682205,115.6211831174097,345.6800000000221
-19.3520316,197.1584289,398.93999,22800.0,2.0279350000002694,5.469430000000841,0.0,2.4467500000113773,-0.8959999998836565,0.0,0.0,-0.8247069999999999,-5.9726562,-0.3159177999999999,-1.4955324,113.75659163166472,20.68043283364604,36.07681462631434,115.62111589947696,347.76800000001094
-19.310498000000003,197.2674512,398.93999,22800.0,2.0766799999996977,5.451115000001039,0.0,2.4372499999714137,-0.915749999990112,0.0,0.0,-0.8510741,-5.9047851,-0.3168943999999999,-1.5293701,113.93667569802273,19.66419187780572,36.07682386048961,115.6211334978323,345.2159999999858
-19.2679917,197.3760983,398.93999,22800.0,2.1253150000001497,5.432354999999234,0.0,2.431750000022604,-0.9380000000902556,0.0,0.0,-0.8691405999999999,-5.958495999999999,-0.3208006,-1.5180908,114.10787586836008,18.64538228986241,36.07684905814246,115.6211815193228,347.0719999999856
-19.2245168,197.4843614,398.93999,22800.0,2.17374500000016,5.413155000000813,0.0,2.4215000000005205,-0.959999999921024,0.0,0.0,-0.8276367,-5.9511719,-0.3193359,-1.4965577,114.26984031201997,17.625533760980705,36.07684504038272,115.6211738622905,345.9120000000112
-19.1800768,197.5922317,398.93999,22800.0,2.221999999999724,5.393515000000093,0.0,2.412749999978203,-0.9820000000360096,0.0,0.0,-0.7944335999999999,-5.906250099999999,-0.3149414,-1.5073243,114.42267980927905,16.60418057477792,36.076828298834414,115.62114195637676,345.679999999993
-19.134675,197.6997008,398.93999,22800.0,2.2700900000000246,5.373454999998728,0.0,2.40450000001502,-1.0030000000682548,0.0,0.0,-0.756836,-5.9072264,-0.3154296,-1.4950195,114.56643736617758,15.581469295927157,36.07683349262953,115.62115185465942,347.07200000001467
-19.0883155,197.8067602,398.93999,22800.0,2.317975000000061,5.352969999999857,0.0,2.3942500000018185,-1.0242499999435497,0.0,0.0,-0.7602538999999999,-5.8417968,-0.3159179,-1.4698975,114.70098372477294,14.557927713119676,36.07682934134729,115.62114394318648,346.3759999999893
-19.0410015,197.9134013,398.93999,22800.0,2.365700000000004,5.332055000000935,0.0,2.386249999997148,-1.0457499999461106,0.0,0.0,-0.7260743,-5.9291991,-0.3125000999999999,-1.4698975,114.82645599948626,13.532808775349784,36.07683611245,115.62115684749112,347.5359999999928
-18.9927367,198.0196154,398.93999,22800.0,2.413239999999917,5.310704999999416,0.0,2.3769999999956326,-1.0675000000759385,0.0,0.0,-0.7641601,-5.8872071,-0.3095703999999999,-1.5052735,114.94276729988373,12.50640956898809,36.07683185583203,115.62114873526598,347.3040000000037
-18.9435255,198.1253942,398.93999,22800.0,2.4605600000001004,5.288940000001219,0.0,2.366000000009194,-1.0882499999098627,0.0,0.0,-0.8203123999999999,-5.8720704,-0.3105468999999999,-1.5160402000000002,115.0498403531143,11.479547144287553,36.07682217360248,115.62113028298508,347.0719999999856
-18.8933713,198.2307293,398.93999,22800.0,2.507710000000074,5.266754999998113,0.0,2.35749999999868,-1.1092500001552708,0.0,0.0,-0.7836914,-5.9477539,-0.3134768,-1.4965577,115.14780980878098,10.451415858169678,36.0768322241945,115.62114943728764,346.3759999999893
-18.842278,198.3356122,398.93999,22800.0,2.5546649999999005,5.244145000001765,0.0,2.347749999991322,-1.1304999998174026,0.0,0.0,-0.7802735000000001,-5.8930665,-0.3100587,-1.4929688,115.23659757734208,9.422305165959218,36.07683916461895,115.62116266429231,346.3759999999893
-18.7902504,198.4400348,398.93999,22800.0,2.60138000000012,5.2211299999981975,0.0,2.335750000010961,-1.150750000178391,0.0,0.0,-0.7426758999999999,-5.8549804000000005,-0.3076172,-1.5088624,115.31612334727173,8.393171163153273,36.076840004587936,115.62116426509974,346.8399999999965
-18.7372919,198.5439882,398.93999,22800.0,2.647924999999951,5.197670000001153,0.0,2.327249999991565,-1.172999999852209,0.0,0.0,-0.7407225,-5.881836000000001,-0.310547,-1.485791,115.38649546247316,7.362382455075218,36.0768272623661,115.62113998108713,347.07200000001467
-18.6834073,198.6474648,398.93999,22800.0,2.694229999999997,5.173829999999668,0.0,2.3152500000023224,-1.1920000000742448,0.0,0.0,-0.7680665,-5.8920899,-0.3110353,-1.4719483,115.44765384538287,6.331964093521737,36.07684209595909,115.62116825082246,348.4640000000072
-18.6286005,198.7504559,398.93999,22800.0,2.7403400000000744,5.14955499999985,0.0,2.305500000003846,-1.2137499999909096,0.0,0.0,-0.7954101,-5.8710937,-0.3061523999999999,-1.4888672,115.49960838515752,5.30040574304783,36.07684048597759,115.62116518252913,347.07200000001467
-18.5728758,198.8529531,398.93999,22800.0,2.786234999999948,5.124860000000808,0.0,2.294749999993684,-1.2347499999521006,0.0,0.0,-0.8193358,-5.9140625,-0.3056640999999999,-1.5242433,115.542334868253,4.268226212665941,36.07682928479839,115.6211438354162,346.3760000000184
-18.5162383,198.9549486,398.93999,22800.0,2.8318749999998616,5.09977499999934,0.0,2.2819999999956764,-1.254250000073398,0.0,0.0,-0.8500976999999998,-5.9042967,-0.3085938,-1.5139892,115.57581879737972,3.236458572807181,36.076819420841815,115.6211250368126,348.0
-18.458692000000003,199.0564344,398.93999,22800.0,2.877314999999925,5.074290000000303,0.0,2.2720000000031604,-1.2742499999518486,0.0,0.0,-0.8041991,-5.851562599999999,-0.3076173,-1.4996339,115.60014810187954,2.2041923479005865,36.07683791488056,115.6211602825496,346.14400000000023
-18.4002414,199.1574021,398.93999,22800.0,2.922530000000201,5.0483849999992,0.0,2.2607500000138003,-1.295250000055148,0.0,0.0,-0.7895508,-5.881347700000001,-0.3022460999999999,-1.5052735,115.61522882760391,1.171441284766346,36.07683951792072,115.62116333761251,347.3040000000037
-18.340891300000003,199.2578436,398.93999,22800.0,2.967504999999804,5.022075000000825,0.0,2.248749999980149,-1.3154999999187569,0.0,0.0,-0.7934571,-5.7827149,-0.3017578999999999,-1.5006592,115.62106770688348,0.138650829748064,36.076832960598296,115.62115084071912,345.679999999993
-18.2806465,199.3577509,398.93999,22800.0,3.012240000000155,4.995364999999197,0.0,2.236750000017551,-1.3355000000814243,0.0,0.0,-0.7827147999999999,-5.8872072,-0.3056640999999999,-1.4842529,115.6176781172928,-0.8940981269962905,36.07682475309757,115.62113519895324,348.23199999998906
-18.2212853,199.45428,398.93999,22800.0,2.9680600000000723,4.826454999999896,0.0,-2.2090000000041243,-8.445499999965023,0.0,0.0,-0.7734375,-5.7124023,-0.3051757999999999,-1.4883545,115.09271586161891,-3.178142080052421,35.815408324284874,115.13658771860642,345.2160000000149
-18.1943218,199.5005789,398.93999,22800.0,1.348174999999863,2.3149450000005345,0.0,-80.99425000001048,-125.57549999996807,0.0,0.0,0.0512694,-5.1733400000000005,-0.3085938,-1.4847657,107.39369166296498,-25.946672507891627,29.698831871214946,110.4836405230737,344.0560000000114
-18.2284226,199.5027341,398.93999,22800.0,-1.7050399999998689,0.1077600000002121,0.0,-152.6607499999866,-110.35925000001612,0.0,0.0,0.8583985000000001,-5.538086,-0.3476561999999999,-1.2617432000000002,-15.101269927216196,110.91300292445264,26.53994287864648,111.93633266787994,337.5599999999977
-18.3354008,199.4953794,398.93999,22800.0,-5.348910000000018,-0.3677350000003798,0.0,-182.19350000000745,-23.7747500000296,0.0,0.0,0.4482421,-5.7729493,-0.3994140999999999,-0.9551514,-61.831811211983954,96.13028110573389,35.32419201744081,114.29874812622332,332.6880000000237
-18.4519369,199.4899856,398.93999,22800.0,-5.826805000000057,-0.2696899999989455,0.0,-23.894750000001963,4.902250000071717,0.0,0.0,0.6791992000000001,-5.7788086,-0.4145506,-0.8485108,-63.47195636957013,96.64051900944769,36.07644410258533,115.6204097890854,328.27999999999884
-18.5685654,199.4876913,398.93999,22800.0,-5.831425000000046,-0.1147150000008423,0.0,-0.2309999999994261,7.748749999905158,0.0,0.0,0.2583008000000001,-5.7368163,-0.4301758999999999,-0.8813232000000001,-60.87698974132248,98.29413852471566,36.07568696585263,115.61896707842132,324.5679999999993
-18.685206,199.4890567,398.93999,22800.0,-5.83203000000001,0.0682700000012914,0.0,-0.030249999998233,9.14925000010669,0.0,0.0,0.7260742,-5.8891601,-0.4384767,-0.9084961,-57.76257118340384,100.1556123295812,36.075495766978655,115.61860278878632,320.3919999999925
-18.8018146,199.4926732,398.93999,22800.0,-5.830429999999964,0.1808249999982081,0.0,0.0800000000023004,5.6277499998458325,0.0,0.0,0.3579102000000002,-5.9604493000000005,-0.4326172,-0.9479737,-55.82560413653049,101.2507327644078,36.07673865678273,115.62097111916216,316.679999999993
-18.9183881,199.497319,398.93999,22800.0,-5.828675000000061,0.2322900000010008,0.0,0.087749999995168,2.573250000139637,0.0,0.0,0.6533203000000001,-5.997070299999999,-0.4335939,-0.9925779,-54.93017428388668,101.73952818459422,36.07684457927152,115.62117298350682,311.8080000000191
-19.0349212,199.5028863,398.93999,22800.0,-5.826654999999903,0.2783649999997806,0.0,0.1010000000079003,2.3037499999389865,0.0,0.0,0.4863281,-6.0024413,-0.4262699,-1.0576905,-54.12407980444503,102.17063536854396,36.0768425466165,115.62116910968297,310.6480000000156
-19.1514068,199.5093754,398.93999,22800.0,-5.824280000000037,0.324455000000512,0.0,0.1187499999932839,2.304500000036569,0.0,0.0,0.5390626000000001,-6.015625,-0.4194337,-1.0725587,-53.31413141024166,102.59563703327258,36.076857522754985,115.62119765117262,306.00800000000163
-19.2678371,199.5167856,398.93999,22800.0,-5.821515000000055,0.370509999999058,0.0,0.1382499999991182,2.3027499999273005,0.0,0.0,0.5888671000000001,-6.0424805,-0.4091795,-1.0822998,-52.50086452181227,103.01412155383473,36.07683181086584,115.62114864956985,305.5439999999944
-19.3842056,199.5251161,398.93999,22800.0,-5.818425000000005,0.4165250000013998,0.0,0.1545000000024998,2.300750000117091,0.0,0.0,0.4389649000000001,-6.0595703,-0.4013671,-1.1212645,-51.68496461039075,103.42595869932232,36.07686467806126,115.62121128777048,300.6719999999914
-19.5005042,199.5343667,398.93999,22800.0,-5.814930000000018,0.462530000000072,0.0,0.1747499999993351,2.3002499999336123,0.0,0.0,0.5498047000000001,-6.0493164,-0.3940431,-1.128955,-50.86517156028043,103.8315275329292,36.07683583318063,115.62115631526176,299.74400000000605
-19.6167262,199.5445369,398.93999,22800.0,-5.811099999999847,0.5085099999988074,0.0,0.1915000000085598,2.2989999999367683,0.0,0.0,0.5400391000000002,-6.0664062,-0.3823240999999999,-1.1361328,-50.042402786852975,104.23059417441806,36.07685183260655,115.62118680689046,297.8880000000063
-19.7328639,199.5556258,398.93999,22800.0,-5.80688500000015,0.5544450000002143,0.0,0.2107499999848272,2.2967500000703467,0.0,0.0,0.5458985000000001,-6.1020507,-0.3720704999999999,-1.1586915999999998,-49.21652037278462,104.623059651643,36.07683288513565,115.62115069690309,294.872000000003
-19.8489104,199.5676328,398.93999,22800.0,-5.802324999999975,0.6003500000005602,0.0,0.2280000000087767,2.2952500000172904,0.0,0.0,0.5732422000000001,-6.1137696,-0.3632811999999999,-1.2068848,-48.38765803648095,105.00899625289964,36.07684254209418,115.62116910106432,293.71199999999953
-19.964858600000003,199.5805571,398.93999,22800.0,-5.797410000000092,0.6462150000004385,0.0,0.2457499999941603,2.293249999993918,0.0,0.0,0.5859377,-6.1142578,-0.3559567,-1.2284179,-47.55589304634763,105.38833514437074,36.076863879987,115.62120976679785,290.4640000000072
-20.0807005,199.5943983,398.93999,22800.0,-5.792094999999797,0.6920600000000832,0.0,0.2657500000147195,2.292249999982232,0.0,0.0,0.5976562000000001,-6.143066500000001,-0.347168,-1.2253417,-46.72042545278922,105.76129577503346,36.0768314102703,115.62114788611876,290.92799999998533
-20.196429700000003,199.6091549,398.93999,22800.0,-5.786460000000204,0.7378299999984961,0.0,0.2817499999796524,2.2884999999206457,0.0,0.0,0.5463868000000001,-6.1826171,-0.3383789,-1.2381592,-45.88300986210363,106.12733379582832,36.0768580363119,115.62119862990984,286.5199999999895
-20.3120382,199.6248264,398.93999,22800.0,-5.780424999999667,0.7835749999998143,0.0,0.3017500000268569,2.28725000006591,0.0,0.0,0.6562498000000001,-6.1879881,-0.3295897,-1.2571289,-45.04196755705608,106.4869498881343,36.07683027431458,115.62114572122574,286.5199999999895
-20.4275193,199.6414119,398.93999,22800.0,-5.774055000000189,0.8292750000009619,0.0,0.3184999999739091,2.28500000005738,0.0,0.0,0.6181639000000001,-6.1816405,-0.3237306,-1.2504638,-44.19831926972515,106.83989917771338,36.07684421732627,115.62117229371324,286.5200000000186
-20.542866,199.6589099,398.93999,22800.0,-5.767334999999996,0.8748999999994567,0.0,0.3360000000096619,2.28124999992474,0.0,0.0,0.5849610000000001,-6.1870118,-0.3164064,-1.262256,-43.35242212108035,107.1859802340664,36.07687003961152,115.6212215058378,283.0400000000081
-20.6580701,199.67731970000003,398.93999,22800.0,-5.760204999999985,0.9204900000014504,0.0,0.3565000000005369,2.279500000099688,0.0,0.0,0.6674805000000001,-6.1733400000000005,-0.3139649,-1.2925049,-42.502942458975,107.52556400421226,36.0768250421846,115.6211357498917,283.50399999998626
-20.7731254,199.6966399,398.93999,22800.0,-5.752764999999904,0.9660099999976524,0.0,0.3720000000040357,2.2759999998100966,0.0,0.0,0.6489257000000002,-6.1240234,-0.3095701999999999,-1.334033,-41.651566212197,107.85827152871856,36.076853798694856,115.62119055385917,282.1120000000228
-20.8880242,199.7168694,398.93999,22800.0,-5.7449400000001205,1.0114750000013828,0.0,0.3912499999891849,2.273250000186522,0.0,0.0,0.6567382000000002,-6.0854492,-0.3012694,-1.3345459,-40.79721445963876,108.18430249816257,36.07684542473814,115.6211745947934,282.3439999999828
-21.0027595,199.7380073,398.93999,22800.0,-5.736764999999977,1.0568949999992585,0.0,0.4087500000071742,2.2709999998937747,0.0,0.0,0.6904298000000001,-6.0791016,-0.2968753,-1.324292,-39.94010902144021,108.50367975429504,36.07685634866328,115.6211954135882,281.6480000000156
-21.117324000000004,199.7600516,398.93999,22800.0,-5.728225000000187,1.1022150000002284,0.0,0.4269999999895191,2.266000000048507,0.0,0.0,0.6552734000000001,-6.083984200000001,-0.2915041,-1.3447997,-39.08100474879679,108.81604837356832,36.07684837715935,115.62118022150716,281.41599999999744
-21.2317103,199.7830012,398.93999,22800.0,-5.719314999999625,1.1474800000002006,0.0,0.4455000000280762,2.2632499999986067,0.0,0.0,0.5844727000000001,-6.0859376,-0.2905274999999999,-1.3447996,-38.21908370312019,109.12171787411306,36.07682649172076,115.6211385124002,278.8640000000014
-21.3459121,199.8068549,398.93999,22800.0,-5.710090000000179,1.1926849999994715,0.0,0.4612499999723241,2.2602499999635484,0.0,0.0,0.6308594000000001,-6.084961,-0.2866210999999999,-1.3406981,-37.35507805731479,109.42059362192482,36.076872995660274,115.62122713949414,279.5599999999977
-21.4599212,199.8316109,398.93999,22800.0,-5.7004550000000265,1.2378000000012437,0.0,0.481750000007608,2.2557500000885966,0.0,0.0,0.6733397000000001,-6.0820313,-0.2851561999999999,-1.3560791,-36.48836729301003,109.7125805118459,36.07683465913775,115.62115407778056,278.4000000000233
-21.5737308,199.857268,398.93999,22800.0,-5.690479999999987,1.282854999999472,0.0,0.4987500000019906,2.2527499999114298,0.0,0.0,0.6152345,-6.0571289,-0.2822264,-1.3935059,-35.619278663355175,109.9977952501006,36.07682717580962,115.6211398161288,277.7039999999979
-21.6873345,199.883824,398.93999,22800.0,-5.680184999999938,1.327799999999968,0.0,0.5147500000024507,2.247250000024792,0.0,0.0,0.6352539000000001,-6.03125,-0.2788084999999999,-1.4078613,-34.74889437252391,110.27591925485716,36.07686360696549,115.6212092464726,278.1680000000051
-21.8007244,199.9112778,398.93999,22800.0,-5.669495000000069,1.3726899999994655,0.0,0.534499999993443,2.244499999974892,0.0,0.0,0.6811523000000002,-6.0639649,-0.2753907,-1.39812,-33.87538707114985,110.54734803594329,36.07684994553757,115.62118321051813,276.77599999998347
-21.9138936,199.9396275,398.93999,22800.0,-5.658460000000076,1.4174850000003405,0.0,0.5517499999996289,2.239750000043728,0.0,0.0,0.5786133000000001,-6.1088866,-0.2739262,-1.4042724999999998,-33.00002971307852,110.81179986414152,36.07684754752736,115.62117864039712,277.7039999999979
-22.026835,199.9688714,398.93999,22800.0,-5.647069999999843,1.4621949999991557,0.0,0.5695000000116579,2.235499999940771,0.0,0.0,0.6166992000000001,-6.1142577000000005,-0.2734378,-1.4222168,-32.12253421578345,111.06934143678076,36.07684496402786,115.62117371677373,275.6160000000091
-22.1395416,199.9990076,398.93999,22800.0,-5.635330000000138,1.506810000000769,0.0,0.5869999999852382,2.2307500000806613,0.0,0.0,0.6235352000000002,-6.1000977,-0.2734377999999999,-1.4027344000000002,-31.24312822383345,111.3199135219932,36.07684586284778,115.62117542974096,276.0800000000163
-22.2520063,200.0300341,398.93999,22800.0,-5.623234999999838,1.5513250000012135,0.0,0.6047500000150308,2.225750000022231,0.0,0.0,0.6303712000000001,-6.1083984,-0.2709963999999999,-1.4027344,-30.36182912280644,111.56349418672458,36.07684063271712,115.62116546218442,276.0799999999872
-22.3642222,200.0619491,398.93999,22800.0,-5.610795000000124,1.5957499999984748,0.0,0.6219999999856896,2.221249999863062,0.0,0.0,0.6215819,-6.1059571,-0.2700199,-1.4242675,-29.47860368381341,111.80013052077138,36.07684824962303,115.6211799784488,276.31200000000536
-22.4761817,200.0947525,398.93999,22800.0,-5.597975000000055,1.640170000000296,0.0,0.6410000000034444,2.221000000091067,0.0,0.0,0.6826172000000001,-6.0791015,-0.2695316,-1.4560546,-28.59162153962741,112.03025911182714,36.07685396623819,115.6211908731631,276.7760000000126
-22.5878734,200.1284532,398.93999,22800.0,-5.5845849999998975,1.685034999999857,0.0,0.6695000000078721,2.2432499999780475,0.0,0.0,0.6787109000000002,-6.052246299999999,-0.2680667,-1.4493896,-27.691121207003285,112.25608897317424,36.07678118696348,115.6210521715408,275.6160000000091
-22.6992884,200.1630554,398.93999,22800.0,-5.570750000000047,1.7301100000011616,0.0,0.6917499999925525,2.2537500000652244,0.0,0.0,0.6010743000000001,-6.1000976,-0.2661135,-1.4360595,-26.782576136629096,112.47621156920096,36.07672865186056,115.6209520522729,276.77599999998347
-22.8104227,200.198548,398.93999,22800.0,-5.55671499999999,1.7746299999998882,0.0,0.701750000002832,2.2259999999363345,0.0,0.0,0.6503907000000001,-6.1450196,-0.2670901,-1.4529784,-25.881544459504447,112.68691965373512,36.076709706900864,115.62091594800944,276.31200000000536
-22.9212766,200.2349093,398.93999,22800.0,-5.542694999999931,1.81806499999766,0.0,0.7010000000029493,2.171749999888561,0.0,0.0,0.6835937000000001,-6.1523438,-0.2670901,-1.4442626,-24.999352131491925,112.88602217599708,36.07676735526604,115.62102581154534,275.3839999999909
-23.0318523,200.27211000000003,398.93999,22800.0,-5.528785000000092,1.8600350000028243,0.0,0.6954999999919664,2.098500000258241,0.0,0.0,0.6874999000000002,-6.144043000000001,-0.2661135,-1.4324705,-24.143239988301968,113.07230838641992,36.0768158042786,115.621118144422,276.31200000000536
-23.142154,200.310118,398.93999,22800.0,-5.515084999999864,1.9003999999981147,0.0,0.685000000011371,2.018249999764521,0.0,0.0,0.7270508000000001,-6.161132799999999,-0.2641602999999999,-1.4432372,-23.316670408384034,113.24576989353216,36.0768806027406,115.62124163713192,274.4560000000056
-23.2521859,200.3489019,398.93999,22800.0,-5.501595000000137,1.939195000001348,0.0,0.6744999999863666,1.9397500001616663,0.0,0.0,0.7446290000000001,-6.170898500000001,-0.2670901,-1.4750244,-22.518952448911705,113.40717912630966,36.0769259369285,115.62132803589152,276.5439999999944
-23.361951,200.3884344,398.93999,22800.0,-5.488255000000031,1.9766249999989327,0.0,0.6670000000053022,1.8714999998792337,0.0,0.0,0.6816406,-6.1416015,-0.2666018,-1.4842529,-21.745893171867603,113.55793920324628,36.076921238011614,115.62131908056772,275.6160000000091
-23.4714497,200.4286976,398.93999,22800.0,-5.474934999999981,2.013159999999914,0.0,0.6660000000024979,1.82675000004906,0.0,0.0,0.6059571000000001,-6.1015625,-0.2675784,-1.4632325,-20.98821000319601,113.70034789839184,36.076886397193455,115.6212526802646,276.31200000000536
-23.5806789,200.4696852,398.93999,22800.0,-5.461459999999896,2.049380000001122,0.0,0.6737500000042473,1.8110000000604032,0.0,0.0,0.6699218000000002,-6.1030273,-0.2690433,-1.4616944,-20.2343425978866,113.83686767778757,36.07685688006934,115.62119642634202,273.9919999999984
-23.689633500000003,200.5113976,398.93999,22800.0,-5.447730000000206,2.0856199999997216,0.0,0.6864999999844912,1.8119999999299807,0.0,0.0,0.6030274,-6.1489257,-0.2719729999999999,-1.4668212,-19.477670699866408,113.9687915618528,36.07686605384184,115.62121390973842,277.47200000000885
-23.7983082,200.5538332,398.93999,22800.0,-5.433734999999906,2.1217800000002285,0.0,0.699750000014987,1.8080000000253449,0.0,0.0,0.6318359000000001,-6.1479491,-0.2714847999999999,-1.4442627,-18.719597850485616,114.09571948494064,36.07684663596925,115.62117690315286,278.63199999998324
-23.9066986,200.5969905,398.93999,22800.0,-5.419520000000055,2.157864999999504,0.0,0.7107499999925437,1.8042499999637585,0.0,0.0,0.6630858000000001,-6.0952149,-0.2700197999999999,-1.4401610000000002,-17.960704389819934,114.21768042720056,36.076866776294985,115.62121528659269,286.5199999999895
-24.0147997,200.6408673,398.93999,22800.0,-5.405054999999948,2.193839999999625,0.0,0.7232500000053932,1.7987500000060663,0.0,0.0,0.6391602000000002,-6.067871,-0.2705081,-1.4493895,-17.201087233461255,114.33453795167492,36.07686347767086,115.62120900006252,290.23199999998906
-24.1226067,200.6854618,398.93999,22800.0,-5.390349999999877,2.229725000000826,0.0,0.7352500000035178,1.7942500000600603,0.0,0.0,0.5737306000000001,-6.0722656,-0.2729496,-1.4770752000000005,-16.440587407955253,114.44636586249185,36.076862576413866,115.62120728244432,294.872000000003
-24.2301152,200.7307714,398.93999,22800.0,-5.375425000000078,2.265479999998377,0.0,0.7462499999899563,1.7877499998775193,0.0,0.0,0.6342773000000002,-6.098144499999999,-0.273926,-1.4647706,-15.680105761631218,114.55304707341388,36.0768687870624,115.62121911872282,300.20799999998417
-24.3373195,200.7767953,398.93999,22800.0,-5.360214999999968,2.301195000001144,0.0,0.7605000000054929,1.7857500001383642,0.0,0.0,0.6596679000000001,-6.1362306,-0.2744141999999999,-1.4458007,-14.917317662566694,114.65482471517312,36.0768435686783,115.62117105752304,303.6880000000237
-24.444216,200.8235306,398.93999,22800.0,-5.344825000000064,2.3367649999997298,0.0,0.7694999999952046,1.778499999929295,0.0,0.0,0.5917970000000001,-6.152832,-0.2758788,-1.4560546,-14.15537476642324,114.75144229493738,36.076872946429305,115.6212270456694,306.704000000027
-24.5507994,200.8709751,398.93999,22800.0,-5.329169999999905,2.372224999999162,0.0,0.7827500000079368,1.7729999999716028,0.0,0.0,0.5898436000000001,-6.1049805,-0.2768556,-1.4452881000000002,-13.392469039328766,114.8429487278438,36.07685696270293,115.62119658382515,309.487999999983
-24.657065,200.9191273,398.93999,22800.0,-5.313279999999843,2.4076100000016254,0.0,0.7945000000031399,1.7692500001231792,0.0,0.0,0.6391601000000001,-6.0834961,-0.2768554,-1.4222168000000002,-12.62853779284136,114.92946814112436,36.07686039929115,115.6212031332789,314.127999999997
-24.763008000000003,200.9679849,398.93999,22800.0,-5.29715000000035,2.4428799999981266,0.0,0.8064999999746192,1.7634999998250578,0.0,0.0,0.6250001000000002,-6.1108397,-0.2783201,-1.4242675,-11.864095138332878,115.01087689460144,36.07685119472037,115.62118559120808,315.98399999999674
-24.8686242,201.0175457,398.93999,22800.0,-5.280809999999825,2.478040000001158,0.0,0.8170000000262689,1.7580000001515828,0.0,0.0,0.5488280000000001,-6.1269531,-0.279785,-1.4499023,-11.0995310154823,115.08722444074492,36.076874477371895,115.6212299633508,318.3040000000037
-24.9739086,201.067807,398.93999,22800.0,-5.264219999999931,2.513064999999415,0.0,0.8294999999947095,1.7512499999128297,0.0,0.0,0.6171874,-6.1640626,-0.2812498,-1.4524657,-10.334587165966951,115.1584022800298,36.07685743491465,115.62119748376654,321.0879999999888
-25.0788563,201.1187673,398.93999,22800.0,-5.247385000000193,2.548015000000703,0.0,0.8417499999868738,1.747500000064406,0.0,0.0,0.6406250000000001,-6.2338865,-0.2807615999999999,-1.4273436,-9.56847120472296,115.22456814198506,36.07684708124275,115.62117775175348,323.4079999999958
-25.1834632,201.1704241,398.93999,22800.0,-5.230344999999836,2.5828399999994645,0.0,0.8520000000178385,1.741249999938077,0.0,0.0,0.5878907000000001,-6.1757812,-0.2812498,-1.4181152,-8.802533371049664,115.28564704978427,36.0768658348153,115.62121349231673,325.2639999999956
-25.2877244,201.2227754,398.93999,22800.0,-5.213059999999992,2.6175649999999,0.0,0.8642499999922393,1.7362500000217551,0.0,0.0,0.5830079000000001,-6.0922851,-0.2851561999999999,-1.4222168,-8.035788476807337,115.34164551528808,36.07687508635327,115.62123112395216,326.1919999999809
-25.391635200000003,201.2758181,398.93999,22800.0,-5.195540000000243,2.65213500000101,0.0,0.8759999999874424,1.7285000000555328,0.0,0.0,0.6855468000000001,-6.101074199999999,-0.2851561999999999,-1.3894044,-7.269170048858487,115.39244966658092,36.07685054969622,115.62118436192232,326.8880000000063
-25.4951911,201.3295505,398.93999,22800.0,-5.1777949999998185,2.6866199999986407,0.0,0.8872500000212113,1.724249999881522,0.0,0.0,0.6669922000000001,-6.0830079,-0.2866210999999999,-1.37146,-6.501848643441055,115.43823506283888,36.0768548087063,115.62119247873834,329.6719999999914
-25.5983877,201.3839701,398.93999,22800.0,-5.159830000000021,2.72098000000085,0.0,0.8982499999898863,1.7180000001104645,0.0,0.0,0.5512696000000001,-6.0917968,-0.2880859999999999,-1.3694092,-5.734470161900077,115.4789211990976,36.07686669686845,115.62121513522126,327.3520000000135
-25.7012203,201.4390744,398.93999,22800.0,-5.141629999999964,2.7552150000005327,0.0,0.910000000002853,1.7117499999841357,0.0,0.0,0.6025391000000002,-6.1000976,-0.2978518,-1.3719726,-4.966792062216397,115.51448323995358,36.07686549932141,115.62121285293117,328.0480000000098
-25.803684,201.4948614,398.93999,22800.0,-5.123184999999886,2.7893499999990468,0.0,0.9222500000038992,1.7067499999257052,0.0,0.0,0.6323243000000002,-6.100586000000001,-0.3046874,-1.332495,-4.198306388998709,115.54494775079178,36.07685611812634,115.62119497423087,327.11999999999534
-25.9057747,201.5513278,398.93999,22800.0,-5.104535000000254,2.8233200000016723,0.0,0.9324999999815732,1.6985000001312756,0.0,0.0,0.6010743000000001,-6.0737304,-0.3120116999999999,-1.2894287,-3.430553257344221,115.57026906517292,36.076844909123416,115.62117361213706,327.11999999999534
-26.0074881,201.6084719,398.93999,22800.0,-5.085669999999887,2.8572049999979754,0.0,0.9432500000183808,1.694249999815156,0.0,0.0,0.6035156000000002,-6.043456999999999,-0.3198244,-1.2750734,-2.6622815414290515,115.5905810779217,36.07687756039383,115.62123583899898,326.1919999999809
-26.1088191,201.6662906,398.93999,22800.0,-5.066549999999914,2.8909350000006384,0.0,0.9559999999986246,1.686500000133151,0.0,0.0,0.6684570000000002,-6.0585937,-0.3291012999999999,-1.2402099,-1.893782984930641,115.6056684672126,36.07684765088649,115.6211788373786,322.71199999999953
-26.209763700000003,201.7247818,398.93999,22800.0,-5.047230000000269,2.924560000001009,0.0,0.9659999999822588,1.6812500000185082,0.0,0.0,0.6391602000000001,-6.091308700000001,-0.3359374,-1.1991942,-1.1252894132367632,115.61574006688116,36.07686723721228,115.62121616501088,322.4799999999814
-26.310317200000004,201.7839425,398.93999,22800.0,-5.027675000000009,2.958034999998916,0.0,0.9777500000129892,1.6737499998953351,0.0,0.0,0.5390627000000001,-6.0849609,-0.3432617999999999,-1.1884277,-0.3568241302615496,115.62064158858657,36.07685466033124,115.62119219596524,321.320000000007
-26.4104752,201.8437705,398.93999,22800.0,-5.007899999999843,2.9914000000005103,0.0,0.9887500000083094,1.6682500000797518,0.0,0.0,0.6215820000000001,-6.0883789,-0.3520506,-1.2002197,0.4118946849904887,115.62047099454028,36.07686120764626,115.62120467384368,317.8399999999965
-26.5102335,201.9042627,398.93999,22800.0,-4.987914999999887,3.0246099999999387,0.0,0.9992499999977866,1.660499999971421,0.0,0.0,0.6284179000000002,-6.0205078,-0.3583981999999999,-1.1894531,1.1801073626294978,115.61518843220672,36.07686456449426,115.62121107133412,315.7520000000077
-26.6095872,201.9654168,398.93999,22800.0,-4.967685000000088,3.05770500000051,0.0,1.011499999989951,1.6547500000285709,0.0,0.0,0.6054688000000001,-6.012206999999999,-0.3627929,-1.1561281,1.948924316617367,115.6047570853154,36.07685030802011,115.62118390133654,313.4320000000007
-26.708532299999995,202.0272302,398.93999,22800.0,-4.947254999999728,3.090669999998852,0.0,1.021500000017994,1.648249999917084,0.0,0.0,0.6030274000000001,-6.0654295000000005,-0.3676758999999999,-1.1392091,2.717391076386452,115.58927675291736,36.076866073272335,115.62121394676907,311.57600000000093
-26.807064500000003,202.0896999,398.93999,22800.0,-4.926610000000409,3.1234850000004144,0.0,1.032249999965984,1.6407500000781283,0.0,0.0,0.6249999000000002,-5.96875,-0.3750002999999999,-1.1330565,3.48550316103952,115.56868330716355,36.0768755560991,115.62123201919742,308.3279999999795
-26.905179100000005,202.1528229,398.93999,22800.0,-4.905730000000119,3.156149999999513,0.0,1.0440000000144778,1.6332499999549557,0.0,0.0,0.6342774,-5.9492188,-0.3803709999999999,-1.0997313000000002,4.253605071104249,115.54291807649868,36.07685236607335,115.62118782357068,306.93599999998696
-27.0028719,202.2165968,398.93999,22800.0,-4.884639999999862,3.1886950000000525,0.0,1.0545000000128368,1.6272500000269474,0.0,0.0,0.6010742000000001,-6.0151368,-0.3857419999999999,-1.0822997,5.021650070098194,115.51208995812397,36.07685423170541,115.62119137909036,301.8319999999949
-27.1001386,202.2810189,398.93999,22800.0,-4.863334999999935,3.22110500000008,0.0,1.0652499999963538,1.620500000001357,0.0,0.0,0.6333009,-6.060058499999999,-0.3886717999999999,-1.0848633,5.789530905943282,115.47616546787276,36.07686231733756,115.621206788696,299.0480000000098
-27.1969748,202.3460856,398.93999,22800.0,-4.841809999999924,3.2533349999994243,0.0,1.076250000000556,1.6114999999672364,0.0,0.0,0.6674804000000001,-6.0195312,-0.3901367,-1.1007569,6.556779871218066,115.43508368042706,36.07683156475901,115.6211481805418,294.4080000000249
-27.293377,202.411795,398.93999,22800.0,-4.82011,3.285470000001567,0.0,1.084999999996228,1.6067500001071269,0.0,0.0,0.6416016000000001,-6.0053711,-0.3945314,-1.0792236,7.323664487936564,115.38908423383974,36.07689263833364,115.62126457471405,293.4799999999814
-27.3893396,202.4781438,398.93999,22800.0,-4.7981300000000005,3.3174399999992943,0.0,1.0989999999999611,1.5984999998863714,0.0,0.0,0.6035156000000002,-6.0375977,-0.398926,-1.0505128,8.091141047721536,115.33772984560768,36.07685104013929,115.62118529660776,288.3759999999893
-27.4848593,202.5451289,398.93999,22800.0,-4.775985000000027,3.3492550000005394,0.0,1.1072499999986718,1.5907500000622576,0.0,0.0,0.6269531000000002,-6.0854493,-0.4033201999999999,-1.0530762,8.857344678229438,115.28144139963824,36.076861923994514,115.6212060390618,285.1280000000261
-27.5799317,202.6127475,398.93999,22800.0,-4.753619999999792,3.3809300000001485,0.0,1.1182500000117557,1.583749999980455,0.0,0.0,0.6933595000000001,-6.0698243,-0.4086911,-1.0300049000000002,9.623407918640874,115.22003370716148,36.07686841708141,115.62121841361122,281.1840000000084
-27.6745526,202.6809964,398.93999,22800.0,-4.7310450000001225,3.412444999999309,0.0,1.1287499999834694,1.5757499999580205,0.0,0.0,0.6191407000000001,-5.9550782,-0.4111326,-1.0012939,10.388920115011365,115.15352854849412,36.076865355782765,115.6212125793746,277.2399999999907
-27.7687175,202.7498729,398.93999,22800.0,-4.708244999999955,3.443824999999378,0.0,1.1400000000083566,1.5690000000034845,0.0,0.0,0.5429688000000001,-5.9824219,-0.4130858,-0.9966796,11.154438040649849,115.08188151091224,36.076856601049805,115.62119589458648,272.8319999999949
-27.862422700000003,202.8193737,398.93999,22800.0,-4.685260000000291,3.4750400000007176,0.0,1.1492499999832262,1.560750000066946,0.0,0.0,0.6025389000000001,-5.9448241,-0.4145506999999999,-1.0130858,11.918909592281963,115.00523550616434,36.07686490507612,115.62121172041624,267.49600000001374
-27.955663500000004,202.889496,398.93999,22800.0,-4.662040000000012,3.5061150000004204,0.0,1.1610000000139564,1.5537499999851434,0.0,0.0,0.6191405000000001,-5.9907228,-0.4174805,-1.0079589,12.683502847392583,114.92339721590253,36.076851000954974,115.62118522193036,264.2479999999923
-28.048436400000003,202.9602364,398.93999,22800.0,-4.638644999999997,3.537019999998847,0.0,1.1697500000007466,1.5452499999213387,0.0,0.0,0.5834959000000002,-5.9956055,-0.4174804999999999,-0.9766845,13.446816916838346,114.83660642562984,36.07686141258988,115.6212050644257,261.0
-28.140737,203.031592,398.93999,22800.0,-4.615029999999898,3.567780000000198,0.0,1.180750000004949,1.538000000067541,0.0,0.0,0.5668945000000002,-5.9628905,-0.4228517999999999,-0.9638671,14.209929876610078,114.74468184340137,36.076863813056825,115.62120963924214,255.1999999999825
-28.232561,203.1035593,398.93999,22800.0,-4.591199999999773,3.5983650000005696,0.0,1.1915000000062292,1.5292500000185782,0.0,0.0,0.6127930000000001,-5.960449199999999,-0.4262699,-0.959253,14.97241994030745,114.64762804410914,36.07683625825716,115.62115712536922,251.4880000000121
-28.3239048,203.1761358,398.93999,22800.0,-4.56719000000021,3.628824999999836,0.0,1.2004999999781774,1.5229999999633037,0.0,0.0,0.6518554000000002,-6.0151366,-0.4296877999999999,-0.9264404,15.734215597808005,114.54562792210224,36.07686902769443,115.62121957732064,246.15200000000183
-28.414764100000003,203.24931780000003,398.93999,22800.0,-4.542965000000088,3.6591000000015583,0.0,1.2112500000061033,1.5137500000861337,0.0,0.0,0.5957032000000002,-6.0014648,-0.4331054,-0.9105468,16.495280059229113,114.43849500942986,36.07686219249435,115.6212065507695,241.9759999999951
-28.5051351,203.3231021,398.93999,22800.0,-4.518549999999877,3.689214999998569,0.0,1.2207500000105398,1.5057499998505364,0.0,0.0,0.5590821000000001,-6.0214844,-0.4355466,-0.9161865,17.255442412595677,114.32635950023874,36.0768698284268,115.62122110336075,237.10399999999208
-28.5950136,203.3974855,398.93999,22800.0,-4.4939249999998765,3.719170000000816,0.0,1.231250000000017,1.497750000112319,0.0,0.0,0.6025392,-5.9248047,-0.4374998,-0.9325928,18.01505970234185,114.20912211493446,36.076867969830005,115.62121756123724,232.23200000001816
-28.6843957,203.4724644,398.93999,22800.0,-4.469105000000084,3.748944999998116,0.0,1.2409999999896115,1.4887499998650355,0.0,0.0,0.6308594000000001,-5.968261699999999,-0.4404296,-0.9131104,18.7736532298224,114.08685330144328,36.07685481236683,115.62119248571456,226.8959999999788
-28.7732771,203.548036,398.93999,22800.0,-4.444070000000089,3.7785800000008862,0.0,1.251749999999774,1.4817500001385042,0.0,0.0,0.6000977000000002,-5.893066500000001,-0.4404296,-0.8890135000000001,19.53200128206929,113.95945502870856,36.076846445483625,115.62117654012609,221.3280000000086
-28.8616544,203.6241969,398.93999,22800.0,-4.418864999999883,3.808045000000959,0.0,1.260250000010288,1.4732500000036453,0.0,0.0,0.5791015000000002,-5.8901368,-0.4453125999999999,-0.8874755000000001,20.288977837062763,113.82716100298038,36.07686627555535,115.6212143322809,213.6720000000205
-28.9495233,203.7009436,398.93999,22800.0,-4.393445000000007,3.837335000000053,0.0,1.2709999999938049,1.4644999999546826,0.0,0.0,0.5947267000000002,-5.9614257,-0.4462892,-0.8679933999999999,21.045344563296258,113.68972799797017,36.076856237869904,115.62119520243812,208.10399999999208
-29.0368804,203.7782725,398.93999,22800.0,-4.367855000000098,3.866444999999885,0.0,1.279499999995437,1.4554999999916165,0.0,0.0,0.6376952000000001,-5.950683499999999,-0.4487307,-0.8433839000000001,21.80024063970389,113.54740649584272,36.076863575798285,115.62120918707406,201.8399999999965
-29.1237215,203.8561805,398.93999,22800.0,-4.342054999999867,3.895399999998972,0.0,1.2900000000115597,1.4477499999543395,0.0,0.0,0.5961914000000001,-5.9570312,-0.4506838999999999,-0.8397951000000001,22.554639252879426,113.39997323270276,36.07686735867517,115.62121639649546,194.1840000000084
-29.210045,203.9346614,398.93999,22800.0,-4.316175000000122,3.924045000000831,0.0,1.2939999999872498,1.4322500000929494,0.0,0.0,0.5727538000000001,-5.9638671,-0.4531253,-0.8572267,23.30466734179613,113.2481923934342,36.07685583000169,115.6211944251229,188.15200000000183
-29.2959576,204.0135943,398.93999,22800.0,-4.295630000000017,3.9466449999991937,0.0,1.0272500000052531,1.129999999918141,0.0,0.0,0.6123045000000001,-6.0146485,-0.4526370999999999,-0.8541504,23.89673881030465,113.124983299619,36.07698147330741,115.62143387930716,181.65599999998813
-29.3816723,204.0927465,398.93999,22800.0,-4.285734999999846,3.9576100000005,0.0,0.4947500000085369,0.548250000065309,0.0,0.0,0.6542968000000001,-5.9956055,-0.4531251999999999,-0.8269776,24.18203207840046,113.06479535285553,36.07721438744315,115.62187778973272,175.85599999999977
-29.4670767,204.1722339,398.93999,22800.0,-4.27022000000008,3.974369999998828,0.0,0.7757499999883066,0.8379999999164056,0.0,0.0,0.6376953000000002,-5.9184571,-0.4536136,-0.8141603,24.624390085044404,112.96932941022082,36.07724014153422,115.62192687572464,167.2719999999972
-29.5517585,204.2524829,398.93999,22800.0,-4.234089999999924,4.012450000001877,0.0,1.806500000007816,1.9040000001524504,0.0,0.0,0.5834959000000002,-5.9179688,-0.456543,-0.8121093,25.641754145968584,112.74195332677348,36.07682632088988,115.62113818683272,161.93599999998696
-29.6351903,204.3340224,398.93999,22800.0,-4.171589999999981,4.07697499999955,0.0,3.124999999997158,3.2262499998836347,0.0,0.0,0.6035158,-5.904297,-0.4555665,-0.7833983,27.376856474364224,112.33235345630504,36.07637771004987,115.62028327006549,154.74400000000605
-29.7169136,204.4172741,398.93999,22800.0,-4.086165000000008,4.162584999998842,0.0,4.271249999998616,4.280499999964604,0.0,0.0,0.6250000000000002,-5.9345704,-0.4570313,-0.7690428,29.69993755562791,111.7406007730951,36.0763737352505,115.62027569565996,148.48000000001048
-29.7966946,204.502391,398.93999,22800.0,-3.989050000000205,4.255845000001557,0.0,4.855749999990167,4.663000000135753,0.0,0.0,0.6538087000000001,-5.913086,-0.4599605999999999,-0.7736571999999999,32.27065304073506,111.02569252078592,36.076490141416095,115.62049752269536,140.82399999999325
-29.874467900000003,204.5893465,398.93999,22800.0,-3.888665000000025,4.347774999997967,0.0,5.019250000009023,4.59649999982048,0.0,0.0,0.5976565,-5.9389649,-0.4604488999999999,-0.7869872,34.85247615519073,110.24251327705352,36.07650688969016,115.62052943915047,134.3279999999795
-29.9501905,204.678093,398.93999,22800.0,-3.7861299999997655,4.43732500000209,0.0,5.126750000012947,4.477500000206192,0.0,0.0,0.5502929000000001,-6.0004883,-0.4624020999999999,-0.772119,37.41581649837309,109.39904069726616,36.07647648550603,115.62047149930684,128.52799999999115
-30.023821400000003,204.7685824,398.93999,22800.0,-3.6815450000002414,4.52446999999836,0.0,5.229249999976204,4.357249999813462,0.0,0.0,0.5834961000000001,-5.9829102,-0.4638669999999999,-0.7423829,39.95864825067037,108.49607384389422,36.0764723550042,115.62046362802975,122.72799999997368
-30.095321,204.8607654,398.93999,22800.0,-3.574979999999961,4.609150000000284,0.0,5.328250000014023,4.234000000096216,0.0,0.0,0.5654297,-5.9140625,-0.4663084999999999,-0.7398194,42.47925210097146,107.53424163080705,36.076491354979424,115.62049983532629,115.76799999998184
-30.164649399999995,204.954592,398.93999,22800.0,-3.466419999999637,4.691329999999994,0.0,5.428000000016198,4.108999999985485,0.0,0.0,0.5927735000000001,-5.9545899,-0.4658202,-0.7146972,44.97765800895838,106.51339994087743,36.07647797692442,115.62047434142504,111.59199999997507
-30.2317697,205.0500107,398.93999,22800.0,-3.356015000000312,4.770934999999099,0.0,5.5202499999662535,3.980249999955277,0.0,0.0,0.5346682000000001,-5.8481445,-0.46875,-0.6921386,47.45066342632892,105.4349532521138,36.07647965606794,115.62047754128233,107.18399999997928
-30.2966453,205.14697,398.93999,22800.0,-3.2437800000000294,4.847965000001864,0.0,5.611750000014126,3.8515000001382313,0.0,0.0,0.4858398000000002,-5.8969728,-0.4721681,-0.6890625,49.89799943022119,104.29907520143504,36.07650826765517,115.6205320650833,101.84799999999814
-30.3592401,205.2454168,398.93999,22800.0,-3.1297399999999698,4.922340000000247,0.0,5.702000000002983,3.7187499999191687,0.0,0.0,0.5122071000000001,-5.9194337,-0.4736329999999999,-0.7064941,52.3187646342118,103.1059861784266,36.0764857645761,115.62048918196092,96.04799999998068
-30.419520700000003,205.3452973,398.93999,22800.0,-3.014030000000112,4.994024999999169,0.0,5.7854999999928935,3.5842499999461097,0.0,0.0,0.5527343000000002,-5.8940429,-0.4746096000000001,-0.7023926,54.71037574387904,101.85710534836008,36.07648033029848,115.62047882612904,92.10399999999208
-30.4774538,205.4465577,398.93999,22800.0,-2.896654999999626,5.063020000000051,0.0,5.868750000024292,3.449750000044105,0.0,0.0,0.5883790000000001,-5.9365234,-0.477051,-0.6793213,57.07273302616425,100.55249986389644,36.07649612454781,115.62050892447547,88.39199999999255
-30.533008500000005,205.5491419,398.93999,22800.0,-2.7777350000004475,5.129209999999773,0.0,5.945999999958929,3.3094999999860875,0.0,0.0,0.5341796000000001,-5.9926759,-0.4785159,-0.6659911000000001,59.40324544565797,99.1934791604349,36.07647296287905,115.62046478642402,82.82399999999325
-30.5861538,205.6529951,398.93999,22800.0,-2.657264999999676,5.19266000000016,0.0,6.023500000038595,3.1725000000193404,0.0,0.0,0.5205079000000001,-5.8828125,-0.4790040999999999,-0.6583007999999999,61.70224571818546,97.78003157355816,36.07649525594971,115.62050726922696,77.95199999999022
-30.636861300000003,205.7580598,398.93999,22800.0,-2.53537500000025,5.2532350000007,0.0,6.094499999971248,3.028750000027003,0.0,0.0,0.4624022000000001,-5.8813476,-0.4799805999999999,-0.6316406999999999,63.96701545434436,96.31361616889735,36.07647261848304,115.62046413012716,75.39999999999418
-30.6851031,205.8642795,398.93999,22800.0,-2.4120899999998,5.310984999999846,0.0,6.16425000002252,2.8874999999572992,0.0,0.0,0.4926758000000001,-5.929199200000001,-0.4824216,-0.6208742,66.19729338774452,94.79460948081451,36.07649057505069,115.62049834905253,70.52799999999115
-30.7308529,205.9715962,398.93999,22800.0,-2.2874900000001475,5.365834999997787,0.0,6.229999999982638,2.7424999998970634,0.0,0.0,0.5390624,-5.8789064,-0.4829098,-0.6301025,68.39150896103371,93.22394759860018,36.076497985093845,115.62051247003582,67.27999999999884
-30.774086,206.0799508,398.93999,22800.0,-2.161654999999918,5.417730000002052,0.0,6.291750000011476,2.594750000213253,0.0,0.0,0.5283202000000002,-5.9248048,-0.4838863,-0.6418946,70.54823091649591,91.60259661163332,36.07646550596103,115.62045057618847,63.336000000010245
-30.8147788,206.1892854,398.93999,22800.0,-2.034639999999932,5.4667300000005525,0.0,6.350749999999295,2.449999999925012,0.0,0.0,0.4814452000000002,-5.9213866,-0.4833980999999999,-0.6342041,72.66667615610854,89.93143490199557,36.07651138133387,115.62053799869908,59.62400000001071
-30.852909,206.29953920000003,398.93999,22800.0,-1.9065100000000608,5.512690000000475,0.0,6.406499999993542,2.2979999999961365,0.0,0.0,0.4794922,-5.8789062,-0.4838864999999999,-0.612671,74.74555574601722,88.21105011202387,36.07646295118523,115.62044570769892,55.2160000000149
-30.8884557,206.4106534,398.93999,22800.0,-1.7773350000000576,5.555709999998726,0.0,6.45875000000018,2.1509999999125284,0.0,0.0,0.4721680000000001,-5.9052734,-0.4814453,-0.6177979,76.78390108320346,86.44268408549006,36.07650296306958,115.62052195635086,52.66400000001886
-30.9214,206.5225666,398.93999,22800.0,-1.6472149999998464,5.595659999998759,0.0,6.506000000010559,1.9975000000016507,0.0,0.0,0.4506837000000001,-5.8251953,-0.4819333999999999,-0.6019042000000001,78.78002920261889,84.62745388622824,36.07648901819461,115.62049538222526,49.18400000000838
-30.9517236,206.635218,398.93999,22800.0,-1.516179999999956,5.632570000000214,0.0,6.551749999994527,1.845500000072775,0.0,0.0,0.4345704,-5.8930662,-0.4814452,-0.5921630999999999,80.73352889146557,82.76588370516367,36.07647821708399,115.62047479908472,46.39999999999418
-30.979410100000003,206.7485463,398.93999,22800.0,-1.3843250000002527,5.666415000000313,0.0,6.592749999985159,1.6922500000049467,0.0,0.0,0.4423828000000001,-5.8852539,-0.4799805,-0.6013917,82.64297422012655,80.85932932817745,36.07647398389059,115.62046673211088,42.22400000001653
-31.0042915,206.86251150000004,398.93999,22800.0,-1.2440699999999083,5.69826000000262,0.0,7.0127500000172205,1.592250000115314,0.0,0.0,0.4560548000000001,-5.9042969,-0.4780274999999999,-0.6260011,84.61328129691879,78.79271198287928,36.07558093537696,115.61876505761715,40.1359999999986
-31.0252107,206.97720630000003,398.93999,22800.0,-1.045960000000079,5.734739999999761,0.0,9.905499999991465,1.823999999857051,0.0,0.0,0.4501954000000001,-5.9541016,-0.4775393999999999,-0.6321533,87.29288382393919,75.79916737421297,36.07072664758602,115.60952097869664,36.19199999998091
-31.0415153,207.0926333,398.93999,22800.0,-0.8152299999997226,5.77134999999771,0.0,11.536500000017824,1.830499999897484,0.0,0.0,0.4653320000000001,-5.8247071,-0.4741213,-0.6203614,90.26180211310002,72.23496333831544,36.0696392485407,115.60745152970117,34.103999999992084
-31.0542038,207.2085701,398.93999,22800.0,-0.6344250000001495,5.796840000000714,0.0,9.040249999978656,1.2745000001501694,0.0,0.0,0.4775391000000001,-5.8549805,-0.4731447,-0.619336,92.4730612693835,69.39545599852546,36.07398622687842,115.61572719044084,30.16000000000349
-31.065092300000003,207.3247242,398.93999,22800.0,-0.5444250000001816,5.80770499999943,0.0,4.499999999998394,0.5432499999358242,0.0,0.0,0.5107422,-5.8857423,-0.4707032,-0.6218994999999999,93.5366847630135,67.96360982301807,36.07663584882964,115.6207751947322,29.23200000001816
-31.0752959,207.4409434,398.93999,22800.0,-0.5101799999996715,5.810960000000875,0.0,1.712250000025506,0.1627500000722648,0.0,0.0,0.5151367000000001,-5.8398436,-0.4716798000000001,-0.6106202000000001,93.93554122954488,67.41199642339585,36.07686165612273,115.62120552855112,25.752000000007683
-31.084920900000004,207.5572123,398.93999,22800.0,-0.4812500000003439,5.813444999999717,0.0,1.4464999999663777,0.1242499999420942,0.0,0.0,0.5415039000000001,-5.9238281,-0.4702148999999999,-0.6044679,94.2698976099785,66.94371905469063,36.07688876820301,115.62125719896484,23.66400000001886
-31.0939668,207.6735275,398.93999,22800.0,-0.4522949999996584,5.815760000000125,0.0,1.4477500000342758,0.1157500000203981,0.0,0.0,0.5449218000000001,-5.9316406,-0.4682617,-0.6208741,94.60209667003453,66.47339351081989,36.076874298051415,115.6212296216005,20.184000000008385
-31.1024335,207.7898863,398.93999,22800.0,-0.4233350000001579,5.8179399999986,0.0,1.4479999999750248,0.1089999999237534,0.0,0.0,0.5659181000000001,-5.8500976,-0.4663084999999999,-0.6408692,94.93186895197027,66.00158471303243,36.07687472494781,115.62123043518284,18.09600000001956
-31.1103207,207.9062857,398.93999,22800.0,-0.3943599999999492,5.819970000000296,0.0,1.4487500000104347,0.1015000000847976,0.0,0.0,0.5659181000000001,-5.856933700000001,-0.4658201999999999,-0.6321533,95.25934589191824,65.52802446516777,36.07686574547586,115.62121332205324,15.312000000005357
-31.1176285,208.0227229,398.93999,22800.0,-0.3653900000001542,5.821860000001777,0.0,1.4484999999897497,0.0945000000740492,0.0,0.0,0.5815431,-5.821289,-0.4653318999999999,-0.6193361000000001,95.5842899638857,65.05311736755465,36.07686483119344,115.62121157961032,13.456000000005588
-31.1243563,208.1391956,398.93999,22800.0,-0.336389999999831,5.823634999998717,0.0,1.4500000000161606,0.088749999846982,0.0,0.0,0.5893554000000001,-5.903808499999999,-0.4628903999999999,-0.6229249,95.90706560402396,64.5764506110886,36.076907125185656,115.62129218401309,11.368000000016764
-31.1305044,208.2556996,398.93999,22800.0,-0.3074050000000383,5.8252000000010185,0.0,1.4492499999896324,0.0782500001150765,0.0,0.0,0.5927735000000001,-5.880859500000001,-0.4628903999999999,-0.6065185,96.22728190453866,64.09811472168916,36.07685014206571,115.621183585061,9.04800000000978
-31.1360723,208.372233,398.93999,22800.0,-0.2783950000001312,5.826669999999012,0.0,1.4504999999953585,0.0734999998996954,0.0,0.0,0.6000977000000001,-5.911620999999999,-0.4628903999999999,-0.5942139,96.54524703704058,63.61824585485172,36.0768679261466,115.6212174779852,7.888000000006286
-31.141059900000005,208.4887929,398.93999,22800.0,-0.2493800000001655,5.82799499999993,0.0,1.4507499999982798,0.0662500000458976,0.0,0.0,0.5996094000000001,-5.9208984,-0.4628903999999999,-0.6029298000000001,96.86079786073527,63.13683002409078,36.07688502746814,115.62125006982562,5.104000000021188
-31.145467199999995,208.605376,398.93999,22800.0,-0.2203649999994894,5.829154999999275,0.0,1.450750000033807,0.0579999999672509,0.0,0.0,0.6015625000000001,-5.8535155,-0.4614255,-0.6270264999999999,97.17390610512408,62.65380411220891,36.076870799661606,115.6212229543457,4.176000000006752
-31.1492941,208.7219795,398.93999,22800.0,-0.1913450000003536,5.830175000001248,0.0,1.4509999999567924,0.051000000098611,0.0,0.0,0.5996096000000001,-5.8427734,-0.4604489,-0.6301025,97.48459597376542,62.1692650352598,36.07686346985726,115.62120898517132,3.7119999999995343
-31.1525404,208.838601,398.93999,22800.0,-0.1623149999998574,5.831075000000396,0.0,1.451500000024808,0.0449999999574401,0.0,0.0,0.5971679000000001,-5.8447266,-0.4614255,-0.6157472,97.79289445815024,61.68328054715207,36.07689373590463,115.62126666648128,3.2480000000214204
-31.1552063,208.95523710000003,398.93999,22800.0,-0.1332949999998334,5.831805000001111,0.0,1.451000000001201,0.036500000035744,0.0,0.0,0.5947265000000002,-5.8286132,-0.4609371999999999,-0.6111329,98.09865388505544,61.19581384928323,36.07688516140562,115.62125032508528,2.7840000000142027
-31.1572911,209.07188460000003,398.93999,22800.0,-0.1042400000002885,5.832374999999956,0.0,1.452749999977243,0.0284999999422552,0.0,0.0,0.5917970000000001,-5.9155273,-0.4599607,-0.614209,98.402335323003,60.70617063620091,36.07685163224047,115.62118642503312,2.320000000006985
-31.158795399999995,209.1885413,398.93999,22800.0,-0.0752149999996731,5.8328349999982265,0.0,1.4512500000307682,0.0229999999135088,0.0,0.0,0.5839844000000001,-5.8828125,-0.4604489,-0.5931884000000001,98.70319166837132,60.21584420132582,36.07687248093567,115.62122615852849,1.8559999999997672
-31.1597189,209.3052043,398.93999,22800.0,-0.0461750000003036,5.833149999998,0.0,1.4519999999684785,0.0157499999886567,0.0,0.0,0.5805665,-5.8652345,-0.4604489,-0.5921630999999999,99.0017388229993,59.72380084219582,36.076892309677845,115.621263948357,1.6240000000107102
-31.1600655,209.41790340000003,398.93999,22800.0,-0.0173300000000153,5.634955000003572,0.0,1.4422500000144112,-9.909749999721384,0.0,0.0,0.5629882000000002,-5.565918,-0.4599605999999999,-0.6065186,99.5702843067036,57.63596264787519,35.76622125050064,115.04844939096334,1.3920000000216532
-31.160047400000003,209.4751885,398.9447348,22800.0,0.0009049999999177,2.86425499999865,0.2372399999984509,0.9117499999966584,-138.5350000002461,11.861999999922546,0.0,0.5463865000000001,-5.0961916,-0.0737302999999999,-0.6270263999999999,105.27746580897028,33.42173397420197,30.225536462776503,110.45522671653538,1.1600000000034925
-31.160035,209.482,399.0082515,22800.0,0.0006200000001399,0.3405749999998875,3.1758350000018254,-0.0142499999888912,-126.18399999993812,146.92975000016872,0.0,0.5336913000000001,-5.601562400000001,2.2128905,-0.6172852,104.44777302409322,36.21287593417051,31.033815200305785,110.54731870613652,0.9280000000144356
-31.160035,209.482,399.3511249,22800.0,0.0,0.0,17.14366999999868,-0.0310000000069976,-17.028749999994375,698.3917499998427,0.0,0.5273438000000001,-5.697753799999999,6.4228516,-0.5993409000000001,0.0,0.0,0.0,0.0,0.9280000000144356
-31.160035,209.482,400.3500711,22800.0,0.0,0.0,49.94731000000172,0.0,0.0,1640.182000000152,0.0,0.5107420000000001,-5.7749024,9.4814455,-0.6065185,0.0,0.0,0.0,0.0,0.9280000000144356
-31.160035,209.482,402.1149608,22800.0,0.0,0.0,88.24448499999846,0.0,0.0,1914.858749999837,0.0,0.4970703000000001,-5.7924803,6.326660200000001,-0.5901122,0.0,0.0,0.0,0.0,0.6960000000253785
-31.160035,209.482,404.3120954,22800.0,0.0,0.0,109.85672999999848,0.0,0.0,1080.6122500000015,0.0,0.5014648000000002,-5.7836914,3.7060546,-0.5798582999999999,0.0,0.0,0.0,0.0,0.6960000000253785
-31.160035,209.482,406.5372499,22800.0,0.0,0.0,111.25772500000151,0.0,0.0,70.04975000015179,0.0,0.4902346000000001,-5.7729493,-0.7573242,-0.5880616,0.0,0.0,0.0,0.0,0.6960000000253785
-31.160035,209.482,408.3864287,22800.0,0.0,0.0,92.4589400000002,0.0,0.0,-939.9392500000658,0.0,0.4687499,-5.7753907,-5.0473632,-0.6095948000000001,0.0,0.0,0.0,0.0,0.6960000000253785
-31.160035,209.482,409.4944966,22800.0,0.0,0.0,55.40339499999902,0.0,0.0,-1852.77725000006,0.0,0.4755859000000001,-5.7509767,-7.4116211,-0.6162597999999999,0.0,0.0,0.0,0.0,0.6960000000253785
-31.160035,209.482,409.8873445,22800.0,0.0,0.0,19.642395000002463,0.0,0.0,-1788.0499999998278,0.0,0.4760741000000001,-5.7426758,-4.0283204,-0.5983155,0.0,0.0,0.0,0.0,0.6960000000253785
-31.160035,209.482,409.9397976,22800.0,0.0,0.0,2.6226549999989857,0.0,0.0,-850.987000000174,0.0,0.4628907000000001,-5.7353516,-0.9702149,-0.5993408,0.0,0.0,0.0,0.0,0.6960000000253785
-31.160035,209.482,409.93999,22800.0,0.0,0.0,0.0096200000001545,0.0,0.0,-130.65174999994156,0.0,0.4653319000000001,-5.7231446,-0.409668,-0.5998535,0.0,0.0,0.0,0.0,0.6960000000253785
-31.160035,209.482,409.93999,22800.0,0.0,0.0,0.0,0.0,0.0,-0.4810000000077252,0.0,0.4653320000000002,-5.7143555,0.3149414,-0.5798584999999999,0.0,0.0,0.0,0.0,0.6960000000253785
-31.160035,209.482,409.93999,22800.0,0.0,0.0,0.0,0.0,0.0,0.0,0.0,0.4677735000000001,-5.7080079,0.4394532,-0.5783203,0.0,0.0,0.0,0.0,0.6960000000253785
-31.160035,209.482,409.93999,22800.0,0.0,0.0,0.0,0.0,0.0,0.0,0.0,0.4575196000000001,-5.7070313,0.5439452,-0.5947266,0.0,0.0,0.0,0.0,0.6960000000253785
-31.160035,209.482,409.93999,22800.0,0.0,0.0,0.0,0.0,0.0,0.0,0.0,0.4624023000000001,-5.6997071,0.6938477,-0.6162598,0.0,0.0,0.0,0.0,0.6960000000253785
-31.180202,209.482,409.93999,22800.0,-1.0083500000000356,0.0,0.0,-50.41750000000178,0.0,0.0,0.0,1.5917967000000002,-5.6894531,0.6953124,-0.609082,-14.472813065122102,114.4676162403855,23.262305659630872,115.3789299905929,0.6960000000253785
-31.4338687,209.482,409.93999,22800.0,-12.683334999999827,0.0,0.0,-583.7492499999896,0.0,0.0,0.0,6.7495118000000005,-5.6469726,0.6840820000000001,-0.5983155,-109.71112826178572,93.47874345871098,43.80849141697529,144.13468403924676,0.4640000000072177
-32.3075353,209.482,409.93999,22800.0,-43.68333,0.0,0.0,-1549.9997500000084,0.0,0.0,0.0,11.0839845,-5.5800782,0.6767576999999999,-0.6039552,-295.06418679066746,84.67326062715162,59.68000716766613,306.9730206250566,0.4640000000072177
-34.165710399999995,209.482,409.93999,22800.0,-92.90875499999984,0.0,0.0,-2461.271249999992,0.0,0.0,0.0,14.8120116,-5.5092773,0.6479492,-0.5895994999999999,-539.646323865753,79.71260678956403,72.07158818710768,545.5018373415517,0.4640000000072177
-37.001094900000005,209.482,409.93999,22800.0,-141.76922500000052,0.0,0.0,-2443.023500000034,0.0,0.0,0.0,9.8515624,-5.5126953,0.631836,-0.5772948,-756.7100165710577,77.06283570338195,80.10238065564805,760.6239082658504,0.4640000000072177
-40.44553019999999,209.482,409.93999,22800.0,-172.22176499999938,0.0,0.0,-1522.626999999943,0.0,0.0,0.0,6.9057618000000005,-5.5434569,0.6152345,-0.5844727,-884.1670765183839,75.87251849756451,84.09534201950221,887.4165077697332,0.4640000000072177
-44.0994159,209.482,409.93999,22800.0,-182.6942850000005,0.0,0.0,-523.6260000000584,0.0,0.0,0.0,1.6552734,-5.6176759,0.6108401,-0.6101075,-926.923473095445,75.51505552904037,85.3456072411244,929.9944347074752,0.4640000000072177
-47.564482100000006,209.482,409.93999,22800.0,-173.2533100000001,0.0,0.0,472.04875000002176,0.0,0.0,0.0,-3.2163086,-5.6845703,0.5986328000000001,-0.6142089,-888.4012133232139,75.83627972361312,84.2209852004897,891.6321310700265,0.4640000000072177
-50.4411951,209.482,409.93999,22800.0,-143.83564999999976,0.0,0.0,1470.8830000000175,0.0,0.0,0.0,-8.3808594,-5.739746299999999,0.5981445,-0.6024171,-765.5210597646022,76.97367464411646,80.39269122419867,769.3812056005385,0.4640000000072177
-52.3567635,209.482,409.93999,22800.0,-95.7784199999999,0.0,0.0,2402.861499999993,0.0,0.0,0.0,-12.7788086,-5.7871093,0.5996094,-0.5998535,-1105.88009460905,159.03771424341787,145.2435465822715,1117.2572569485922,0.4640000000072177
-53.2854914,209.482,409.93999,22800.0,-46.43639499999992,0.0,0.0,2467.101249999999,0.0,0.0,0.0,-7.7114255,-5.717773599999999,0.5957030999999999,-0.5983153999999999,-619.6988691640609,168.52054655032578,121.19774853892687,642.2039108046886,0.4640000000072177
-53.5873257,209.482,409.93999,22800.0,-15.091714999999796,0.0,0.0,1567.2340000000063,0.0,0.0,0.0,-5.605957,-5.6674805,0.5698242,-0.5824216999999999,-252.16498557162103,184.37517736340843,91.5091616686358,312.38019459646307,0.2320000000181608
-53.6431259,209.482,409.9333869,22800.0,-2.790010000000009,0.0,-0.3301550000003317,615.0852499999893,0.0,-16.507750000016586,0.0,-0.9223632,-5.6113281,0.0439453,-0.5808838000000001,-65.70436576831385,210.91696169029564,60.10855369902758,220.91407472065245,0.2320000000181608
-53.648035,209.482,409.8770275,22800.0,-0.2454550000003053,0.0,-2.817970000000969,127.2277499999852,0.0,-124.39075000003186,0.0,-1.2700195,-5.5844725,-1.303711,-0.5972901,-66.06265499292192,210.80229124246767,60.2107919636799,220.9114763378942,0.2320000000181608
-53.648035,209.482,409.7646907,22800.0,0.0,0.0,-5.616840000001844,12.272750000015265,0.0,-139.94350000004374,0.0,0.1831055,-5.5341797,-0.1958008,-0.6167726,0.0,0.0,0.0,0.0,0.2320000000181608
-53.648035,209.482,409.648024,22800.0,0.0,0.0,-5.833334999999806,0.0,0.0,-10.824749999898131,0.0,0.1538085,-5.523437400000001,-0.8164062000000001,-0.6106202,0.0,0.0,0.0,0.0,0.0
-53.648035,209.482,409.5313573,22800.0,0.0,0.0,-5.833334999999806,0.0,0.0,0.0,0.0,0.215332,-5.5253906,-0.6582030999999999,-0.5983155,0.0,0.0,0.0,0.0,0.0
-53.648035,209.482,409.4146907000001,22800.0,0.0,0.0,-5.83332999999584,0.0,0.0,0.0002500001983207,0.0,0.5249025,-5.513671799999999,-0.6176758,-0.603955,0.0,0.0,0.0,0.0,0.0
-53.648035,209.482,409.298024,22800.0,0.0,0.0,-5.8333350000026485,0.0,0.0,-0.0002500003404293,0.0,0.3222657,-5.506347700000001,-0.6733399999999999,-0.5880615,0.0,0.0,0.0,0.0,0.0
-53.648035,209.482,409.1813573,22800.0,0.0,0.0,-5.833334999999806,0.0,0.0,1.4210854715202004e-10,0.0,0.4667969,-5.5048827,-0.6708985000000001,-0.5772948999999999,0.0,0.0,0.0,0.0,0.0
-53.648035,209.482,409.0646907,22800.0,0.0,0.0,-5.833329999998682,0.0,0.0,0.0002500000562122,0.0,0.4106444999999999,-5.507812400000001,-0.6362306,-0.5860108,0.0,0.0,0.0,0.0,0.0
-53.648035,209.482,408.948024,22800.0,0.0,0.0,-5.8333350000026485,0.0,0.0,-0.0002500001983207,0.0,0.4082032,-5.5063474,-0.6586913,-0.6106202,0.0,0.0,0.0,0.0,0.0
-53.648035,209.482,408.8313573,22800.0,0.0,0.0,-5.833334999999806,0.0,0.0,1.4210854715202004e-10,0.0,0.3984375,-5.5083008,-0.6762696,-0.614209,0.0,0.0,0.0,0.0,0.0
-53.648035,209.482,408.7146907,22800.0,0.0,0.0,-5.833329999998682,0.0,0.0,0.0002500000562122,0.0,0.383789,-5.5097656,-0.6914062999999999,-0.5998536,0.0,0.0,0.0,0.0,0.0
-53.648035,209.482,408.598024,22800.0,0.0,0.0,-5.833334999999806,0.0,0.0,-0.0002500000562122,0.0,0.3872071,-5.5190429000000005,-0.6982421999999999,-0.6034423999999999,0.0,0.0,0.0,0.0,0.0
-53.648035,209.482,408.4813573,22800.0,0.0,0.0,-5.833334999999806,0.0,0.0,0.0,0.0,0.3823242,-5.5161131,-0.7216796000000001,-0.6003662,0.0,0.0,0.0,0.0,0.0
-53.648035,209.482,408.3646907,22800.0,0.0,0.0,-5.833330000001524,0.0,0.0,0.0002499999141036,0.0,0.3754883,-5.5126952000000005,-0.7202148,-0.5813965,0.0,0.0,0.0,0.0,0.0
-53.648035,209.482,408.248024,22800.0,0.0,0.0,-5.833334999996964,0.0,0.0,-0.0002499997719951,0.0,0.3754883,-5.5166014,-0.7182617,-0.580371,0.0,0.0,0.0,0.0,0.0
-53.648035,209.482,408.1313573,22800.0,0.0,0.0,-5.8333350000026485,0.0,0.0,-2.842170943040401e-10,0.0,0.3642577,-5.520019400000001,-0.7114257,-0.5926758000000001,0.0,0.0,0.0,0.0,0.0
-53.648035,209.482,408.0146907,22800.0,0.0,0.0,-5.833330000001524,0.0,0.0,0.0002500000562122,0.0,0.3642577999999999,-5.5214844,-0.7016601,-0.6172853,0.0,0.0,0.0,0.0,0.0
-53.648035,209.482,407.898024,22800.0,0.0,0.0,-5.833334999996964,0.0,0.0,-0.0002499997719951,0.0,0.3569338,-5.5190427,-0.7333984,-0.6085694,0.0,0.0,0.0,0.0,0.0
-53.648035,209.482,407.7813573,22800.0,0.0,0.0,-5.8333350000026485,0.0,0.0,-2.842170943040401e-10,0.0,0.3642577,-5.523437400000001,-0.7255858,-0.5983155,0.0,0.0,0.0,0.0,0.0
-53.648035,209.482,407.6646907,22800.0,0.0,0.0,-5.833329999998682,0.0,0.0,0.0002500001983207,0.0,0.3632810999999999,-5.5234375,-0.7172853,-0.6060057999999999,0.0,0.0,0.0,0.0,0.0
-53.648035,209.482,407.548024,22800.0,0.0,0.0,-5.833334999999806,0.0,0.0,-0.0002500000562122,0.0,0.3549804,-5.5209961,-0.6992187999999999,-0.5885743,0.0,0.0,0.0,0.0,0.0
-53.648035,209.482,407.4313573,22800.0,0.0,0.0,-5.833334999999806,0.0,0.0,0.0,0.0,0.3574219,-5.523925800000001,-0.7041014999999999,-0.5803710000000001,0.0,0.0,0.0,0.0,0.0
-53.648035,209.482,407.3146907,22800.0,0.0,0.0,-5.833330000001524,0.0,0.0,0.0002499999141036,0.0,0.3491212,-5.526855500000001,-0.6987305,-0.5870362,0.0,0.0,0.0,0.0,0.0
-53.648035,209.482,407.198024,22800.0,0.0,0.0,-5.833334999999806,0.0,0.0,-0.0002499999141036,0.0,0.355957,-5.5253907,-0.6967773,-0.6136964,0.0,0.0,0.0,0.0,0.0
-53.648035,209.482,407.0813573,22800.0,0.0,0.0,-5.833334999996964,0.0,0.0,1.4210854715202004e-10,0.0,0.3496094,-5.5214843,-0.7011717999999999,-0.6162597,0.0,0.0,0.0,0.0,0.0
-53.648035,209.482,406.9646907,22800.0,0.0,0.0,-5.833330000001524,0.0,0.0,0.0002499997719951,0.0,0.3515624,-5.5195311,-0.7309571,-0.600879,0.0,0.0,0.0,0.0,0.0
-53.648035,209.482,406.848024,22800.0,0.0,0.0,-5.833334999999806,0.0,0.0,-0.0002499999141036,0.0,0.3496094,-5.5253906,-0.6904298000000001,-0.6044677999999999,0.0,0.0,0.0,0.0,0.0
-53.648035,209.482,406.7313573,22800.0,0.0,0.0,-5.833334999999806,0.0,0.0,0.0,0.0,0.3500974,-5.524902299999999,-0.7089844000000001,-0.6008789,0.0,0.0,0.0,0.0,0.0
-53.648035,209.482,406.6146907,22800.0,0.0,0.0,-5.833329999998682,0.0,0.0,0.0002500000562122,0.0,0.3447264,-5.5249024,-0.7036133,-0.5813963999999999,0.0,0.0,0.0,0.0,0.0
-53.648035,209.482,406.498024,22800.0,0.0,0.0,-5.8333350000026485,0.0,0.0,-0.0002500001983207,0.0,0.3476563,-5.5263673,-0.6821288,-0.5824218,0.0,0.0,0.0,0.0,0.0
-53.648035,209.482,406.3813573000001,22800.0,0.0,0.0,-5.833334999996964,0.0,0.0,2.842170943040401e-10,0.0,0.3500977,-5.5249023,-0.7143556,-0.5957520000000001,0.0,0.0,0.0,0.0,0.0
-53.648035,209.482,406.2646907,22800.0,0.0,0.0,-5.833330000004366,0.0,0.0,0.0002499996298865,0.0,0.3481444,-5.5219726,-0.7294922999999999,-0.6172852,0.0,0.0,0.0,0.0,0.0
-53.648035,209.482,406.148024,22800.0,0.0,0.0,-5.833334999999806,0.0,0.0,-0.0002499997719951,0.0,0.3432615,-5.520996,-0.7084961000000001,-0.6080566000000001,0.0,0.0,0.0,0.0,0.0
-53.648035,209.482,406.0313573,22800.0,0.0,0.0,-5.833334999999806,0.0,0.0,0.0,0.0,0.3442381,-5.5273437,-0.7055665,-0.5993409,0.0,0.0,0.0,0.0,0.0
-53.648035,209.482,405.9146907000001,22800.0,0.0,0.0,-5.83332999999584,0.0,0.0,0.0002500001983207,0.0,0.3461913,-5.5283204,-0.70166,-0.6049804,0.0,0.0,0.0,0.0,0.0
-53.648035,209.482,405.798024,22800.0,0.0,0.0,-5.8333350000026485,0.0,0.0,-0.0002500003404293,0.0,0.3447264,-5.5253907,-0.6904296999999999,-0.5870361,0.0,0.0,0.0,0.0,0.0
-53.648035,209.482,405.6813573,22800.0,0.0,0.0,-5.833334999999806,0.0,0.0,1.4210854715202004e-10,0.0,0.3481443999999999,-5.5219727,-0.7026367,-0.5788329,0.0,0.0,0.0,0.0,0.0
-53.648035,209.482,405.5646907,22800.0,0.0,0.0,-5.833329999998682,0.0,0.0,0.0002500000562122,0.0,0.3447265,-5.524414,-0.7402344000000001,-0.5844727,0.0,0.0,0.0,0.0,0.0
-53.648035,209.482,405.448024,22800.0,0.0,0.0,-5.8333350000026485,0.0,0.0,-0.0002500001983207,0.0,0.3476561,-5.5253907,-0.7177734,-0.6106202000000001,0.0,0.0,0.0,0.0,0.0
-53.648035,209.482,405.3313573,22800.0,0.0,0.0,-5.833334999999806,0.0,0.0,1.4210854715202004e-10,0.0,0.3398435,-5.5239257,-0.7094725,-0.6162597,0.0,0.0,0.0,0.0,0.0
-53.648035,209.482,405.2146907,22800.0,0.0,0.0,-5.833329999998682,0.0,0.0,0.0002500000562122,0.0,0.3413084,-5.524414,-0.7514648,-0.6008789999999999,0.0,0.0,0.0,0.0,0.0
-53.648035,209.482,405.098024,22800.0,0.0,0.0,-5.833334999999806,0.0,0.0,-0.0002500000562122,0.0,0.342285,-5.5273437,-0.7211915,-0.6019043,0.0,0.0,0.0,0.0,0.0
-53.648035,209.482,404.9813573,22800.0,0.0,0.0,-5.833334999999806,0.0,0.0,0.0,0.0,0.3466796,-5.5249024,-0.7363281,-0.5988281000000001,0.0,0.0,0.0,0.0,0.0
-53.648035,209.482,404.8646907,22800.0,0.0,0.0,-5.833330000001524,0.0,0.0,0.0002499999141036,0.0,0.3427733,-5.5229492,-0.7441405,-0.5808838000000001,0.0,0.0,0.0,0.0,0.0
-53.648035,209.482,404.748024,22800.0,0.0,0.0,-5.833334999996964,0.0,0.0,-0.0002499997719951,0.0,0.3432615,-5.5268556,-0.7387695,-0.5808837,0.0,0.0,0.0,0.0,0.0
-53.648035,209.482,404.6313573,22800.0,0.0,0.0,-5.8333350000026485,0.0,0.0,-2.842170943040401e-10,0.0,0.3393552,-5.529297,-0.7050780999999999,-0.5947266,0.0,0.0,0.0,0.0,0.0
-53.648035,209.482,404.5146907,22800.0,0.0,0.0,-5.833330000001524,0.0,0.0,0.0002500000562122,0.0,0.3398436,-5.5244141,-0.7006836,-0.6162599,0.0,0.0,0.0,0.0,0.0
-53.648035,209.482,404.398024,22800.0,0.0,0.0,-5.833334999996964,0.0,0.0,-0.0002499997719951,0.0,0.3398435,-5.5229491,-0.7143555,-0.6075439,0.0,0.0,0.0,0.0,0.0
-53.648035,209.482,404.2813573,22800.0,0.0,0.0,-5.8333350000026485,0.0,0.0,-2.842170943040401e-10,0.0,0.3417967,-5.5263671,-0.6826172,-0.5972901,0.0,0.0,0.0,0.0,0.0
-53.648035,209.482,404.1646907,22800.0,0.0,0.0,-5.833329999998682,0.0,0.0,0.0002500001983207,0.0,0.3432617,-5.5288087,-0.6977538,-0.6034423999999999,0.0,0.0,0.0,0.0,0.0
-53.648035,209.482,404.048024,22800.0,0.0,0.0,-5.833334999999806,0.0,0.0,-0.0002500000562122,0.0,0.3378906,-5.526855599999999,-0.7329104,-0.5860108,0.0,0.0,0.0,0.0,0.0
-53.648035,209.482,403.9313573,22800.0,0.0,0.0,-5.833334999999806,0.0,0.0,0.0,0.0,0.3388672,-5.5258789,-0.7055663000000001,-0.5767822,0.0,0.0,0.0,0.0,0.0
-53.648035,209.482,403.8146907,22800.0,0.0,0.0,-5.833330000001524,0.0,0.0,0.0002499999141036,0.0,0.3369139,-5.5278321,-0.7290038000000001,-0.5834473,0.0,0.0,0.0,0.0,0.0
-53.648035,209.482,403.698024,22800.0,0.0,0.0,-5.833334999999806,0.0,0.0,-0.0002499999141036,0.0,0.3427732,-5.523925800000001,-0.7216796999999999,-0.6101075,0.0,0.0,0.0,0.0,0.0
-53.648035,209.482,403.5813573,22800.0,0.0,0.0,-5.833334999996964,0.0,0.0,1.4210854715202004e-10,0.0,0.3369139,-5.5219726,-0.6992189,-0.6152344,0.0,0.0,0.0,0.0,0.0
-53.648035,209.482,403.4646907,22800.0,0.0,0.0,-5.833330000001524,0.0,0.0,0.0002499997719951,0.0,0.3393554,-5.523437400000001,-0.7124024999999999,-0.5988282,0.0,0.0,0.0,0.0,0.0
-53.648035,209.482,403.348024,22800.0,0.0,0.0,-5.833334999999806,0.0,0.0,-0.0002499999141036,0.0,0.334961,-5.5283202000000005,-0.7275392,-0.6003662,0.0,0.0,0.0,0.0,0.0
-53.648035,209.482,403.2313573,22800.0,0.0,0.0,-5.833334999999806,0.0,0.0,0.0,0.0,0.3374023,-5.5273439,-0.7070314000000001,-0.6019043,0.0,0.0,0.0,0.0,0.0
-53.648035,209.482,403.1146907,22800.0,0.0,0.0,-5.833329999998682,0.0,0.0,0.0002500000562122,0.0,0.3359375,-5.5253907,-0.6982421999999999,-0.5834473,0.0,0.0,0.0,0.0,0.0
-53.648035,209.482,402.998024,22800.0,0.0,0.0,-5.8333350000026485,0.0,0.0,-0.0002500001983207,0.0,0.3393555,-5.5249024,-0.7001953,-0.5813964,0.0,0.0,0.0,0.0,0.0
-53.648035,209.482,402.8813573000001,22800.0,0.0,0.0,-5.833334999996964,0.0,0.0,2.842170943040401e-10,0.0,0.3369139,-5.5258789,-0.6782226,-0.5931884999999999,0.0,0.0,0.0,0.0,0.0
-53.648035,209.482,402.7646907,22800.0,0.0,0.0,-5.833330000004366,0.0,0.0,0.0002499996298865,0.0,0.3354492,-5.5249024,-0.6635741,-0.6183106,0.0,0.0,0.0,0.0,0.0
-53.648035,209.482,402.648024,22800.0,0.0,0.0,-5.833334999999806,0.0,0.0,-0.0002499997719951,0.0,0.3320313,-5.5249023,-0.6923828000000001,-0.6065186,0.0,0.0,0.0,0.0,0.0
-53.648035,209.482,402.5313573,22800.0,0.0,0.0,-5.833334999999806,0.0,0.0,0.0,0.0,0.3334960999999999,-5.5302735,-0.6523437999999999,-0.5967774,0.0,0.0,0.0,0.0,0.0
-53.648035,209.482,402.4146907000001,22800.0,0.0,0.0,-5.83332999999584,0.0,0.0,0.0002500001983207,0.0,0.3393555,-5.528808799999999,-0.6337891,-0.6034425,0.0,0.0,0.0,0.0,0.0
-53.648035,209.482,402.298024,22800.0,0.0,0.0,-5.8333350000026485,0.0,0.0,-0.0002500003404293,0.0,0.3364258,-5.525390700000001,-0.6557616000000001,-0.5849854,0.0,0.0,0.0,0.0,0.0
-53.648035,209.482,402.1813573,22800.0,0.0,0.0,-5.833334999999806,0.0,0.0,1.4210854715202004e-10,0.0,0.3364257,-5.5249024,-0.6494141,-0.5788329,0.0,0.0,0.0,0.0,0.0
-53.648035,209.482,402.0646907,22800.0,0.0,0.0,-5.833329999998682,0.0,0.0,0.0002500000562122,0.0,0.3320312,-5.5297853,-0.6455076,-0.5834473,0.0,0.0,0.0,0.0,0.0
-53.648035,209.482,401.948024,22800.0,0.0,0.0,-5.8333350000026485,0.0,0.0,-0.0002500001983207,0.0,0.3354493,-5.5283205,-0.6440429,-0.6095948000000001,0.0,0.0,0.0,0.0,0.0
-53.648035,209.482,401.8313573,22800.0,0.0,0.0,-5.833334999999806,0.0,0.0,1.4210854715202004e-10,0.0,0.3305664,-5.5263672,-0.6430663000000001,-0.6121582999999999,0.0,0.0,0.0,0.0,0.0
-53.648035,209.482,401.7146907,22800.0,0.0,0.0,-5.833329999998682,0.0,0.0,0.0002500000562122,0.0,0.3359376,-5.5253906,-0.6323241,-0.5972901,0.0,0.0,0.0,0.0,0.0
-53.648035,209.482,401.598024,22800.0,0.0,0.0,-5.833334999999806,0.0,0.0,-0.0002500000562122,0.0,0.3330079,-5.527832,-0.6445311,-0.5998536000000001,0.0,0.0,0.0,0.0,0.0
-53.648035,209.482,401.4813573,22800.0,0.0,0.0,-5.833334999999806,0.0,0.0,0.0,0.0,0.3359374,-5.5268555,-0.6577147,-0.5988281,0.0,0.0,0.0,0.0,0.0
-53.648035,209.482,401.3646907,22800.0,0.0,0.0,-5.833330000001524,0.0,0.0,0.0002499999141036,0.0,0.328125,-5.5263673,-0.644043,-0.5788331,0.0,0.0,0.0,0.0,0.0
-53.648035,209.482,401.248024,22800.0,0.0,0.0,-5.833334999996964,0.0,0.0,-0.0002499997719951,0.0,0.3320311999999999,-5.5283205,-0.6416016,-0.5788329,0.0,0.0,0.0,0.0,0.0
-53.648035,209.482,401.1313573,22800.0,0.0,0.0,-5.8333350000026485,0.0,0.0,-2.842170943040401e-10,0.0,0.3339843999999999,-5.5288087,-0.6713866,-0.5916504,0.0,0.0,0.0,0.0,0.0
-53.648035,209.482,401.0146907,22800.0,0.0,0.0,-5.833330000001524,0.0,0.0,0.0002500000562122,0.0,0.3330079,-5.525390700000001,-0.6333007,-0.6157471999999999,0.0,0.0,0.0,0.0,0.0
-53.648035,209.482,400.898024,22800.0,0.0,0.0,-5.833334999996964,0.0,0.0,-0.0002499997719951,0.0,0.331543,-5.5239257,-0.6474610000000001,-0.6080567,0.0,0.0,0.0,0.0,0.0
-53.648035,209.482,400.7813573,22800.0,0.0,0.0,-5.8333350000026485,0.0,0.0,-2.842170943040401e-10,0.0,0.3320313,-5.5268554000000005,-0.6386718,-0.5962647,0.0,0.0,0.0,0.0,0.0
-53.648035,209.482,400.6646907,22800.0,0.0,0.0,-5.833329999998682,0.0,0.0,0.0002500001983207,0.0,0.3330077,-5.529297,-0.6357421,-0.6034423,0.0,0.0,0.0,0.0,0.0
-53.648035,209.482,400.548024,22800.0,0.0,0.0,-5.833334999999806,0.0,0.0,-0.0002500000562122,0.0,0.3295897,-5.528808700000001,-0.6435547,-0.5865235,0.0,0.0,0.0,0.0,0.0
-53.648035,209.482,400.4313573,22800.0,0.0,0.0,-5.833334999999806,0.0,0.0,0.0,0.0,0.3330077,-5.525879,-0.6562501000000001,-0.5778074999999999,0.0,0.0,0.0,0.0,0.0
-53.648035,209.482,400.3146907,22800.0,0.0,0.0,-5.833330000001524,0.0,0.0,0.0002499999141036,0.0,0.3330076,-5.5297853,-0.6503905,-0.5854981,0.0,0.0,0.0,0.0,0.0
-53.648035,209.482,400.198024,22800.0,0.0,0.0,-5.833334999999806,0.0,0.0,-0.0002499999141036,0.0,0.3349611,-5.5263673,-0.6508789,-0.6106202,0.0,0.0,0.0,0.0,0.0
-53.648035,209.482,400.0813573,22800.0,0.0,0.0,-5.833334999996964,0.0,0.0,1.4210854715202004e-10,0.0,0.3291017,-5.5249023,-0.6435547,-0.615747,0.0,0.0,0.0,0.0,0.0
-53.648035,209.482,399.9646907,22800.0,0.0,0.0,-5.833330000001524,0.0,0.0,0.0002499997719951,0.0,0.331543,-5.5263672,-0.6440429,-0.6013917,0.0,0.0,0.0,0.0,0.0
-53.648035,209.482,399.848024,22800.0,0.0,0.0,-5.833334999999806,0.0,0.0,-0.0002499999141036,0.0,0.3295898,-5.53125,-0.6601561,-0.6013916,0.0,0.0,0.0,0.0,0.0
-53.648035,209.482,399.7313573,22800.0,0.0,0.0,-5.833334999999806,0.0,0.0,0.0,0.0,0.3330077,-5.5283205,-0.6865233,-0.6003662,0.0,0.0,0.0,0.0,0.0
-53.648035,209.482,399.6146907,22800.0,0.0,0.0,-5.833329999998682,0.0,0.0,0.0002500000562122,0.0,0.3305663,-5.5263673,-0.6621093,-0.5824219,0.0,0.0,0.0,0.0,0.0
-53.648035,209.482,399.498024,22800.0,0.0,0.0,-5.8333350000026485,0.0,0.0,-0.0002500001983207,0.0,0.331543,-5.5263673,-0.6469729,-0.5793457,0.0,0.0,0.0,0.0,0.0
-53.648035,209.482,399.3813573000001,22800.0,0.0,0.0,-5.833334999996964,0.0,0.0,2.842170943040401e-10,0.0,0.3315431,-5.529297,-0.6416016,-0.5937012,0.0,0.0,0.0,0.0,0.0
-53.648035,209.482,399.2646907,22800.0,0.0,0.0,-5.833330000004366,0.0,0.0,0.0002499996298865,0.0,0.3276368,-5.5273438,-0.6215822,-0.6157471999999999,0.0,0.0,0.0,0.0,0.0
-53.648035,209.482,399.148024,22800.0,0.0,0.0,-5.833334999999806,0.0,0.0,-0.0002499997719951,0.0,0.3281249,-5.5258788,-0.6401368,-0.6085694,0.0,0.0,0.0,0.0,0.0
-53.648035,209.482,399.0313573,22800.0,0.0,0.0,-5.833334999999806,0.0,0.0,0.0,0.0,0.3286133,-5.5297852,-0.6420899,-0.5957520000000001,0.0,0.0,0.0,0.0,0.0
-53.648035,209.482,398.9146907000001,22800.0,0.0,0.0,-5.83332999999584,0.0,0.0,0.0002500001983207,0.0,0.3344726,-5.5297852,-0.6513671999999999,-0.6044677999999999,0.0,0.0,0.0,0.0,0.0
