Unnamed: 0,time,pos_x,pos_y,pos_z,pos_sp,cmd_pos_x,cmd_pos_y,cmd_pos_z,cmd_pos_sp,cmd_v_x,cmd_v_y,cmd_v_z,cmd_v_sp,cont_dev_x,cont_dev_y,cont_dev_z,cont_dev_sp,v_x,a_x,v_y,a_y,v_z,a_z,v_sp,a_sp,time_diff,f_x,f_y,f_z,a_p,a_e,phi,curr_x,curr_y,curr_z,curr_sp,f_x_sim,f_y_sim,f_z_sim,f_sp_sim,materialremoved_sim,GroundTruth,ST_Plate_Notch_Neural_Net_seed_0,ST_Plate_Notch_Neural_Net_seed_1,ST_Plate_Notch_Neural_Net_seed_2,ST_Plate_Notch_Neural_Net_seed_3,ST_Plate_Notch_Neural_Net_seed_4,ST_Plate_Notch_Neural_Net_seed_5,ST_Plate_Notch_Neural_Net_seed_6,ST_Plate_Notch_Neural_Net_seed_7,ST_Plate_Notch_Neural_Net_seed_8,ST_Plate_Notch_Neural_Net_seed_9,ST_Plate_Notch_Neural_Net_TPESampler_seed_0,ST_Plate_Notch_Neural_Net_TPESampler_seed_1,ST_Plate_Notch_Neural_Net_TPESampler_seed_2,ST_Plate_Notch_Neural_Net_TPESampler_seed_3,ST_Plate_Notch_Neural_Net_TPESampler_seed_4,ST_Plate_Notch_Neural_Net_TPESampler_seed_5,ST_Plate_Notch_Neural_Net_TPESampler_seed_6,ST_Plate_Notch_Neural_Net_TPESampler_seed_7,ST_Plate_Notch_Neural_Net_TPESampler_seed_8,ST_Plate_Notch_Neural_Net_TPESampler_seed_9,ST_Plate_Notch_Neural_Net_RandomSampler_seed_0,ST_Plate_Notch_Neural_Net_RandomSampler_seed_1,ST_Plate_Notch_Neural_Net_RandomSampler_seed_2,ST_Plate_Notch_Neural_Net_RandomSampler_seed_3,ST_Plate_Notch_Neural_Net_RandomSampler_seed_4,ST_Plate_Notch_Neural_Net_RandomSampler_seed_5,ST_Plate_Notch_Neural_Net_RandomSampler_seed_6,ST_Plate_Notch_Neural_Net_RandomSampler_seed_7,ST_Plate_Notch_Neural_Net_RandomSampler_seed_8,ST_Plate_Notch_Neural_Net_RandomSampler_seed_9,ST_Plate_Notch_Neural_Net_GridSampler_seed_0,ST_Plate_Notch_Neural_Net_GridSampler_seed_1,ST_Plate_Notch_Neural_Net_GridSampler_seed_2,ST_Plate_Notch_Neural_Net_GridSampler_seed_3,ST_Plate_Notch_Neural_Net_GridSampler_seed_4,ST_Plate_Notch_Neural_Net_GridSampler_seed_5,ST_Plate_Notch_Neural_Net_GridSampler_seed_6,ST_Plate_Notch_Neural_Net_GridSampler_seed_7,ST_Plate_Notch_Neural_Net_GridSampler_seed_8,ST_Plate_Notch_Neural_Net_GridSampler_seed_9
4421.0,88.41900000000003,-1.1480400893441938,164.62403508954134,392.5459884617642,828374.4876124063,-1.1480250000000003,164.52570315040276,392.54599126814526,828470.1300988507,0.0005023903514758,-4.5388847077247885,0.0001956717891326,19200.000000000007,1.5089128463064422e-05,-0.0093386462263316,1.6026237470183357e-06,0.0,0.0031752150432135,0.488203384626163,-6.974976778790112,403.3496560662224,-0.0013877856876699,-0.2863221103007083,19588.66312478784,870396.7575303,0.002,0.007905495999476,0.0233116191820828,-0.0789090024321219,6.0,10.0,180.0,0.3100731500056785,-6.466899599580006,-0.4476828997208542,-0.6398116252922846,-1.0945817758078498e-36,1.93079260261596e-36,4.916811538597759e-37,2.2194749884758137e-36,0.0,0.3100731500056785,-0.2109963744878769,0.3032706379890442,0.9770911931991577,0.22743508219718933,0.4418816566467285,0.2965821623802185,0.8525134921073914,0.31362277269363403,0.5348477959632874,0.43954306840896606,0.14489074051380157,0.3626125454902649,0.2124645709991455,0.14468584954738617,-0.8264937996864319,-0.039961446076631546,-2.044564723968506,1.1164755821228027,0.27079057693481445,0.6043524742126465,1.1680728197097778,0.8945210576057434,0.8422459363937378,1.030027151107788,0.8708548545837402,1.233856201171875,1.3715355396270752,1.1579890251159668,0.5265790820121765,1.317797303199768,0.2077118307352066,0.03911589831113815,0.21152028441429138,0.43129444122314453,-3.204240560531616,-0.15372055768966675,0.12475306540727615,-0.08087842166423798,-2.092320442199707,-0.5880880355834961
4422.0,88.43900000000004,-1.148005686376713,164.5587343123783,392.5459762044364,828975.6489239007,-1.1480250000000003,164.49998916129536,392.5460022560082,829071.2900536862,-0.000639374599483,-1.7573151261976598,0.0015725942530564,19200.000000000007,-1.931295161214782e-05,-0.052544562518924,1.7189630723770606e-05,0.0,-0.0095328114600588,-0.9189235040564366,-1.3530373648320384,-14.10681019652426,0.0028478989241195,1.0844669406102347,-2906.883501734311,834841.0835503269,0.002,0.0077240845865804,0.0225616768813035,-0.0795982421229996,6.0,10.0,180.0,0.3178703506801444,-4.955131777987895,-0.4465696296508926,-0.6316288981498852,-5.472908879039249e-37,9.653963013079796e-37,2.4584057692988794e-37,1.1097374942379069e-36,0.0,0.3178703506801444,0.27560344338417053,0.15775147080421448,0.07672393321990967,0.17038878798484802,0.09555399417877197,0.12673524022102356,0.3584461212158203,0.1367197185754776,0.3161758482456207,0.09550687670707703,0.13385982811450958,0.11948036402463913,0.12214682996273041,0.21768231689929962,0.3239961266517639,0.07669007033109665,-1.9373904466629028,-0.049518220126628876,0.09514304995536804,0.10912569612264633,0.4090365171432495,-7.965415716171265e-05,0.23036685585975647,0.43790918588638306,0.14328840374946594,0.3651103377342224,0.169151172041893,0.2458798736333847,0.3679068088531494,0.43440359830856323,-3.5535364151000977,0.17188286781311035,0.1835540235042572,-0.2768097221851349,1.487093210220337,0.7920618057250977,0.17256048321723938,-0.01682131737470627,0.8317714333534241,-0.6830778121948242
4423.0,88.45900000000003,-1.147969632656005,164.52875588952938,392.54599534616426,829816.676307565,-1.1480250000000003,164.49999206660712,392.54603257858975,829912.3183990695,-0.0018457495555283,-0.9586441399851232,0.0024193159558452,19200.000000000007,-5.536581393333508e-05,-0.028767822060206,1.5230526260550086e-05,0.0,0.0019783923028262,-1.7694322481545004,-1.158472473039326,59.3987730479318,0.0010615382960523,0.1645395815023263,4540.804426527245,-1677201.5904882825,0.002,0.0064755009522674,0.0225476162468903,-0.0811473721943944,6.0,10.0,180.0,0.3168809844153613,-5.06006709946458,-0.4460812478820421,-0.6372679006783749,-2.7364544395196244e-37,4.8269815065398994e-37,1.2292028846494395e-37,5.548687471189534e-37,0.0,0.3168809844153613,0.23351331055164337,0.20038798451423645,0.25130489468574524,0.23504070937633514,0.24090206623077393,0.16967427730560303,0.3593572676181793,0.03409726545214653,0.22655059397220612,0.014205724000930786,0.21962326765060425,0.2011665254831314,0.18343044817447662,0.247698575258255,-0.11145367473363876,0.06118366867303848,-2.081549644470215,0.4527897834777832,0.1694117784500122,0.1801828145980835,0.37663647532463074,0.03436463326215744,0.17237508296966553,0.6488374471664429,0.3382865786552429,0.48239538073539734,0.4356882572174072,0.4492698609828949,0.08582828938961029,0.4404623210430145,0.18483151495456696,0.20244190096855164,0.2070896476507187,-0.013103093951940536,-0.433945894241333,0.5913487076759338,0.1468524932861328,-0.04943034052848816,0.15501126646995544,-0.7110599279403687
4424.0,88.47900000000003,-1.1480538516782064,164.51316083467728,392.5460618139643,830071.0056760771,-1.1480250000000003,164.49999815775925,392.5460773047325,830166.6466171758,0.0009588450559516,-0.4385784226917464,0.001903750683384,19200.000000000007,2.8752109129462105e-05,-0.0131666540824533,-1.4588387560732466e-05,0.0,0.0092554745779388,2.2629291730687333,-0.5280386637923628,19.65083405099925,-0.0011146397263612,-0.6652644966589579,47433.549616468095,-5188410347.314119,0.002,0.0071814598959139,0.0213154934635829,-0.0650929578916846,6.0,10.0,180.0,0.3178646164951598,-4.90086549879408,-0.4428028676764238,-0.6347289218004752,-1.3682272197598122e-37,2.4134907532699493e-37,6.146014423247199e-38,2.774343735594767e-37,0.0,0.3178646164951598,-0.09369784593582153,0.5562185049057007,-0.3376714289188385,-0.9806081056594849,0.4224820137023926,0.36081385612487793,1.5906987190246582,-1.1613537073135376,0.7981488704681396,1.5225026607513428,0.2893490195274353,-0.7049793004989624,-0.15554167330265045,-0.2382139414548874,1.227259874343872,0.16980212926864624,-1.6796841621398926,0.7456560134887695,0.18528318405151367,-0.0019176974892616272,0.7371794581413269,3.4931204319000244,0.2294933795928955,4.998324394226074,0.5437554121017456,2.2575623989105225,8.313594818115234,0.6722375154495239,0.7974704504013062,0.23314763605594635,-18.654727935791016,0.0755528137087822,-0.20814937353134155,-0.31245020031929016,-5.020933151245117,-0.4724637269973755,-0.39418983459472656,-0.7656892538070679,-0.5533113479614258,0.739422082901001
4425.0,88.49900000000002,-1.148026356601776,164.50600833280205,392.54609222381725,82847.26136187559,-1.1480250000000003,164.500004267685,392.5460639701228,82942.90302448571,4.763423052068449e-05,-0.1999586703969524,-0.0478315822149035,19200.000000000007,1.3551131823860369e-06,-0.0060080354092333,1.829451408112203e-06,0.0,-0.0075535108456196,1.4003084263583203,-0.2292114736326659,9.40063179942982,0.0045591966478017,-0.255180074336265,-41438837.038488135,5187900856.500433,0.002,0.0065474551986296,0.0229817326279221,0.2656632376234716,6.0,10.0,180.0,0.3237332389637174,-4.865248056876206,-0.4424202919386159,-0.633726533376984,-6.841136098799061e-38,1.2067453766349749e-37,3.0730072116235993e-38,1.3871718677973836e-37,0.0,0.3237332389637174,0.3883545398712158,0.4067363739013672,3.036177158355713,0.16472762823104858,0.410552978515625,1.0311452150344849,0.7297903299331665,0.558362603187561,-1.283334732055664,-1.2474732398986816,1.634216070175171,1.1870276927947998,-0.9181331396102905,1.2975376844406128,0.7664151787757874,-0.9228827953338623,5.440743446350098,-1.2383766174316406,0.7456637024879456,-0.37547051906585693,9.910874366760254,-0.4393298625946045,2.9340739250183105,4.21623420715332,-0.3953607380390167,5.500146389007568,-3.1527600288391113,0.9541893005371094,1.8648631572723389,-3.3639307022094727,-4.123643398284912,-1.4682236909866333,1.3900362253189087,0.48226651549339294,-5.151270389556885,-0.571068286895752,0.7571895122528076,0.09785960614681244,-1.4964148998260498,-2.2102549076080322
4426.0,88.51900000000003,-1.1479973092386655,164.50273272771076,392.5387192599531,-54.71971198134001,-1.1480250000000003,164.50000919198595,392.50565737648446,40.92054683793913,-0.0009323232151218,-0.0907421058452606,-6.275807923644814,19200.000000000007,-2.769179017027196e-05,-0.0027263811741588,0.0051990102344375,0.0,-0.0022009843737603,-1.5126757897446843,-0.1067084354432684,5.174392230829577,-2.0763463163519487,-427.0047670265536,12086.191177692288,2061336.884783477,0.002,0.007646312185964,0.024266281702407,0.4512301560069774,6.0,10.0,180.0,0.3227616838001498,-4.851514380769901,-2.6603498993599173,-0.6337118329526137,-3.42056804939953e-38,6.033726883174873e-38,1.5365036058117994e-38,6.935859338986918e-38,0.0,0.3227616838001498,0.25088226795196533,0.2188357263803482,0.08026313781738281,-0.08043892681598663,0.34493911266326904,0.025056861340999603,0.3383660912513733,0.20472663640975952,0.19877365231513977,0.2222081571817398,0.06608603149652481,0.11973943561315536,0.2441663146018982,0.2120957225561142,-0.6451950073242188,-0.12657895684242249,-1.8419867753982544,-0.23006924986839294,0.11828058212995529,0.9255624413490295,0.5445079207420349,-0.012890957295894623,0.3384915292263031,0.5271058082580566,0.08151008933782578,0.45601263642311096,0.6720300912857056,0.3206281363964081,0.8494899272918701,0.8582172393798828,1.0181453227996826,0.08943123370409012,-0.13664349913597107,0.8472827672958374,1.1652246713638306,0.4957130551338196,0.366120845079422,0.17681898176670074,-0.43581533432006836,2.3102803230285645
4427.0,88.53900000000003,-1.1480165004548846,164.50123741535626,392.343452687213,736.2121297292158,-1.1480250000000003,164.50001000115475,392.1602845497362,831.8530317654419,-0.0002805130965369,-0.040922344225956,-28.086121712184287,19200.000000000007,-8.498361519319493e-06,-0.0012276042886558,0.0952749307794973,0.0,0.0046482985900881,-1.4186262461441963,-0.0495263446747938,0.675246690401641,-20.37018970688448,-1281.4829301159652,-5493.409804962054,-429269.986570032,0.002,0.0074855045311632,0.0219747081978844,0.1497915358876461,6.0,10.0,180.0,0.3217837966476479,-4.844734434227518,-6.655659614757279,-0.6388487174058255,-1.710284024699765e-38,3.0168634415874366e-38,7.682518029058997e-39,3.467929669493459e-38,0.0,0.3217837966476479,-0.020823895931243896,0.020913317799568176,-0.10764965415000916,-0.005236372351646423,0.010423541069030762,0.12952667474746704,0.2831091284751892,-0.1848745346069336,-0.1397428959608078,-0.0028040707111358643,-0.12681952118873596,-0.08176320046186447,-0.009379479102790356,0.10214783251285553,-0.9540886878967285,-0.39872437715530396,-1.8038413524627686,-0.429916650056839,-0.16365478932857513,1.020637035369873,1.0260769128799438,0.0651816800236702,0.6916549801826477,1.2091946601867676,0.18227419257164001,-0.06241142377257347,1.9332648515701294,0.18142709136009216,0.029130075126886368,0.9011757373809814,4.129558086395264,-0.07486269623041153,-0.13103869557380676,1.2216174602508545,-2.4662930965423584,-0.15215587615966797,0.26937076449394226,0.1488572210073471,-2.5926997661590576,4.603393077850342
4428.0,88.55900000000004,-1.1480488183151598,164.5004795170365,391.64960668501953,1425.8460292726372,-1.1480250000000003,164.50000997966538,391.2096684127574,1521.48659411302,0.000821543549761,-0.0156541742280401,-53.63630548582128,19200.000000000007,2.381966935276949e-05,-0.0004695167084079,0.2497267321672872,0.0,0.0065714395344955,0.7935993520417185,-0.0153324912208452,1.1549875116455328,-49.00468693737034,-1232.8856712325228,15607.036148643983,-1101121.0743189638,0.002,0.0064103537786315,0.0217611480626265,-0.0510775565224122,6.0,10.0,180.0,0.3193352792188964,-4.857428256682252,-6.623537786801935,-0.6316660834601542,-8.551420123498824e-39,1.5084317207937183e-38,3.8412590145294985e-39,1.7339648347467295e-38,0.0,0.3193352792188964,0.03912976384162903,0.13468512892723083,-0.14530238509178162,-0.057903409004211426,-0.0506744384765625,0.008312389254570007,-0.11671727895736694,0.1889965534210205,-0.008735612034797668,0.03573828935623169,-0.0602080412209034,-0.1335844099521637,-0.11964111030101776,0.004166031256318092,-0.870015025138855,-0.39344149827957153,-0.8012479543685913,-0.424243688583374,-0.1043127030134201,1.007308840751648,0.4841638207435608,-0.1342279613018036,0.40971389412879944,0.9781246185302734,-0.07379470020532608,-0.11643186211585999,1.724602222442627,0.07202465832233429,-0.3613869249820709,0.6267591118812561,3.5632472038269043,0.1244887188076973,-0.08033761382102966,1.4502168893814087,-2.3284285068511963,-0.07234141230583191,0.31183919310569763,0.02301625907421112,-2.111172914505005,5.772092819213867
4429.0,88.57900000000004,-1.1480693417330847,164.50010743546392,390.4864262949318,1747.0835521396716,-1.1480250000000003,164.5000090555502,389.80700143252704,1842.7233072342508,0.0014767823949575,-0.0033616244397352,-66.1894473946108,19200.000000000007,4.424131503483386e-05,-9.758586301061716e-05,0.2637899039261592,0.0,-0.0087689989977896,2.2058460841095675,-0.0078453471479722,2.9891469283638386,-64.85040041964882,-497.2272510458388,24264.67983186652,225650.24213516992,0.002,0.0079958047226636,0.0235849063183433,-0.3636254952305673,6.0,10.0,180.0,0.3227614289538275,-4.87054580431804,-3.1986607416388133,-0.6367445906969911,-4.2757100617494125e-39,7.542158603968592e-39,1.9206295072647496e-39,8.669824173733645e-39,0.0,0.3227614289538275,0.13265889883041382,0.031010538339614868,0.041103146970272064,-0.16587944328784943,0.05840197205543518,-0.04026465490460396,-0.3986072540283203,0.1591174453496933,0.39363592863082886,0.12581413984298706,0.05636115372180939,0.04460534825921059,0.08591204881668091,0.23059284687042236,-0.5834224224090576,-0.24834519624710083,-1.7489789724349976,-0.4737697243690491,0.06279110908508301,0.7430304288864136,-0.3058694005012512,-0.501728355884552,-0.009788066148757935,0.09860836714506149,-0.37906625866889954,0.1532629132270813,0.5554884076118469,0.11647726595401764,-0.2754238545894623,0.27768486738204956,2.0111801624298096,-0.023225322365760803,-0.14957569539546967,1.292183518409729,2.7028558254241943,0.6107762455940247,0.4412437081336975,-0.08655102550983429,-0.5384191274642944,6.327635765075684
4430.0,88.59900000000002,-1.147968809132044,164.49999763131828,389.1376542527816,2094.1944698683737,-1.1480250000000003,164.50000483126155,388.3424861417362,2189.834676710356,-0.0018398952526137,4.933361969365071e-05,-63.37464658342706,19200.000000000007,-5.619232308001028e-05,1.0417913228503214e-05,0.1436148806958596,0.0,-0.0124692851816706,-2.6248471551343666,-0.0141884377541991,-2.633240548629592,-67.07841431698878,344.62064628705184,21155.564179847453,104108.74053449294,0.002,0.0077213421375103,0.0197008747936517,-0.6060357455564253,6.0,10.0,180.0,0.3242301681772978,-4.888086501770885,0.5175547223362275,-0.6362321601554537,-2.1378550308747063e-39,3.771079301984296e-39,9.603147536323748e-40,4.334912086866824e-39,0.0,0.3242301681772978,0.02561536431312561,-0.07745881378650665,-0.38773953914642334,-0.43278130888938904,-0.08263179659843445,-0.13893413543701172,-0.5512136220932007,-0.7591952085494995,-0.19106510281562805,0.06796064972877502,-0.0043404921889305115,0.3199101686477661,-0.009671458974480629,0.18704678118228912,0.7476973533630371,-0.05595388635993004,-2.0925660133361816,-0.22846609354019165,0.1298913061618805,-0.03586191684007645,-0.40087971091270447,-1.0691245794296265,0.10811873525381088,-0.43924009799957275,-0.3254263997077942,-0.563749372959137,0.06048643961548805,0.091656893491745,-0.23493438959121704,-0.451829195022583,-0.34415197372436523,0.09016179293394089,0.01863192394375801,-0.2994821071624756,-1.7931032180786133,0.6624700427055359,0.19295287132263184,-0.14412981271743774,1.3778438568115234,3.470315933227539
4431.0,88.619,-1.147961207705164,164.4999155475126,387.9254984352441,2494.259893258584,-1.1480250000000003,164.49999874284433,387.2127025200258,2589.899863397369,-0.0021326494033646,0.0026121428744138,-43.06272114912976,19200.000000000007,-6.379386771918393e-05,8.716827753247147e-05,-0.0361432075264459,0.0,0.0126956695455353,-1.7122151579449514,0.0009602910550265,0.2989555400815112,-51.13791329371539,1243.1974654352002,18618.55801646228,-33828.99055149493,0.002,0.0041005570632334,0.0238753484643308,-0.2449842784855708,6.0,10.0,180.0,0.3188326614971527,-4.91157672580488,4.681634119668952,-0.6419042399814898,-1.0689275154373531e-39,1.885539650992148e-39,4.801573768161874e-40,2.167456043433412e-39,0.0,0.3188326614971527,-0.11794853210449219,0.0066424161195755005,-0.3806499242782593,-0.027705490589141846,0.04678964614868164,-0.09419877827167511,-0.29971009492874146,-0.5037640929222107,-0.20950625836849213,0.050237059593200684,-0.14382702112197876,-0.01060662791132927,-0.025919172912836075,-0.1470259130001068,1.3825560808181763,-0.0297891516238451,-1.9587757587432861,0.010043935850262642,-0.09047147631645203,-0.07376596331596375,-0.6009392738342285,-0.9457381963729858,-0.16173604130744934,-0.3308286666870117,-0.7137470245361328,-0.3313080072402954,-0.6661853194236755,0.5561097264289856,-0.4038756787776947,-1.8036296367645264,0.3569296598434448,0.004524700343608856,0.1327398419380188,-0.9422667026519775,-6.995269298553467,0.10801640152931213,-0.09468519687652588,-0.6855052709579468,3.6848762035369873,-1.7342736721038818
4432.0,88.63900000000001,-1.1480674018848451,164.4998731297411,387.18558715737583,2883.866451912928,-1.1480250000000003,164.49999262937598,386.6878487263269,2979.5080173885426,0.0014422318278848,0.0038138501983974,-20.498211614966344,19200.000000000007,4.240073075223296e-05,0.000123470678283,-0.2242627330778934,0.0,0.0024463880316131,3.969012145148552,0.0016784964389655,-0.907852341989534,-23.608768109473967,1027.3237627016767,19145.47940750625,-13762.522819842148,0.002,0.0081283440830978,0.0228601397628736,-0.1555480636234166,6.0,10.0,180.0,0.3256622692431009,-4.928712439231116,4.161681611920274,-0.638813222451725,-5.3446375771867665e-40,9.42769825496074e-40,2.400786884080937e-40,1.083728021716706e-39,0.0,0.3256622692431009,0.06869363784790039,0.1285393387079239,-0.10504397749900818,-0.05803215503692627,0.005014479160308838,-0.041910409927368164,-0.22709664702415466,-0.4443051815032959,-0.0796627551317215,0.14630082249641418,0.030740227550268173,0.02873706817626953,0.0321875736117363,-0.03710867837071419,1.4758414030075073,0.12245021760463715,-2.0370700359344482,0.019924618303775787,0.026108253747224808,-0.07139208912849426,-0.42699357867240906,-0.4521064758300781,-0.11846926063299179,-0.2583203911781311,-0.6525580883026123,0.171840637922287,-0.7267483472824097,0.5871071219444275,-0.6068047285079956,-1.582118272781372,0.7356517314910889,0.09491925686597824,0.1752658486366272,-1.0084532499313354,-4.101391792297363,0.23293805122375488,-0.04930777847766876,-0.6281369924545288,3.5440897941589355,-3.2165982723236084
4433.0,88.65900000000003,-1.147975546845569,164.4998879409095,386.8546196604972,3267.5674695790544,-1.1480250000000003,164.50070745369618,386.56396391052266,3363.20649529424,-0.0016486455161593,0.2742368367758295,-10.061552978624729,19200.000000000007,-4.955294877458651e-05,0.0001025434235107,-0.2357686097311656,0.0,-0.0095284718598415,-1.956323539754712,-0.0015012414876141,6.210614044464428,-11.259143890990291,428.4723978603152,19234.33493836713,970.926778506544,0.002,0.0086887266045951,0.0224332503298788,-0.1334393955142968,6.0,10.0,180.0,0.3300825373247892,-4.975592060287417,1.208318665168754,-0.6423828613852995,-2.672318788593383e-40,4.71384912748037e-40,1.2003934420404683e-40,5.41864010858353e-40,0.0,0.3300825373247892,0.18985825777053833,0.1426577866077423,0.2086145132780075,-0.018889158964157104,0.030437320470809937,0.015203550457954407,0.12774653732776642,-0.33857297897338867,0.028113648295402527,0.0640641450881958,0.04291146248579025,0.16264724731445312,0.016878608614206314,0.16625650227069855,1.2161571979522705,0.06903515756130219,-2.071248769760132,0.060309361666440964,0.008807100355625153,0.00290873646736145,-0.13271623849868774,-0.18063127994537354,0.07489997893571854,0.03942056745290756,-0.08566942065954208,0.06665405631065369,-0.19778700172901154,0.25770509243011475,-0.34632131457328796,-0.6069170832633972,-4.094316005706787,0.02085968852043152,0.387052983045578,-0.9133787155151367,-1.1098066568374634,0.36080071330070496,0.017740048468112946,-0.41814279556274414,2.224073648452759,-2.3714046478271484
4434.0,88.67900000000004,-1.1479499781517206,164.51200901712548,386.6905212219434,3651.1756547220975,-1.1480250000000003,164.5298491884676,386.5459819775774,3746.8154436175473,-0.0024984587886264,3.1212324316590228,-4.65695254852166,19200.000000000007,-7.502043605832309e-05,-0.0072074434876755,-0.1378268767517494,0.0,0.019048705798596,-2.375541403916512,1.6985611278709143,147.11040312507592,-5.697256342315682,253.63185104971004,19206.468499989984,936.893181643624,0.002,0.0056376663084835,0.0233487217154899,-0.1143513637887486,6.0,10.0,180.0,0.3281268583027826,-6.055158395878012,0.4654978621780673,-0.6346986498666112,-1.3361593942966912e-40,2.356924563740185e-40,6.00196721020234e-41,2.709320054291765e-40,0.0,0.3281268583027826,-0.03594145178794861,0.07037694752216339,0.23288297653198242,-0.014160484075546265,-0.03031942993402481,-0.06080982834100723,0.20833353698253632,-0.3110111951828003,0.2048361897468567,-0.2211393117904663,0.1620042473077774,0.29436740279197693,0.10425516217947006,0.2584806978702545,0.1261691451072693,0.011353506706655025,-2.0098471641540527,0.6356585621833801,0.15669098496437073,0.17175208032131195,0.08554784208536148,-0.1292625367641449,-0.06488675624132156,0.5371853113174438,0.29555612802505493,0.4458271563053131,0.4428117871284485,0.4797177016735077,-0.0970497727394104,0.0012733200564980507,-4.64652681350708,0.02785215526819229,0.20215395092964172,-0.3569381833076477,-2.43735408782959,0.20334093272686005,0.01704610139131546,-0.2645880877971649,0.5304221510887146,-1.5919893980026245
4435.0,88.69900000000004,-1.1481229034042366,164.5992835626169,386.6159617074003,4035.140616308135,-1.1480250000000003,164.66215230400363,386.54593276121705,4130.779484000001,0.0032652426649936,7.971944402758202,-2.3331580022198954,19200.000000000007,9.790430014125842e-05,-0.0378098958862656,-0.0700588831923451,0.0,0.0017045674285875,5.737674308173107,7.486732573357221,234.64193258361925,-2.664774404287831,46.43626648693319,19200.155024074767,5.293202094320352,0.002,0.006197176619035,0.022240666986415,-0.0794273460669701,6.0,10.0,180.0,0.3242029882337742,-6.84182177255847,-0.343785012496256,-0.6367618248328946,-6.680796971483456e-41,1.178462281870092e-40,3.0009836051011707e-41,1.354660027145882e-40,0.0,0.3242029882337742,-0.2911883294582367,0.1554420441389084,0.4277907907962799,0.13853499293327332,0.2097558230161667,-0.1451144963502884,0.08574572205543518,-0.18581178784370422,0.217646986246109,-0.07746297121047974,0.1977139562368393,0.3270424008369446,0.2760509252548218,0.3140001893043518,-0.435663104057312,0.11149080097675323,-1.9665378332138062,0.7833741903305054,0.23604077100753784,0.301786333322525,0.17695260047912598,-0.2711423337459564,0.12808218598365784,0.42392343282699585,0.4292675256729126,0.5007153153419495,0.793357253074646,0.5186417698860168,-0.13260674476623535,0.33067959547042847,-1.4394738674163818,0.07115628570318222,0.17510582506656647,0.0094212107360363,-4.478251934051514,0.13328351080417633,0.05170907825231552,-0.06198769062757492,-0.913888156414032,-0.22155478596687317
4436.0,88.71900000000002,-1.1480614822626314,164.76226604606904,386.5774940579682,4419.1398069429,-1.1480250000000003,164.85328166935557,386.5459687867345,4514.779484000001,0.0012169722401111,8.474273744054104,-1.050231731746441,19200.000000000007,3.648214288153871e-05,-0.0337804557926376,-0.0315468564349607,0.0,-0.0187997268237137,-0.1870790155341871,8.134465528508496,43.20772001450807,-1.126372115660139,56.23939986773024,19199.98255731074,81.65328170977155,0.002,0.0075955399085405,0.022731375730607,-0.0852807115502283,6.0,10.0,180.0,0.3310575265563113,-5.960553071218354,-0.3849736652258408,-0.6424104069668952,-3.340398485741728e-41,5.89231140935046e-41,1.5004918025505856e-41,6.77330013572941e-41,0.0,0.3310575265563113,-0.012268558144569397,0.014951325953006744,0.024248287081718445,0.08339796960353851,0.05809757113456726,-0.025839120149612427,0.0181121826171875,-0.17423012852668762,0.12084178626537323,-0.05029669404029846,0.1764293909072876,0.169107124209404,0.18115463852882385,0.30697184801101685,0.29209113121032715,0.13131098449230194,-2.0869827270507812,0.24212729930877686,0.13116700947284698,0.09456734359264374,0.10989759117364883,-0.2815078794956207,0.041537024080753326,0.3444253206253052,0.04453565925359726,0.07014927268028259,0.07039473205804825,0.11306518316268921,0.05896981433033943,0.03094201534986496,-4.177342891693115,0.13449198007583618,0.2614907920360565,-0.40514785051345825,-0.5011342763900757,0.580044686794281,0.061682023108005524,0.056814223527908325,0.9832170605659485,-0.641668438911438
4437.0,88.739,-1.1479510615227324,164.93575548865778,386.5606795694432,4803.140958113983,-1.1480250000000003,165.04528778484615,386.5459854996159,4898.7794840000015,-0.0024307985268496,9.091253724834305,-0.4896789517619153,19200.000000000007,-7.393867018088839e-05,-0.0152715822142673,-0.0147027723565268,0.0,-0.0012014264227703,-5.125555249241728,8.994396966570989,20.93789459655251,-0.6597261842090196,29.818872920009,19200.186271927272,-47.13580589599558,0.002,0.006243752827988,0.0227235673310358,-0.0859617394186703,6.0,10.0,180.0,0.3276612751225058,-5.903920979227239,-0.5441111661105339,-0.6300824588580783,-1.6701992428708643e-41,2.94615570467523e-41,7.502459012752928e-42,3.386650067864705e-41,0.0,0.3276612751225058,-0.031210273504257202,0.034194570034742355,-0.07006804645061493,0.08802306652069092,0.0836494117975235,-0.023944400250911713,0.022750377655029297,-0.12382328510284424,0.11689279973506927,-0.0346759557723999,0.19184088706970215,0.16987690329551697,0.20608824491500854,0.33342403173446655,0.38503360748291016,0.17554597556591034,-2.099752902984619,0.10213709622621536,0.14858873188495636,0.09169332683086395,0.15609478950500488,-0.23482614755630493,0.05714479461312294,0.27484017610549927,-0.008282899856567383,0.053620677441358566,0.0015756310895085335,0.060320354998111725,0.25599154829978943,0.09557297080755234,-5.1789937019348145,0.14147096872329712,0.26675957441329956,-0.417997270822525,0.09733441472053528,0.6600136756896973,0.09075193852186203,0.13479606807231903,1.209324836730957,-0.5064086318016052
4438.0,88.75900000000003,-1.1480371956181816,165.11936153561828,386.55320167276153,5187.140075650977,-1.1480250000000003,165.23729387861428,386.54598942835366,5282.7794840000015,0.0004034130297203,9.371255705019776,-0.240395891773314,19200.000000000007,1.2195644941730154e-05,-0.0068714109913514,-0.0072139810445431,0.0,0.0119554122920558,0.7311575315204386,9.35552044577978,15.745160818022471,-0.2747876479538773,-4.226900477035725,19199.98037681264,29.97333852491924,0.002,0.0062730951385416,0.0224793198498083,-0.0814608120355516,6.0,10.0,180.0,0.3208200607474139,-5.889173975786404,-0.6616684181053729,-0.6382694147376595,-8.350996214354323e-42,1.4730778523376155e-41,3.751229506376464e-42,1.6933250339323528e-41,0.0,0.3208200607474139,-0.07133931666612625,0.020476341247558594,-0.11413700133562088,0.05572894960641861,0.09638586640357971,-0.0414542555809021,-0.003981351852416992,-0.08406226336956024,0.09138329327106476,-0.064816415309906,0.16559384763240814,0.1343095749616623,0.1821143627166748,0.3001454472541809,0.291947603225708,0.14486460387706757,-2.094784736633301,0.011646054685115814,0.11426058411598206,0.08533051609992981,0.15622010827064514,-0.23994460701942444,0.04402424767613411,0.21369802951812744,-0.07298540323972702,-0.002101067453622818,-0.01837076246738434,0.06062790006399155,0.3112335205078125,0.12300506979227066,-5.117579936981201,0.12638920545578003,0.20842719078063965,-0.3715330958366394,0.11438578367233276,0.6898341774940491,0.0820438489317894,0.14150799810886383,1.1718000173568726,-0.22443145513534546
4439.0,88.77900000000002,-1.1480557785273935,165.30763642242823,386.5491657315139,5571.141571220312,-1.1480250000000003,165.4292990757985,386.5459899988488,5666.7794840000015,0.001024537613859,9.49552118902687,-0.1058615691198761,19200.000000000007,3.077855091833963e-05,-0.0031403298247033,-0.0031759453904437,0.0,-0.002198958150118,2.256831699688491,9.440439606949154,7.445883267979356,-0.0974698652625429,4.198033282234415,19199.999372542334,-51.57961286128459,0.002,0.0073675041136569,0.023068294074754,-0.0802528951822283,6.0,10.0,180.0,0.326666555435589,-5.897454678797791,-0.6201500310926844,-0.6337028368623933,-4.175498107177161e-42,7.365389261688078e-42,1.875614753188232e-42,8.466625169661765e-42,0.0,0.326666555435589,-0.07796822488307953,0.000995345413684845,-0.15861743688583374,0.04079699143767357,0.06792347133159637,-0.07488273829221725,-0.0006923079490661621,-0.08571672439575195,0.09190239012241364,-0.08541610836982727,0.14428327977657318,0.11674676835536957,0.1634114682674408,0.2865907549858093,0.3606036305427551,0.1383354514837265,-2.0960655212402344,-0.054072409868240356,0.09444829821586609,0.07122369110584259,0.13436190783977509,-0.21779024600982666,0.046782512217760086,0.1678677201271057,-0.12011958658695221,-0.020131167024374008,-0.05051563307642937,0.008969239890575409,0.310893714427948,0.07194604724645615,-5.375306606292725,0.11665119975805283,0.21205806732177734,-0.4322965443134308,0.29113152623176575,0.6964036822319031,0.0714091882109642,0.13246922194957733,1.2751461267471313,-0.29324814677238464
4440.0,88.79900000000005,-1.148001045341883,165.4978859349977,386.5473865536054,5955.1405655697135,-1.1480250000000003,165.62130097573487,386.5459900005083,6050.779484000002,-0.0007697774884368,9.553831700125814,-0.0465509539696733,19200.000000000007,-2.395465788788729e-05,-0.0013854233258408,-0.0013965529779905,0.0,-0.0063281841914762,-0.1190318158582169,9.576717823272812,4.2614832777333,-0.0570357972993765,4.642766026585735,19200.00018451509,-12.881769773128047,0.002,0.0069060699701652,0.0226190165024152,-0.0804190934002128,6.0,10.0,180.0,0.3281120227108539,-5.890131351072578,-0.6089008854021933,-0.6342409264812401,-2.087749053588581e-42,3.682694630844039e-42,9.37807376594116e-43,4.2333125848308825e-42,0.0,0.3281120227108539,-0.07919597625732422,0.010764215141534805,-0.1627521514892578,0.048223547637462616,0.07305015623569489,-0.07394097745418549,0.012363404035568237,-0.0825747698545456,0.09575909376144409,-0.08400335907936096,0.15410354733467102,0.12595340609550476,0.17539116740226746,0.3000601530075073,0.39514636993408203,0.15484948456287384,-2.0927443504333496,-0.06482236832380295,0.10696569085121155,0.07328586280345917,0.13831265270709991,-0.20175403356552124,0.05102452635765076,0.16051331162452698,-0.1137319803237915,-0.008418824523687363,-0.05544854328036308,-0.0018792785704135895,0.34395885467529297,0.07668261975049973,-5.275878429412842,0.12185769528150558,0.2242979109287262,-0.43901389837265015,0.37991154193878174,0.7060804963111877,0.08085966855287552,0.14863578975200653,1.3242464065551758,-0.3161582052707672
4441.0,88.81900000000003,-1.1480205317843395,165.689219691086,386.5465731246185,6339.141757869496,-1.1480250000000003,165.81330100015794,386.545990000165,6434.7794840000015,-0.0001180118225643,9.576051291208396,-0.0194378713108839,19200.000000000007,-4.468216499579136e-06,-0.0007183941496612,-0.0005831242843786,0.0,0.004851971903182,-0.2438367251973877,9.553768402859918,2.386301159055217,-0.0243892188890064,2.7487960559429268,19200.153944513248,-47.153909777883136,0.002,0.0070124427691063,0.0224438977088715,-0.080549525599129,6.0,10.0,180.0,0.3241926420771677,-5.842257801434294,-0.6005859417948901,-0.6331867802352584,-1.0438745267942905e-42,1.84134731542202e-42,4.68903688297058e-43,2.1166562924154413e-42,0.0,0.3241926420771677,-0.0803961530327797,0.010899677872657776,-0.1691320836544037,0.04675789922475815,0.07188037037849426,-0.0833239033818245,0.016496390104293823,-0.07792209833860397,0.09642302989959717,-0.08809320628643036,0.1526336371898651,0.12392718344926834,0.1748606264591217,0.29913848638534546,0.4003928303718567,0.15545399487018585,-2.089526414871216,-0.07897073775529861,0.10585756599903107,0.07244102656841278,0.13785699009895325,-0.19524306058883667,0.05141320452094078,0.1518334448337555,-0.11707154661417007,-0.005929198116064072,-0.05922694131731987,-0.006920237094163895,0.35197901725769043,0.08019842952489853,-5.211467266082764,0.12122874706983566,0.22205841541290283,-0.44003379344940186,0.42405369877815247,0.7113681435585022,0.08224951475858688,0.15025277435779572,1.334932565689087,-0.30671989917755127
4442.0,88.83900000000003,-1.148041926654168,165.8806753444001,386.546209583353,6723.141326196072,-1.1480250000000003,166.0053010001015,386.5459900000319,6818.7794840000015,0.0005660343582271,9.594197389243408,-0.0073141927722794,19200.000000000007,1.6926655905994103e-05,-0.0001740428586933,-0.0002195832442667,0.0,0.0007462310648192,-0.3118777441215529,9.577898060712531,0.2925150955515377,-0.0112095269687337,1.7679727753165508,19199.79192660501,4.3597607558043,0.002,0.0073469862026169,0.0223016842441352,-0.0803815810982376,6.0,10.0,180.0,0.3261614723704393,-5.8451855191456445,-0.5898345693294921,-0.6388431970082411,-5.219372633971453e-43,9.206736577110097e-43,2.34451844148529e-43,1.0583281462077206e-42,0.0,0.3261614723704393,-0.08272981643676758,0.010166827589273453,-0.17500732839107513,0.04491090774536133,0.07077722251415253,-0.09139107167720795,0.018690325319767,-0.07452861219644547,0.09699901938438416,-0.09124134480953217,0.15121695399284363,0.12244178354740143,0.17433330416679382,0.299053817987442,0.41098928451538086,0.15653732419013977,-2.08663010597229,-0.09468371421098709,0.10473385453224182,0.07104077935218811,0.13454850018024445,-0.19038063287734985,0.050447024405002594,0.14187929034233093,-0.12153445184230804,-0.004932131618261337,-0.06429349631071091,-0.014287684112787247,0.3592414855957031,0.07847549021244049,-5.1624555587768555,0.12091293185949326,0.2216355949640274,-0.44454506039619446,0.4665391147136688,0.7172555923461914,0.08375785499811172,0.15292249619960785,1.354872703552246,-0.29999053478240967
4443.0,88.85900000000001,-1.1480273045442029,166.07227775401594,386.54603289168085,7107.142014826073,-1.1480250000000003,166.19730100005674,386.5459900000041,7202.7794840000015,7.58648876160455e-05,9.607422647048672,-0.0014649417463141,19200.000000000007,2.3045362310838524e-06,0.0002233511415686,-4.289166157287311e-05,0.0,-0.0044052337445599,-0.3631124855009868,9.58863600823524,-0.4123669495946815,-0.0063438269794009,0.362471305535126,19200.04917239672,-12.91568956531134,0.002,0.0075988793222247,0.0225527342831916,-0.0811538051184839,6.0,10.0,180.0,0.3261746906272025,-5.845664641451195,-0.5776468138819284,-0.630651134381376,-2.6096863169857266e-43,4.6033682885550486e-43,1.172259220742645e-43,5.291640731038603e-43,0.0,0.3261746906272025,-0.08393830060958862,0.010889310389757156,-0.17826850712299347,0.04474859684705734,0.07216451317071915,-0.09461519122123718,0.019824281334877014,-0.07199329137802124,0.09716477990150452,-0.09194479882717133,0.15155774354934692,0.1224408820271492,0.1749851405620575,0.2995104491710663,0.411795973777771,0.15715184807777405,-2.084855318069458,-0.10028278082609177,0.10504226386547089,0.07110031694173813,0.1350906491279602,-0.1884058713912964,0.05049574375152588,0.13869571685791016,-0.12162578105926514,-0.003806319087743759,-0.06510814279317856,-0.015013854950666428,0.3639826774597168,0.0811997726559639,-5.1283860206604,0.12140295654535294,0.22070544958114624,-0.44266822934150696,0.48009631037712097,0.7206078767776489,0.08532821387052536,0.15522097051143646,1.3595190048217773,-0.2894439697265625
4444.0,88.87900000000003,-1.1480194433362696,166.26429972113343,386.545936618818,7491.142068401787,-1.1480250000000003,166.3893010000155,386.5459900000001,7586.779484000003,-0.0001836519285863,9.60672100450794,0.001785483052576,19200.000000000007,-5.556708181547798e-06,0.0002016794957241,5.338118385176718e-05,0.0,0.0009832210676435,-0.3692752270223243,9.631323753145065,1.0314914679230398,-0.0026715315798859,0.3061936051585659,19199.776243633787,-55.89027628037279,0.002,0.00753614266701,0.0229115638490524,-0.080541702560725,6.0,10.0,180.0,0.3237314949812172,-5.892520253005351,-0.5620328933797875,-0.640354124550553,-1.3048431584928633e-43,2.3016841442775243e-43,5.861296103713225e-44,2.6458203655193016e-43,0.0,0.3237314949812172,-0.08533564954996109,0.011971395462751389,-0.17608092725276947,0.045630354434251785,0.07392299175262451,-0.08961641788482666,0.015818484127521515,-0.07423680275678635,0.09532985091209412,-0.0902983695268631,0.15297073125839233,0.12365395575761795,0.17604801058769226,0.3001793622970581,0.4033774137496948,0.15716896951198578,-2.0867860317230225,-0.0903349369764328,0.10623663663864136,0.07225577533245087,0.13742147386074066,-0.19258549809455872,0.0496857613325119,0.14386218786239624,-0.11922357231378555,-0.006432760506868362,-0.0627547949552536,-0.010743711143732071,0.36090970039367676,0.08242971450090408,-5.1495842933654785,0.1214640811085701,0.22067402303218842,-0.43860122561454773,0.44690993428230286,0.7168046236038208,0.08429204672574997,0.15503458678722382,1.347030758857727,-0.2881529927253723
4445.0,88.89900000000003,-1.1480226973655303,166.45651863647953,386.54589957918654,7875.141816580241,-1.1480250000000003,166.5813010000002,386.5459900000001,7970.779484000003,-5.190581232472151e-05,9.599422125021452,0.003019668484228,19200.000000000007,-2.302565774037544e-06,-1.7340161269017136e-05,9.042081364547928e-05,0.0,0.0005030142792656,0.0132332636718669,9.586922682035372,-0.6071796879708277,-0.0012246161722035,-0.7938801816883879,19199.91432639864,17.188680504183942,0.002,0.0071998575140368,0.0228400007219878,-0.0805891694790312,6.0,10.0,180.0,0.3247130673621144,-5.834984041634921,-0.5439390298152356,-0.6352268598107942,-6.524215792464317e-44,1.1508420721387621e-43,2.9306480518566125e-44,1.3229101827596508e-43,1.5000000000000002,0.3247130673621144,-0.0866561308503151,0.00893082469701767,-0.18111561238765717,0.04213128611445427,0.07135089486837387,-0.09989815950393677,0.017114996910095215,-0.07051427662372589,0.09543932974338531,-0.09370765089988708,0.1492684781551361,0.12028732150793076,0.1732187420129776,0.297450989484787,0.409808874130249,0.15533387660980225,-2.0845389366149902,-0.1065007820725441,0.10260245949029922,0.07050760835409164,0.1337883025407791,-0.18848614394664764,0.049861565232276917,0.13512209057807922,-0.12366769462823868,-0.005894225090742111,-0.06623521447181702,-0.015830595046281815,0.36135780811309814,0.08091773092746735,-5.113166332244873,0.12000545114278793,0.2172953337430954,-0.4415290355682373,0.4817620813846588,0.7205409407615662,0.08390659838914871,0.15378542244434357,1.3528989553451538,-0.27179330587387085
4446.0,88.91900000000003,-1.1480429331813848,166.64852434854703,386.5458879314004,8259.142257646177,-1.1480250000000003,166.77330100000006,386.5459900000001,8354.779484,0.0005983400981414,9.59923682048537,0.0034085612174976,19200.000000000007,1.7933447948541808e-05,-2.314843644283075e-05,0.0001020685997589,0.0,-0.0014815711258273,0.9000198109486302,9.61133899326182,-2.444340174921249,0.0012004380678904,0.1809967193240569,19199.99905942544,34.40067945570659,0.002,0.0068849210067871,0.0224404979988326,-0.0809935383592822,6.0,10.0,180.0,0.3247117294668274,-5.826739609666586,-0.5282945002996559,-0.637805120480643,-3.2621078962321573e-44,5.754210360693811e-44,1.4653240259283062e-44,6.614550913798254e-44,6.300000000000002,0.3247117294668274,-0.0931694284081459,0.0007138662040233612,-0.186004638671875,0.034331437200307846,0.06434370577335358,-0.11424998939037323,0.010966919362545013,-0.0698571652173996,0.0922718346118927,-0.09861321747303009,0.1415761113166809,0.1145767867565155,0.16736248135566711,0.29301902651786804,0.42763030529022217,0.15263229608535767,-2.0855112075805664,-0.13068997859954834,0.09532883763313293,0.06661994010210037,0.12175019830465317,-0.18416699767112732,0.04659479483962059,0.12111132591962814,-0.1339084804058075,-0.011509817093610764,-0.07374513894319534,-0.02829441800713539,0.35155051946640015,0.06565795093774796,-5.111509799957275,0.11584504693746567,0.21406686305999756,-0.4541296660900116,0.512527346611023,0.72000652551651,0.07901722937822342,0.14945368468761444,1.361209750175476,-0.25197574496269226
4447.0,88.93900000000005,-1.1480234868742725,166.8399929484063,386.5458877187147,8643.14073039717,-1.1480250000000003,166.96530100000004,386.5459900000001,8738.779484000002,-2.0526577610067337e-05,9.616944819589277,0.0034092150649057,19200.000000000007,-1.5134367124485598e-06,0.0005083571771476,0.0001022812853882,0.0,0.0002530820231007,0.0621674274113915,9.571775542259068,4.082476992892004,0.0009777176253802,0.0561235429175652,19200.04966432217,64.39633493236136,0.002,0.0068119572084533,0.0224090577053214,-0.0811835705720684,6.0,10.0,180.0,0.3237264533164935,-5.892101818893039,-0.5151253796882731,-0.6377685864889224,-1.6310539481160786e-44,2.8771051803469054e-44,7.326620129641531e-45,3.307275456899127e-44,12.450000000000005,0.3237264533164935,-0.0894121527671814,0.009935297071933746,-0.16854791343212128,0.04532236605882645,0.07652316987514496,-0.09178100526332855,0.007574267685413361,-0.07478539645671844,0.08935283124446869,-0.08467942476272583,0.15349102020263672,0.1264081746339798,0.17848613858222961,0.30200618505477905,0.401573121547699,0.159022256731987,-2.093557119369507,-0.08434661477804184,0.10782456398010254,0.07510598003864288,0.1431114375591278,-0.1930226981639862,0.052673615515232086,0.15488815307617188,-0.10161089152097702,-0.005380984395742416,-0.05342128500342369,0.00037379190325737,0.341658353805542,0.08589585870504379,-5.169693470001221,0.12060815840959549,0.21729806065559387,-0.4276941120624542,0.3968484699726105,0.7033141255378723,0.07965721935033798,0.15112800896167755,1.284409523010254,-0.23549190163612366
4448.0,88.95900000000003,-1.1480315603964757,167.0322097140496,386.5459031847517,9027.14360817876,-1.1480250000000003,167.15730100000005,386.5459900000001,9122.779484,0.0002424742257688,9.609712531929484,0.0028591701981932,19200.000000000007,6.559007994598568e-06,0.000291390791064,8.681524856569238e-05,0.0,0.0012009912226812,0.863084822233569,9.61326408563624,-3.656210643776865,0.0017264690104904,-0.6624123291272755,19200.06663131164,-68.66895156574637,0.002,0.0064266009329847,0.0222821586572939,-0.0806068961011806,6.0,10.0,180.0,0.3232410563421223,-5.849573563265195,-0.5019631209234209,-0.6403163248101377,-8.155269740580393e-45,1.438552590173453e-44,3.6633100648207656e-45,1.6536377284495637e-44,19.800000000000004,0.3232410563421223,-0.1022363156080246,-0.0028783679008483887,-0.19015780091285706,0.030075203627347946,0.0638720765709877,-0.13044415414333344,0.006844416260719299,-0.06553396582603455,0.0873250961303711,-0.0985620766878128,0.13973256945610046,0.11546452343463898,0.16988347470760345,0.29634368419647217,0.4544186592102051,0.15894564986228943,-2.0874290466308594,-0.15605974197387695,0.09582709521055222,0.06650412827730179,0.11957434564828873,-0.17187371850013733,0.04652153700590134,0.11169560998678207,-0.12616688013076782,-0.008543010801076889,-0.07545104622840881,-0.03439505770802498,0.34466618299484253,0.062483660876750946,-5.022924900054932,0.11419450491666794,0.21178346872329712,-0.45563915371894836,0.5563552379608154,0.7166623473167419,0.0768820121884346,0.15056012570858002,1.3409727811813354,-0.19146952033042908
4449.0,88.97900000000001,-1.148027375034429,167.22415846623716,386.5459082900984,9411.14222600251,-1.1480250000000003,167.34930100000005,386.5459900000001,9506.779484000002,0.000170706547651,9.611429127146348,0.0027271729836196,19200.000000000007,2.374062242202087e-06,0.0003429338452156,8.17099017513526e-05,0.0,0.0029184946442421,0.2436421270758953,9.59816470276314,-0.0629366997732919,0.0012242630846788,-0.5500266982838078,19200.04999586603,90.0772298684977,0.002,0.0066936498778055,0.0223212933250022,-0.0806393510556771,6.0,10.0,180.0,0.3232393033745291,-5.825650200114621,-0.4922013010393805,-0.6326467408962552,-4.077634870290197e-45,7.192762950867263e-45,1.8316550324103828e-45,8.268188642247817e-45,28.200000000000006,0.3232393033745291,-0.10291209071874619,0.0017277821898460388,-0.1814763844013214,0.035706497728824615,0.07103955745697021,-0.12125149369239807,0.0034566670656204224,-0.0677061527967453,0.08395998179912567,-0.08968962728977203,0.1468113362789154,0.12343200296163559,0.1779070496559143,0.3035387396812439,0.44957947731018066,0.16555571556091309,-2.0937633514404297,-0.13564452528953552,0.10414440929889679,0.07176089286804199,0.13195854425430298,-0.1717599481344223,0.049889616668224335,0.12926921248435974,-0.10463572293519974,-0.003505561500787735,-0.0639723390340805,-0.01950092241168022,0.3389776051044464,0.07278496772050858,-5.049757957458496,0.1165950819849968,0.21394570171833038,-0.4412981867790222,0.504509449005127,0.7049797773361206,0.0766032412648201,0.1523812860250473,1.2891039848327637,-0.16468268632888794
4450.0,88.99900000000004,-1.1480291121507176,167.4163215563082,386.54591800736114,9795.143434739486,-1.1480250000000003,167.54130100000006,386.5459900000001,9890.779484000002,0.0001372215149545,9.6059903430212,0.0024003509468356,19200.000000000007,4.012963839974653e-06,0.0001797410702402,7.199263902250381e-05,0.0,0.0002765971169033,-0.1317282651758797,9.603500719528974,-2.9321484340131048,-0.001475406076395,0.1249873045506824,19200.10268977112,-25.79004322661741,0.002,0.0070939074559146,0.0225791213519637,-0.0808129264797958,6.0,10.0,180.0,0.3232286263293217,-5.880354032847768,-0.4838886675658356,-0.6362502949188985,-2.0388174351450986e-45,3.5963814754336323e-45,9.158275162051914e-46,4.134094321123909e-45,37.50000000000001,0.3232286263293217,-0.10866479575634003,-0.001378919929265976,-0.18616238236427307,0.03227488696575165,0.06824184209108353,-0.13120287656784058,0.005020454525947571,-0.06371185183525085,0.08262395858764648,-0.09135659039020538,0.1448432207107544,0.1238657534122467,0.1798034906387329,0.30693140625953674,0.4860856533050537,0.17259643971920013,-2.0933961868286133,-0.1653236299753189,0.10460831969976425,0.07011983543634415,0.12557965517044067,-0.15712833404541016,0.04895823076367378,0.11548910290002823,-0.10250977426767349,0.0014229603111743927,-0.06985774636268616,-0.032278891652822495,0.33950698375701904,0.06536100059747696,-4.954958438873291,0.11563362926244736,0.21548868715763092,-0.4515250325202942,0.5813674926757812,0.7067479491233826,0.07644108682870865,0.1550724059343338,1.3002277612686157,-0.13531717658042908
4451.0,89.01900000000002,-1.148011789141297,167.60806350699235,386.5459337056922,10179.142842548305,-1.1480250000000003,167.73330100000004,386.5459900000001,10274.779484000002,-0.0003804502011378,9.614589061522755,0.001879789486825,19200.000000000007,-1.3209416812397546e-05,0.0004374905256597,5.629430787725155e-05,0.0,-0.0014704981540562,-1.156226341740886,9.588385432993432,4.093430614323066,-0.00024875300174,0.0561688469619843,19200.085495629224,73.00205024395089,0.002,0.0071194246056592,0.0229380351832499,-0.0802420217916136,6.0,10.0,180.0,0.3242137253631202,-5.913624656501015,-0.4785104213900883,-0.6393418759478079,-1.0194087175725493e-45,1.7981907377168162e-45,4.579137581025957e-46,2.0670471605619544e-45,47.400000000000006,0.3242137253631202,-0.10721045732498169,0.008461859077215195,-0.15857605636119843,0.04397888109087944,0.08220585435628891,-0.11410395056009293,-0.00031053274869918823,-0.06877833604812622,0.07805576920509338,-0.07530185580253601,0.1584615707397461,0.13782727718353271,0.1933228075504303,0.3185606002807617,0.4650024175643921,0.1815716177225113,-2.1016721725463867,-0.11863308399915695,0.11937783658504486,0.07995124161243439,0.14861148595809937,-0.1667582392692566,0.05433953180909157,0.15038153529167175,-0.0628388375043869,0.008791264146566391,-0.0474812351167202,-0.002732515335083008,0.3281725347042084,0.08606584370136261,-5.0119500160217285,0.12057512253522873,0.21967920660972595,-0.42368781566619873,0.46050122380256653,0.6875161528587341,0.07727254182100296,0.15858156979084015,1.2123730182647705,-0.10474878549575806
4452.0,89.03900000000003,-1.148034225365348,167.80052146351477,386.5459414054122,10563.144053152206,-1.1480250000000003,167.92530100000005,386.5459900000001,10658.779484000002,0.0003377750637563,9.59934935824347,0.0015892838173642,19200.000000000007,9.22579011359934e-06,-2.016634945983693e-05,4.859458791200618e-05,0.0,-0.0007237820099938,-0.1808845554748241,9.606966277349478,-2.443417441834987,0.000497194994513,0.2441258800260604,19200.118490000365,-47.15448498360521,0.002,0.0069897980721852,0.0226934457122711,-0.080459074348011,6.0,10.0,180.0,0.3232547178056079,-5.821801577595762,-0.4716834672033786,-0.6290702221280406,327.312,186.734,83.6255,376.8325,52.57500000000002,0.3232547178056079,-0.2731107175350189,-0.12470236420631409,-0.36104530096054077,-0.23562705516815186,-0.20454274117946625,-0.21196769177913666,-0.2803015112876892,-0.13710184395313263,-0.16175220906734467,-0.19616858661174774,-0.27736037969589233,-0.28809499740600586,-0.2399413138628006,-0.21750804781913757,-0.4118605852127075,-0.3914583921432495,-2.0896010398864746,-0.16947270929813385,-0.2926684021949768,-0.15984749794006348,-0.11399488151073456,-0.5968825221061707,-0.24809566140174866,-0.2189149558544159,-0.49876877665519714,-0.40513691306114197,-0.4185001850128174,-0.20743586122989655,-0.10071581602096558,-0.29859238862991333,-2.5550999641418457,-0.290425568819046,-0.21847979724407196,-0.6267739534378052,-0.7391886711120605,0.18991544842720032,-0.2585521638393402,-0.383872389793396,0.9205637574195862,-0.8944161534309387
4453.0,89.05900000000004,-1.148014596818237,167.9922350764099,386.5459453049854,10947.143222483728,-1.1480250000000003,168.11730100000003,386.5459900000001,11042.779484000002,-0.0003172236513395,9.608873699481752,0.001423059654823,19200.000000000007,-1.0403441166666612e-05,0.000266220675712,4.469501462464074e-05,0.0,0.0002257706774735,0.1254009297330185,9.581299755970788,0.9830787160890936,-0.0017300627974692,0.3689179810263338,19199.91240784684,21.442118810386543,0.002,0.0069758640887486,0.0224951323546831,-0.080905462290254,6.0,10.0,180.0,0.3217832281059685,-5.872980733756576,-0.4672951842919245,-0.6387792062319985,490.6925,279.656,125.33125,564.78925,63.375000000000014,0.3217832281059685,-0.37904149293899536,-0.33606594800949097,-0.5713334083557129,-0.39517080783843994,-0.3096601963043213,-0.1611429750919342,-0.3795241713523865,-0.21149155497550964,-0.2627040147781372,-0.3756434917449951,-0.4386902451515198,-0.45667630434036255,-0.4043217897415161,-0.4341472387313843,-0.7421350479125977,-0.6373175382614136,-1.9363313913345337,-0.14732971787452698,-0.46278518438339233,-0.3979865312576294,-0.2795259654521942,-0.6998686790466309,-0.4255291521549225,-0.38518041372299194,-0.6746857762336731,-0.5647327303886414,-0.5049494504928589,-0.40267226099967957,-0.5007468461990356,-0.34328699111938477,-0.7661064863204956,-0.44852712750434875,-0.4083184599876404,-0.6422019600868225,-1.990936517715454,-0.04311366751790047,-0.4004417955875397,-0.6176055669784546,0.6810789108276367,-1.2755099534988403
4454.0,89.07900000000004,-1.1480292217104204,168.1839992891782,386.54595334639504,11331.144029715915,-1.1480250000000003,168.30930100000003,386.5459900000001,11426.779484000002,0.0001716676081315,9.61674117008657,0.0012227680323066,19200.000000000007,4.221619933176772e-06,0.0005025114387944,3.66536045676768e-05,0.0,-0.0019535910235278,0.6121434870440259,9.58614781495383,0.3562631567060424,3.219624486485535e-05,0.1801347562359556,19200.08492055744,-17.19982433336159,0.002,-0.0064071081885514,0.0576209685631474,-0.0833035949601653,6.0,10.0,180.0,0.3232426251628085,-5.892601768593811,-0.4624060838670905,-0.6326601764948336,572.39525,326.2685,146.204125,658.8531250000001,74.775,0.3232426251628085,-0.4253292679786682,-0.42132455110549927,-0.6659961938858032,-0.48272860050201416,-0.3846089839935303,-0.15729734301567078,-0.4316900074481964,-0.24862298369407654,-0.3504258394241333,-0.40528565645217896,-0.5033870935440063,-0.5312774181365967,-0.47634357213974,-0.525786280632019,-0.8587703108787537,-0.7418428659439087,-1.219596028327942,-0.16196221113204956,-0.5412147045135498,-0.5671930313110352,-0.35364747047424316,-0.7402322888374329,-0.4985518157482147,-0.4887356758117676,-0.7606507539749146,-0.6538658738136292,-0.5576877593994141,-0.5366083383560181,-0.6845711469650269,-0.4124641418457031,-0.006351396441459656,-0.5149825215339661,-0.4956989288330078,-0.6418619155883789,-2.4024221897125244,-0.14422571659088135,-0.46579813957214355,-0.7202341556549072,0.5777351260185242,-1.4446187019348145
4455.0,89.09900000000002,-1.1480115856525002,168.37603264939904,386.54596573436777,11715.144275046518,-1.1480250000000003,168.50130100000007,386.5459900000001,11810.779484,-0.0003859115925049,9.61561920086513,0.0007431869295974,19200.000000000007,-1.341429898787789e-05,0.0004687546142947,2.4265630386075228e-05,0.0,0.0019761488051603,0.1178233610128106,9.635481496572536,4.949195208246386,-0.0007416971704203,-0.1810339729856934,19200.01650602062,-34.3434825887956,0.002,-0.2612590410610024,0.3042210039076117,-0.1561758129974156,6.0,10.0,180.0,0.3227877779978715,-5.910335258827186,-0.4589838684476065,-0.6306328667320514,613.890125,350.23675000000003,156.8475625,706.7720625000001,86.77500000000002,0.3227877779978715,-0.44825315475463867,-0.4485422372817993,-0.6833007335662842,-0.52652907371521,-0.4188627600669861,-0.17966265976428986,-0.48903346061706543,-0.2796892523765564,-0.3828504681587219,-0.4293305277824402,-0.5269280672073364,-0.5589969158172607,-0.5062907934188843,-0.5624622106552124,-0.9257161617279053,-0.786036491394043,-1.2404265403747559,-0.13096538186073303,-0.5703442096710205,-0.631513237953186,-0.39237868785858154,-0.7654932141304016,-0.5352319478988647,-0.5328723788261414,-0.7912342548370361,-0.6869289875030518,-0.5705173015594482,-0.5798568725585938,-0.764117956161499,-0.4498576521873474,0.24260450899600983,-0.5374424457550049,-0.5291317105293274,-0.6201770305633545,-2.5009047985076904,-0.20466257631778717,-0.4894168972969055,-0.7612600922584534,0.47215908765792847,-1.4981526136398315
4456.0,89.11900000000001,-1.1480976818554005,168.56836666538962,386.54594885228863,12099.144380888947,-1.1480250000000003,168.69330100000008,386.5459900000001,12194.779484000002,0.0024565150894661,9.604485842817716,0.0013011643030769,19200.000000000007,7.268186584241682e-05,0.0001345368220327,4.1147715434929565e-05,0.0,-0.0085383900950442,-0.9808177625417844,9.58789780136616,-1.7142376937618202,-0.0036809975673476,-0.7925970684769549,19199.999326445155,-25.747018880407392,0.002,-0.8500474651254281,0.54427300057867,-0.2967847039697019,6.0,10.0,180.0,0.3228007470900901,-5.859975674658146,-0.4575171144205122,-0.6362199574450959,633.8870625,361.813375,161.96978125,729.87803125,99.07500000000002,0.3228007470900901,-0.45817261934280396,-0.4963299036026001,-0.712710976600647,-0.5420292019844055,-0.4348207712173462,-0.18379244208335876,-0.5403631925582886,-0.2822524607181549,-0.40593504905700684,-0.44898372888565063,-0.5372642278671265,-0.5773515701293945,-0.5202493667602539,-0.5805670619010925,-0.9201192855834961,-0.8007382154464722,-1.1695852279663086,-0.18818329274654388,-0.5874425768852234,-0.6788187026977539,-0.39682021737098694,-0.769836962223053,-0.5275388956069946,-0.5498042702674866,-0.8154406547546387,-0.7148985862731934,-0.6101014018058777,-0.6247009038925171,-0.8037264347076416,-0.4728337526321411,0.4712945818901062,-0.5532389879226685,-0.5515660643577576,-0.6333408951759338,-2.5065600872039795,-0.2191964089870453,-0.5064876079559326,-0.7813645005226135,0.4893375635147095,-1.5360350608825684
4457.0,89.13900000000004,-1.1486712624100976,168.75978970607008,386.5457920680541,12483.134811018384,-1.1480250000000003,168.88530100000003,386.5459900000001,12578.779484000002,0.0215387870898217,9.623716771767208,0.0065991548091831,19200.000000000007,0.0006462624082437,0.0007114915663884,0.0001979319820627,0.0,-0.0388306750136401,-3.5926963656855504,9.583544662992692,-0.2446093657254014,-0.0087851585089058,-0.4315457253125972,19198.934170013134,-85.7813365260098,0.002,-1.2499305262782234,0.7149745376538149,-0.3694642014285867,6.0,10.0,180.0,0.2607239774246243,-5.964295105335159,-0.4394511527538776,-0.7254179336025802,643.25303125,368.5771875,164.51489062500002,741.367015625,111.82500000000002,0.2607239774246243,-0.45401719212532043,-0.4924315810203552,-0.7114769220352173,-0.5405304431915283,-0.4255349636077881,-0.19732719659805298,-0.5501181483268738,-0.28077954053878784,-0.40307730436325073,-0.4532650113105774,-0.5285004377365112,-0.5709550380706787,-0.5153398513793945,-0.5763716697692871,-0.9271374344825745,-0.7952818274497986,-1.398180365562439,-0.1685841977596283,-0.5782738924026489,-0.6642847061157227,-0.3886498808860779,-0.7722132802009583,-0.5297569632530212,-0.5399376153945923,-0.8075814843177795,-0.7139451503753662,-0.6034769415855408,-0.6238211989402771,-0.8154688477516174,-0.4679243564605713,0.7025986909866333,-0.5454868674278259,-0.5448520183563232,-0.6178537607192993,-2.434206485748291,-0.23423916101455688,-0.49925410747528076,-0.7756413221359253,0.453041136264801,-1.5386016368865967
4458.0,89.15900000000002,-1.1494287381705286,168.95152735892253,386.5455458321293,12867.106788371178,-1.1480250000000003,169.07730100000003,386.5459900000001,12962.779484000004,0.0467913264732946,9.632462365933772,0.0147994090832516,19200.000000000007,0.0014037381695798,0.0009738372248989,0.0004441678494118,0.0,-0.0327198723062497,-2.506771508293295,9.56542769915163,-4.69105692033925,-0.0138968250756239,-0.6074719874206679,19198.45260322457,-60.07416920273804,0.002,-1.574030728401887,0.8793720632534952,-0.4330914295086449,6.0,10.0,180.0,0.1049172143341258,-6.003247733058172,-0.3911207093201783,-0.9843841732914054,647.848515625,371.46309375,165.7124453125,746.7890078125,124.87500000000004,0.1049172143341258,-0.468314528465271,-0.5246230959892273,-0.7258539795875549,-0.5505077838897705,-0.4468004107475281,-0.215255469083786,-0.5800014734268188,-0.29223939776420593,-0.4246779680252075,-0.4635576903820038,-0.5415581464767456,-0.5866355895996094,-0.5297619104385376,-0.5909940004348755,-0.9096441268920898,-0.8048585653305054,-1.3407179117202759,-0.224922776222229,-0.5937918424606323,-0.6975748538970947,-0.40348392724990845,-0.7771111130714417,-0.5240064859390259,-0.5642608404159546,-0.8244099617004395,-0.7324256300926208,-0.64059978723526,-0.6471422910690308,-0.8327295780181885,-0.4932791590690613,0.6555026769638062,-0.5593411326408386,-0.5626093745231628,-0.6379323601722717,-2.413633108139038,-0.2429960072040558,-0.5141821503639221,-0.7910479307174683,0.452395498752594,-1.5103391408920288
4459.0,89.17900000000004,-1.14969614487658,169.14315661917894,386.5454607846038,13251.0767067809,-1.1480250000000003,169.26930100000004,386.5459900000001,13346.779484000002,0.0557042898066367,9.644820311753875,0.0176391137886209,19200.000000000007,0.0016711448765069,0.0013445802103533,0.0005292151423446,0.0,-0.0078256643433185,1.586016921417817,9.628385863235776,3.783327214113173,-0.0024628016236891,1.6447198217434351,19198.333419688053,-51.59481559337591,0.002,-1.8330348750861227,0.9836506688115816,-0.4885345460057105,6.0,10.0,180.0,-0.0341593930556819,-6.0789518040798125,-0.3418030275310993,-1.2730594677030704,651.3552578125,373.068046875,166.57572265624998,750.6290039062501,138.22500000000005,-0.0341593930556819,-0.4988918602466583,-0.5318769216537476,-0.7126708626747131,-0.5761422514915466,-0.4878886938095093,-0.2624038755893707,-0.5956729650497437,-0.32091718912124634,-0.4481927752494812,-0.48505643010139465,-0.5669717788696289,-0.6038486957550049,-0.5565636157989502,-0.61455237865448,-0.936623215675354,-0.83130943775177,-1.6306819915771484,-0.1951008439064026,-0.6148709058761597,-0.719456672668457,-0.4748602509498596,-0.801757276058197,-0.55943363904953,-0.5990151166915894,-0.8369048237800598,-0.7395698428153992,-0.6346895694732666,-0.6467533707618713,-0.837078332901001,-0.5263038277626038,0.4014478921890259,-0.5727990865707397,-0.5791980028152466,-0.6389650106430054,-2.385284662246704,-0.2825377881526947,-0.5298266410827637,-0.8178001642227173,0.32782280445098877,-1.4325186014175415
4460.0,89.19900000000003,-1.1496249206870472,169.33578046572006,386.5454937740068,13635.051880452773,-1.1480250000000003,169.461301,386.5459900000001,13730.779484000004,0.053334120000158,9.624023766852082,0.0165359281428942,19200.000000000007,0.001599920687047,0.0007208385399245,0.0004962260826351,0.0,0.0102608906130362,3.531778387948831,9.600078162471489,-1.834004188078947,0.0100249810410543,2.6322228152073173,19198.81585295289,29.990595106024507,0.002,-2.012812745457857,1.0480018667859798,-0.5260755141727069,6.0,10.0,180.0,-0.1522586347637687,-6.041492309857764,-0.3002798268505097,-1.5068358631989114,653.13062890625,372.7920234375,166.887361328125,752.034001953125,151.87500000000003,-0.1522586347637687,-0.5163227319717407,-0.572820246219635,-0.728652834892273,-0.588578462600708,-0.5161216259002686,-0.2821241617202759,-0.6133995652198792,-0.33516180515289307,-0.47172629833221436,-0.5020384192466736,-0.5862142443656921,-0.6242785453796387,-0.575605571269989,-0.6334062814712524,-0.9094699621200562,-0.8433177471160889,-1.5104888677597046,-0.26856768131256104,-0.6357848644256592,-0.7553420066833496,-0.503953754901886,-0.8056634664535522,-0.5517502427101135,-0.62666916847229,-0.8573200702667236,-0.7581742405891418,-0.6788907051086426,-0.6741713285446167,-0.848717212677002,-0.5585824251174927,0.2747126817703247,-0.5914479494094849,-0.6009418368339539,-0.6731330752372742,-2.369168996810913,-0.2905358374118805,-0.5504060387611389,-0.8389291167259216,0.3367255926132202,-1.4048008918762207
4461.0,89.21900000000002,-1.1493284516147804,169.52793486580688,386.5455917966389,14019.032049616811,-1.1480250000000003,169.65330100000006,386.5459900000001,14114.779484000004,0.0434426090493828,9.618880553971676,0.0132735248972401,19200.000000000007,0.0013034516147798,0.0005663400721207,0.0003982045505356,0.0,0.0051297052209184,-1.8811225609331823,9.6088972733992,0.6666111403850975,0.0036376986237829,-1.1574557293392214,19198.952864794835,12.944614614059669,0.002,-2.155899880153039,1.1281058050030872,-0.5686234533809497,6.0,10.0,180.0,-0.2387769045871284,-6.056737021512286,-0.2680479717482742,-1.7016299112273103,654.019814453125,372.97051171875,167.0796806640625,752.8945009765625,165.82500000000005,-0.2387769045871284,-0.5004290342330933,-0.5393179655075073,-0.7184017896652222,-0.5695000290870667,-0.48223429918289185,-0.30453363060951233,-0.6032395362854004,-0.3246324360370636,-0.45169544219970703,-0.4915575087070465,-0.5577429533004761,-0.6014495491981506,-0.5520565509796143,-0.6080232858657837,-0.9155327677726746,-0.8146251440048218,-1.6351008415222168,-0.23125068843364716,-0.6052308082580566,-0.7029533982276917,-0.46368417143821716,-0.8021213412284851,-0.5492890477180481,-0.6001349687576294,-0.8250534534454346,-0.7437593936920166,-0.6449185609817505,-0.6487246155738831,-0.8421793580055237,-0.5238492488861084,0.6492831707000732,-0.5704343318939209,-0.5772337317466736,-0.636110246181488,-2.2243387699127197,-0.29516616463661194,-0.5270314812660217,-0.8067058324813843,0.29314178228378296,-1.3719987869262695
4462.0,89.239,-1.1490832056607103,169.71966358382002,386.5456310399503,14403.015403986625,-1.1480250000000003,169.8453010000001,386.5459900000001,14498.779484000002,0.0352737011876776,9.627920342985924,0.011966945692211,19200.000000000007,0.0010582056606373,0.0008377181571188,0.0003589614298982,0.0,0.0149055535481339,1.463128564191161,9.5849995740325,8.90904982529604,0.0017210482469615,-3.488653330238884,19199.294301404065,115.97648749794908,0.002,-2.295868966054859,1.2260539743946064,-0.6109639401536874,6.0,10.0,180.0,-0.2964587562968427,-6.165569457217598,-0.2436534603206085,-1.8482507409202635,654.3769072265625,372.336255859375,167.07484033203124,752.8907504882812,180.07500000000005,-0.2964587562968427,-0.5240808129310608,-0.5362052917480469,-0.7035728096961975,-0.5848438739776611,-0.5129028558731079,-0.35817140340805054,-0.6107288002967834,-0.36089974641799927,-0.4686371982097626,-0.5130032896995544,-0.5754083395004272,-0.6142630577087402,-0.5728115439414978,-0.6245637536048889,-0.9444597959518433,-0.8333641290664673,-1.7559694051742554,-0.2028159648180008,-0.6199865937232971,-0.7148581743240356,-0.5067245960235596,-0.8201975226402283,-0.572446882724762,-0.629538893699646,-0.8244920372962952,-0.7493272423744202,-0.6146554350852966,-0.6366809606552124,-0.8327873945236206,-0.537078857421875,0.4506288766860962,-0.580729603767395,-0.5932921171188354,-0.6207981109619141,-2.1589601039886475,-0.32882264256477356,-0.5368020534515381,-0.8244855403900146,0.15447139739990234,-1.2493716478347778
4463.0,89.25900000000004,-1.1489279293623438,169.91211549675646,386.5456560913015,14787.0038719095,-1.1480250000000003,170.037301,386.5459900000001,14882.779484000004,0.0300956177360837,9.612851351897392,0.0111256086631066,19200.000000000007,0.0009029293613222,0.0003854998946136,0.0003340084832074,0.0,-0.0041591042606743,2.626297745382552,9.632063011501025,-1.209200788970375,-0.0021879105402734,-1.399285319513077,19199.34508898726,-34.35521453968573,0.002,-2.413013448541208,1.2803935040334644,-0.6315901763500987,6.0,10.0,180.0,-0.3466694922487026,-6.152317198122797,-0.226581992089816,-1.974388747027806,654.7269536132812,373.4306279296875,167.26992016601562,753.7363752441406,194.47500000000005,-0.3466694922487026,-0.537853479385376,-0.5881092548370361,-0.7284222841262817,-0.5899330377578735,-0.5312772393226624,-0.3643404245376587,-0.627219021320343,-0.3595062792301178,-0.490805983543396,-0.5254486799240112,-0.5887432098388672,-0.6300258040428162,-0.5848965644836426,-0.6375694274902344,-0.8921187520027161,-0.8362517356872559,-1.5908303260803223,-0.30584514141082764,-0.6361640095710754,-0.7522493600845337,-0.5268972516059875,-0.8191965222358704,-0.5606152415275574,-0.6505884528160095,-0.8528274297714233,-0.7689242959022522,-0.6865037083625793,-0.6737883687019348,-0.8507062196731567,-0.5744069814682007,0.3514687418937683,-0.5945121645927429,-0.609042763710022,-0.666330873966217,-2.146949529647827,-0.3215394616127014,-0.5542470216751099,-0.8355247378349304,0.2230854630470276,-1.2351386547088623
4464.0,89.27900000000002,-1.1487186583553817,170.10431963591972,386.5457420993518,15170.99075260116,-1.1480250000000003,170.22930100000002,386.5459900000001,15266.779484000002,0.02311717130835,9.606052410485283,0.0082634269039874,19200.000000000007,0.0006936583525793,0.0001816599094795,0.0002478983777235,0.0,0.0126818593365939,3.41807162143786,9.601052741944942,-3.5458961813871417,-0.0043998288809257,-2.443005569601394,19199.586803669063,107.20938208659916,0.002,-2.5154440921962147,1.324868124120817,-0.6525610877312303,6.0,10.0,180.0,-0.3822758214701314,-6.094229844159966,-0.2094808047025216,-2.0805037790924743,654.8699768066406,372.89981396484376,167.23696008300783,753.5981876220703,209.0250000000001,-0.3822758214701314,-0.5497210621833801,-0.6130567193031311,-0.7353384494781494,-0.5954052209854126,-0.5476255416870117,-0.391406774520874,-0.6338487267494202,-0.3744622766971588,-0.5072737336158752,-0.5378260612487793,-0.5984134674072266,-0.6405236721038818,-0.5954574942588806,-0.6468340158462524,-0.8766068816184998,-0.8396096229553223,-1.542621374130249,-0.3474523425102234,-0.6458184719085693,-0.7670096158981323,-0.5420663952827454,-0.8231351375579834,-0.5656468272209167,-0.6638669371604919,-0.8612288236618042,-0.7778123021125793,-0.7056021094322205,-0.6833491325378418,-0.8549900054931641,-0.5912674069404602,0.29539430141448975,-0.6039602756500244,-0.6213858723640442,-0.6787914037704468,-2.089078187942505,-0.33020803332328796,-0.5643744468688965,-0.8445079326629639,0.19911569356918335,-1.1777498722076416
4465.0,89.29900000000004,-1.1485649947118404,170.29578795588293,386.5457364975552,15554.982133960226,-1.1480250000000003,170.42130100000008,386.5459900000001,15650.779484000004,0.018000731055325,9.623776195322352,0.0084517642904933,19200.000000000007,0.0005399947204283,0.0007133423882452,0.0002535000471234,0.0,0.0102556632921897,-0.1892734271551141,9.586168747829865,-1.7725590102664288,-0.0156423296620969,5.549800435769996,19199.588063275853,-0.0154989481883234,0.002,-2.5899274336940894,1.3826990192931905,-0.6878654302113473,6.0,10.0,180.0,-0.4136010996886614,-6.154799596516253,-0.1957735156956045,-2.1779101645344645,654.7234884033203,372.4769069824218,167.15798004150392,753.2615938110351,216.30000000000007,-0.4136010996886614,-0.5317881107330322,-0.5821869969367981,-0.7180982828140259,-0.5867404341697693,-0.5247159004211426,-0.3820301294326782,-0.6287644505500793,-0.34464260935783386,-0.47514158487319946,-0.5315773487091064,-0.5823712348937988,-0.6208387613296509,-0.5789241790771484,-0.6294702887535095,-0.8619865775108337,-0.8199385404586792,-1.6755142211914062,-0.3115041255950928,-0.6237305998802185,-0.7225230932235718,-0.5392878651618958,-0.8160050511360168,-0.5578891634941101,-0.6416207551956177,-0.8265925645828247,-0.7529162168502808,-0.696297824382782,-0.6723160743713379,-0.838729739189148,-0.5773742198944092,0.5139157176017761,-0.5875447988510132,-0.5939712524414062,-0.6825300455093384,-2.008327007293701,-0.33507028222084045,-0.5500766634941101,-0.8318787217140198,0.20288145542144775,-1.2541875839233398
4466.0,89.31900000000005,-1.1484950372678275,170.48772200604236,386.5457452426508,15938.973166214608,-1.1480250000000003,170.61330100000004,386.5459900000001,16034.779484000004,0.0156683806013735,9.625978695369412,0.0081267422412338,19200.000000000007,0.0004700373267811,0.0007792935629948,0.0002448576386802,0.0,0.0117445548811767,0.1885038503577529,9.60427888798183,-2.568341007110024,0.0102590929776833,8.675143301284015,19199.70744126189,90.1934850182102,0.002,-2.670559839640541,1.4140200745276408,-0.7163432696564435,6.0,10.0,180.0,-0.4419440470419299,-6.211431998093834,-0.1855111018638119,-2.2645923096748737,654.8867442016601,372.5064534912109,167.19449002075197,753.4177969055175,231.00000000000009,-0.4419440470419299,-0.5408228039741516,-0.5975860357284546,-0.7170186042785645,-0.5917623043060303,-0.5366275310516357,-0.40352663397789,-0.6379082202911377,-0.3496285676956177,-0.4806256890296936,-0.5429166555404663,-0.5891848802566528,-0.6254370808601379,-0.5857421159744263,-0.6348992586135864,-0.8421181440353394,-0.8201790452003479,-1.6792082786560059,-0.3335912823677063,-0.6282254457473755,-0.7261136174201965,-0.5648030638694763,-0.8200187087059021,-0.5620968341827393,-0.652678906917572,-0.8259227275848389,-0.7540759444236755,-0.7157853245735168,-0.6788946390151978,-0.8376180529594421,-0.5939807891845703,0.4708840847015381,-0.5913333296775818,-0.5961359143257141,-0.6992026567459106,-1.9466017484664917,-0.34669193625450134,-0.556609034538269,-0.8383301496505737,0.1826276183128357,-1.2336297035217285
4467.0,89.33900000000003,-1.148433699498962,170.68021234434875,386.5458122941425,16322.965940432008,-1.1480250000000003,170.80530100000004,386.5459900000001,16418.779484000006,0.0136230194417102,9.609630496661858,0.0059205043138548,19200.000000000007,0.0004086994569872,0.0002889550297072,0.0001777087005075,0.0,0.006319628802148,-0.9737360800604942,9.625547182763489,-2.797898927902259,0.0219907028781329,3.9075567666466937,19199.8777865943,-47.16969684669821,0.002,-2.747776304728652,1.419161308711238,-0.7357316030530832,6.0,10.0,180.0,-0.4638733198879655,-6.149372683537596,-0.1728526063920082,-2.3394464946063995,655.1068721008301,373.0487267456055,167.30124501037596,753.8773984527588,245.85000000000008,-0.4638733198879655,-0.546057939529419,-0.5985893607139587,-0.7191331386566162,-0.5866473317146301,-0.5348646640777588,-0.4390735626220703,-0.6360534429550171,-0.3596731126308441,-0.488100528717041,-0.5469421744346619,-0.583236813545227,-0.6232733130455017,-0.5828283429145813,-0.6302326321601868,-0.8379194736480713,-0.8108747005462646,-1.685360312461853,-0.34718674421310425,-0.6229013204574585,-0.7204831838607788,-0.5532305836677551,-0.8240952491760254,-0.5616927146911621,-0.656937837600708,-0.8231271505355835,-0.7585414052009583,-0.7111294269561768,-0.6771378517150879,-0.8416031002998352,-0.5905783772468567,0.5388293266296387,-0.5890429019927979,-0.5969217419624329,-0.683872401714325,-1.8529466390609741,-0.3521657884120941,-0.5535230040550232,-0.8274252414703369,0.14168229699134827,-1.1519129276275635
4468.0,89.35900000000001,-1.1483620655258704,170.87228768640412,386.5458799320269,16706.956255289668,-1.1480250000000003,170.99730100000005,386.5459900000001,16802.779484000006,0.0112390432796448,9.607115843940244,0.0036734562394495,19200.000000000007,0.0003370651759801,0.000213512904867,0.0001101698232042,0.0,0.0036665237894314,0.724107539203261,9.600261176860178,0.426085548667627,0.0209880206645407,-3.3628281020688062,19199.56895387557,34.30267316250745,0.002,-2.7958234853233868,1.4497533488082823,-0.7602293634066571,6.0,10.0,180.0,-0.4819409834911645,-6.1815946666589285,-0.1626223483366102,-2.420933307154523,654.876936050415,373.00486337280273,167.24962250518797,753.6556992263794,260.70000000000005,-0.4819409834911645,-0.5636982917785645,-0.6021320819854736,-0.7193242311477661,-0.5907328128814697,-0.5528839826583862,-0.49197494983673096,-0.6377764344215393,-0.3863587975502014,-0.5134035348892212,-0.5610135793685913,-0.5903499126434326,-0.6318394541740417,-0.5935136079788208,-0.6384174227714539,-0.8550779819488525,-0.8174368143081665,-1.7217134237289429,-0.3528745770454407,-0.6311420798301697,-0.7338089942932129,-0.5648197531700134,-0.8351424932479858,-0.5685368180274963,-0.677819013595581,-0.8305385112762451,-0.7726372480392456,-0.6938453912734985,-0.6717526912689209,-0.8419336676597595,-0.5937913656234741,0.44597816467285156,-0.5957043766975403,-0.6125258207321167,-0.6614434719085693,-1.7726353406906128,-0.3681725561618805,-0.5589212775230408,-0.8305599689483643,0.043415747582912445,-1.0075862407684326
4469.0,89.37900000000003,-1.148297916044802,171.06427360654286,386.5458888289771,17090.950471124674,-1.1480250000000003,171.18930100000006,386.5459900000001,17186.77948400001,0.0090923442178004,9.607583507680063,0.0033734140445448,19200.000000000007,0.0002729162101649,0.0002274933728045,0.0001011700050619,0.0,0.0097631509648855,0.311550366990393,9.570328166269563,0.4925750537022203,0.0014704810025247,-7.626286289955471,19199.77579950713,-72.99705823148449,0.002,-2.8486342757563707,1.5036755343469212,-0.778511709804964,6.0,10.0,180.0,-0.4995256005326644,-6.150885394624884,-0.1587030898712476,-2.4845294238470657,654.5339680252075,372.2889316864014,167.09731125259398,753.0033496131897,275.55000000000007,-0.4995256005326644,-0.5705859065055847,-0.606061577796936,-0.7210826277732849,-0.5892177820205688,-0.5576073527336121,-0.5280693769454956,-0.6363418102264404,-0.39845988154411316,-0.5258702635765076,-0.5730155110359192,-0.5892214179039001,-0.6328907608985901,-0.594537615776062,-0.6375427842140198,-0.852051854133606,-0.8121471405029297,-1.7373871803283691,-0.36994653940200806,-0.6301934719085693,-0.7332221865653992,-0.5628692507743835,-0.8392934203147888,-0.5703662037849426,-0.6846387386322021,-0.8290541172027588,-0.7777342200279236,-0.6874878406524658,-0.6763449907302856,-0.8430203795433044,-0.5919662117958069,0.45960330963134766,-0.5973749160766602,-0.6176864504814148,-0.650133490562439,-1.678792953491211,-0.3754287660121918,-0.5597229599952698,-0.8264719247817993,-0.007413938641548157,-0.9178561568260193
4470.0,89.39900000000003,-1.1482433755486536,171.25578651809053,386.5459060698676,17474.943162978594,-1.1480250000000003,171.38130100000006,386.5459900000001,17570.77948400001,0.0072766747066817,9.623826511936567,0.0027925746235668,19200.000000000007,0.0002183774153098,0.0007147821814804,8.392856084370558e-05,0.0,0.0088061861596278,-0.1864005053274321,9.616716076467226,6.587686070051913,0.0012423685817122,-6.962941316169461,19199.656111811044,30.018224219107925,0.002,-2.8888639696678498,1.5252841777764536,-0.7840449288581779,6.0,10.0,180.0,-0.5097481293033153,-6.197790131531214,-0.154787029809962,-2.544026960915632,654.8784840126037,372.7139658432007,167.216155626297,753.5126748065949,290.4000000000001,-0.5097481293033153,-0.5772751569747925,-0.5835527181625366,-0.7043919563293457,-0.5910205841064453,-0.5591049194335938,-0.5639625191688538,-0.6419784426689148,-0.4162808358669281,-0.5381500720977783,-0.5772773623466492,-0.5851064920425415,-0.6261357069015503,-0.5925374031066895,-0.6329283118247986,-0.8640081882476807,-0.8073439598083496,-1.8413443565368652,-0.3320002555847168,-0.6229305267333984,-0.7113802433013916,-0.575701892375946,-0.8427466750144958,-0.5717464089393616,-0.6821218132972717,-0.812483549118042,-0.7735669016838074,-0.6575691103935242,-0.6556773781776428,-0.8307310342788696,-0.5880327224731445,0.4663769006729126,-0.5910526514053345,-0.6102355122566223,-0.6309099793434143,-1.5816915035247803,-0.39641278982162476,-0.5544348955154419,-0.8214412927627563,-0.09801437705755234,-0.8594141602516174
4471.0,89.41900000000001,-1.1482393113348348,171.44807941123375,386.5459227268155,17858.938318141598,-1.1480250000000003,171.57330100000007,386.5459900000001,17954.779484000006,0.0071455405123244,9.61406441871475,0.0022438106164466,19200.000000000007,0.0002142135898482,0.0004217892200011,6.727295876559121e-05,0.0,0.0051157510373918,-1.4560567370500646,9.604001092275166,-5.494414291664661,-0.0149036395262334,-2.443550127203654,19199.84526134085,-85.84600492186705,0.002,-2.9294127752453245,1.5466876103394505,-0.7940325820258155,6.0,10.0,180.0,-0.5219554677476002,-6.1616654244089055,-0.1484396813705281,-2.600934234119327,654.8322420063018,372.8459829216004,167.2220778131485,753.5378374032974,305.4000000000001,-0.5219554677476002,-0.5771150588989258,-0.635909914970398,-0.7255603075027466,-0.5886319875717163,-0.5622682571411133,-0.5590765476226807,-0.6464290618896484,-0.393033504486084,-0.5418773889541626,-0.5883690118789673,-0.5895804166793823,-0.631659984588623,-0.594099760055542,-0.6345674991607666,-0.7897887229919434,-0.7952830791473389,-1.6668049097061157,-0.4353638291358948,-0.6266294717788696,-0.7289777398109436,-0.5749068260192871,-0.8399077653884888,-0.5734400749206543,-0.6879631280899048,-0.816786527633667,-0.7757892608642578,-0.7317906618118286,-0.708543062210083,-0.8487842082977295,-0.6121652722358704,0.4983159899711609,-0.5976733565330505,-0.6131294369697571,-0.6815204620361328,-1.5252387523651123,-0.3810864984989166,-0.5647717118263245,-0.8228093385696411,0.003245331346988678,-0.887242317199707
4472.0,89.43900000000004,-1.148201079029377,171.64012331530915,386.5459023987818,18242.93258418692,-1.1480250000000003,171.76530100000008,386.5459900000001,18338.77948400001,0.0058718197989447,9.612603012230348,0.0029216702757931,19200.000000000007,0.0001759788703133,0.0003780854904452,8.760151900247331e-05,0.0,-0.0017253348178967,-3.000810683531076,9.605455998044908,-4.519512801072964,-0.0117386072046029,2.2619447372494994,19199.63839649188,-51.426699253493005,0.002,-2.9555594225861603,1.5667360194769766,-0.8096509138408476,6.0,10.0,180.0,-0.5297916041389304,-6.186585262477178,-0.1435551416955357,-2.6588981543858043,654.6946210031509,373.17099146080017,167.23153890657426,753.5789187016487,320.40000000000003,-0.5297916041389304,-0.5748391151428223,-0.6261974573135376,-0.715265691280365,-0.5861777067184448,-0.5578933954238892,-0.5751392841339111,-0.6483076810836792,-0.39158937335014343,-0.5430229902267456,-0.5881160497665405,-0.5840305089950562,-0.6228440403938293,-0.5884629487991333,-0.62674880027771,-0.7686505913734436,-0.7831894159317017,-1.739719033241272,-0.4292057156562805,-0.6167198419570923,-0.7067432403564453,-0.5859050154685974,-0.8394076228141785,-0.5704779624938965,-0.6809253096580505,-0.8003228902816772,-0.7652638554573059,-0.7374838590621948,-0.7041290998458862,-0.8408190608024597,-0.6120983362197876,0.570784330368042,-0.5903956890106201,-0.6006680130958557,-0.6861765384674072,-1.424856424331665,-0.3911394774913788,-0.5606380105018616,-0.8169357180595398,-0.022344384342432022,-0.8882139921188354
4473.0,89.45900000000003,-1.1481592275600676,171.83222367867,386.5458905009064,18626.9269420884,-1.1480250000000003,171.95730100000006,386.5459900000001,18722.77948400001,0.0044736264107919,9.60925833423684,0.0033131063119462,19200.000000000007,0.0001342251994003,0.0002778217804727,9.949913529478008e-05,0.0,-0.0004735645071472,-2.806177595740769,9.575709043985093,-3.905236384785076,-0.0031673016922435,5.919298743470645,19199.740421085684,-34.328919507511884,0.002,-2.996786925272092,1.5910515043880196,-0.8272998427582805,6.0,10.0,180.0,-0.5419871255768308,-6.20115250987842,-0.1396544918401182,-2.7039973461667985,654.3068105015755,372.8099957304001,167.11076945328713,753.0634593508244,335.4000000000001,-0.5419871255768308,-0.5804267525672913,-0.6303197145462036,-0.7096031904220581,-0.5898795127868652,-0.5676387548446655,-0.5978559255599976,-0.6548489928245544,-0.39700931310653687,-0.5570381879806519,-0.5989518761634827,-0.5889514684677124,-0.6237102150917053,-0.5927292108535767,-0.6289368867874146,-0.7496933937072754,-0.7809069156646729,-1.7690305709838867,-0.4384508430957794,-0.6179685592651367,-0.7028939723968506,-0.6093930602073669,-0.8417654633522034,-0.5725225806236267,-0.6867455840110779,-0.7952294945716858,-0.7622746825218201,-0.7475904822349548,-0.7065190672874451,-0.8339003324508667,-0.6229873895645142,0.5408833026885986,-0.5915920734405518,-0.5997505784034729,-0.6970334649085999,-1.3431892395019531,-0.4039360582828522,-0.5651782751083374,-0.8218579292297363,-0.05852391570806503,-0.8647852540016174
4474.0,89.47900000000001,-1.1481493578022042,172.0240859166467,386.5459276860696,19010.92233301232,-1.1480250000000003,172.1493010000001,386.5459900000001,19106.779484,0.004145830819558,9.613846845348991,0.0020798008335545,19200.000000000007,0.0001243561027389,0.0004152838688964,6.231388830114088e-05,0.0,-0.0022099040524403,-0.8497792972327598,9.620341685394845,3.237603229786558,0.0061272429866644,1.7761959086296042,19199.41498415221,-34.401556333400016,0.002,-3.02348927979008,1.5904102511768323,-0.8338303620431976,6.0,10.0,180.0,-0.546862043192656,-6.251389449223619,-0.1347704009051205,-2.759799290527424,654.5944052507878,373.4114978652,167.23888472664356,753.6112296754122,350.4000000000001,-0.546862043192656,-0.6007864475250244,-0.6206791400909424,-0.7002427577972412,-0.5982176065444946,-0.5816169381141663,-0.6523011326789856,-0.6684242486953735,-0.43034517765045166,-0.5864951610565186,-0.6158886551856995,-0.5952841639518738,-0.6279956698417664,-0.6016926169395447,-0.635779857635498,-0.7790582180023193,-0.788859486579895,-1.8654932975769043,-0.411312997341156,-0.6239800453186035,-0.7063227295875549,-0.6325744390487671,-0.8534402251243591,-0.5745462775230408,-0.7037739157676697,-0.7983748316764832,-0.7708967328071594,-0.7136234045028687,-0.6946371793746948,-0.8232467174530029,-0.6281164884567261,0.3974376916885376,-0.5944549441337585,-0.6089305877685547,-0.6689629554748535,-1.2709126472473145,-0.4286154806613922,-0.5685238838195801,-0.8252521753311157,-0.18565931916236877,-0.7348183393478394
4475.0,89.49900000000002,-1.1481844189478472,172.21652372385063,386.5459364524831,19394.91708392491,-1.1480250000000003,172.3413010000001,386.5459900000001,19490.77948400001,0.00531310408483,9.599274662529336,0.0017812603443209,19200.000000000007,0.0001594189034138,-2.252202680735014e-05,5.354751067740422e-05,0.0,-0.0080511683129272,0.7303249637763323,9.577860723836212,-2.3137005882463075,0.0028865230688524,0.237238236407725,19199.690561486063,47.20928855344116,0.002,-3.052749297678487,1.612483193831428,-0.8462757866087015,6.0,10.0,180.0,-0.5561680903265336,-6.16407502524554,-0.1293747912328825,-2.804907425755405,654.1347026253939,373.2247489326001,167.12394236332176,753.1196148377062,365.4000000000001,-0.5561680903265336,-0.6175864934921265,-0.6624191999435425,-0.7156888246536255,-0.6030402183532715,-0.6027410626411438,-0.6783101558685303,-0.6742292046546936,-0.4326295256614685,-0.6134251356124878,-0.6331682205200195,-0.6089543104171753,-0.641302227973938,-0.6143341064453125,-0.6477478742599487,-0.7444075345993042,-0.7919785976409912,-1.742498517036438,-0.4828275442123413,-0.6380177140235901,-0.7375006675720215,-0.6444242000579834,-0.8589980602264404,-0.5850818753242493,-0.7306246161460876,-0.8073813915252686,-0.7866953015327454,-0.7465896606445312,-0.7271974086761475,-0.8363463282585144,-0.6521363258361816,0.25890374183654785,-0.6062781810760498,-0.6257694959640503,-0.6913793087005615,-1.2095446586608887,-0.42715373635292053,-0.5828249454498291,-0.8347419500350952,-0.18064388632774353,-0.6595107316970825
4476.0,89.51900000000003,-1.1481593012073703,172.4082396155472,386.5459483669605,19778.91231384916,-1.1480250000000003,172.53330100000005,386.5459900000001,19874.77948400001,0.0044724824648306,9.608725520920393,0.001354342702598,19200.000000000007,0.0001343015422049,0.0002618857334791,4.163304163601902e-05,0.0,-0.0053581349886597,-0.7879318550527905,9.593029559564126,6.76982277605949,0.0029523793405015,-3.294629558120679,19199.67272334312,-4.2469383519053565,0.002,-3.08716754950959,1.6344288321991487,-0.8563201747213548,6.0,10.0,180.0,-0.5674029836064663,-6.222721444610886,-0.1274097869032129,-2.856737782081376,654.1318513126969,373.28387446630006,167.1299711816609,753.1463074188531,380.4000000000001,-0.5674029836064663,-0.6173083186149597,-0.6186202764511108,-0.6933014392852783,-0.5988916158676147,-0.5712931156158447,-0.7201036214828491,-0.6744698882102966,-0.4586045742034912,-0.6163305044174194,-0.6284298896789551,-0.5939860939979553,-0.6259650588035583,-0.6025922298431396,-0.6334598064422607,-0.7771867513656616,-0.7800208330154419,-1.9013375043869019,-0.418740451335907,-0.621411919593811,-0.700355052947998,-0.6320591568946838,-0.8591498732566833,-0.5763394236564636,-0.7195131778717041,-0.7839229702949524,-0.7771217226982117,-0.6957148313522339,-0.6944466233253479,-0.8174029588699341,-0.6310335397720337,0.3131605386734009,-0.594509482383728,-0.6141019463539124,-0.642604410648346,-1.084555745124817,-0.4495641887187958,-0.5697094798088074,-0.8183940649032593,-0.3136526942253113,-0.5660042762756348
4477.0,89.53900000000003,-1.1481730799012162,172.60001086307574,386.5459414051218,20162.906666220693,-1.1480250000000003,172.72530100000006,386.5459900000001,20258.77948400001,0.0049375175673702,9.616344562020682,0.0016192328818035,19200.000000000007,0.0001480799235423,0.0004902344649943,4.859487897622086e-05,0.0,0.0009788925319351,1.03281734875439,9.590823848354912,6.71327243359378,-0.0041389244976605,-1.093611225758332,19199.706611836467,90.12628843120316,0.002,-3.1202359385872085,1.6491613340282274,-0.8618964812590046,6.0,10.0,180.0,-0.5776174139570867,-6.28709476770698,-0.1240175007109205,-2.9003243677840262,654.2279256563484,373.06093723315007,167.12398559083044,753.1191537094265,387.9750000000001,-0.5776174139570867,-0.6291884779930115,-0.6358963847160339,-0.6934741735458374,-0.6085282564163208,-0.5875920653343201,-0.724271833896637,-0.6867139339447021,-0.465565949678421,-0.6350452899932861,-0.6381316781044006,-0.6072868704795837,-0.6357367038726807,-0.6147515773773193,-0.6448804140090942,-0.7676404714584351,-0.7890509366989136,-1.8903480768203735,-0.4375110864639282,-0.6333227157592773,-0.7170634269714355,-0.6537482142448425,-0.8643906712532043,-0.5821802020072937,-0.7370400428771973,-0.7922075986862183,-0.783085286617279,-0.7126217484474182,-0.7042052745819092,-0.8163511753082275,-0.652214527130127,0.16587038338184357,-0.6027399301528931,-0.6236048340797424,-0.6577560901641846,-1.0692917108535767,-0.4589709937572479,-0.5807385444641113,-0.831707775592804,-0.33509671688079834,-0.5396884679794312
4478.0,89.55900000000004,-1.1481505032016173,172.79246586272598,386.5459520317632,20546.90397037768,-1.1480250000000003,172.9173010000001,386.5459900000001,20642.77948400001,0.0041833480569184,9.601175495014717,0.0012638248984649,19200.000000000007,0.0001255031516455,3.543286085381342e-05,3.796823702581236e-05,0.0,-0.0041684694173406,0.6129406855981058,9.63526026305686,-2.0200755917682485,-0.0078028185271892,-2.137668143758966,19199.810000781064,-51.52065408201454,0.002,-3.129901928106084,1.6631301508227836,-0.86365253176261,6.0,10.0,180.0,-0.5824928170634415,-6.231877751161079,-0.1216034371285151,-2.9428790404533465,654.6859628281742,373.840968616575,167.30699279541523,753.9040768547133,402.9750000000001,-0.5824928170634415,-0.6479735374450684,-0.6672393679618835,-0.7158307433128357,-0.6078430414199829,-0.6032058000564575,-0.7269489765167236,-0.6899182796478271,-0.4572511911392212,-0.6508303880691528,-0.6419732570648193,-0.6117279529571533,-0.6419798135757446,-0.6175310611724854,-0.6472189426422119,-0.713866651058197,-0.7799258232116699,-1.6739740371704102,-0.5207662582397461,-0.6381082534790039,-0.7394405603408813,-0.657704770565033,-0.8673731088638306,-0.5915049314498901,-0.753422737121582,-0.7967722415924072,-0.7977318167686462,-0.7536008358001709,-0.7449278831481934,-0.840059757232666,-0.6687847375869751,0.13042046129703522,-0.6085296869277954,-0.6311449408531189,-0.6847169399261475,-0.9979989528656006,-0.44690796732902527,-0.5894891619682312,-0.8284622430801392,-0.28159937262535095,-0.49427103996276855
4479.0,89.57900000000004,-1.14813641808245,172.98429465213147,386.5459230064624,20930.898041035085,-1.1480250000000003,173.10930100000002,386.5459900000001,21026.77948400001,0.0037178566350489,9.606882687178,0.0022380796507007,19200.000000000007,0.0001114181081112,0.0002065454556297,6.699353778281459e-05,0.0,0.0004960985760435,0.6049595050058979,9.582512327700533,1.7696895003116964,-0.0036808421764006,2.9875333009869567,19199.913100471684,103.00472611545784,0.002,-3.145310399854917,1.6905008314697103,-0.86954690187403,6.0,10.0,180.0,-0.5903419357112238,-6.187944641889507,-0.1181774219488443,-2.980296392320475,654.3984814140871,373.2199843082875,167.17699639770763,753.3465384273566,417.97500000000014,-0.5903419357112238,-0.6513289213180542,-0.6625946760177612,-0.7000223994255066,-0.61212158203125,-0.6049555540084839,-0.7123434543609619,-0.6988061666488647,-0.46641212701797485,-0.655602216720581,-0.6374950408935547,-0.614243745803833,-0.6384221315383911,-0.6188993453979492,-0.646205484867096,-0.7050038576126099,-0.7770377397537231,-1.7678656578063965,-0.5024516582489014,-0.6355984807014465,-0.7236968278884888,-0.6766945719718933,-0.8690576553344727,-0.5897362232208252,-0.7518923282623291,-0.7833170890808105,-0.7846898436546326,-0.752597987651825,-0.7340964078903198,-0.8228638172149658,-0.6778676509857178,0.10332109034061432,-0.6066644787788391,-0.6253870129585266,-0.6860750317573547,-0.906373143196106,-0.4668307304382324,-0.5913775563240051,-0.8326431512832642,-0.34809666872024536,-0.4801468253135681
4480.0,89.59900000000003,-1.148123151002648,173.17613531275327,386.54593551331294,21314.896230337145,-1.1480250000000003,173.30130100000002,386.5459900000001,21410.77948400001,0.0032667066030764,9.612193520275104,0.0018141864014402,19200.000000000007,9.815100672424305e-05,0.000365887381062,5.448668719119257e-05,0.0,-0.0021874044525572,0.7936430486344641,9.61232348964497,-0.6677638545029829,-0.0026978212599764,2.750431910563176,19199.861833434337,-4.309581478389904,0.002,-3.1794244234931064,1.7022995104826906,-0.8759691696172024,6.0,10.0,180.0,-0.5937675836582962,-6.252444258482687,-0.1147295133338871,-3.012031697960746,654.5462407070436,373.48249215414376,167.23699819885385,753.6047692136783,432.9750000000001,-0.5937675836582962,-0.6663118004798889,-0.6687799692153931,-0.7061542272567749,-0.6145951151847839,-0.612551212310791,-0.7103222608566284,-0.7058732509613037,-0.4711088240146637,-0.6694216132164001,-0.6389495730400085,-0.6182940006256104,-0.6413590312004089,-0.6219130754470825,-0.6480178833007812,-0.677619218826294,-0.7722254991531372,-1.6627283096313477,-0.5383265018463135,-0.6385542750358582,-0.7327996492385864,-0.6842146515846252,-0.8702621459960938,-0.5953149199485779,-0.7636355757713318,-0.7823476195335388,-0.7886236310005188,-0.7688038945198059,-0.750816285610199,-0.8315209150314331,-0.6931226253509521,0.026133015751838684,-0.6097244620323181,-0.6296002268791199,-0.6951663494110107,-0.8282018899917603,-0.4693469703197479,-0.597231388092041,-0.8317520618438721,-0.3602541983127594,-0.42254209518432617
4481.0,89.61900000000001,-1.1481241144705017,173.36794129893056,386.5459423904357,21698.8936577189,-1.1480250000000003,173.49330100000006,386.5459900000001,21794.77948400001,0.0033043638725068,9.618665143637685,0.0015553685583504,19200.000000000007,9.91142322390856e-05,0.0005598031377311,4.7609564449272686e-05,0.0,-0.0004752570997609,1.3447877133902773,9.5805623869352,-2.2570252680862173,0.0080510402203196,4.331959248029476,19199.965029994324,64.38882115260087,0.002,-3.220251024243951,1.7125587226115375,-0.8802377353850099,6.0,10.0,180.0,-0.5966795721993611,-6.285238981206975,-0.1113059247423716,-3.0438158254687946,654.2871203535218,373.0422460770719,167.1334990994269,753.1613846068392,447.9750000000001,-0.5966795721993611,-0.6787986159324646,-0.6751023530960083,-0.7078639268875122,-0.6185978651046753,-0.624168872833252,-0.7054071426391602,-0.7131266593933105,-0.47563081979751587,-0.6812223196029663,-0.6415311098098755,-0.6255261898040771,-0.6454039812088013,-0.6273068785667419,-0.6520895957946777,-0.6504963636398315,-0.7700227499008179,-1.5840545892715454,-0.568300724029541,-0.6431878209114075,-0.7402821779251099,-0.7019487619400024,-0.8699856400489807,-0.6002560257911682,-0.7733684778213501,-0.780238687992096,-0.7864925265312195,-0.7859680652618408,-0.7634944319725037,-0.8341327905654907,-0.7130557298660278,-0.058440133929252625,-0.6140050888061523,-0.6340369582176208,-0.7081006765365601,-0.7467460632324219,-0.47595033049583435,-0.605038046836853,-0.8363112211227417,-0.382435142993927,-0.37890559434890747
4482.0,89.63900000000002,-1.1481221165100015,173.56031837369704,386.5459598228871,22082.890745920693,-1.1480250000000003,173.68530100000004,386.5459900000001,22178.779484,0.0032362845334482,9.606123694452616,0.0010002596674466,19200.000000000007,9.711652932757627e-05,0.0001827305378857,3.017711307609249e-05,0.0,0.002895472262519,1.0997267056687328,9.641849187422489,-2.375670735247604,0.0070740635452158,0.7372238310036441,19200.11891602667,-21.425490468143824,0.002,-3.2428637249882866,1.7207586455778974,-0.8844144189891121,6.0,10.0,180.0,-0.6044938309404719,-6.23590337106163,-0.1108420655460315,-3.069001584874497,654.9265601767609,373.694123038536,167.33874954971344,754.0396923034195,462.97500000000014,-0.6044938309404719,-0.6913264989852905,-0.6763565540313721,-0.7113246321678162,-0.6194765567779541,-0.620241641998291,-0.7017748951911926,-0.7186965942382812,-0.48730650544166565,-0.6893266439437866,-0.6452410817146301,-0.6237394213676453,-0.6443595886230469,-0.6257585287094116,-0.6496597528457642,-0.6414342522621155,-0.7627767324447632,-1.499634861946106,-0.5854345560073853,-0.6417077779769897,-0.7432370185852051,-0.7038515210151672,-0.8729727268218994,-0.6030415892601013,-0.783704400062561,-0.7755723595619202,-0.793999969959259,-0.7823864221572876,-0.7735821008682251,-0.842747151851654,-0.7188336253166199,-0.13594423234462738,-0.6142572164535522,-0.6372314691543579,-0.6970779299736023,-0.6585491895675659,-0.48067113757133484,-0.6063913106918335,-0.8284616470336914,-0.42474615573883057,-0.2896481156349182
4483.0,89.65900000000003,-1.1481298450242696,173.75220321436,386.545970502042,22466.886954003727,-1.1480250000000003,173.87730100000002,386.5459900000001,22562.779484,0.0034978030230048,9.60993652307334,0.0006117172341063,19200.000000000007,0.0001048461579039,0.0002981897091508,1.949795813264449e-05,0.0,0.0024819579254468,2.012338808409447,9.58810557367456,4.3938927511360255,0.0105038805191816,0.0562590534712961,19199.82665887681,34.341314497079914,0.002,-3.268018257309875,1.730981870390785,-0.8881641687992635,6.0,10.0,180.0,-0.6108404788125175,-6.243637426782064,-0.1113435852995715,-3.1059452477436063,654.6222800883804,373.169561519268,167.21637477485672,753.5158461517098,477.9750000000001,-0.6108404788125175,-0.6963062286376953,-0.6734762191772461,-0.6885584592819214,-0.6241593360900879,-0.6133677959442139,-0.6849378943443298,-0.7261239886283875,-0.505389928817749,-0.6947722434997559,-0.6422533988952637,-0.6251401901245117,-0.6416107416152954,-0.6274503469467163,-0.6500585675239563,-0.6609244346618652,-0.7641721963882446,-1.6732534170150757,-0.5538856387138367,-0.6412104368209839,-0.7334337830543518,-0.7215828895568848,-0.8746854662895203,-0.601523220539093,-0.784362256526947,-0.7619571685791016,-0.7919213175773621,-0.7573611736297607,-0.7545639276504517,-0.827163815498352,-0.720034122467041,-0.2652144432067871,-0.6137925386428833,-0.6386615037918091,-0.6726416349411011,-0.5659686326980591,-0.5041896104812622,-0.6073402166366577,-0.8300855159759521,-0.5420016050338745,-0.20509280264377594
4484.0,89.67900000000003,-1.148115333497453,173.94454382669548,386.5460145447491,22850.88543022373,-1.1480250000000003,174.06930100000008,386.5459900000001,22946.77948400001,0.003011822256543,9.598582391921964,-0.000818550366673,19200.000000000007,9.033482019342876e-05,-4.242719295975588e-05,-2.4544748979033014e-05,0.0,0.0038731574775152,0.2446894366244228,9.612816949160024,-5.80697515643659,0.0075782693022126,-4.700296186094682,19200.01560140048,-55.7957099340701,0.002,-3.2852215048990123,1.7399854193346167,-0.886204368093834,6.0,10.0,180.0,-0.6147340784947264,-6.254368144498351,-0.1123084129895902,-3.1213176683825097,654.7801400441901,373.256780759634,167.25868738742835,753.6964230758549,492.97500000000014,-0.6147340784947264,-0.7093297839164734,-0.667267918586731,-0.7192738056182861,-0.6167452931404114,-0.6195705533027649,-0.6895338296890259,-0.7199323177337646,-0.4970390796661377,-0.6933977603912354,-0.647120475769043,-0.6211634874343872,-0.6415195465087891,-0.6214736700057983,-0.643775463104248,-0.6008691787719727,-0.7441181540489197,-1.3171331882476807,-0.6406724452972412,-0.6375409364700317,-0.7490395307540894,-0.7080287933349609,-0.8760814070701599,-0.6071063876152039,-0.7956445813179016,-0.7613254189491272,-0.8001147508621216,-0.7861791849136353,-0.7962048649787903,-0.8574677109718323,-0.7292392253875732,-0.22628556191921234,-0.6155867576599121,-0.6429678201675415,-0.6890586614608765,-0.45618268847465515,-0.4823204576969147,-0.6105649471282959,-0.8155747652053833,-0.47871169447898865,-0.13656097650527954
4485.0,89.69900000000004,-1.14812517795843,174.13616170455836,386.5460193580272,23234.88287448997,-1.1480250000000003,174.26130100000006,386.5459900000001,23330.77948400001,0.0033322533373185,9.611317751204808,-0.0009811218924907,19200.000000000007,0.0001000776643087,0.0003395902747185,-2.935802705585956e-05,0.0,0.0090410938022308,0.8560613983869649,9.604999405530153,5.25800798472294,-0.0007281069767702,-3.4815654171546493,19199.861230745784,-0.018796625791208,0.002,-3.294666848632999,1.7433913696653176,-0.8798208088216306,6.0,10.0,180.0,-0.6215804975770535,-6.315402241044716,-0.1147410211132082,-3.138231476729289,654.8700700220951,372.998890379817,167.2473436937142,753.6467115379274,506.4750000000001,-0.6215804975770535,-0.7091604471206665,-0.6671925783157349,-0.6824994087219238,-0.6231500506401062,-0.6041105389595032,-0.6656762361526489,-0.7315613031387329,-0.5173777341842651,-0.697954535484314,-0.6392436623573303,-0.6182174682617188,-0.633342981338501,-0.6192944049835205,-0.640005350112915,-0.6385899186134338,-0.7460474967956543,-1.6019636392593384,-0.5721848011016846,-0.6324777007102966,-0.7241411209106445,-0.7248420119285583,-0.8741226196289062,-0.6035617589950562,-0.7888234853744507,-0.7393118143081665,-0.7948353886604309,-0.7473434209823608,-0.7593685388565063,-0.8310443162918091,-0.7286773920059204,-0.3570702075958252,-0.6110366582870483,-0.6374586224555969,-0.6528598070144653,-0.3760434091091156,-0.515686571598053,-0.6071130633354187,-0.8150361776351929,-0.6277987360954285,-0.07214532047510147
4486.0,89.71900000000002,-1.148081991377344,174.3287793074484,386.5460155330813,23618.88285335485,-1.1480250000000003,174.45330100000007,386.5459900000001,23714.77948400001,0.0019287981470142,9.590734946400536,-0.0009183645562852,19200.000000000007,5.698989736162295e-05,-0.0002781114137984,-2.55330811930405e-05,0.0,0.0053785052531331,-0.7881819044306975,9.610831731342277,-5.131635435111381,-0.0078049437836056,-3.4129498907096147,19200.136428789985,-51.53960846489813,0.002,-3.2890800668821547,1.7481801274909974,-0.8772199732238983,6.0,10.0,180.0,-0.6235441017833849,-6.2636330959406825,-0.1167011354742833,-3.141295943690902,654.9095350110475,373.0874451899085,167.2656718468571,753.7248557689637,516.6750000000001,-0.6235441017833849,-0.7106783986091614,-0.6600466966629028,-0.7118979096412659,-0.6171120405197144,-0.6166913509368896,-0.6691485047340393,-0.7267484664916992,-0.5007255673408508,-0.6956336498260498,-0.641145646572113,-0.6173089742660522,-0.6337884664535522,-0.6153647899627686,-0.6352556943893433,-0.5694353580474854,-0.7289170622825623,-1.3212976455688477,-0.6516320705413818,-0.6297035217285156,-0.7366101741790771,-0.7232837080955505,-0.8751267790794373,-0.6069914698600769,-0.7953588962554932,-0.7408509850502014,-0.7921239733695984,-0.7873787879943848,-0.7992456555366516,-0.8542534708976746,-0.7395696640014648,-0.2764211893081665,-0.6120387315750122,-0.6373293995857239,-0.6842578649520874,-0.2962886393070221,-0.4937020242214203,-0.6110385060310364,-0.8064467310905457,-0.5376383662223816,-0.06480631232261658
4487.0,89.73900000000003,-1.1480350821131085,174.52076096994355,386.5459893539016,24002.882684732027,-1.1480250000000003,174.64530100000007,386.5459900000001,24098.77948400001,0.0003381959060819,9.591344627152,2.188491295435773e-05,19200.000000000007,1.0081323415857132e-05,-0.0002597689832508,6.460985101534057e-07,0.0,0.0024531290739606,-3.062398455880694,9.599347007960777,-3.9639335817088464,-0.0073244208558875,2.375085123078454,19199.89630623109,-64.36555947217335,0.002,-3.2883901171072627,1.7475888817021186,-0.8754936098895777,6.0,10.0,180.0,-0.624020001840765,-6.244150657466273,-0.1176836712475419,-3.1541318847028363,654.7422675055238,373.0482225949543,167.22683592342855,753.5599278844818,525.5250000000001,-0.624020001840765,-0.6897941827774048,-0.646099328994751,-0.6887661814689636,-0.6120678186416626,-0.6082746982574463,-0.645256519317627,-0.7261332869529724,-0.48975542187690735,-0.6873753070831299,-0.6255086064338684,-0.6067092418670654,-0.62009596824646,-0.602912187576294,-0.6204575300216675,-0.5428333282470703,-0.7127126455307007,-1.3610308170318604,-0.633404016494751,-0.6145855188369751,-0.7050517201423645,-0.7222362160682678,-0.8695453405380249,-0.6003234386444092,-0.775189995765686,-0.7193542718887329,-0.7699827551841736,-0.7898191213607788,-0.7901339530944824,-0.8405582904815674,-0.7367621660232544,-0.14987300336360931,-0.60223788022995,-0.6185380816459656,-0.6855002045631409,-0.21490478515625,-0.4997498095035553,-0.6035715937614441,-0.7959043979644775,-0.5464133024215698,-0.10786725580692291
4488.0,89.75900000000001,-1.148037083005295,174.71269236027186,386.5460000014931,24386.882657312737,-1.1480250000000003,174.83730100000005,386.5459900000001,24482.77948400001,0.0004036727416353,9.593626860027062,-0.0003340561490699,19200.000000000007,1.2083151375975918e-05,-0.0001912583897062,-1.0001493004652549e-05,0.0,-2.641645317637865e-05,-1.6377493353540995,9.57542998814572,-4.700179056489012,-0.0024466095245503,1.5314775426141396,19200.01599286804,-51.47358714698803,0.002,-3.2990751274075785,1.7582686114277573,-0.8761019541470643,6.0,10.0,180.0,-0.6235347400265767,-6.279306127498225,-0.1196343454239858,-3.150048131698431,654.3346337527619,372.72611129747713,167.10691796171426,753.046463942241,533.1750000000001,-0.6235347400265767,-0.7021771669387817,-0.6550503969192505,-0.696875810623169,-0.6168707013130188,-0.6185801029205322,-0.6488034129142761,-0.7316967248916626,-0.4963175654411316,-0.695519208908081,-0.6318200826644897,-0.6153971552848816,-0.6266379952430725,-0.6104453802108765,-0.6279655694961548,-0.5338994860649109,-0.7170326709747314,-1.3460850715637207,-0.6551101207733154,-0.6226781606674194,-0.7210402488708496,-0.7391589283943176,-0.8712945580482483,-0.6053319573402405,-0.7865726947784424,-0.7246699333190918,-0.7751525044441223,-0.7970383167266846,-0.7984657883644104,-0.8454004526138306,-0.7516855597496033,-0.27383631467819214,-0.6077649593353271,-0.6276131272315979,-0.6911129951477051,-0.1809283196926117,-0.502978503704071,-0.6111502051353455,-0.8023344278335571,-0.5675409436225891,-0.05526862293481827
4489.0,89.77900000000002,-1.1480342000963488,174.90435351903776,386.5460008724848,24770.88263671878,-1.1480250000000003,175.02930100000003,386.5459900000001,24866.77948400001,0.0003063077845277,9.604928748675906,-0.0003641206321123,19200.000000000007,9.200255020397393e-06,0.0001478815753836,-1.0872485719870553e-05,0.0,-0.0011972999724119,-1.537581463138394,9.601315328412236,6.832397078495386,-0.00195100318174,2.381627410350752,19199.68981307272,-8.609071117284714,0.002,-3.302678346884754,1.748417188131906,-0.876671068366174,6.0,10.0,180.0,-0.6240346623131541,-6.34030742387795,-0.1186506997817923,-3.160260994453045,654.4078168763809,373.0255556487385,167.1564589808571,753.2582319711205,539.7750000000001,-0.6240346623131541,-0.6919484734535217,-0.6504580974578857,-0.6544579863548279,-0.6198927164077759,-0.596289873123169,-0.625932514667511,-0.739565908908844,-0.5130583047866821,-0.696051836013794,-0.6201407313346863,-0.6069791913032532,-0.6148897409439087,-0.6035003662109375,-0.6201674938201904,-0.5826969146728516,-0.7181190252304077,-1.6053855419158936,-0.5737674236297607,-0.6136857271194458,-0.688130795955658,-0.734483540058136,-0.8660759329795837,-0.5999364256858826,-0.773012638092041,-0.7014799118041992,-0.7704800963401794,-0.7468600273132324,-0.7563066482543945,-0.8169799447059631,-0.7398111820220947,-0.3245496153831482,-0.6000087857246399,-0.6176994442939758,-0.6483941078186035,-0.15221282839775085,-0.532459020614624,-0.6024730205535889,-0.7970197200775146,-0.6991544365882874,-0.019708678126335144
4490.0,89.79900000000004,-1.1480214897655705,175.09676965520973,386.54599328754176,25154.88219903266,-1.1480250000000003,175.22130100000007,386.5459900000001,25250.77948400001,-0.0001172044028423,9.59104879189207,-0.0001049425721584,19200.000000000007,-3.510044833355332e-06,-0.0002685516661438,-3.2875432109263653e-06,0.0,-0.0034557586691042,-1.0309769185756992,9.582265527569207,-3.2944978945347883,0.0038997780844004,0.4249338822729854,19199.861768654384,64.38184265388084,0.002,-3.2950002314767466,1.7572831225366887,-0.8798741884069634,6.0,10.0,180.0,-0.6259864763188273,-6.230466780386839,-0.1215818105109281,-3.15870078659511,654.1804084381904,372.9442778243693,167.1007294904285,753.0201159855603,538.0500000000002,-0.6259864763188273,-0.7067841291427612,-0.6576891541481018,-0.6934998035430908,-0.6187459826469421,-0.6180047988891602,-0.6472708582878113,-0.7350614070892334,-0.5036132335662842,-0.6993367671966553,-0.6333075165748596,-0.6168280243873596,-0.627101719379425,-0.6118791699409485,-0.6294082403182983,-0.5384341478347778,-0.7182410955429077,-1.3681238889694214,-0.6529344320297241,-0.6242104172706604,-0.7238432168960571,-0.7445886731147766,-0.8721237182617188,-0.6066831946372986,-0.7909173965454102,-0.723163902759552,-0.7787999510765076,-0.790824294090271,-0.7961870431900024,-0.8444080352783203,-0.7560089230537415,-0.3415866494178772,-0.6083173155784607,-0.6302657723426819,-0.6841615438461304,-0.15772566199302673,-0.5079633593559265,-0.6123880743980408,-0.8023494482040405,-0.5987433791160583,-0.01642267405986786
4491.0,89.81900000000005,-1.148034145123578,175.2882669408355,386.5459959629935,25538.88238018261,-1.1480250000000003,175.41330100000005,386.5459900000001,25634.779484,0.0003317598401826,9.607813723834369,-0.0002011618535258,19200.000000000007,9.14516073259891e-06,0.000234364623561,-5.962980085264943e-06,0.0,-0.0043806802298029,-0.1820058890058064,9.59425333214274,7.325407124932957,0.0002531116220372,-0.7938126822740932,19199.930052348347,-30.02681467410676,0.002,-3.2968701024374845,1.7622487651994696,-0.8775450530566432,6.0,10.0,180.0,-0.6245265345933189,-6.276879106452612,-0.1215963709265793,-3.1669236008455224,654.1862042190952,373.1276389121846,167.12286474521426,753.1160579927802,543.1500000000001,-0.6245265345933189,-0.7034065127372742,-0.658123254776001,-0.6587238311767578,-0.6230989098548889,-0.5995458364486694,-0.6316691040992737,-0.7423295378684998,-0.5227581858634949,-0.7025028467178345,-0.6240395307540894,-0.6122081279754639,-0.6200011372566223,-0.6091521978378296,-0.6265881061553955,-0.5916593670845032,-0.7237993478775024,-1.601320743560791,-0.5833619236946106,-0.6203641891479492,-0.7032032012939453,-0.7393466234207153,-0.8687347769737244,-0.6037932634353638,-0.7833549380302429,-0.7062526941299438,-0.7801989912986755,-0.7443050146102905,-0.758939802646637,-0.8213658928871155,-0.7465702295303345,-0.45201510190963745,-0.6041433811187744,-0.6272208094596863,-0.6424428224563599,-0.140730082988739,-0.5345901846885681,-0.6067562699317932,-0.8005952835083008,-0.7271221876144409,0.040104612708091736
4492.0,89.83900000000003,-1.1480614309046309,175.4801994595583,386.54601152640026,25922.88194754803,-1.1480250000000003,175.60530100000005,386.5459900000001,26018.77948400001,0.0012147163152362,9.610059385188396,-0.000721647003616,19200.000000000007,3.642988013098651e-05,0.0003019390785377,-2.1526360984039447e-05,0.0,-0.0046380009118088,1.1560171337821603,9.576177041673503,2.55638822776937,0.0024255581750732,-3.112689228371398,19199.94739324761,90.1084136139166,0.002,-3.302735049252849,1.7734787788861963,-0.8760813208275134,6.0,10.0,180.0,-0.6250108347001231,-6.285655990196327,-0.123549814069978,-3.166383857171144,653.9761021095476,372.9368194560923,167.05793237260713,752.8390289963901,552.9750000000001,-0.6250108347001231,-0.7216206789016724,-0.6676754951477051,-0.6755005121231079,-0.6271935701370239,-0.6164625287055969,-0.6422324776649475,-0.7467116713523865,-0.5263265371322632,-0.712017297744751,-0.6339380741119385,-0.6230418682098389,-0.6298224925994873,-0.6181349158287048,-0.635917067527771,-0.5630884766578674,-0.7254761457443237,-1.4669826030731201,-0.6381446123123169,-0.6309152245521545,-0.7320769429206848,-0.7603958249092102,-0.8732052445411682,-0.6126886606216431,-0.8005043268203735,-0.7173298001289368,-0.7892561554908752,-0.7657331824302673,-0.7835606336593628,-0.8378337621688843,-0.7685096859931946,-0.5975245833396912,-0.6122176647186279,-0.6409394145011902,-0.6588965058326721,-0.08794687688350677,-0.5286567807197571,-0.6177852749824524,-0.8060926795005798,-0.7157968878746033,0.10865753889083862
4493.0,89.85900000000001,-1.1480303758306047,175.67232619851532,386.54599508639535,26306.88253777053,-1.1480250000000003,175.79730100000006,386.5459900000001,26402.77948400001,0.0001815161724325,9.605835571932026,-0.0001693955059723,19200.000000000007,5.3744338839843005e-06,0.0001748925396403,-5.086510103896671e-06,0.0,-0.0036424891681771,-0.3117286889660776,9.64674102455509,0.4311169020565065,-0.0102325584271348,-0.7311581570882865,19200.016367829405,-60.084185963917534,0.002,-3.3011248524331904,1.7816017021455264,-0.874970665841764,6.0,10.0,180.0,-0.6274277603694736,-6.276882199728844,-0.1249913851935805,-3.166353126579673,654.7010510547739,373.9444097280461,167.32146618630355,753.9680144981951,557.1750000000002,-0.6274277603694736,-0.7163854837417603,-0.661475419998169,-0.6789324283599854,-0.6248287558555603,-0.6147278547286987,-0.6373803019523621,-0.7485902905464172,-0.5183315277099609,-0.7095307111740112,-0.6314446330070496,-0.6175156235694885,-0.6243973970413208,-0.611613392829895,-0.6281815767288208,-0.5368248224258423,-0.7149513959884644,-1.422461986541748,-0.6472909450531006,-0.6238728761672974,-0.7229287624359131,-0.7617084980010986,-0.8736463189125061,-0.6115207672119141,-0.7954614162445068,-0.7131140232086182,-0.783592164516449,-0.7778825163841248,-0.7919812798500061,-0.8413633108139038,-0.7702082395553589,-0.5176427960395813,-0.6075819730758667,-0.6321454048156738,-0.6669989228248596,-0.05674487352371216,-0.5244683623313904,-0.6146788597106934,-0.7978495359420776,-0.6867526173591614,0.08557535707950592
4494.0,89.87900000000003,-1.1480442627596568,175.86452809828734,386.54598261449576,26690.88134475245,-1.1480250000000003,175.98930100000007,386.5459900000001,26786.77948400001,0.0006370524498971,9.599076612229132,0.0002496936236784,19200.000000000007,1.916285007301035e-05,-2.690441994005116e-05,7.3852623101544574e-06,0.0,0.0012183776729489,0.6814817800523016,9.603255101611603,2.201095852413146,-0.0027057494864395,1.524946225201393,19200.13598442898,98.75270063837918,0.002,-3.3012208087937966,1.7888797655333044,-0.8748118919020446,6.0,10.0,180.0,-0.6288905448876242,-6.251456724285998,-0.1269347975570963,-3.167400171375309,654.657525527387,373.57970486402303,167.27073309315176,753.7495072490975,560.7750000000001,-0.6288905448876242,-0.7199586033821106,-0.6684281826019287,-0.6708898544311523,-0.6300904154777527,-0.6219261288642883,-0.6350243091583252,-0.7544505596160889,-0.5210210084915161,-0.714261531829834,-0.6312206387519836,-0.6243364810943604,-0.6280667781829834,-0.6173360347747803,-0.6337063312530518,-0.5387153029441833,-0.7208753824234009,-1.4616273641586304,-0.6417689919471741,-0.6290549635887146,-0.7254244089126587,-0.7746595740318298,-0.8723852634429932,-0.6131359338760376,-0.7963435053825378,-0.7120257019996643,-0.7802735567092896,-0.7796467542648315,-0.7871501445770264,-0.8352159261703491,-0.778899073600769,-0.5895724296569824,-0.6108622550964355,-0.6349756121635437,-0.6708372831344604,-0.04602028429508209,-0.5343870520591736,-0.6196138858795166,-0.8063626289367676,-0.7163235545158386,0.08834913372993469
4495.0,89.89900000000003,-1.148049753791475,176.05673911559768,386.5459836312064,27074.88249839473,-1.1480250000000003,176.18130100000002,386.5459900000001,27170.77948400001,0.0008286754550743,9.592069695604176,0.0002156732400614,19200.000000000007,2.475524276193573e-05,-0.000237814858372,6.369337526161278e-06,0.0,-0.0061039522349067,1.5185792727186602,9.61841555531097,-1.2748083527027692,-0.0024207358573018,3.231135872407755,19199.99837040572,4.27482401495315,0.002,-3.30932236541499,1.78423932236829,-0.8754041736310167,6.0,10.0,180.0,-0.6254904189362265,-6.299273235910492,-0.1264665166510738,-3.170503647268972,654.6687627636934,373.8933524320115,167.3093665465759,753.9147536245488,563.7750000000001,-0.6254904189362265,-0.730307936668396,-0.6770203709602356,-0.6895157098770142,-0.6335012912750244,-0.6362555623054504,-0.6423003673553467,-0.7594971060752869,-0.5176103115081787,-0.7203464508056641,-0.6396962404251099,-0.6325905323028564,-0.6347404718399048,-0.6240444779396057,-0.6400706171989441,-0.5131655335426331,-0.7232887744903564,-1.3987535238265991,-0.673326313495636,-0.6361737847328186,-0.7408918142318726,-0.7933830618858337,-0.8754117488861084,-0.6174771189689636,-0.8053012490272522,-0.7216022610664368,-0.7836026549339294,-0.8024380803108215,-0.8034594058990479,-0.8443558216094971,-0.7964141368865967,-0.6428372859954834,-0.6148571968078613,-0.6396816372871399,-0.6919735670089722,-0.04173095524311066,-0.529474675655365,-0.6263187527656555,-0.8123454451560974,-0.6845383048057556,0.09015990793704987
4496.0,89.91900000000003,-1.1480450005435463,176.24861919782012,386.5459774983846,27458.88275624868,-1.1480250000000003,176.37330100000003,386.5459900000001,27554.77948400001,0.0006641226775939,9.59606734361014,0.0004154110997357,19200.000000000007,2.0001452696107905e-05,-0.0001179949104792,1.2503091699602009e-05,0.0,0.0021708690136263,1.5317802032506616,9.582746064499494,-0.6762416382076484,0.0075582782381869,3.731778112403473,19200.101735938053,60.07038853925231,0.002,-3.3205060117902545,1.781814555147538,-0.8763754918252236,6.0,10.0,180.0,-0.6289122589164904,-6.294951267806023,-0.1264853808753476,-3.172582176735879,654.4238813818467,373.1911762160057,167.17868327328796,753.3543768122744,566.4750000000001,-0.6289122589164904,-0.7289915680885315,-0.6767055988311768,-0.6849093437194824,-0.6343336701393127,-0.637543261051178,-0.6389332413673401,-0.7599753141403198,-0.5182896852493286,-0.7203916311264038,-0.6391639709472656,-0.6335967779159546,-0.6346772313117981,-0.6242681741714478,-0.6401834487915039,-0.5119317770004272,-0.7227687239646912,-1.4138247966766357,-0.6718636751174927,-0.6361721158027649,-0.7387003898620605,-0.79482501745224,-0.8743188977241516,-0.6174331903457642,-0.8036795258522034,-0.7181119322776794,-0.7811965346336365,-0.801360547542572,-0.8010843992233276,-0.8412196636199951,-0.7961908578872681,-0.6550998687744141,-0.6158295273780823,-0.6398494839668274,-0.6916986703872681,-0.02077116072177887,-0.5334840416908264,-0.6277346014976501,-0.8138705492019653,-0.7000938057899475,0.09372358024120331
4497.0,89.93900000000004,-1.1480388874951155,176.44085054843555,386.5459864075893,27842.88321539725,-1.1480250000000003,176.5653010000001,386.5459900000001,27938.77948400001,0.0004648742471846,9.588354017636474,0.000125103889043,19200.000000000007,1.3887373775210868e-05,-0.0003494451856177,3.693069839915612e-06,0.0,2.170256478081344e-05,0.6683132171369417,9.635034060604918,-3.968630412658914,0.0056260791659618,1.21294142419606,19200.290624633333,-17.16035724297281,0.002,-3.3184060868256693,1.775721869345579,-0.8790059078948073,6.0,10.0,180.0,-0.6269588687677842,-6.277905713642221,-0.1264815748094528,-3.165418198800449,654.8599406909234,373.7555881080028,167.33234163664395,754.0126884061372,568.7250000000001,-0.6269588687677842,-0.7306167483329773,-0.6717261075973511,-0.7004098892211914,-0.6307088732719421,-0.6355058550834656,-0.6427251100540161,-0.7573387622833252,-0.5165530443191528,-0.718988835811615,-0.6396123766899109,-0.6293528079986572,-0.6329671144485474,-0.6201431751251221,-0.6361029148101807,-0.49585169553756714,-0.7149717807769775,-1.3544530868530273,-0.6949113607406616,-0.6328732371330261,-0.7425115704536438,-0.7900069355964661,-0.8755140900611877,-0.6186041831970215,-0.8071002960205078,-0.7206679582595825,-0.7881782650947571,-0.8052144646644592,-0.8144198656082153,-0.8531574606895447,-0.7945247292518616,-0.6268293857574463,-0.6144070625305176,-0.6397412419319153,-0.6932469010353088,0.0024103373289108276,-0.5233055949211121,-0.626187264919281,-0.8055099248886108,-0.6708152294158936,0.11397142708301544
4498.0,89.95900000000003,-1.1480506544007392,176.63279599528684,386.545997036912,28226.88257500594,-1.1480250000000003,176.75730100000004,386.5459900000001,28322.77948400001,0.0008578522080986,9.590178682379896,-0.0002328862534972,19200.000000000007,2.565420671152138e-05,-0.0002946919968608,-7.038020182728204e-06,0.0,0.0029350989999235,1.8935000952837784,9.583973766631194,2.562962179121745,0.0114483481041907,-0.7874147929392242,19199.91312893625,34.327711455620125,0.002,-3.319421146979306,1.778899632667276,-0.8827990929542656,6.0,10.0,180.0,-0.6279302029655863,-6.250005568918308,-0.1274480738260795,-3.1730659028727213,654.5499703454617,373.1172940540014,167.195670818322,753.4268442030686,570.6750000000001,-0.6279302029655863,-0.7316591143608093,-0.6750732660293579,-0.6739043593406677,-0.6346058249473572,-0.6279924511909485,-0.6365365982055664,-0.760068953037262,-0.5310143828392029,-0.7221208214759827,-0.6336166262626648,-0.6305731534957886,-0.6325649619102478,-0.6225509643554688,-0.6393025517463684,-0.5365290641784668,-0.7234195470809937,-1.4617401361465454,-0.6573020219802856,-0.6351193189620972,-0.7381720542907715,-0.7863766551017761,-0.874563992023468,-0.6185980439186096,-0.8052766919136047,-0.7125325202941895,-0.7879125475883484,-0.7788357734680176,-0.7917176485061646,-0.8383927345275879,-0.7901298403739929,-0.7417486906051636,-0.6157275438308716,-0.6440725326538086,-0.6673914194107056,0.006493866443634033,-0.5406449437141418,-0.6261402368545532,-0.8096047639846802,-0.7581023573875427,0.16022183001041412
4499.0,89.97900000000001,-1.148014735037612,176.82489655254523,386.54601670255295,28610.884194987048,-1.1480250000000003,176.94930100000005,386.5459900000001,28706.77948400001,-0.0003404610219628,9.586827132407969,-0.0008864491955254,19200.000000000007,-1.0264935731641887e-05,-0.000395151412574,-2.670387054319617e-05,0.0,0.0053539479469029,0.6759395938009168,9.60548257314898,-3.482201448788808,0.0046480380203082,-4.5880617885743735,19200.188028931883,-77.26157153141709,0.002,-3.32689026140324,1.7843872147168458,-0.882862561583897,6.0,10.0,180.0,-0.6264486013352645,-6.2607041835884285,-0.1279347383587817,-3.167915392957502,654.6874851727309,373.0606470270007,167.217335409161,753.5179221015344,572.325,-0.6264486013352645,-0.7329922318458557,-0.6674662828445435,-0.7021118402481079,-0.6286166906356812,-0.6298399567604065,-0.6435279250144958,-0.7526260018348694,-0.5258212685585022,-0.7184689044952393,-0.6388953328132629,-0.626218318939209,-0.631955623626709,-0.6179101467132568,-0.6349478960037231,-0.50974041223526,-0.712712287902832,-1.3586201667785645,-0.6997221112251282,-0.6317920684814453,-0.746783971786499,-0.777418851852417,-0.8775844573974609,-0.6200010180473328,-0.8111168146133423,-0.7183935046195984,-0.7965120077133179,-0.787975013256073,-0.8139218091964722,-0.8572180271148682,-0.7888562679290771,-0.675440788269043,-0.6155881285667419,-0.646197497844696,-0.6747849583625793,0.038265734910964966,-0.5226610898971558,-0.6255843043327332,-0.800299346446991,-0.7034922242164612,0.18270663917064667
4500.0,89.99900000000002,-1.1480205563970485,177.01645775864102,386.5460077508799,28994.883136240085,-1.1480250000000003,177.14130100000006,386.5459900000001,29090.77948400001,-0.0001476885557861,9.601471153986814,-0.0005946925187673,19200.000000000007,-4.443579427015361e-06,4.33415429433911e-05,-1.7751084153737123e-05,0.0,0.0073419404680338,0.787657886579557,9.595453163221247,2.632028666063823,-0.0021773145546683,-2.9255056957753944,19199.913225427976,12.881368592642309,0.002,-3.3320117612216644,1.7786818955221984,-0.8779520870398619,6.0,10.0,180.0,-0.6245013742095273,-6.340300926311629,-0.1279343732665568,-3.1643715102336563,654.6807425863655,372.8043235135003,167.1866677045805,753.3854610507672,573.6750000000002,-0.6245013742095273,-0.7260181903839111,-0.6664384603500366,-0.6708151698112488,-0.6308962106704712,-0.62117600440979,-0.6315014362335205,-0.7563337683677673,-0.5316904783248901,-0.7179806232452393,-0.6297104954719543,-0.6232048869132996,-0.6267800331115723,-0.6154605150222778,-0.6320696473121643,-0.5360630750656128,-0.7153637409210205,-1.4605649709701538,-0.6556226015090942,-0.6282666325569153,-0.7298978567123413,-0.7746849656105042,-0.8738649487495422,-0.6167557835578918,-0.8012253046035767,-0.7055756449699402,-0.7891102433204651,-0.7693589925765991,-0.7907837629318237,-0.839260995388031,-0.7814052104949951,-0.7037416100502014,-0.6127045154571533,-0.6408993601799011,-0.6564443111419678,0.04138852655887604,-0.5390933752059937,-0.6219817399978638,-0.8005874156951904,-0.76724773645401,0.1808357983827591
4501.0,90.01900000000002,-1.1480009201254415,177.20895102345932,386.5460097765125,29378.88352216498,-1.1480250000000003,177.33330100000006,386.5459900000001,29474.77948400001,-0.0008030261865203,9.585008312250192,-0.0006924739385697,19200.000000000007,-2.407987437880286e-05,-0.0004498213951526,-1.9776247670303406e-05,0.0,0.0036483642106963,-1.7694281452597338,9.603268411411582,-5.381667006028507,-0.0085766054583919,-3.300409996913987,19200.15355539825,-51.513428338256986,0.002,-3.3194449894651945,1.7738448809764906,-0.8753304827564302,6.0,10.0,180.0,-0.6225692585098932,-6.249007332153074,-0.1298728084590083,-3.164393218460141,654.6943712931827,372.92666175675015,167.20333385229026,753.4582305253836,574.7250000000001,-0.6225692585098932,-0.7159367203712463,-0.6514829397201538,-0.6969558000564575,-0.6203065514564514,-0.6190099716186523,-0.6314822435379028,-0.7448321580886841,-0.5147925019264221,-0.7079530358314514,-0.6318483948707581,-0.6141964197158813,-0.621079683303833,-0.6051353216171265,-0.6210016012191772,-0.486080527305603,-0.6965072154998779,-1.3346657752990723,-0.7014336585998535,-0.6181660890579224,-0.7269705533981323,-0.7603757381439209,-0.8719967603683472,-0.614454984664917,-0.7968578338623047,-0.7045552134513855,-0.7840242385864258,-0.7889674305915833,-0.8150632381439209,-0.856737494468689,-0.7756043672561646,-0.5181435346603394,-0.6080244779586792,-0.633369505405426,-0.6746609210968018,0.08776697516441345,-0.5155515074729919,-0.6176783442497253,-0.7869719862937927,-0.6754809021949768,0.15229590237140656
4502.0,90.03900000000003,-1.1480079295644905,177.4007078797389,386.5459814416992,29762.88411503857,-1.1480250000000003,177.52530100000004,386.5459900000001,29858.77948400001,-0.0005439146830754,9.593112175672209,0.000252014166379,19200.000000000007,-1.70704371228042e-05,-0.0002066777217107,8.558338386559777e-06,0.0,0.0027007252820498,-2.3187665478067587,9.574474711555611,-4.756902921707886,-0.0073221615251395,2.087570082254357,19199.94723231946,-55.74839985019323,0.002,-3.3136560561774924,1.7766779292687245,-0.8729558305785536,6.0,10.0,180.0,-0.6250058638175611,-6.211448702402949,-0.1293635068885494,-3.1700266599039884,654.3526856465913,372.5573308783751,167.09116692614515,752.9786152626918,568.0500000000001,-0.6250058638175611,-0.7049230337142944,-0.6499482989311218,-0.6870275735855103,-0.6193575263023376,-0.6201575398445129,-0.6258813142776489,-0.7433422207832336,-0.5040974617004395,-0.7028858661651611,-0.6281182169914246,-0.6136264801025391,-0.6190041899681091,-0.6040806770324707,-0.619027853012085,-0.4821159243583679,-0.6973601579666138,-1.3509461879730225,-0.6838252544403076,-0.6156076788902283,-0.7138491868972778,-0.7621533274650574,-0.8684688210487366,-0.6096380352973938,-0.7870510816574097,-0.7025378942489624,-0.769873321056366,-0.7973749041557312,-0.8065840005874634,-0.8463033437728882,-0.7723125219345093,-0.41634273529052734,-0.6055835485458374,-0.6245065927505493,-0.6862194538116455,0.04976300895214081,-0.5169181227684021,-0.615339994430542,-0.7909013628959656,-0.6502261757850647,0.06908807158470154
4503.0,90.05900000000004,-1.1480126168939049,177.59223021428124,386.5459921398925,30146.88547535256,-1.1480250000000003,177.71730100000008,386.5459900000001,30242.77948400001,-0.0004130266845033,9.609022932355696,-7.054105175840807e-05,19200.000000000007,-1.238310582010107e-05,0.000270984848797,-2.139932727911771e-06,0.0,0.000224465644584,-1.8941527687590305,9.580797850328272,-2.2500167477444983,-0.002418599357017,1.5752025433537316,19200.049586443893,-60.08748045923458,0.002,-3.3252055070667605,1.78175924513555,-0.8732028372854793,6.0,10.0,180.0,-0.6249887517159882,-6.274912241049422,-0.1303447937260181,-3.158229118397581,654.2063428232957,372.5586654391875,167.06158346307257,752.851807631346,568.6500000000001,-0.6249887517159882,-0.705727756023407,-0.6514246463775635,-0.6783109307289124,-0.6206676959991455,-0.6165539622306824,-0.6235905885696411,-0.7453105449676514,-0.5094403028488159,-0.704408586025238,-0.6254442930221558,-0.6134030818939209,-0.6181927919387817,-0.6043860912322998,-0.6194764971733093,-0.49656885862350464,-0.7000061273574829,-1.3905129432678223,-0.6683740019798279,-0.6158374547958374,-0.7113230228424072,-0.7623491883277893,-0.8700182437896729,-0.6095830798149109,-0.7872422933578491,-0.7003511786460876,-0.77218097448349,-0.7886507511138916,-0.7991719841957092,-0.8410838842391968,-0.7717986702919006,-0.45116448402404785,-0.6051645278930664,-0.624908447265625,-0.6766096353530884,0.04551991820335388,-0.5230346918106079,-0.6145753264427185,-0.7911766171455383,-0.6798980832099915,0.08440554141998291
4504.0,90.07900000000004,-1.1480185704874186,177.78403990954936,386.5459861473256,30530.884983442345,-1.1480250000000003,177.90930100000006,386.5459900000001,30626.77948400001,-0.0002159080813106,9.615376594860992,9.511175186550252e-05,19200.000000000007,-6.429510577260082e-06,0.0004612870888052,3.8526676617740135e-06,0.0,-0.002194872685889,-1.21892358886771,9.592512844184672,5.000626964946302,-0.0002236792290612,3.0006344723079343,19199.638172131978,-21.510320516494545,0.002,-3.326231110672522,1.7716477965629984,-0.876025258429684,6.0,10.0,180.0,-0.623526850809048,-6.326629203973804,-0.1279304523229502,-3.1664039987316395,654.2231714116479,372.83433271959376,167.09679173153629,753.003403815673,569.1000000000001,-0.623526850809048,-0.7022891044616699,-0.6538739800453186,-0.6479856967926025,-0.6244957447052002,-0.6069083213806152,-0.6134651899337769,-0.7515000700950623,-0.5188741683959961,-0.7064779996871948,-0.6177300810813904,-0.6118185520172119,-0.6142100691795349,-0.60380619764328,-0.6187491416931152,-0.5320322513580322,-0.7062276601791382,-1.527872085571289,-0.6172093152999878,-0.614295482635498,-0.6957917213439941,-0.7599526047706604,-0.8654354214668274,-0.606569230556488,-0.7789555788040161,-0.6899245977401733,-0.7684739232063293,-0.7637163400650024,-0.7734275460243225,-0.8217138051986694,-0.7656965255737305,-0.49968159198760986,-0.6024116277694702,-0.6209082007408142,-0.654860258102417,0.027832642197608948,-0.5417717099189758,-0.6111401915550232,-0.7929760217666626,-0.7535884976387024,0.08960278332233429
4505.0,90.09900000000002,-1.1480195211877915,177.97647685091857,386.5459901002672,30914.88461011933,-1.1480250000000003,178.10130100000003,386.5459900000001,31010.77948400001,-0.0001811549941239,9.600817629773196,-5.069486583145904e-06,19200.000000000007,-5.4788161925208815e-06,2.4345744979248563e-05,-1.0026661491688956e-07,0.0,-0.0051276380064026,-0.9184246748740856,9.593741867036218,0.4810577969234025,0.0036431242986676,0.0566322063446268,19199.896567400738,47.20415148249917,0.002,-3.321463866940175,1.7756737534349256,-0.8788675235239298,6.0,10.0,180.0,-0.6245246229741668,-6.224092304227633,-0.1303858262269531,-3.165871560710074,654.187585705824,373.0906663597968,167.11889586576814,753.0992019078365,576.825,-0.6245246229741668,-0.7127822041511536,-0.6557835340499878,-0.6693398952484131,-0.6241893172264099,-0.6151216626167297,-0.6203221082687378,-0.7515373826026917,-0.5203102827072144,-0.7107713222503662,-0.6230931282043457,-0.6153417229652405,-0.6183024048805237,-0.6062349677085876,-0.6214991211891174,-0.5057423710823059,-0.702202320098877,-1.4322561025619507,-0.6614744663238525,-0.617973804473877,-0.7147133350372314,-0.7688451409339905,-0.8703782558441162,-0.6125677227973938,-0.7906157970428467,-0.6965181827545166,-0.7768384218215942,-0.7774401307106018,-0.7948208451271057,-0.8381873965263367,-0.7771238088607788,-0.5695887804031372,-0.6057233214378357,-0.628681480884552,-0.6638933420181274,0.08312731981277466,-0.5325543284416199,-0.6162678599357605,-0.7910404205322266,-0.7348935008049011,0.14596377313137054
4506.0,90.11900000000004,-1.148036116111013,178.1685979155655,386.5459815688874,31298.88450654081,-1.1480250000000003,178.29330100000007,386.5459900000001,31394.77948400001,0.0003993215542899,9.59677923536497,0.00028249961677,19200.000000000007,1.111607510946415e-05,-9.681591729584734e-05,8.431126631473976e-06,0.0,-0.0031808765894461,-0.1253575574660238,9.63012638238423,6.163000931008827,-6.816021393599852e-06,-0.7940850253625863,19199.94763885569,0.0262339080496644,0.002,-3.3121485328307183,1.7657775673671408,-0.8762739218462356,6.0,10.0,180.0,-0.6269767775073236,-6.263669320078586,-0.1289117642048988,-3.175613793885692,654.625292852912,373.7383331798984,167.28244793288405,753.8001009539182,577.1250000000001,-0.6269767775073236,-0.7150524854660034,-0.6593376398086548,-0.6503775119781494,-0.6282933950424194,-0.6083862781524658,-0.6169759035110474,-0.757634162902832,-0.5317472815513611,-0.7145464420318604,-0.618972897529602,-0.6145740151405334,-0.6168280839920044,-0.6069594621658325,-0.6226332187652588,-0.5403327345848083,-0.7087404727935791,-1.5310401916503906,-0.6245349645614624,-0.6186223030090332,-0.7082496881484985,-0.7657402753829956,-0.8687159419059753,-0.611815869808197,-0.7888636589050293,-0.6911620497703552,-0.7808639407157898,-0.7572899460792542,-0.7761856317520142,-0.827724814414978,-0.773000180721283,-0.6518359184265137,-0.604814887046814,-0.6291188597679138,-0.6426762342453003,0.06509622931480408,-0.5466741919517517,-0.6142763495445251,-0.7920846939086914,-0.7978448271751404,0.1713956743478775
4507.0,90.13900000000004,-1.1480322238508658,178.36066124581595,386.54600012228514,31682.883453220264,-1.1480250000000003,178.48530100000005,386.5459900000001,31778.77948400001,0.0002379912634035,9.594662422049549,-0.0003375611762854,19200.000000000007,7.223873597443121e-06,-0.0001602446485386,-1.0122245981110778e-05,0.0,-0.0055947440510633,0.6186135517285534,9.558599397774904,1.9560646356963065,0.0031533309200897,-2.869677107336289,19199.895696868163,98.71725357285108,0.002,-3.3124886751816,1.7837656875281491,-0.8750814787575595,6.0,10.0,180.0,-0.6259843613027736,-6.284183000595407,-0.1293900205073637,-3.1781634678209265,653.974646426456,372.9916665899492,167.06422396644203,752.8650504769591,577.2750000000001,-0.6259843613027736,-0.7225714921951294,-0.6631636619567871,-0.6701123714447021,-0.6278908252716064,-0.6206839084625244,-0.6261346936225891,-0.7531922459602356,-0.5302312970161438,-0.7163581848144531,-0.6266781687736511,-0.6212990283966064,-0.6239850521087646,-0.6129859089851379,-0.6293935179710388,-0.5252178907394409,-0.7111356258392334,-1.4542583227157593,-0.6617883443832397,-0.6255310773849487,-0.7281711101531982,-0.7728751301765442,-0.8720288276672363,-0.6160131096839905,-0.798899233341217,-0.7014561295509338,-0.785374104976654,-0.7683327198028564,-0.7920295000076294,-0.8387222290039062,-0.7811177372932434,-0.687127411365509,-0.610332727432251,-0.638880729675293,-0.6559336185455322,0.07526467740535736,-0.536647379398346,-0.6204142570495605,-0.7974197864532471,-0.7682186365127563,0.19428138434886932
4508.0,90.15900000000002,-1.1480224364271086,178.55246868968084,386.5459931110922,32066.88487666977,-1.1480250000000003,178.67730100000006,386.5459900000001,32162.77948400001,-8.351105513933923e-05,9.601089015496855,-0.0001061248779619,19200.000000000007,-2.5633178215495345e-06,3.240825317884538e-05,-3.111206985110877e-06,0.0,-0.0026721385599249,0.1817559282329612,9.649190019062402,4.950535029821592,-0.0104709228231232,-1.3374349098863534,19200.050071315512,-64.36124848095197,0.002,-3.309862533738389,1.787401430719138,-0.8732991673746662,6.0,10.0,180.0,-0.6245004571529124,-6.312518526367227,-0.1288997564740691,-3.1735609877441093,654.746823213228,373.9778332949746,167.335111983221,754.0245252384796,577.4250000000001,-0.6245004571529124,-0.7201902270317078,-0.6622095108032227,-0.6561499834060669,-0.6295377016067505,-0.6118767261505127,-0.6216167211532593,-0.7591404318809509,-0.5320768356323242,-0.7169286012649536,-0.6223451495170593,-0.6169074773788452,-0.61943519115448,-0.6092617511749268,-0.6250146627426147,-0.5357064604759216,-0.7099658250808716,-1.5025091171264648,-0.6359249353408813,-0.6213397979736328,-0.7157289981842041,-0.7709012627601624,-0.8710169196128845,-0.6140241026878357,-0.7936528325080872,-0.696103572845459,-0.7843154072761536,-0.7629517316818237,-0.7824706435203552,-0.8322491645812988,-0.7779808044433594,-0.6795600056648254,-0.6064454317092896,-0.6321791410446167,-0.6471072435379028,0.06207077205181122,-0.5438808798789978,-0.6163316369056702,-0.7933212518692017,-0.7875426411628723,0.18147335946559906
4509.0,90.17900000000004,-1.1480311191001626,178.74466119195762,386.5459688673098,32450.88390012009,-1.1480250000000003,178.86930100000006,386.5459900000001,32546.77948400001,0.0002090318040905,9.594670623726197,0.0006779064308059,19200.000000000007,6.118993426704431e-06,-0.0001596957415867,2.113244825394305e-05,0.0,-0.0019771867635402,0.912295893292896,9.59132338070214,0.3072842514057116,-0.0022275525026957,2.25064016629672,19200.135760563186,103.00760517734317,0.002,-3.312778853586895,1.795564530923862,-0.8745512241908429,6.0,10.0,180.0,-0.623514820945886,-6.2753971119294265,-0.129875267021328,-3.1679439463183394,654.4814116066141,373.5134166474873,167.2275559916105,753.5637626192397,577.5750000000002,-0.623514820945886,-0.7263791561126709,-0.6704823970794678,-0.6765371561050415,-0.6325600147247314,-0.6302930116653442,-0.6287280321121216,-0.7609342336654663,-0.5227088928222656,-0.7203646898269653,-0.6324727535247803,-0.6280014514923096,-0.6282567381858826,-0.6180224418640137,-0.6333914995193481,-0.5037086009979248,-0.7137791514396667,-1.4283291101455688,-0.6719748973846436,-0.629883885383606,-0.7315763235092163,-0.7920773029327393,-0.8734676241874695,-0.6177110075950623,-0.8003790974617004,-0.7068876028060913,-0.7811841368675232,-0.7912259101867676,-0.7996981739997864,-0.8398414850234985,-0.7932543754577637,-0.683617889881134,-0.6122667193412781,-0.6369231343269348,-0.6786576509475708,0.059258028864860535,-0.5374993681907654,-0.6250954270362854,-0.804639995098114,-0.7378432154655457,0.14796514809131622
4510.0,90.19900000000004,-1.1480422424989414,178.93673862263182,386.54597572548505,32834.8857343179,-1.1480250000000003,179.06130100000007,386.5459900000001,32930.77948400002,0.0005678297439829,9.592091471476536,0.0004800272944468,19200.000000000007,1.7241266874341758e-05,-0.0002373224768582,1.4275058914265949e-05,0.0,-0.003672357629602,1.2875509407954238,9.628888030040324,-1.71920157941408,-0.0021760983236185,3.2937622030731672,19200.08502142808,-17.22197232351881,0.002,-3.319505461259035,1.78049705018531,-0.8722190756735508,6.0,10.0,180.0,-0.6225336668481721,-6.2949515317091,-0.1298761350791664,-3.170471366021551,654.7477058033071,373.94520832374366,167.33127799580524,754.0093813096198,577.7250000000001,-0.6225336668481721,-0.7329800724983215,-0.6757006645202637,-0.6883625984191895,-0.6347996592521667,-0.6378804445266724,-0.6347610354423523,-0.7647619247436523,-0.5204655528068542,-0.7239799499511719,-0.6379279494285583,-0.6322382688522339,-0.6321752071380615,-0.6216706037521362,-0.636833667755127,-0.4906741976737976,-0.7153832316398621,-1.3926061391830444,-0.6880611181259155,-0.6338180899620056,-0.7400226593017578,-0.8024171590805054,-0.8752797842025757,-0.6201199293136597,-0.8059835433959961,-0.7138774991035461,-0.7848679423332214,-0.8039137721061707,-0.8091828227043152,-0.8461369276046753,-0.8011563420295715,-0.7060396075248718,-0.6142581701278687,-0.638931930065155,-0.6912495493888855,0.04839743673801422,-0.5340043902397156,-0.6284254193305969,-0.8075664639472961,-0.7131827473640442,0.1411261111497879
4511.0,90.21900000000002,-1.1480421618649073,179.12884332585645,386.545976488553,33218.88590374837,-1.1480250000000003,179.25330100000002,386.5459900000001,33314.77948400001,0.0005684240484638,9.5886053335356,0.0004482765333551,19200.000000000007,1.7160639214336673e-05,-0.0003418220254141,1.3512923327771442e-05,0.0,2.1421125383699283e-05,1.3382227430288574,9.58155394512821,-3.295500903314617,0.0078054498743997,3.3065017346085304,19200.068320383176,64.38652505291684,0.002,-3.3267719379464658,1.780751425829607,-0.8771703098452235,6.0,10.0,180.0,-0.6240099098956053,-6.276931310127305,-0.1294002550275026,-3.1745592516302064,654.4083529016535,373.27160416187184,167.18463899790262,753.3806906548099,577.7250000000001,-0.6240099098956053,-0.7330148220062256,-0.6758209466934204,-0.6952829360961914,-0.6342682242393494,-0.6425869464874268,-0.6362307667732239,-0.7622793912887573,-0.5180956125259399,-0.72325599193573,-0.6404147744178772,-0.6345223188400269,-0.6343110203742981,-0.623263418674469,-0.6385824680328369,-0.4828755557537079,-0.7153003215789795,-1.3733718395233154,-0.7004560232162476,-0.6354937553405762,-0.7439980506896973,-0.8039281368255615,-0.873403012752533,-0.6204932332038879,-0.8074247241020203,-0.7159008979797363,-0.7847686409950256,-0.8088582754135132,-0.813521146774292,-0.8485968112945557,-0.8016434907913208,-0.6972942352294922,-0.616283655166626,-0.6411155462265015,-0.6980675458908081,0.05646926164627075,-0.5311121344566345,-0.6307092308998108,-0.8101346492767334,-0.7010772228240967,0.1369250863790512
4512.0,90.23900000000002,-1.1480362408331426,179.3206385145541,386.5459864216397,33602.88676510941,-1.1480250000000003,179.44530100000006,386.5459900000001,33698.77948400001,0.0003693298930525,9.595418900115703,0.0001249859938438,19200.000000000007,1.1141301294898268e-05,-0.0001374130825993,3.679019463320127e-06,0.0,0.0021712932596653,0.8558203850328399,9.630368543074946,-0.6619841275048117,0.0046501301340116,1.0942766276529006,19200.25625639757,-25.69445541074,0.002,-3.3247349017054013,1.7755907029470714,-0.8780413676506047,6.0,10.0,180.0,-0.6240303038754116,-6.327165665170019,-0.1284415135014457,-3.16078257564183,654.8401764508268,373.6473020809359,167.31581949895133,753.941845327405,577.7250000000001,-0.6240303038754116,-0.7303458452224731,-0.6712686419487,-0.6837626099586487,-0.6329782605171204,-0.6310123205184937,-0.6331321597099304,-0.7622044682502747,-0.5239243507385254,-0.7217252254486084,-0.634290874004364,-0.6281369924545288,-0.6295002698898315,-0.618313193321228,-0.6338733434677124,-0.501667320728302,-0.7131243348121643,-1.4068317413330078,-0.6800048351287842,-0.6307052373886108,-0.7357141971588135,-0.7929506897926331,-0.8755461573600769,-0.6191697716712952,-0.8040682673454285,-0.7101490497589111,-0.7861154675483704,-0.793359637260437,-0.8051549196243286,-0.8451976776123047,-0.7949367761611938,-0.6981547474861145,-0.6132158041000366,-0.6386836767196655,-0.6797933578491211,0.05633819103240967,-0.5351560711860657,-0.6259942054748535,-0.803253710269928,-0.7292256355285645,0.1563606709241867
4513.0,90.25900000000004,-1.1480400939546966,179.51279083655282,386.5459833927422,33986.88654655702,-1.1480250000000003,179.63730100000006,386.5459900000001,34082.77948400001,0.0005011453372951,9.590346427874064,0.0001884715964065,19200.000000000007,1.509544454271138e-05,-0.0002895389231016,6.606149603070939e-06,0.0,0.0022086211798286,1.2185717959170037,9.576174821450255,-3.418344363365712,0.0119704614221707,-0.3686278281733298,19199.94670314357,38.61700347120004,0.002,-3.3254038622782764,1.776273668147021,-0.8804894261322697,6.0,10.0,180.0,-0.6245207177819854,-6.255790512977384,-0.1289289210721948,-3.1664527867394487,654.4355882254133,372.9621510404679,167.15490974947568,753.2509226637025,577.7250000000001,-0.6245207177819854,-0.7342092394828796,-0.6728565692901611,-0.6984922885894775,-0.6323109865188599,-0.6378949880599976,-0.6386599540710449,-0.7585620284080505,-0.5227328538894653,-0.722167432308197,-0.638759970664978,-0.6320507526397705,-0.6338582038879395,-0.6217012405395508,-0.6377829313278198,-0.4922823905944824,-0.7140881419181824,-1.368326187133789,-0.7037948369979858,-0.6346683502197266,-0.746925950050354,-0.7951228022575378,-0.8751217722892761,-0.6210350394248962,-0.810017466545105,-0.7161374688148499,-0.7904520034790039,-0.8001342415809631,-0.8143577575683594,-0.8525058031082153,-0.7976503372192383,-0.7100356221199036,-0.6168248057365417,-0.6447418332099915,-0.6879286766052246,0.06425261497497559,-0.528674304485321,-0.6297738552093506,-0.8064942359924316,-0.7100734710693359,0.16905678808689117
4514.0,90.27900000000002,-1.1480246103597045,179.70424889837463,386.54602738830414,34370.887836820795,-1.1480250000000003,179.82930100000004,386.5459900000001,34466.77948400001,-1.573823789826822e-05,9.608414072821976,-0.0012470384520427,19200.000000000007,-3.889744394170439e-07,0.0002524001809733,-3.738962175772751e-05,0.0,0.0043989618271591,1.101065113047643,9.581552453917954,1.399637173138899,0.0051245785192578,-5.551082508929808,19200.13595771268,-64.38001368416066,0.002,-3.330490024075289,1.775991832926448,-0.8809339994485211,6.0,10.0,180.0,-0.623052994055446,-6.241178524343832,-0.1293998595421096,-3.1592402486625955,654.3367941127067,372.629575520234,167.09645487473784,753.0004613318513,577.7250000000001,-0.623052994055446,-0.730950653553009,-0.6667802333831787,-0.6788853406906128,-0.6302671432495117,-0.6253805160522461,-0.633712887763977,-0.7551285624504089,-0.5355501174926758,-0.7198880910873413,-0.631584644317627,-0.6240888833999634,-0.6280463933944702,-0.6161073446273804,-0.6331979036331177,-0.5311312079429626,-0.7138856649398804,-1.4364501237869263,-0.6719942092895508,-0.6297111511230469,-0.7381124496459961,-0.7751167416572571,-0.8755280375480652,-0.6193360090255737,-0.8065482974052429,-0.7069936990737915,-0.7943329215049744,-0.7682210206985474,-0.7972792387008667,-0.8448726534843445,-0.7841747403144836,-0.7527191042900085,-0.6141582727432251,-0.645689070224762,-0.654158353805542,0.07101860642433167,-0.536098062992096,-0.6237796545028687,-0.798919677734375,-0.7732930779457092,0.2237885743379593
4515.0,90.29900000000004,-1.1480145482074242,179.8957918183465,386.5460118330557,34754.886924822174,-1.1480250000000003,180.02130100000005,386.5459900000001,34850.77948400001,-0.0003468246954406,9.623655081242708,-0.0007242210011343,19200.000000000007,-1.0452006266446024e-05,0.0007096831841734,-2.183325998240213e-05,0.0,0.0100157382431001,-0.0003602966484174,9.598846990116684,-0.9808115061939632,-0.0043949107641901,-2.925603715879012,19199.981575698395,4.277046213331002,0.002,-3.338975819563572,1.77926944362599,-0.8772817158026414,6.0,10.0,180.0,-0.6225718710725958,-6.30760956849999,-0.1293881015951599,-3.158201229513056,654.5958970563534,372.551787760117,167.14022743736894,753.1872306659257,570.3000000000001,-0.6225718710725958,-0.7237229347229004,-0.6627836227416992,-0.6861507296562195,-0.6275025606155396,-0.6219189167022705,-0.6357510685920715,-0.7514832615852356,-0.5239149332046509,-0.7142179012298584,-0.6326304078102112,-0.6217094659805298,-0.6270598769187927,-0.613676130771637,-0.6301765441894531,-0.5196060538291931,-0.710993766784668,-1.400376319885254,-0.6751956939697266,-0.6267091631889343,-0.732093095779419,-0.7711820006370544,-0.8752264380455017,-0.6161527037620544,-0.8018766641616821,-0.7101930379867554,-0.7882533669471741,-0.7804065942764282,-0.8019733428955078,-0.8474575281143188,-0.7803316712379456,-0.6229686737060547,-0.6125603914260864,-0.6396596431732178,-0.6679155826568604,0.031773000955581665,-0.5281283259391785,-0.6215333938598633,-0.7983113527297974,-0.7181572914123535,0.15460015833377838
4516.0,90.31900000000005,-1.1480203788754402,180.08827705447325,386.5460107310949,35138.88772469464,-1.1480250000000003,180.2133010000001,386.5459900000001,35234.77948400001,-0.000153883816981,9.607468460794404,-0.0007208154682298,19200.000000000007,-4.621265605058242e-06,0.0002240476040687,-2.073083000403054e-05,0.0,0.0034303906621511,-1.09458088112262,9.609143590841208,-5.725655334000051,-0.0063484239873071,-3.118640813054159,19200.188069612035,-51.54781466155989,0.002,-3.3316158419484565,1.7768742433208335,-0.8764969468680498,6.0,10.0,180.0,-0.6210963875418058,-6.254353294781477,-0.13036078757878,-3.155148136311648,654.7154485281767,372.9023938800585,167.20461371868447,753.4646153329628,570.3000000000001,-0.6210963875418058,-0.7207723259925842,-0.656906247138977,-0.7024685740470886,-0.6224166750907898,-0.6234281063079834,-0.6381744742393494,-0.7460414171218872,-0.5149726867675781,-0.7101438045501709,-0.63614821434021,-0.6184675693511963,-0.6255855560302734,-0.6098053455352783,-0.6260350942611694,-0.4918001890182495,-0.7025377750396729,-1.328580617904663,-0.7036821842193604,-0.6231060028076172,-0.7342972755432129,-0.7642491459846497,-0.8732852339744568,-0.6156134009361267,-0.801300585269928,-0.7121726274490356,-0.7872164249420166,-0.79332435131073,-0.8167505860328674,-0.8585261106491089,-0.7793155312538147,-0.5368641018867493,-0.6107473969459534,-0.6369650959968567,-0.680232048034668,0.048213958740234375,-0.514356791973114,-0.6201403141021729,-0.7923888564109802,-0.6629332900047302,0.13992677628993988
4517.0,90.33900000000004,-1.1480058308301309,180.2803808470723,386.54598343239127,35522.88748261555,-1.1480250000000003,180.40530100000004,386.5459900000001,35618.77948400001,-0.0006372512472306,9.6040149122428,0.0002228653634759,19200.000000000007,-1.9169128729941056e-05,0.0001205538102862,6.567646417859735e-06,0.0,0.0019566311030986,-2.6935623589910014,9.607400957946092,-0.7441484040129602,-0.0085533087507619,1.894167624354018,19199.845044420443,-42.89145655451712,0.002,-3.322167005939646,1.763742380875256,-0.8747535381010744,6.0,10.0,180.0,-0.6235274329479947,-6.236321900159529,-0.1308494758210837,-3.163392729486082,654.7282242640883,373.10269694002926,167.23030685934225,753.5748076664813,577.7250000000001,-0.6235274329479947,-0.7014815807342529,-0.6459113955497742,-0.6672753095626831,-0.6201163530349731,-0.6100232601165771,-0.6132344603538513,-0.7484362721443176,-0.511630654335022,-0.7041151523590088,-0.619596004486084,-0.6080598831176758,-0.6118051409721375,-0.5983148813247681,-0.6126511096954346,-0.4894171357154846,-0.692097008228302,-1.4129726886749268,-0.6604915857315063,-0.6093635559082031,-0.6998121738433838,-0.7611539959907532,-0.8685129284858704,-0.6089892983436584,-0.7813625335693359,-0.6893613934516907,-0.7692407369613647,-0.7815403938293457,-0.7952108383178711,-0.837368369102478,-0.7692010402679443,-0.45836174488067627,-0.6013257503509521,-0.6194879412651062,-0.666911244392395,0.10781064629554749,-0.5293846726417542,-0.6117711067199707,-0.7835536599159241,-0.7124536633491516,0.10995221138000488
4518.0,90.35900000000002,-1.1480245903912016,180.47262582174147,386.5459901977736,35906.88800416604,-1.1480250000000003,180.59730100000007,386.5459900000001,36002.77948400002,-1.6562920959020503e-05,9.595845086173906,-7.5634119420477614e-06,19200.000000000007,-4.095924266514474e-07,-0.0001247225233823,-1.9781359952819725e-07,0.0,0.0004754890312309,-1.3375653225052524,9.588650456216978,-5.550243378008669,-0.003177799369165,1.462614148190054,19200.032897170226,-64.33323936937938,0.002,-3.318940636671402,1.7617928356405193,-0.8728682229356208,6.0,10.0,180.0,-0.6240382021078397,-6.274445822126186,-0.1303681599966427,-3.158258471949929,654.4891121320442,372.9498484700147,167.16415342967113,753.2914038332407,577.7250000000001,-0.6240382021078397,-0.7164785861968994,-0.6569304466247559,-0.6949877738952637,-0.6237569451332092,-0.6281695365905762,-0.6278773546218872,-0.7505974769592285,-0.5098521113395691,-0.7109684944152832,-0.63274747133255,-0.6196720600128174,-0.623022735118866,-0.6087837219238281,-0.6236058473587036,-0.4684218168258667,-0.6982338428497314,-1.3383797407150269,-0.7039482593536377,-0.6208581924438477,-0.7263699173927307,-0.7783551216125488,-0.8692229986190796,-0.6149734854698181,-0.7956687211990356,-0.7056858539581299,-0.7765803337097168,-0.8020070791244507,-0.8148379921913147,-0.8522099256515503,-0.783147931098938,-0.5335659384727478,-0.6088429689407349,-0.6306547522544861,-0.690199077129364,0.09730860590934753,-0.5200358629226685,-0.6212223768234253,-0.7933034896850586,-0.6707077622413635,0.12312369048595428
4519.0,90.37900000000002,-1.1480040011912145,180.6641622740722,386.5459755501908,36290.8882676922,-1.1480250000000003,180.78930100000008,386.5459900000001,36386.77948400001,-0.000699662619634,9.611305431042885,0.000446938488099,19200.000000000007,-2.099880996801891e-05,0.0003392232471151,1.4449803497363073e-05,0.0,-0.0029500620071657,-1.5249163216831996,9.567615157901075,5.187864467282656,0.0004970219977808,3.850322835936462,19199.689197547028,-21.47140173397872,0.002,-3.320848975925849,1.7648771276184032,-0.8748985075641574,6.0,10.0,180.0,-0.6230677962563489,-6.296887586211787,-0.1284190069446364,-3.1643346935304453,654.063056066022,372.65392423500737,167.04357671483558,752.7747019166204,577.7250000000001,-0.6230677962563489,-0.6998169422149658,-0.6512106657028198,-0.6410945653915405,-0.624313235282898,-0.6069679260253906,-0.605056881904602,-0.7530505657196045,-0.5190349221229553,-0.7068415284156799,-0.6150597333908081,-0.6106852889060974,-0.6111238598823547,-0.6011641025543213,-0.6154665946960449,-0.5178515911102295,-0.7006106376647949,-1.5326435565948486,-0.6215506196022034,-0.611360490322113,-0.6907404661178589,-0.7617999315261841,-0.8633672595024109,-0.6066980957984924,-0.7754695415496826,-0.681510329246521,-0.7641419768333435,-0.7640461921691895,-0.7734693288803101,-0.8193328380584717,-0.7688608169555664,-0.5159094929695129,-0.6011873483657837,-0.618532121181488,-0.6536917090415955,0.0883486419916153,-0.5458287596702576,-0.6115046739578247,-0.790091872215271,-0.7749489545822144,0.11154429614543915
4520.0,90.39900000000004,-1.1480049135428174,180.85663891158293,386.5459893773928,36674.88859438298,-1.1480250000000003,180.98130100000003,386.5459900000001,36770.77948400001,-0.0006700525421648,9.59541602845684,2.1730486968114457e-05,19200.000000000007,-2.008645847028949e-05,-0.0001375134289476,6.226094092892039e-07,0.0,-0.0026598172148329,-0.6747761053893153,9.614026028850976,0.4248375504378615,0.0048760821223506,0.2997598964980231,19199.895931314903,51.46007254661416,0.002,-3.313275689170956,1.7653460506967842,-0.878630665013939,6.0,10.0,180.0,-0.6230437378445463,-6.228522241353766,-0.1298773638514493,-3.157128898058423,654.388528033011,373.2429621175037,167.1777883574178,753.3493509583102,570.3000000000001,-0.6230437378445463,-0.7144877314567566,-0.6586007475852966,-0.6726468801498413,-0.6250700950622559,-0.6164150238037109,-0.6263244152069092,-0.7515437602996826,-0.5192548036575317,-0.7108415365219116,-0.6258803606033325,-0.6169683933258057,-0.620979368686676,-0.6087249517440796,-0.6243377327919006,-0.5148407816886902,-0.7069151997566223,-1.4288439750671387,-0.6571320295333862,-0.620563805103302,-0.7176175117492676,-0.7684609293937683,-0.8715370893478394,-0.6124022603034973,-0.7922741174697876,-0.7024237513542175,-0.778317928314209,-0.7798490524291992,-0.7942730188369751,-0.8390612602233887,-0.776293158531189,-0.554685115814209,-0.6068754196166992,-0.62979656457901,-0.6671839356422424,0.03421822190284729,-0.530650794506073,-0.6165259480476379,-0.7943573594093323,-0.7175489068031311,0.12032707035541534
4521.0,90.41900000000004,-1.148027136303044,181.0485158464068,386.5459853061191,37058.88835865432,-1.1480250000000003,181.17330100000007,386.5459900000001,37154.77948400001,7.268956072269987e-05,9.599519558265436,0.0001544469442579,19200.000000000007,2.1363029002460988e-06,-1.4444397365966198e-05,4.693881638028926e-06,0.0,-0.0051295997415132,-0.0634268599586549,9.593504225480224,9.582383353580916,0.0004816007267386,-1.2189461461466606,19199.947798274123,-8.590536792488729,0.002,-3.3124253554221346,1.7643632187938936,-0.8776124863986274,6.0,10.0,180.0,-0.6210850161440795,-6.2969093868257,-0.1303614098416743,-3.164862734873773,654.2672640165055,373.2904810587519,167.1583941787089,753.2671754791551,562.8750000000001,-0.6210850161440795,-0.7063677906990051,-0.6571415066719055,-0.6453633308410645,-0.62596595287323,-0.5984200239181519,-0.6177661418914795,-0.7505645751953125,-0.5320917963981628,-0.7083691358566284,-0.6167818903923035,-0.6113373041152954,-0.6155332326889038,-0.6063132286071777,-0.6228247880935669,-0.5787745714187622,-0.7163165211677551,-1.6270737648010254,-0.5864182114601135,-0.6174320578575134,-0.6981394290924072,-0.7469721436500549,-0.867383599281311,-0.6063578128814697,-0.7822721004486084,-0.6912069916725159,-0.7794309854507446,-0.7379119992256165,-0.7564272880554199,-0.8186877965927124,-0.7548471093177795,-0.5762309432029724,-0.6030733585357666,-0.6268657445907593,-0.630150318145752,-0.021001383662223816,-0.548097550868988,-0.6086322069168091,-0.7951405048370361,-0.8012073636054993,0.12488614022731781
4522.0,90.43900000000004,-1.1480372513893102,181.240744311625,386.5459996934313,37442.88763908621,-1.1480250000000003,181.36530100000007,386.5459900000001,37538.77948400001,0.000402080169042,9.591872170501462,-0.0003297702412471,19200.000000000007,1.22513893095161e-05,-0.0002432101082398,-9.693431151986263e-06,0.0,-0.0073382317366977,0.2499807967952433,9.594464640710102,-0.787367304986961,0.0017287368124384,-2.987501720864905,19199.965010596137,81.55728306121792,0.002,-3.315196390042065,1.7711951870184195,-0.8740891853233753,6.0,10.0,180.0,-0.6210906175050016,-6.293009663715373,-0.1284129980337416,-3.1689655559475645,654.1746320082527,373.40524052937593,167.15269708935443,753.2435877395776,552.0000000000001,-0.6210906175050016,-0.7188707590103149,-0.6630794405937195,-0.6883609294891357,-0.6234397888183594,-0.6173252463340759,-0.6442368626594543,-0.7430030703544617,-0.5192785263061523,-0.7087110877037048,-0.6357876062393188,-0.6201313138008118,-0.628429651260376,-0.6149309873580933,-0.6325458288192749,-0.5445041060447693,-0.7194383144378662,-1.4019150733947754,-0.6564394235610962,-0.6278731226921082,-0.732691764831543,-0.7571579813957214,-0.8744174242019653,-0.6120753884315491,-0.8001980781555176,-0.719541072845459,-0.7878865599632263,-0.7769826650619507,-0.7946896553039551,-0.845420777797699,-0.7675616145133972,-0.5205802917480469,-0.6104820966720581,-0.6381712555885315,-0.6678870916366577,-0.08385196328163147,-0.5187013745307922,-0.6162447929382324,-0.8014470934867859,-0.672807514667511,0.08999137580394745
4523.0,90.45900000000005,-1.1480188187853466,181.4323841656104,386.5459893293077,37826.8889149739,-1.1480250000000003,181.55730100000005,386.5459900000001,37922.77948400002,-0.0002109258210379,9.60390940851479,2.696473834804576e-05,19200.000000000007,-6.181214653598293e-06,0.0001173323780882,6.706924988467734e-07,0.0,-0.0026743950972657,0.4947925782648522,9.615474829651903,8.050243566577688,-0.009533423327702,-1.168493830772616,19200.033134464924,-51.4537481908482,0.002,-3.310159397744916,1.7752351642517936,-0.8734010768466227,6.0,10.0,180.0,-0.6230374426850334,-6.316904671391108,-0.1298873027119086,-3.1668866040144303,654.4598160041264,373.641120264688,167.2378485446772,753.6082938697888,546.5250000000001,-0.6230374426850334,-0.7100182771682739,-0.6628683805465698,-0.6590847969055176,-0.6265398263931274,-0.6019598245620728,-0.6334187984466553,-0.7473640441894531,-0.5273962020874023,-0.7073441743850708,-0.6256700158119202,-0.615350067615509,-0.6223184466362,-0.6122359037399292,-0.6297048330307007,-0.5938161611557007,-0.726667582988739,-1.6063677072525024,-0.585195779800415,-0.6237173676490784,-0.7089627981185913,-0.7459414005279541,-0.8708473443984985,-0.6063042879104614,-0.787749171257019,-0.7078466415405273,-0.7838817238807678,-0.7450568079948425,-0.759543776512146,-0.8223097324371338,-0.753070592880249,-0.526442289352417,-0.6058391332626343,-0.6306666731834412,-0.6408931016921997,-0.1311521679162979,-0.5384394526481628,-0.6092738509178162,-0.8028377890586853,-0.7457466721534729,0.06665423512458801
4524.0,90.47900000000004,-1.1480282868509697,181.62465732370887,386.5459737907119,38210.8879416212,-1.1480250000000003,181.7493010000001,386.5459900000001,38306.77948400002,0.0001101447696392,9.594796455867726,0.0005432630096932,19200.000000000007,3.286850969148465e-06,-0.0001559240911086,1.620928826224639e-05,0.0,-0.0002586422108715,0.7808213268111739,9.61378182245022,-0.3622845855968976,-0.0022071520176931,1.837319197174199,19200.13527133388,90.15204708871804,0.002,-3.302524736383097,1.7791108899900607,-0.8719983580238657,6.0,10.0,180.0,-0.6220551623530077,-6.228451748615151,-0.1308740284802807,-3.159702137169856,654.6294080020632,373.648560132344,167.2729242723386,753.7591469348944,541.95,-0.6220551623530077,-0.7195748090744019,-0.671100378036499,-0.6876586675643921,-0.6279423236846924,-0.6255317330360413,-0.6503207683563232,-0.7475168108940125,-0.5124698877334595,-0.7099716067314148,-0.6390895843505859,-0.6261907815933228,-0.6333914995193481,-0.6209934949874878,-0.6384440660476685,-0.5497550368309021,-0.7289518713951111,-1.4170325994491577,-0.6435312032699585,-0.6332213878631592,-0.7330683469772339,-0.7675378918647766,-0.8744890093803406,-0.6111250519752502,-0.7987964153289795,-0.7281315326690674,-0.7824847102165222,-0.7896872758865356,-0.7913349866867065,-0.8405637741088867,-0.7724182605743408,-0.4885151982307434,-0.6125750541687012,-0.6364787817001343,-0.684388279914856,-0.16640236973762512,-0.5206330418586731,-0.6186253428459167,-0.8122309446334839,-0.6412846446037292,0.00989501178264618
4525.0,90.499,-1.1480312703720723,181.8165656858617,386.5459718056421,38594.8893076353,-1.1480250000000003,181.94130100000007,386.5459900000001,38690.77948400001,0.0002071819035266,9.597857757196486,0.0006070803433099,19200.000000000007,6.270372072200356e-06,-6.418191764746495e-05,1.8194358037933047e-05,0.0,-0.0031683568032782,0.9181742819931152,9.603024786725312,-4.0254093038814265,-0.0031695197964101,3.4811359074979884,19200.03289160509,12.800543544323755,0.002,-3.304843567747569,1.775569725127217,-0.872186720773209,6.0,10.0,180.0,-0.6191260337328999,-6.238261855340419,-0.1303797323900291,-3.1638029364150446,654.5347040010316,373.579280066172,167.24596213616928,753.6425734674472,537.9750000000001,-0.6191260337328999,-0.7222382426261902,-0.6744903326034546,-0.7043148279190063,-0.6279003024101257,-0.6355551481246948,-0.6576347351074219,-0.7461596131324768,-0.5043928623199463,-0.7100604772567749,-0.641648530960083,-0.6305947303771973,-0.6379579305648804,-0.624606728553772,-0.6420996189117432,-0.5318781137466431,-0.7305419445037842,-1.3545349836349487,-0.666793704032898,-0.6371798515319824,-0.742132306098938,-0.7724126577377319,-0.8750000596046448,-0.6131817102432251,-0.8012415170669556,-0.73707115650177,-0.7820042371749878,-0.8094284534454346,-0.8038038611412048,-0.8477398157119751,-0.7776943445205688,-0.4578375220298767,-0.6150902509689331,-0.6382319331169128,-0.7040733098983765,-0.19340720772743225,-0.5116724371910095,-0.6218562126159668,-0.8168906569480896,-0.5898110270500183,-0.024593360722064972
4526.0,90.51900000000003,-1.1480292383805564,182.00788680973835,386.5459842671,38978.89051448022,-1.1480250000000003,182.13330100000005,386.5459900000001,39074.77948400002,0.0001474934145396,9.620484184700349,0.0001887014302747,19200.000000000007,4.238380555854007e-06,0.0006143929115284,5.732900140498334e-06,0.0,0.0005044708093962,1.401001899345158,9.56007696793553,0.418141002552451,0.0080569711779105,3.5382427579449405,19200.188423167783,64.37579486157142,0.002,-3.321258937082501,1.7867391780320518,-0.8783967974327079,6.0,10.0,180.0,-0.6196247473326173,-6.265195355876129,-0.1298729686537524,-3.161269032382903,654.0628520005158,372.724640033086,167.05148106808463,752.8097867337235,534.6000000000001,-0.6196247473326173,-0.718088686466217,-0.6751319169998169,-0.6843137145042419,-0.6292001008987427,-0.6297785043716431,-0.6528109908103943,-0.7456944584846497,-0.5100710391998291,-0.7090061902999878,-0.6387888789176941,-0.6303254961967468,-0.636756181716919,-0.625201940536499,-0.643019437789917,-0.5602599382400513,-0.7362495064735413,-1.4511321783065796,-0.6335787773132324,-0.6371153593063354,-0.7340101003646851,-0.7680948376655579,-0.8726441264152527,-0.6098505258560181,-0.7965452671051025,-0.7320662140846252,-0.7792525291442871,-0.7902971506118774,-0.7851420044898987,-0.8347944617271423,-0.7708537578582764,-0.47289568185806274,-0.6148766875267029,-0.6377735733985901,-0.6901234984397888,-0.21542254090309143,-0.5218823552131653,-0.6202437281608582,-0.8203679323196411,-0.6327143907546997,-0.02924323081970215
4527.0,90.53900000000004,-1.1480155698397232,182.1999109691956,386.54598523282937,39362.891856213086,-1.1480250000000003,182.32530100000005,386.5459900000001,39458.77948400001,-0.000310458205858,9.619674959764671,0.0001579091166413,19200.000000000007,-9.430160277295206e-06,0.0005904286819937,4.7671706551501305e-06,0.0,0.0038919952652027,1.4066207053869924,9.660383603383869,1.0508424158633325,0.004397038835757,0.9129344503580952,19200.221934880312,-29.98928711676362,0.002,-3.305745523694532,1.783589642866099,-0.8779277585824299,6.0,10.0,180.0,-0.6167163940281808,-6.319778483928539,-0.1318310829488657,-3.147978765096761,655.045426000258,373.799320016543,167.37524053404232,754.1953933668617,531.6000000000001,-0.6167163940281808,-0.7240005135536194,-0.6763252019882202,-0.6895416378974915,-0.6301406621932983,-0.624397337436676,-0.660183310508728,-0.7485501170158386,-0.5155386924743652,-0.711171567440033,-0.6429327726364136,-0.6280163526535034,-0.6371275186538696,-0.6245368719100952,-0.6429451704025269,-0.5747191905975342,-0.7377854585647583,-1.4425814151763916,-0.6276494264602661,-0.6373528838157654,-0.7371681332588196,-0.7643025517463684,-0.8763666749000549,-0.6113969087600708,-0.8012954592704773,-0.7366780042648315,-0.7892627120018005,-0.7824333906173706,-0.7859889268875122,-0.8401893973350525,-0.7674274444580078,-0.49997276067733765,-0.6144522428512573,-0.6394099593162537,-0.68116295337677,-0.24608102440834045,-0.5206183791160583,-0.6184662580490112,-0.816493034362793,-0.6328049898147583,-0.014352276921272278
4528.0,90.55900000000004,-1.148044829261786,182.39273255753704,386.5459854337452,39746.89060702843,-1.1480250000000003,182.51730099999588,386.5459900000001,39842.77948400002,0.000692976891733,9.592295689995431,0.0001545606052063,19200.000000000007,1.982926178554347e-05,-0.0002310616995748,4.566255003786571e-06,0.0,-0.0014531853624984,1.0995917945118807,9.60619434311474,-4.462651020584773,0.0134210413605772,-0.6688472848257587,19199.86087471288,34.32977458115825,0.002,-3.3112646143997377,1.802415445961068,-0.8797825932800979,6.0,10.0,180.0,-0.6162340570431459,-6.226433704475545,-0.1303864406116963,-3.159755887065337,654.8137130001289,373.64866000827146,167.31062026702116,753.9191966834309,528.9750000000001,-0.6162340570431459,-0.7248014211654663,-0.6739826798439026,-0.7122649550437927,-0.6257324814796448,-0.6317613124847412,-0.6681397557258606,-0.7402105927467346,-0.5078691244125366,-0.7081255912780762,-0.646321713924408,-0.6294770240783691,-0.6406960487365723,-0.6255002021789551,-0.6446305513381958,-0.5535828471183777,-0.7350994348526001,-1.33608078956604,-0.6657471656799316,-0.6393088102340698,-0.7495713233947754,-0.7566189765930176,-0.8765823245048523,-0.6134538650512695,-0.8055981993675232,-0.7447570562362671,-0.7911080121994019,-0.8001147508621216,-0.8042068481445312,-0.8536540269851685,-0.7657797336578369,-0.44356364011764526,-0.6168824434280396,-0.6437166333198547,-0.6958664655685425,-0.24760755896568298,-0.5051648020744324,-0.6205955147743225,-0.8165583610534668,-0.5753534436225891,-0.022403478622436523
4529.0,90.57900000000002,-1.1479939175861245,182.58477246903908,386.5460333022681,40130.88962858839,-1.148025000000833,182.70930099996275,386.5459900000001,40226.77948400001,-0.0010324283796255,9.59095733517643,-0.0014436148814313,19200.000000000007,-3.108241387596181e-05,-0.0002713726249082,-4.330226795277723e-05,0.0,0.0075513247741544,0.8563554302477391,9.60962470503869,-1.894409896352138,0.0053758860865552,-5.738515806263779,19200.11918007192,-55.830540383496725,0.002,-3.3235897215535286,1.793761662059763,-0.8869464963073953,6.0,10.0,180.0,-0.6171942879669869,-6.24221308567734,-0.1318479124372839,-3.1684599823707265,654.9098565000645,373.31833000413576,167.29231013351057,753.8390983417155,520.35,-0.6171942879669869,-0.721745491027832,-0.6687107086181641,-0.7049447298049927,-0.622760534286499,-0.6179240345954895,-0.6719660758972168,-0.7331504821777344,-0.5155678987503052,-0.7035888433456421,-0.6470057964324951,-0.6232002377510071,-0.638535737991333,-0.6219439506530762,-0.6424713134765625,-0.5910502672195435,-0.7376673221588135,-1.3740856647491455,-0.6414382457733154,-0.6366808414459229,-0.7460417151451111,-0.7336185574531555,-0.8777232766151428,-0.6101424098014832,-0.8048704862594604,-0.7435576915740967,-0.8006395697593689,-0.7728514075279236,-0.7921414375305176,-0.8518428802490234,-0.7458704710006714,-0.42003417015075684,-0.6158350706100464,-0.6458603739738464,-0.6720256805419922,-0.29060253500938416,-0.5041027069091797,-0.615153968334198,-0.8121484518051147,-0.5944369435310364,-0.007409863173961639
4530.0,90.59900000000002,-1.148039064544842,182.77648141314825,386.5460117315386,40514.88911676222,-1.1480250000122578,182.9013009999164,386.5459900000001,40610.77948400002,0.0004680371860894,9.600659602425948,-0.0007251144894653,19200.000000000007,1.4064541809483146e-05,1.978639809739545e-05,-2.173153854043934e-05,0.0,0.0058556794992556,0.9120901529195684,9.581051827941865,1.768790317509214,-0.0053690132810555,-3.719461478040316,19199.965136515457,-17.18775021781341,0.002,-3.3028472531843085,1.7917756643978684,-0.8767522369758174,6.0,10.0,180.0,-0.6147392457900581,-6.322362939949213,-0.1308509672399343,-3.168486618972568,654.5974282500322,372.7511650020679,167.16315506675528,753.2870491708577,525.5250000000001,-0.6147392457900581,-0.7164366245269775,-0.6678175330162048,-0.6894816160202026,-0.6244702935218811,-0.6138238906860352,-0.6601258516311646,-0.736305296421051,-0.5181808471679688,-0.7037319540977478,-0.6416358947753906,-0.6221714615821838,-0.634583592414856,-0.620503306388855,-0.6400790214538574,-0.5977537035942078,-0.737159252166748,-1.4667984247207642,-0.6179155707359314,-0.6338977813720703,-0.7340348958969116,-0.7411077618598938,-0.8745819330215454,-0.6082819700241089,-0.7987717390060425,-0.7336653470993042,-0.7937036156654358,-0.762890636920929,-0.7782285213470459,-0.8392409682273865,-0.7476897239685059,-0.4457530975341797,-0.6137833595275879,-0.6417717337608337,-0.6635938882827759,-0.2569136917591095,-0.5159885287284851,-0.6138852834701538,-0.8126712441444397,-0.6415851712226868,0.0006956160068511963
4531.0,90.619,-1.1479983300110996,182.9688993471578,386.5459998902419,40898.88688345466,-1.1480250000485197,183.09330099990973,386.5459900000001,40994.77948400002,-0.0008940759299443,9.586729846039718,-0.0003295124978549,19200.000000000007,-2.6670015340921933e-05,-0.0003981435068053,-9.890241692893516e-06,0.0,0.005634547718534,-1.1559989499898151,9.624537452425916,-8.357545817226393,-0.0090209774920281,-3.181156657905999,19200.085305463763,-34.32914313568864,0.002,-3.310416613663528,1.805397940989987,-0.8720277470380906,6.0,10.0,180.0,-0.6137531149415787,-6.271947013429408,-0.1318272373907351,-3.1874631798297,654.936214125016,373.17608250103393,167.28107753337764,753.7915245854289,523.6500000000001,-0.6137531149415787,-0.7137308716773987,-0.6592187881469727,-0.7230857610702515,-0.6166117191314697,-0.6222758293151855,-0.6692360043525696,-0.7281506061553955,-0.4969904124736786,-0.6971698999404907,-0.6429042220115662,-0.6181306838989258,-0.6342209577560425,-0.6147215366363525,-0.634030818939209,-0.5421242713928223,-0.722567081451416,-1.2654224634170532,-0.6802690625190735,-0.6293665170669556,-0.7412790060043335,-0.7264224886894226,-0.8752188086509705,-0.6102033257484436,-0.7965056896209717,-0.7406640648841858,-0.7897300124168396,-0.8017462491989136,-0.8134685754776001,-0.8630290031433105,-0.7472944855690002,-0.2859516143798828,-0.6127408742904663,-0.6376653909683228,-0.6950013041496277,-0.25103792548179626,-0.4887715280056,-0.6135244965553284,-0.8037891387939453,-0.5184475779533386,-0.04742732644081116
4532.0,90.63900000000002,-1.1479631548376747,183.16077319027195,386.5459715693448,41282.888224425325,-1.1480250001077816,183.28530099995004,386.5459900000001,41378.77948400001,-0.0020652607747884,9.590937268277983,0.0006150741696891,19200.000000000007,-6.184523707748351e-05,-0.0002717863672433,1.8430655285929307e-05,0.0,0.0038911401875328,-3.174262708515868,9.58376350653782,-2.081327675389685,-0.0063549930915652,3.238393622403696,19199.930304825528,-51.45757664020978,0.002,-3.352817533042828,1.8122415638555247,-0.875649066651619,6.0,10.0,180.0,-0.6117993902301728,-6.222109142733237,-0.1303787194382532,-3.1849079892756142,654.603607062508,372.79154125051696,167.1690387666888,753.3122622927144,522.0750000000002,-0.6117993902301728,-0.6848200559616089,-0.6447266936302185,-0.6798750162124634,-0.6116818189620972,-0.6045409440994263,-0.6421854496002197,-0.7248737215995789,-0.48958882689476013,-0.685025691986084,-0.6224952340126038,-0.6050750017166138,-0.6182154417037964,-0.601738691329956,-0.6193106174468994,-0.5547508597373962,-0.714328408241272,-1.4087623357772827,-0.614658534526825,-0.612859845161438,-0.6974942684173584,-0.7196816802024841,-0.8674777150154114,-0.5978960394859314,-0.7708045840263367,-0.7166294455528259,-0.7675235867500305,-0.7818775773048401,-0.7809862494468689,-0.8340510129928589,-0.7314291000366211,-0.11882130801677704,-0.60076504945755,-0.6157379746437073,-0.6807329654693604,-0.23441281914710999,-0.5030843615531921,-0.6013020873069763,-0.796649694442749,-0.5556431412696838,-0.1287233978509903
4533.0,90.65900000000003,-1.1480565800781537,183.3528384615528,386.5459961288769,41666.890133574416,-1.1480250002525474,183.47730149999344,386.5459900000001,41762.77948400001,0.0010512584999508,9.588854194138714,-0.0002040709765938,19200.000000000007,3.157996328762364e-05,-0.000337353791209,-6.128876762546136e-06,0.0,-0.0056133041884793,-1.0383202969113097,9.59570166658398,-2.854348433436374,-0.0012083962843179,1.6499305592611584,19199.997860750555,-68.62751533328743,0.002,-3.3757048833872605,1.786573986064719,-0.884342138020929,6.0,10.0,180.0,-0.6132812258308646,-6.269085832127716,-0.1318464492635757,-3.169529575419811,654.390303531254,373.1162706252585,167.16301938334442,753.2881311463573,520.7250000000001,-0.6132812258308646,-0.702266275882721,-0.6589851379394531,-0.6941636800765991,-0.6174638867378235,-0.6160507202148438,-0.655716061592102,-0.7302490472793579,-0.4967319965362549,-0.6945900917053223,-0.632735550403595,-0.6161100268363953,-0.628677248954773,-0.6130200028419495,-0.631473183631897,-0.5604373216629028,-0.7262674570083618,-1.3848234415054321,-0.6321262121200562,-0.625410795211792,-0.7217608690261841,-0.7338193655014038,-0.8717893958091736,-0.6037651300430298,-0.7858152389526367,-0.7314387559890747,-0.7784250378608704,-0.7887396216392517,-0.7890818119049072,-0.8411462903022766,-0.7442799806594849,-0.24962590634822845,-0.6076737642288208,-0.6280441880226135,-0.6876599788665771,-0.2705127000808716,-0.5022085905075073,-0.6089398264884949,-0.806746244430542,-0.5552601218223572,-0.09486575424671173
4534.0,90.67900000000004,-1.148081838856104,183.54453577346385,386.54597960985495,42050.88875860175,-1.148024888826064,183.6693053883272,386.5459900000001,42146.77948400002,0.0019206665303048,9.599199162710638,0.0003472556852097,19200.000000000007,5.683872952058176e-05,-3.282494067762832e-05,1.0390145210411314e-05,0.0,-0.0043931574372624,-2.1998857007604897,9.560255839770852,1.711277779949885,-0.0022006388533196,3.356086506349442,19199.68897077681,-21.5263463320756,0.002,-3.347763338092596,1.7262821285132552,-0.8829205026596408,6.0,10.0,180.0,-0.6255055182632303,-6.283769749849908,-0.1308534735094268,-3.189992114169608,653.9006517656269,372.6676353126293,167.0120096916722,752.6405655731787,519.5250000000001,-0.6255055182632303,-0.6848577260971069,-0.6485193967819214,-0.6717249155044556,-0.6134734153747559,-0.6011619567871094,-0.6394267678260803,-0.7259679436683655,-0.496383935213089,-0.6865695714950562,-0.6210389137268066,-0.6065449714660645,-0.6182342767715454,-0.6040624380111694,-0.6218606233596802,-0.5780932307243347,-0.7211908102035522,-1.515689492225647,-0.5882481336593628,-0.6146829128265381,-0.6945008635520935,-0.7230426669120789,-0.8649716377258301,-0.5971149802207947,-0.769635796546936,-0.7155824899673462,-0.7673473954200745,-0.7656751871109009,-0.7665743827819824,-0.8242754936218262,-0.7294914722442627,-0.1530277580022812,-0.6003046035766602,-0.6164785027503967,-0.6697988510131836,-0.2597784698009491,-0.5108091831207275,-0.6002256870269775,-0.8006274104118347,-0.5920023322105408,-0.12150569260120392
4535.0,90.69900000000004,-1.14808917381853,183.7368210629264,386.5459618870299,42434.888597078345,-1.1480232560345007,183.86131124293613,386.5459900000001,42530.77948400001,0.0023202429373946,9.589855895668588,0.0009364212417841,19200.000000000007,6.455262507152805e-05,-0.0003135361970459,2.811297016823461e-05,0.0,-0.0013578232255182,0.1968957693343108,9.615475682539214,1.1579328136118137,0.0046310751402243,0.7376887400168218,19199.862100286147,60.02744654775987,0.002,-3.3098342918133654,1.7308328814368863,-0.8773254481833809,6.0,10.0,180.0,-0.6324164367420264,-6.253483854200679,-0.1288943558492238,-3.18536850042494,654.3493258828134,373.2288176563146,167.1680048458361,753.3082827865894,518.5500000000001,-0.6324164367420264,-0.7084643244743347,-0.6660270690917969,-0.6870500445365906,-0.6222186088562012,-0.6139732599258423,-0.6580719947814941,-0.735491156578064,-0.5076212882995605,-0.699491024017334,-0.6355223059654236,-0.6194723844528198,-0.6313471794128418,-0.617499053478241,-0.6364666223526001,-0.5887835025787354,-0.735399603843689,-1.476081371307373,-0.6074281334877014,-0.6299334764480591,-0.7238042950630188,-0.7399210929870605,-0.872331440448761,-0.604764997959137,-0.7894061803817749,-0.7345134019851685,-0.7839671969413757,-0.772179365158081,-0.776466965675354,-0.834953784942627,-0.7453011274337769,-0.3353164792060852,-0.6094590425491333,-0.6320640444755554,-0.6755726933479309,-0.3021179139614105,-0.5119472146034241,-0.6100383400917053,-0.8118939995765686,-0.598247230052948,-0.07564066350460052
4536.0,90.71900000000002,-1.1480363442859314,183.9287046956541,386.545989210019,42818.88985811934,-1.148018046010626,184.05331736257423,386.5459900000001,42914.77948400001,0.0007929174131699,9.593931632518292,2.7676785844824154e-05,19200.000000000007,1.4565517742755708e-05,-0.0001912190660569,7.899811393827133e-07,0.0,-0.0014431979885116,-0.8584152558652065,9.57278343361418,9.402031156690557,0.0026997934708236,-1.3496146036057668,19200.01670261479,-17.11819963836217,0.002,-3.301558304046163,1.7499259136138967,-0.8787107479181773,6.0,10.0,180.0,-0.6343788379471608,-6.241687216205192,-0.1289112281081834,-3.179775189911277,654.0801629414068,372.8224088281573,167.06650242291806,752.8731413932946,517.6500000000002,-0.6343788379471608,-0.6893984079360962,-0.6490263938903809,-0.6568849086761475,-0.6172699928283691,-0.5872359275817871,-0.6385551691055298,-0.7290881872177124,-0.5167698264122009,-0.690528154373169,-0.6235558390617371,-0.6053357124328613,-0.617773711681366,-0.6057453155517578,-0.6246962547302246,-0.6351624727249146,-0.7313293814659119,-1.7267929315567017,-0.5391370058059692,-0.616619348526001,-0.6902738809585571,-0.7130756974220276,-0.8671794533729553,-0.5971058011054993,-0.7705997228622437,-0.7124292850494385,-0.7787433862686157,-0.7256850004196167,-0.7402313947677612,-0.8138095140457153,-0.7186436057090759,-0.27003443241119385,-0.6004689931869507,-0.6218098998069763,-0.6329737901687622,-0.2846076488494873,-0.5266759991645813,-0.5972126126289368,-0.8018717765808105,-0.6852076649665833,-0.059076130390167236
4537.0,90.73900000000005,-1.147996786096342,184.12046468419564,386.5460097088255,43202.89086020892,-1.1480119331528926,184.24532346815727,386.5459900000001,43298.77948400001,-0.0003155370724348,9.602147101874609,-0.0006592930618907,19200.000000000007,-1.9119814421849622e-05,5.5010588685866e-05,-1.970882541182303e-05,0.0,-0.0041187715085197,0.2498148452668369,9.573781063126956,-0.3689333838023884,0.0016744903617772,-3.2946265039744462,19200.08441198437,103.05277480956894,0.002,-3.1307030211268456,1.2870083068501028,-0.7935984569513089,6.0,10.0,180.0,-0.6298824162234721,-6.22894528789878,-0.1289161267414705,-3.164384756308521,653.9045814707034,372.72670441407865,167.01975121145904,752.6730706966473,516.9750000000001,-0.6298824162234721,-0.7097722291946411,-0.6632312536239624,-0.6946959495544434,-0.6189725399017334,-0.6119326949119568,-0.6625180244445801,-0.7283700704574585,-0.5098762512207031,-0.6974897384643555,-0.6382431983947754,-0.6183782815933228,-0.6325957775115967,-0.6171486377716064,-0.6370154619216919,-0.5931814908981323,-0.7348631024360657,-1.4352389574050903,-0.6210938096046448,-0.6306695938110352,-0.731415867805481,-0.727978527545929,-0.873504638671875,-0.6050087809562683,-0.7936780452728271,-0.7359484434127808,-0.7906082272529602,-0.7668445110321045,-0.7809743881225586,-0.8410295248031616,-0.7381558418273926,-0.33566850423812866,-0.6110287308692932,-0.6375196576118469,-0.6697630882263184,-0.2989620566368103,-0.5047444701194763,-0.6098282337188721,-0.8098206520080566,-0.592180073261261,-0.04454991966485977
4538.0,90.759,-1.1479640267115654,184.30937363253847,386.5459745258267,43586.8938031924,-1.1480058226979175,184.4213229508221,386.5459900000001,43682.77948400002,-0.0011858719039132,6.7299573976579605,0.0005154346576024,19200.000000000007,-4.5762125123598806e-05,0.0028750658516137,1.547417340877273e-05,0.0,0.0027487651014005,0.4812071287627787,8.717804049621574,-216.8172252539586,-0.0089907813793986,0.7938307839300809,19200.10122782816,-55.81289316975955,0.002,-2.0951573578006366,0.200324815561084,-0.4805478712706418,6.0,10.0,180.0,-0.6244325581581421,-5.394523264942771,-0.1288980290663199,-3.155112383661648,643.7812907353517,358.5123522070393,163.3108756057295,736.9135353483236,516.3750000000001,-0.6244325581581421,-0.7726607322692871,-0.7314384579658508,-1.2260808944702148,-0.6807649731636047,-0.7410608530044556,-0.8131275177001953,-0.694596529006958,-0.6725746393203735,-0.9360464811325073,-0.756911039352417,-0.6642385721206665,-0.7618244886398315,-0.6241707801818848,-0.6565603017807007,0.35654670000076294,-0.59871906042099,-1.77085542678833,-1.428917646408081,-0.7160650491714478,-0.8733554482460022,-0.7148009538650513,-0.6494811177253723,-0.6907708048820496,-0.9775117039680481,-1.1575567722320557,-0.5577210783958435,-0.6655141115188599,-1.4399217367172241,-1.342719554901123,-0.8527089357376099,1.398872971534729,-0.6280032396316528,-0.6172313094139099,-1.0875402688980103,1.038135051727295,-0.01046096719801426,-0.5742270946502686,-0.8214889764785767,1.2824246883392334,-0.18996939063072205
4539.0,90.77900000000002,-1.1475139201004194,184.4213868928716,386.5462880007802,43970.907658101954,-1.151582132439038,184.4915668190411,386.5459900000001,44066.77948400002,-0.7953637992635743,2.5488181983847715,-0.0099327703028163,19200.000000000007,-0.0004955522436561,0.0374211288913601,-0.0002980007800729,0.0,-0.0189956934794403,-31.911381036810248,3.048068020183792,-133.60171334726576,0.0212158963532267,0.1265685640422701,19202.213637582827,261.7563036437582,0.002,-0.5621755333033474,0.4939294881806709,-0.1503117276255995,6.0,10.0,180.0,-0.3047074225391198,-5.275704808655735,-0.1542861040536527,-3.011537402723655,543.6506453676759,252.64517610351965,129.74043780286476,602.0447676741618,516.0000000000001,-0.3047074225391198,-0.229954332113266,-0.357986181974411,-0.565401017665863,-0.30895423889160156,-0.4596359431743622,-0.2583596110343933,-0.2744128406047821,-0.24277161061763763,-0.3621799945831299,-0.26901185512542725,-0.4978255033493042,-0.4987790584564209,-0.42509716749191284,-0.4270262122154236,0.425209641456604,-0.357566237449646,-1.2420547008514404,-1.1947424411773682,-0.42746737599372864,-0.49017396569252014,-0.4137062728404999,-0.3792921006679535,-0.2955235540866852,-0.4591807723045349,-0.322498619556427,-0.1657925844192505,-0.18540261685848236,-0.742385983467102,-0.551859438419342,-0.4410640299320221,2.187645435333252,-0.5303308367729187,-0.4273853898048401,-0.8899384140968323,3.4296586513519287,-0.01910434290766716,-0.4805954694747925,-0.6925268173217773,0.5680845975875854,-0.4294343590736389
4540.0,90.79900000000004,-1.1674647239056894,184.46381323275563,386.546799137432,44354.97505670193,-1.2029877804623907,184.50003036376515,386.5459900000001,44450.77948400001,-5.096397863503891,1.1360832288501597,-0.0269721558214154,19200.000000000007,0.0074267007097987,0.0340921623375758,-0.0008091374318295,0.0,-2.7745714841830003,-274.5563206432124,1.211702016121661,-80.81169345919378,0.0541565209316952,2.0681503368580487,19204.29150662776,68.67536170759013,0.002,0.1037509908324072,1.9784568173816293,-0.4241103876128918,6.0,10.0,180.0,1.65860878087168,-5.503790260957151,-0.2299712933132462,-2.405555438141355,295.16682268383795,358.85808805175986,112.7997189014324,534.7263838370809,515.6250000000001,1.65860878087168,1.0564827919006348,1.3323805332183838,1.2000923156738281,1.4550492763519287,1.3342657089233398,1.4029254913330078,1.1089518070220947,0.9992536902427673,1.4487330913543701,1.3411548137664795,1.3738398551940918,1.385455846786499,1.3637468814849854,1.4186840057373047,1.616947889328003,1.4129719734191895,5.355437278747559,0.5815054178237915,1.4483411312103271,0.7926318645477295,1.1713097095489502,1.7443639039993286,0.9873616099357605,1.0275267362594604,1.7118563652038574,1.4769328832626343,0.9888100624084473,0.5464240312576294,1.150954008102417,1.5043169260025024,5.511343955993652,1.2833781242370605,1.2383241653442383,0.7745379209518433,3.7160966396331787,1.05740487575531,1.1936404705047607,1.4874621629714966,1.926714539527893,-0.8567907810211182
4541.0,90.81900000000005,-1.289515076406859,184.4808171315565,386.5467836369816,44739.05749758546,-1.366114651610584,184.50002425012207,386.5459900000001,44834.77948400002,-8.240700668095876,0.6400470199475967,-0.0264582534640113,19200.000000000007,0.0402403833112017,0.0192110799002327,-0.0007936369804769,0.0,-8.983918709382905,-129.09595894763012,0.50717432023914,-30.15532595408751,-0.0265697778806302,5.5547353014521,19202.6767961613,-193.06467733392896,0.002,0.1691890384267253,2.308462155744735,-0.5142205729502044,6.0,10.0,180.0,1.4579167941822395,-5.934122054772658,-0.3344501674923001,-1.6201249179112365,-10.29858865808103,510.1530440258799,137.4228594507162,633.8401919185404,508.0500000000001,1.4579167941822395,0.9602267742156982,1.0282037258148193,1.1259626150131226,1.2849997282028198,1.1668503284454346,1.244535207748413,1.1582331657409668,0.8928699493408203,1.2447009086608887,1.2149608135223389,1.248042106628418,1.3135097026824951,1.3363090753555298,1.3480287790298462,1.6468925476074219,1.2160574197769165,-1.8377549648284912,1.0610743761062622,1.2787489891052246,1.2269188165664673,1.0397586822509766,1.523530125617981,0.890643298625946,0.9175323247909546,1.340340256690979,1.1348592042922974,0.9413016438484192,0.8935327529907227,1.147411584854126,1.1240301132202148,0.95774245262146,1.3065831661224365,1.3048778772354126,0.8867353796958923,3.193077802658081,1.0369409322738647,1.2387851476669312,1.4563190937042236,1.5435384511947632,0.17103131115436554
4542.0,90.83900000000004,-1.461064136249615,184.4892147872996,386.5461730675689,45123.0584476273,-1.5581054737709954,184.50001812141505,386.5459900000001,45218.77948400002,-8.674888851965246,0.3599325995348225,-0.0060971836855907,19200.000000000007,0.0277630343669294,0.0108073059008396,-0.0001830675674202,0.0,-7.802402266766092,-13.733327293782462,0.4261621130372731,-8.548678402736904,-0.0219492108507282,-0.8557122535376991,19198.98529396598,-38.64717094031965,0.002,0.2852118269997377,2.7435736898030805,-0.6382688870227397,6.0,10.0,180.0,0.5615793173833099,-6.235189713087003,-0.3310362178304348,-1.595969232205363,-145.02379432904053,569.5520220129399,144.41392972535812,661.1000959592702,515.2500000000001,0.5615793173833099,0.8650938272476196,0.7426203489303589,0.860821008682251,0.7620439529418945,0.7288177013397217,0.8971640467643738,0.736119270324707,0.6551904678344727,0.8612446784973145,0.8754326105117798,0.8367382287979126,0.8643520474433899,0.9005230069160461,0.9044281840324402,1.085780143737793,0.6963551640510559,-1.8400311470031738,0.7775325775146484,0.8579779863357544,0.835540235042572,0.851607084274292,0.9762306809425354,0.7242413759231567,0.7545919418334961,0.9847955703735352,0.8081111311912537,0.7806833982467651,0.8661164045333862,0.8770593404769897,0.7821444272994995,1.7064695358276367,0.802037239074707,0.7911292910575867,0.4481075704097748,2.414985418319702,0.7206459641456604,0.8322310447692871,0.783513069152832,0.5554632544517517,0.9642356634140015
4543.0,90.85900000000002,-1.6375763659964249,184.4941382200963,386.5459791060992,45507.03377828277,-1.7501115978186292,184.5000124974321,386.5459900000001,45602.77948400001,-9.191331837918604,0.1957130397583019,0.0003602682340431,19200.000000000007,0.012269347203412,0.0058777640160817,1.0893888444404594e-05,0.0,-9.66412094046954,14.771058162265556,0.1164365958336123,-0.3671914861585641,-0.0317478224820014,-4.94868955947795,19198.53990237569,-8.627118622779012,0.002,0.3474090432399384,2.8278594823834293,-0.6588444525404872,6.0,10.0,180.0,0.7448015851218723,-6.343022354996291,-0.3222856801830193,-1.8322288748206128,-255.55639716452023,616.14601100647,156.07846486267906,709.1150479796352,515.1000000000001,0.7448015851218723,0.9084409475326538,0.8357920050621033,0.9660940170288086,0.7165035009384155,0.7862401008605957,0.9574878215789795,0.8112879395484924,0.7073495984077454,0.861565113067627,0.856391191482544,0.8392130136489868,0.8576481342315674,0.9193583130836487,0.9181766510009766,0.9754939675331116,0.6494425535202026,-1.8279469013214111,0.894726037979126,0.8753883838653564,1.0203988552093506,0.9196051955223083,1.0404727458953857,0.8188853859901428,0.8688839673995972,1.0377674102783203,0.8408227562904358,0.8657494187355042,0.9829915761947632,1.0247567892074585,0.8774945735931396,0.4228556156158447,0.7811920642852783,0.7505953907966614,0.4418831765651703,1.9261155128479004,0.6511829495429993,0.819453775882721,0.7590019106864929,0.44337135553359985,1.2106959819793701
4544.0,90.87900000000002,-1.821461772302938,184.4970554818649,386.545862050092,45891.00888928613,-1.9421176023603284,184.50001026604784,386.5459900000001,45986.77948400001,-9.461990200744154,0.0984855936750151,0.0042620666909561,19200.000000000007,0.0041488392702156,0.0029559241644978,0.0001279498636463,0.0,-9.123811741350591,-59.02683996916264,0.1130658009646112,-10.057918430967858,0.0175641855436888,-5.550931966636408,19199.209312806102,-64.33328026110892,0.002,0.3874235023587224,2.9555254965082995,-0.7009525497853262,6.0,10.0,180.0,0.9009965363124433,-6.379759884709578,-0.2856840891481068,-2.076314936265056,-302.06269858226017,633.067505503235,159.61573243133952,723.3345239898176,515.0250000000001,0.9009965363124433,0.9623326063156128,1.1056921482086182,1.153742790222168,1.23708975315094,1.1147141456604004,1.1777899265289307,1.0670247077941895,0.8796192407608032,1.1747126579284668,1.2022736072540283,1.2387831211090088,1.269425392150879,1.3208293914794922,1.2998079061508179,1.4967741966247559,1.1290333271026611,-1.7828762531280518,1.267099142074585,1.2654532194137573,1.3345669507980347,1.0640734434127808,1.3671859502792358,0.9238839745521545,0.9457674026489258,1.2425785064697266,1.0091809034347534,0.9585566520690918,1.040800929069519,1.1721994876861572,1.0586159229278564,1.6151015758514404,1.1979035139083862,1.2287931442260742,0.8280158042907715,3.084953546524048,0.9416351318359375,1.1880234479904175,1.311465859413147,1.0731440782546997,0.7123398780822754
4545.0,90.89900000000004,-2.012993414205545,184.498305239586,386.54566288263766,46274.99190891555,-2.1341218863245763,184.5000100002534,386.5459900000001,46370.77948400003,-9.477651686182346,0.0568305916205325,0.010869288533653,19200.000000000007,0.0036746437131672,0.0017048268387205,0.0003271174888309,0.0,-9.545419480153376,42.3665601886503,0.0475813829807156,1.5316047611870112,-0.0029217503289035,2.6243153708753,19199.053868075185,8.59225283875009,0.002,0.5358891245950401,3.052496934670489,-0.7355274864776918,6.0,10.0,180.0,0.5277836495082294,-6.421291881165243,-0.2597949893148084,-2.2256176797588605,-334.4878492911301,645.2087527516176,163.17736621566976,738.0762619949088,514.9500000000002,0.5277836495082294,0.8698016405105591,0.7993806600570679,0.9293533563613892,0.6163285374641418,0.7439664006233215,0.8358777761459351,0.7330096364021301,0.6444549560546875,0.8140860795974731,0.8149436116218567,0.7701114416122437,0.783385157585144,0.8481399416923523,0.8418599963188171,0.8392120599746704,0.5624899864196777,-1.8866685628890991,0.8630067110061646,0.8092199563980103,0.9139904975891113,0.9497331380844116,0.9582613110542297,0.8063750863075256,0.8894833326339722,0.9914755821228027,0.8227534294128418,0.8625504970550537,1.0301530361175537,0.9957190752029419,0.8976613879203796,-0.07783220708370209,0.7106375694274902,0.6660257577896118,0.3474487066268921,1.2833642959594727,0.6078248620033264,0.7538126111030579,0.6124435663223267,0.3200817406177521,1.3917429447174072
4546.0,90.91900000000004,-2.2012748352440754,184.499231825184,386.5457478665036,46658.98042585477,-2.3261229959983187,184.5000099999457,386.5459900000001,46754.77948400002,-9.60158250711774,0.0259442316959177,0.008073379202359,19200.000000000007,-4.742013074648631e-05,0.0007781755350556,0.0002421337332026,0.0,-9.625993201381217,-33.810098885247875,0.0133762870825879,-4.948731419558353,-0.0134257869261529,-1.2180024239888405,19199.638204770075,-42.97542225359471,0.002,0.5643877095915218,3.090726388637428,-0.751680981408242,6.0,10.0,180.0,0.8627602584345405,-6.4304905462872926,-0.2363451294072847,-2.348188937108446,-353.16492464556507,651.5438763758088,165.29518310783487,746.8841309974543,514.8750000000001,0.8627602584345405,0.9750261306762695,1.102171540260315,1.1445040702819824,1.1208568811416626,1.0614107847213745,1.1044721603393555,1.0306614637374878,0.8554825186729431,1.108372449874878,1.1330584287643433,1.1693166494369507,1.196401596069336,1.2585777044296265,1.2359654903411865,1.3852266073226929,1.0386433601379395,-1.7886734008789062,1.2571371793746948,1.200831413269043,1.3286226987838745,1.0548560619354248,1.3086891174316406,0.940397322177887,0.9610093832015991,1.1966228485107422,0.9678652286529541,0.9542748332023621,1.0690361261367798,1.1870734691619873,1.0450729131698608,1.4714572429656982,1.1119461059570312,1.1385658979415894,0.7326896786689758,2.774026870727539,0.8655151724815369,1.1116199493408203,1.187766432762146,0.9233605265617371,0.8338507413864136
4547.0,90.93900000000004,-2.3939924356105253,184.49950641378783,386.5457342515616,47042.97057470962,-2.518122899065595,184.5000099999151,386.5459900000001,47138.77948400002,-9.577673532879588,0.016787449825749,0.0085220902507309,19200.000000000007,0.0006696302221435,0.0005035861960164,0.0002557477587174,0.0,-9.450700392125636,11.845275964725383,0.018276390953411,-1.7709265110311163,-0.0024602784477813,-0.1250845567707414,19199.45018992485,-42.912679343349104,0.002,0.6664927035083184,3.148349549148578,-0.7761349047623487,6.0,10.0,180.0,0.6689709523119954,-6.440373280707452,-0.2070360546863305,-2.436384249986629,-359.5089623227825,652.7769381879044,165.61609155391744,748.1340654987272,514.8000000000002,0.6689709523119954,0.9450634121894836,0.928309440612793,1.0281198024749756,0.8096407651901245,0.8727922439575195,0.9603495597839355,0.8530906438827515,0.7518376111984253,0.9282567501068115,0.9250408411026001,0.9501204490661621,0.9643411636352539,1.0324980020523071,1.0154094696044922,1.0705277919769287,0.7752406001091003,-1.8161190748214722,1.0468721389770508,0.9849628210067749,1.1320836544036865,0.9830092787742615,1.109052062034607,0.8818528056144714,0.9242235422134399,1.0745489597320557,0.8679175972938538,0.9050705432891846,1.0583865642547607,1.0836577415466309,0.9597061276435852,0.5362427234649658,0.8826496005058289,0.8711055517196655,0.5082632303237915,1.9228265285491943,0.7216529250144958,0.9097771048545837,0.8582022190093994,0.5716418623924255,1.1596943140029907
4548.0,90.95900000000005,-2.5851265074874314,184.4997327620873,386.54575500026255,47426.96347321983,-2.710123001891472,184.5000099999736,386.5459900000001,47522.77948400003,-9.606534650543464,0.0092496527369297,0.007833964142079,19200.000000000007,-0.0001959943386952,0.0002772372724323,0.0002349984024978,0.0,-9.703628686790111,-3.482530159068742,-0.0109632959406981,-1.8254056985048108,-0.0063497099204626,0.1868686747686453,19199.672632408925,-42.87406136181338,0.002,0.7515101029369187,3.1753375848464565,-0.7929212199516864,6.0,10.0,180.0,0.7680712428784223,-6.4380042994463,-0.1879821338364745,-2.502023275999089,-367.7479811613913,655.7469690939522,166.83904577695873,753.3010327493636,514.8000000000002,0.7680712428784223,0.9711706638336182,1.0270119905471802,1.0852504968643188,0.9232697486877441,0.9455034732818604,1.0076346397399902,0.9311921000480652,0.7972197532653809,0.9948764443397522,0.9981118440628052,1.036292552947998,1.0555636882781982,1.1242990493774414,1.1043275594711304,1.1892693042755127,0.8765264749526978,-1.8012137413024902,1.1460046768188477,1.0710572004318237,1.237031102180481,1.0152604579925537,1.1918253898620605,0.9140154719352722,0.9477815628051758,1.1241302490234375,0.9023662209510803,0.9268765449523926,1.0712710618972778,1.1346062421798706,1.0003551244735718,0.9105186462402344,0.9692796468734741,0.973486602306366,0.5912622213363647,2.24001145362854,0.7678117156028748,0.9853522181510925,0.9838086366653442,0.6989232897758484,1.0374213457107544
4549.0,90.979,-2.7771933367722967,184.4998214826979,386.5457783387097,47810.957413151,-2.9021230010579413,184.5000099999976,386.5459900000001,47906.77948400002,-9.60431009145003,0.006291133123453,0.0070547614882765,19200.000000000007,-0.0001293603204796,0.0001885158788608,0.000211761709405,0.0,-9.534929092654414,-6.405375910873002,0.0007190945031069,0.7329299164516702,0.0019771011904682,1.2816768702567365,19199.432297898988,-12.914684046087768,0.002,0.8275797641217457,3.2062695892268174,-0.8091575832780081,6.0,10.0,180.0,0.8056214996530601,-6.449237237761913,-0.1704015385052752,-2.5717057848477385,-368.7624905806956,655.5159845469761,166.74402288847938,752.8595163746818,514.8000000000002,0.8056214996530601,0.9704186916351318,1.0283894538879395,1.0737582445144653,0.9482877850532532,0.9479535222053528,1.0122034549713135,0.9415579438209534,0.7981160283088684,1.009581446647644,1.0148690938949585,1.0515083074569702,1.07419753074646,1.1387295722961426,1.1174170970916748,1.2029125690460205,0.8932938575744629,-1.8005071878433228,1.1779662370681763,1.084081768989563,1.2444063425064087,1.0179767608642578,1.1994551420211792,0.908048689365387,0.9450764656066895,1.1221585273742676,0.9016832113265991,0.9233875870704651,1.0670890808105469,1.1297216415405273,1.002519130706787,0.9338181018829346,0.98716139793396,0.9956658482551575,0.6140426993370056,2.2516424655914307,0.7747405171394348,0.999222457408905,1.0042699575424194,0.6927601099014282,1.0185827016830444
4550.0,90.99900000000002,-2.9693242188136297,184.4998410226624,386.54579002187,48194.95285154001,-3.0941229997111104,184.50001,386.5459900000001,48290.77948400002,-9.599942050621385,0.0056351567050879,0.0066644899030738,19200.000000000007,1.6199921928994e-06,0.0001690765439638,0.0001999803281023,0.0,-9.622775150906806,7.318604382194644,-0.0070855653163843,2.193601155614915,-0.0007501039468297,1.2814231235932376,19199.673408575,47.18905537926715,0.002,0.9074327737074496,3.227715663352345,-0.8196936426708287,6.0,10.0,180.0,0.6967431211784781,-6.448270433503033,-0.1576996187430664,-2.615255374246504,-370.9462452903478,656.2624922734881,167.0650114442397,754.2152581873409,514.8000000000002,0.6967431211784781,0.9583783745765686,0.9723767042160034,1.0474977493286133,0.8553476929664612,0.8999925255775452,0.980873703956604,0.8969980478286743,0.7703031301498413,0.9563961029052734,0.9571267366409302,0.9870045185089111,1.0064605474472046,1.0730197429656982,1.0538914203643799,1.104943871498108,0.8133900165557861,-1.8094748258590698,1.1202322244644165,1.0216457843780518,1.1914843320846558,1.0007373094558716,1.1511797904968262,0.8954194784164429,0.943202018737793,1.0922009944915771,0.8750132918357849,0.9152937531471252,1.073606252670288,1.1054573059082031,0.9866199493408203,0.5803608894348145,0.9215091466903687,0.9160961508750916,0.5522329807281494,1.9821298122406006,0.7281336188316345,0.9405872225761414,0.9101115465164185,0.5886505246162415,1.1247568130493164
4551.0,91.01900000000003,-3.1605390579882005,184.49991825819663,386.5458330975285,48578.94698122396,-3.286122999658307,184.50001,386.5459900000001,48674.77948400001,-9.626112751886872,0.0030620742339037,0.0052328382963212,19200.000000000007,-0.0007833420125541,9.174277500937436e-05,0.000157003391633,0.0,-9.582775255652134,-11.780918710234996,0.0073274152913135,4.5749068076967685,-0.0019452121201677,0.7368253216125817,19199.58705328675,4.330335631611047,0.002,0.9817782900027332,3.273265421406589,-0.8371966185069813,6.0,10.0,180.0,0.8715899911330057,-6.448255258719175,-0.1459787801289102,-2.6695990206306623,-370.9046226451739,656.454746136744,167.05750572211986,754.1771290936704,514.8000000000002,0.8715899911330057,0.9712305068969727,1.050910234451294,1.07821786403656,0.9963150024414062,0.9762060642242432,1.037068247795105,0.980355978012085,0.8120489120483398,1.038137435913086,1.0587900876998901,1.0836851596832275,1.1106431484222412,1.171830654144287,1.1486611366271973,1.2307031154632568,0.9243791103363037,-1.8007521629333496,1.2342054843902588,1.115286111831665,1.2808760404586792,1.0319777727127075,1.232142448425293,0.9130393266677856,0.9557174444198608,1.135697603225708,0.9133010506629944,0.9304500818252563,1.0705792903900146,1.1426153182983398,1.018768310546875,0.9722881317138672,1.0221376419067383,1.0348602533340454,0.6623530387878418,2.2973930835723877,0.782997190952301,1.0279537439346313,1.054296612739563,0.6981480121612549,0.9969038963317871
4552.0,91.03900000000002,-3.353259702834843,184.4999346665504,386.5458465594961,48962.94133231028,-3.478123000354317,184.50001,386.5459900000001,49058.77948400002,-9.602091143159605,0.0025117250274063,0.0047818302320007,19200.000000000007,-6.279478615842498e-05,7.533483666716817e-05,0.000143439323332,0.0,-9.616709382742922,7.324800137873734,0.0048779877210672,1.77498078476059,-0.000244563887269,1.3444227761266443,19199.80950268893,111.62253464865051,0.002,1.0600709164682578,3.303902077879699,-0.8521689868326534,6.0,10.0,180.0,0.729048161770298,-6.451647724454155,-0.1386707312728635,-2.714177125439613,-371.5118113225869,656.8938730683719,167.19575286105993,754.7650645468352,514.8000000000002,0.729048161770298,0.958403468132019,0.9714789390563965,1.0479501485824585,0.8544366359710693,0.9001470804214478,0.9798991084098816,0.8952189683914185,0.7699838280677795,0.9562177658081055,0.9563341736793518,0.987044095993042,1.006014108657837,1.073002815246582,1.0537402629852295,1.1060456037521362,0.8140541315078735,-1.8093433380126953,1.1181272268295288,1.021680474281311,1.1899759769439697,1.0008760690689087,1.150518536567688,0.8961085677146912,0.9429771900177002,1.092113733291626,0.8755042552947998,0.9154332876205444,1.0741218328475952,1.1058062314987183,0.9867646098136902,0.5832432508468628,0.9211729764938354,0.9160638451576233,0.5503698587417603,1.9819164276123047,0.7291348576545715,0.9404910206794739,0.9094933271408081,0.593303382396698,1.123099684715271
4553.0,91.05900000000004,-3.5448271955793564,184.49992472726308,386.5458700646788,49346.93871202952,-3.670123000866065,184.50001,386.5459900000001,49442.77948400002,-9.616511941566383,0.0028156039701065,0.0040008517666565,19200.000000000007,-0.0004954041735543,8.527304775020664e-05,0.0001199343901373,0.0,-9.605471116035634,-2.7376635874626905,0.0026850511539786,1.950088049276259,0.0012172245546502,1.4010629494916458,19199.843782135988,-51.51818627423541,0.002,1.1104089358952198,3.3503004555217006,-0.8654698029979948,6.0,10.0,180.0,0.8379604318064662,-6.452638143342671,-0.1313573149674484,-2.7562106513694977,-371.70890566129344,656.940936534186,167.21787643052997,754.8565322734175,514.8000000000002,0.8379604318064662,0.9700658917427063,1.023841381072998,1.068276047706604,0.9273796081542969,0.9370546340942383,1.0055947303771973,0.9354233145713806,0.7927440404891968,0.9984978437423706,1.0049493312835693,1.0373835563659668,1.059766411781311,1.1249397993087769,1.1037992238998413,1.176893949508667,0.874081552028656,-1.8022421598434448,1.172729253768921,1.070655107498169,1.2381540536880493,1.0161701440811157,1.1919844150543213,0.9068058133125305,0.9487040042877197,1.1158891916275024,0.8953269720077515,0.9233077764511108,1.0723079442977905,1.126821756362915,1.002853512763977,0.819197416305542,0.9727306365966797,0.9778565764427185,0.6022516489028931,2.171931743621826,0.7601789832115173,0.9856387972831726,0.9834631681442261,0.6619202494621277,1.0474295616149902
4554.0,91.07900000000004,-3.7371533655489393,184.49994994226049,386.5458771153959,49730.93320435752,-3.862122999125264,184.50001,386.5459900000001,49826.77948400002,-9.60563733743664,0.0020024022593173,0.0037645750700853,19200.000000000007,-0.0001692403136954,6.005747304134362e-05,0.0001128847766297,0.0,-9.61060113482627,4.394590231873055,0.0056284719037372,-1.586246228839233,0.0053627543959652,3.3562391731656787,19199.912797882505,85.82262406750682,0.002,1.08916798689756,3.4725118881599464,-0.885020642657261,6.0,10.0,180.0,0.7856683874800114,-6.453102204602084,-0.1259758490589248,-2.7931458569621475,-371.78895283064674,657.080468267093,167.25043821526498,754.9942661367088,507.3750000000001,0.7856683874800114,0.9601314067840576,0.9777302742004395,1.0573126077651978,0.8649499416351318,0.9085921049118042,0.9740750193595886,0.893405020236969,0.7733893394470215,0.9664186239242554,0.9595499038696289,0.9938411712646484,1.0121500492095947,1.0820109844207764,1.0617437362670898,1.12851881980896,0.8300116062164307,-1.8063427209854126,1.1164149045944214,1.0290560722351074,1.1869672536849976,1.0022855997085571,1.1501150131225586,0.8988894820213318,0.9416277408599854,1.0937294960021973,0.8830875754356384,0.9167945384979248,1.0723711252212524,1.110231637954712,0.983544111251831,0.6697666645050049,0.9275041818618774,0.9283246994018555,0.5374758243560791,2.0143706798553467,0.7449451088905334,0.9465124011039734,0.9151145219802856,0.6622043251991272,1.04349946975708
4555.0,91.09900000000005,-3.929030338927864,184.49983887376345,386.5459152614918,50114.92912878381,-4.054122897610769,184.50001,386.5459900000001,50210.77948400003,-9.609739726857695,0.0057054437226448,0.0024901111447625,19200.000000000007,-0.0002921673273953,0.0001711261679516,7.4738701805675e-05,0.0,-9.59865071390151,-0.6754641827228536,-0.0192991720610062,-1.949622191153364,0.0097761911154957,-0.9759642542715186,19199.69026659192,-12.906266162349308,0.002,1.1784655047744712,3.362897043726865,-0.8891181230977625,6.0,10.0,180.0,0.8349397025123496,-6.465787178844297,-0.1186470047005426,-2.84186515930581,-372.48847641532336,656.5287341335465,167.2172191076325,754.8481330683544,514.8000000000002,0.8349397025123496,0.9673410654067993,1.014485239982605,1.0778377056121826,0.905672013759613,0.9355906248092651,0.9987013339996338,0.9181986451148987,0.7913415431976318,0.9843177795410156,0.9874393939971924,1.0267499685287476,1.0431654453277588,1.111983060836792,1.0908639430999756,1.1674612760543823,0.8625788688659668,-1.8024625778198242,1.1336286067962646,1.0610413551330566,1.2240262031555176,1.0124143362045288,1.1783303022384644,0.9113216400146484,0.9459457397460938,1.1162588596343994,0.8958031535148621,0.9244439005851746,1.0734764337539673,1.1283372640609741,0.9963741302490234,0.864615797996521,0.957655668258667,0.9595268368721008,0.5829812288284302,2.178907632827759,0.7630710005760193,0.9763228297233582,0.9664520025253296,0.6774589419364929,1.0648201704025269
4556.0,91.11900000000004,-4.121324327937989,184.49983047854008,386.54586642137673,50498.92133585391,-4.246122800785036,184.50001,386.5459900000001,50594.77948400002,-9.599941890268555,0.0059844825588824,0.0041222009440499,19200.000000000007,1.8267788131547088e-06,0.0001795215044344,0.0001235783703496,0.0,-9.61130500229094,6.5320245734212055,0.0307660408612176,2.2546764365754592,0.006836230328083,4.268803566772837,19199.896357629936,98.73354268457705,0.002,1.2737588637720871,3.350496313070644,-0.8919368798660717,6.0,10.0,180.0,0.8071229527665089,-6.48978798518976,-0.1118203018311687,-2.923394445848235,-371.33423820766166,657.3698670667733,167.25310955381624,755.0065665341772,514.8000000000002,0.8071229527665089,0.9590804576873779,0.9714821577072144,1.0451120138168335,0.8607409000396729,0.8987549543380737,0.9767096042633057,0.8946700096130371,0.7672648429870605,0.9616379737854004,0.9618996977806091,0.9887510538101196,1.0109483003616333,1.0769296884536743,1.0584049224853516,1.1173264980316162,0.8208498954772949,-1.808469295501709,1.1277848482131958,1.0229874849319458,1.1872700452804565,1.0003299713134766,1.1520365476608276,0.8937506079673767,0.9408276081085205,1.0898505449295044,0.8747611045837402,0.9125815629959106,1.0726523399353027,1.1033951044082642,0.9874901175498962,0.5662329196929932,0.9253764152526855,0.9236391186714172,0.546454906463623,1.9865491390228271,0.7305610179901123,0.942156970500946,0.9107657670974731,0.6032568216323853,1.0975593328475952
4557.0,91.13900000000002,-4.312931469994598,184.50008929970605,386.5459657264556,50882.92151656626,-4.438123003969801,184.50001,386.5459900000001,50978.77948400001,-9.613029794629952,-0.0026336590118049,0.0008080401662281,19200.000000000007,-0.0003908291130182,-7.929969802530183e-05,2.4273482423857944e-05,0.0,-9.583495626035289,-4.400739484897964,0.0046396239115559,0.0561378649572766,0.0075826976391191,-4.024835314110274,19200.34197351679,-51.47231665112197,0.002,1.3316448198172894,3.372727473136589,-0.9031188795683134,6.0,10.0,180.0,0.8799203100103208,-6.463430007392054,-0.1108377448265079,-2.921331591501496,-371.1961191038308,656.9604335333867,167.1530547769081,754.5782832670886,514.8000000000002,0.8799203100103208,0.9712315797805786,1.02838933467865,1.080133318901062,0.9331868886947632,0.9489878416061401,1.0164201259613037,0.942659854888916,0.8025867938995361,0.9996681213378906,1.005358338356018,1.0480989217758179,1.064225435256958,1.1314330101013184,1.108237624168396,1.1795120239257812,0.8797913789749146,-1.8006298542022705,1.1634408235549927,1.081396222114563,1.2506047487258911,1.0209492444992065,1.198089838027954,0.9141927361488342,0.9519187211990356,1.1260838508605957,0.9027033448219299,0.9295811653137207,1.0743657350540161,1.137899398803711,1.0046069622039795,0.9311573505401611,0.9778790473937988,0.9811127781867981,0.619734525680542,2.2178261280059814,0.76891028881073,0.9944906830787659,1.0011979341506958,0.6745180487632751,1.0677549839019775
4558.0,91.15900000000002,-4.505222814263914,184.5001193052585,386.54596780154577,51266.920748724144,-4.630122800482449,184.50001,386.5459900000001,51362.77948400003,-9.603324287370894,-0.0036685186538576,0.0007437937348908,19200.000000000007,-9.968484769428428e-05,-0.0001093052605385,2.219951892101436e-05,0.0,-9.607418059834917,4.031892741679551,0.0048792189281257,-1.4619082743247984,0.0046469459264898,-4.093872975143254,19199.82662783903,12.873707587227315,0.002,1.388665305962238,3.384248559200523,-0.9094695120002928,6.0,10.0,180.0,0.8251819174294471,-6.454091662988715,-0.1093583412165686,-2.9284898646457536,-371.5075595519154,657.0392167666934,167.20452738845404,754.7986416335443,514.8000000000002,0.8251819174294471,0.9617387056350708,0.9922925233840942,1.0683859586715698,0.870029628276825,0.9197414517402649,0.9912517666816711,0.9049481153488159,0.784011721611023,0.96293044090271,0.9629520177841187,1.0054138898849487,1.0175917148590088,1.0876742601394653,1.0662280321121216,1.1244993209838867,0.8308116793632507,-1.8065619468688965,1.1085788011550903,1.0402867794036865,1.2092835903167725,1.0079896450042725,1.1615614891052246,0.9076226353645325,0.9463052749633789,1.1077258586883545,0.8876031637191772,0.92381751537323,1.0758514404296875,1.1216468811035156,0.9901077151298523,0.7540183067321777,0.9333195686340332,0.9281643629074097,0.5704668760299683,2.074509859085083,0.7460489869117737,0.9564130902290344,0.9377063512802124,0.6310052275657654,1.1255042552947998
4559.0,91.17900000000004,-4.69686449727393,184.50007919671705,386.5459619950007,51650.91901697866,-4.822122996508498,184.50001,386.5459900000001,51746.77948400002,-9.615271522015648,-0.0023061873632645,0.0009049036075432,19200.000000000007,-0.0004580993443574,-6.919671775848915e-05,2.8006283955027432e-05,0.0,-9.578377463662708,-2.2562689142294445,-0.0009972979097546,-1.338745270022377,-0.0032035783976269,-3.5382857807587613,19199.98158201232,-77.27699701208266,0.002,1.4393558876957326,3.3978945244878456,-0.9167694056414454,6.0,10.0,180.0,0.8920279042859505,-6.447266610938111,-0.1044808983847179,-2.9510814405120143,-371.3957797759577,656.6281083833467,167.10826369422702,754.3848208167722,514.8000000000002,0.8920279042859505,0.9684450626373291,1.0206961631774902,1.078971266746521,0.9156515002250671,0.9413321018218994,1.0068511962890625,0.9283331632614136,0.7969083786010742,0.989031970500946,0.9932808876037598,1.036167860031128,1.0509629249572754,1.1193853616714478,1.0971722602844238,1.1696672439575195,0.8684237003326416,-1.8015183210372925,1.1425302028656006,1.069903016090393,1.2362496852874756,1.0158137083053589,1.1857640743255615,0.9127748608589172,0.9484076499938965,1.121199369430542,0.8985041379928589,0.9271798133850098,1.0735933780670166,1.1326987743377686,0.9990170001983643,0.9053444862365723,0.9655483961105347,0.9668466448783875,0.6012729406356812,2.1950461864471436,0.7661656141281128,0.9843320250511169,0.9823697805404663,0.6740714907646179,1.076481580734253
4560.0,91.19900000000004,-4.889050933818161,184.50004471902105,386.5459463501416,52034.91507640632,-5.014122899305173,184.50001,386.5459900000001,52130.77948400002,-9.609056176316674,-0.0011576361732889,0.0014590593162727,19200.000000000007,-0.0002717622738715,-3.471902103177362e-05,4.374952642133546e-05,0.0,-9.59962974150001,4.269176536726379,0.001270558160691,-3.049791443704054,-0.0072966807833917,-0.7308658958638862,19199.77615368297,17.142706502223522,0.002,1.4975598388028275,3.414199730369244,-0.9216484963440896,6.0,10.0,180.0,0.910588437452027,-6.443859654477143,-0.1035156392270106,-2.976241047824942,-371.6058898879788,656.7135541916733,167.1496318471135,754.5624104083861,522.2250000000001,0.910588437452027,0.9622707366943359,0.9897747039794922,1.071244716644287,0.8714694976806641,0.9207934141159058,0.9903237819671631,0.8917245864868164,0.7791706323623657,0.9608022570610046,0.9644588232040405,1.00394868850708,1.0187911987304688,1.088197946548462,1.0701576471328735,1.1479992866516113,0.8382425308227539,-1.8076890707015991,1.093269944190979,1.0385321378707886,1.1972064971923828,1.0044981241226196,1.1600341796875,0.9094671607017517,0.9386069774627686,1.1092629432678223,0.8915126323699951,0.9203876852989197,1.0724908113479614,1.1197988986968994,0.9905376434326172,0.7763838768005371,0.9347426891326904,0.9305182695388794,0.5579524040222168,2.147796869277954,0.75164395570755,0.957240879535675,0.9337748289108276,0.6428297162055969,1.129622220993042
4561.0,91.21900000000004,-5.0809785206986735,184.5000299725737,386.5459503103526,52418.91311872901,-5.206123002727145,184.50001,386.5459900000001,52514.77948400001,-9.611468920941489,-0.0006614681089852,0.0013305530415019,19200.000000000007,-0.0003440809887537,-1.997257369518607e-05,3.9688740049848825e-05,0.0,-9.610330476614347,-4.081547937642319,-0.0061008882745267,-2.205188066927611,-0.0061264840133389,0.9189912279863588,19199.913696439737,-51.509571209385015,0.002,1.5788833801196611,3.4525171569353774,-0.9032811471926964,6.0,10.0,180.0,0.930664236765377,-6.445272461626328,-0.1000920331335374,-3.003386730611149,-372.1329449439894,656.7357770958367,167.21481592355676,754.8412052041931,529.6500000000001,0.930664236765377,0.9738078117370605,1.034849762916565,1.0903033018112183,0.9394552707672119,0.9552872180938721,1.0166773796081543,0.9259543418884277,0.7972118854522705,0.997369647026062,1.009421706199646,1.0490676164627075,1.0696581602096558,1.1355717182159424,1.118141531944275,1.2209913730621338,0.8945146799087524,-1.8007245063781738,1.1414570808410645,1.082014560699463,1.239517092704773,1.0152860879898071,1.2012403011322021,0.9198921322822571,0.9414395093917847,1.1327345371246338,0.9077840447425842,0.9247609376907349,1.0706665515899658,1.1385210752487183,1.0089082717895508,0.980778694152832,0.9832758903503418,0.987367570400238,0.605880856513977,2.3638856410980225,0.7770923972129822,0.9987052083015442,1.0007985830307007,0.6879023313522339,1.0885701179504395
4562.0,91.23900000000002,-5.273281009464087,184.49997340722743,386.5459513999539,52802.90958561109,-5.398122900802334,184.50001,386.5459900000001,52898.77948400002,-9.601371385480403,0.0012186019012157,0.001293908403133,19200.000000000007,-4.129658608083137e-05,3.659277264346414e-05,3.8600613245160615e-05,0.0,-9.580581150597292,2.187768449067547,-0.004418336099226,-1.0318157789385445,-0.0039045564749586,1.5810699952206868,19199.67260733437,-38.56777983528627,0.002,1.557109512770934,3.575440213191643,-0.9671397698102177,6.0,10.0,180.0,0.8882171097753633,-6.450659571623554,-0.0961859316214711,-3.0387591344310927,-371.8629724719947,656.4373885479183,167.12340796177838,754.4481026020965,540.5250000000001,0.8882171097753633,0.9676815271377563,1.0098872184753418,1.0762487649917603,0.90330970287323,0.9333512783050537,1.0061256885528564,0.899437665939331,0.7816728353500366,0.9714559316635132,0.9892967939376831,1.0230531692504883,1.044133186340332,1.1082507371902466,1.0942260026931763,1.1930210590362549,0.8643004894256592,-1.80662202835083,1.1088978052139282,1.0556640625,1.2131290435791016,1.0065432786941528,1.1826224327087402,0.9145012497901917,0.9333127737045288,1.122380256652832,0.897172749042511,0.9176820516586304,1.0700123310089111,1.1250276565551758,1.0041728019714355,0.840167760848999,0.958449125289917,0.9553145170211792,0.5857815146446228,2.315160036087036,0.7575720548629761,0.9766051173210144,0.9640635251998901,0.6168878078460693,1.1790413856506348
4563.0,91.25900000000004,-5.465092494308761,184.49982422335225,386.5459425169265,53186.90394304697,-5.590122998339906,184.50001,386.5459900000001,53282.77948400002,-9.60766769759663,0.0061919218371835,0.0015868848924224,19200.000000000007,-0.0002302069196859,0.0001857766478429,4.758385418978631e-05,0.0,-9.62597503418336,-4.9389760346283085,-0.0244317730419391,0.3057643387978537,-0.011949455201248,1.7061769472744708,19199.43149319129,-98.70449172753374,0.002,1.51665898706632,3.4400124250453463,-0.936994686641858,6.0,10.0,180.0,0.9311674258895528,-6.463904639548471,-0.0981562121967901,-3.089536642549985,-373.1399862359973,656.4236942739592,167.2687039808892,755.0675513010483,546.0000000000001,0.9311674258895528,0.97853684425354,1.049025058746338,1.093152403831482,0.9632008671760559,0.9668835401535034,1.0347912311553955,0.9352145195007324,0.8003042936325073,1.0035045146942139,1.0311448574066162,1.0636115074157715,1.088879108428955,1.1501039266586304,1.1360437870025635,1.2497235536575317,0.9110615849494934,-1.8015567064285278,1.1548675298690796,1.0950618982315063,1.2551162242889404,1.0182219743728638,1.2215607166290283,0.9249997138977051,0.9394576549530029,1.1446080207824707,0.9142284989356995,0.9244067668914795,1.0705314874649048,1.1435097455978394,1.0219242572784424,1.0053777694702148,1.0014867782592773,1.0039013624191284,0.6340731382369995,2.4856648445129395,0.7775110602378845,1.0136768817901611,1.0253804922103882,0.6496323347091675,1.152481198310852
4564.0,91.27900000000002,-5.657510751644901,184.49983771699107,386.5459159794646,53570.89541661169,-5.782122999010101,184.50001,386.5459900000001,53666.77948400001,-9.593726712023658,0.005736697843722,0.0024674693397094,19200.000000000007,0.0001880575375393,0.0001722830090029,7.401962251276338e-05,0.0,-9.57320649668885,1.0376852863049393,0.0107273651889014,2.931988260727614,0.0109749057257703,-0.4870291141177117,19199.707007621968,38.55866425000768,0.002,1.6222600572908352,3.3853717425947774,-0.9320153735765276,6.0,10.0,180.0,0.9125821460332528,-6.488313093350053,-0.0869305064936642,-3.183330379705999,-371.73049311799866,656.4903471369796,167.1193519904446,754.4307756505241,550.5750000000002,0.9125821460332528,0.9709202647209167,1.026564121246338,1.0729262828826904,0.9242727756500244,0.9412451982498169,1.0238810777664185,0.9178566336631775,0.7871682643890381,0.9789565205574036,1.007657766342163,1.0382885932922363,1.061586618423462,1.121410608291626,1.1079761981964111,1.2020792961120605,0.8742409944534302,-1.8062281608581543,1.134692668914795,1.0692533254623413,1.2367836236953735,1.0123764276504517,1.2019824981689453,0.9161362648010254,0.9362121820449829,1.1312158107757568,0.8992368578910828,0.9186597466468811,1.0715577602386475,1.1296935081481934,1.0155788660049438,0.8405325412750244,0.9746752977371216,0.9699078798294067,0.6242411136627197,2.3652966022491455,0.7532466053962708,0.9901222586631775,0.9916895627975464,0.5671190023422241,1.2394766807556152
4565.0,91.29900000000002,-5.849096025469377,184.50011616446832,386.5459989569623,53954.89861033316,-5.974123000207608,184.50001,386.5459900000001,54050.77948400001,-9.607555782779611,-0.0035426419472228,-0.0003343296715022,19200.000000000007,-0.000226669626283,-0.0001061644682388,-8.958305456592958e-06,0.0,-9.626251936745446,-6.162115436928614,0.0029500157777862,0.5496879296590972,0.0026718829259463,-3.0442352149043925,19200.102690095904,30.04074723373056,0.002,1.6923178471463307,3.38950705340312,-0.937494774534424,6.0,10.0,180.0,0.9213942219507242,-6.472653953706782,-0.091315788404391,-3.1499764874005125,-372.14124655899934,656.9821735684898,167.2661759952223,755.0603878252621,554.5500000000002,0.9213942219507242,0.9797803163528442,1.0576770305633545,1.1017664670944214,0.9745171666145325,0.9793035984039307,1.0525622367858887,0.9456638693809509,0.8087470531463623,1.0050666332244873,1.0420928001403809,1.0769988298416138,1.0987215042114258,1.1595346927642822,1.145341157913208,1.2591955661773682,0.9192216396331787,-1.8011937141418457,1.1530219316482544,1.107393741607666,1.271958351135254,1.0237942934036255,1.2357114553451538,0.9326654672622681,0.9418191909790039,1.157855749130249,0.9219205975532532,0.9293346405029297,1.072805643081665,1.1547088623046875,1.0296992063522339,1.0767858028411865,1.0113059282302856,1.0109292268753052,0.6633374691009521,2.5600478649139404,0.7804983854293823,1.025355339050293,1.050052285194397,0.6297585964202881,1.2134169340133667
4566.0,91.31900000000005,-6.04136921085535,184.5001290262994,386.5459786678235,54338.9002936434,-6.166123000187285,184.50001,386.5459900000001,54434.77948400001,-9.598444893694946,-0.003992135657552,0.0003810179805562,19200.000000000007,4.670959561216239e-05,-0.0001190262993138,1.1331932373119175e-05,0.0,-9.57298178836696,0.912300448991126,0.0004779615007904,2.5000563760600807,-0.0075731202524084,-0.4941891025664313,19199.89592959445,4.333253256071669,0.002,1.7385564217484244,3.418623240035605,-0.9481354264436233,6.0,10.0,180.0,0.9477700680069988,-6.45555201728904,-0.0927696307801256,-3.138716048814048,-371.5761232794997,656.5665867842449,167.11658799761116,754.419693912631,550.5000000000001,0.9477700680069988,0.9710949659347534,1.0265750885009766,1.074042797088623,0.9246432185173035,0.9422009587287903,1.0234794616699219,0.9169043898582458,0.7876372933387756,0.9786844253540039,1.0064809322357178,1.0383830070495605,1.0613930225372314,1.121521234512329,1.1082812547683716,1.203566074371338,0.8748425245285034,-1.8061673641204834,1.1321442127227783,1.0694103240966797,1.2362244129180908,1.011917233467102,1.201676845550537,0.916725218296051,0.9359022378921509,1.1318421363830566,0.8997282385826111,0.9188663363456726,1.0710885524749756,1.1301562786102295,1.0152299404144287,0.8545255661010742,0.9748857021331787,0.9695616364479065,0.6231157779693604,2.3755147457122803,0.754677414894104,0.9905213713645935,0.9913314580917358,0.5711549520492554,1.238698124885559
4567.0,91.33900000000004,-6.233305651013256,184.5000701670227,386.5459463964386,54722.89876505295,-6.358122999971141,184.50001,386.5459900000001,54818.77948400001,-9.600610409976545,-0.002036794795108,0.0014568370230474,19200.000000000007,-1.67523027841557e-05,-6.016702264194354e-05,4.3603784823416605e-05,0.0,-9.653074283309206,-0.9756959957118664,-0.0017000319845292,0.550389403811199,-0.0063252598730146,1.9570401794654035,19199.91264246622,90.12587595327706,0.002,1.7222874001477042,3.435234825347686,-0.9502818104333872,6.0,10.0,180.0,0.915483756653857,-6.443838909761031,-0.090800162977611,-3.146918976849,-372.6545616397499,657.2397933921225,167.3777939988056,755.5373469563156,553.5000000000001,0.915483756653857,0.9755972027778625,1.0382555723190308,1.0881190299987793,0.9390031695365906,0.9546129703521729,1.0283913612365723,0.9189172983169556,0.791454017162323,0.9868845343589783,1.0146803855895996,1.0472705364227295,1.0721592903137207,1.133317470550537,1.121482014656067,1.2342612743377686,0.8925048112869263,-1.8047292232513428,1.1313810348510742,1.0788013935089111,1.2408784627914429,1.0139535665512085,1.2118436098098755,0.9241746664047241,0.9357261657714844,1.1403080224990845,0.9084156155586243,0.9209486842155457,1.071897029876709,1.1388639211654663,1.0210070610046387,0.9224929809570312,0.9850367307662964,0.9830130934715271,0.6197355389595032,2.4632911682128906,0.7646627426147461,0.999318540096283,1.0029065608978271,0.6099092364311218,1.2104907035827637
4568.0,91.35900000000002,-6.42540432958423,184.50001367183728,386.5459317590422,55106.89812907423,-6.550122999979749,184.50001,386.5459900000001,55202.77948400002,-9.59726880853349,-0.0001478043692573,0.0019448103672833,19200.000000000007,8.21283444027617e-05,-3.671837266736909e-06,5.824113810263064e-05,0.0,-9.565187882382888,1.456869591574025,0.0048778992053613,0.7876150355864432,0.0007202003666176,4.450336243220764,19199.93008301647,-51.49979498812674,0.002,1.7321926857466412,3.440535493668765,-0.9532996358166964,6.0,10.0,180.0,0.9594109868678368,-6.442380571304473,-0.0868882155738436,-3.1674146735909274,-371.5567808198749,656.6908966960613,167.1393969994028,754.5181734781578,556.1250000000001,0.9594109868678368,0.9709631204605103,1.0194988250732422,1.0757378339767456,0.9223707318305969,0.9394705295562744,1.0160820484161377,0.9004419445991516,0.7798620462417603,0.9766435623168945,1.0041205883026123,1.032796859741211,1.0595959424972534,1.119133472442627,1.1088624000549316,1.2248876094818115,0.8801846504211426,-1.8069325685501099,1.1170200109481812,1.0638256072998047,1.2185933589935303,1.0075608491897583,1.1970163583755493,0.916673481464386,0.9272192716598511,1.1296387910842896,0.9011074900627136,0.9136684536933899,1.0673093795776367,1.1257978677749634,1.013962745666504,0.8567818403244019,0.9728057384490967,0.9700279831886292,0.6012289524078369,2.431511402130127,0.7584974765777588,0.9872742295265198,0.9799188375473022,0.5886409878730774,1.2225879430770874
4569.0,91.37900000000002,-6.617456311972276,184.50005177498088,386.5459502058296,55490.89447130616,-6.742123000001252,184.50001,386.5459900000001,55586.77948400002,-9.59551240912679,-0.0013899519623291,0.0013244608975802,19200.000000000007,0.0001336117499464,-4.1774980837295935e-05,3.9794344245602034e-05,0.0,-9.65016451190437,1.5321107570506665,0.00049708680234,-2.381416552001752,0.0058791934024315,3.543409971524905,19200.067212985425,120.19088870750348,0.002,1.7205566151418907,3.4344966551537053,-0.9519302395179096,6.0,10.0,180.0,0.9330754862246092,-6.441393025483068,-0.0854451448788495,-3.177664677990447,-372.52239040993743,657.3104483480306,167.3766984997014,755.533086739079,564.7500000000001,0.9330754862246092,0.9740467071533203,1.0275768041610718,1.0948079824447632,0.922875165939331,0.9514914751052856,1.0255687236785889,0.8946341276168823,0.7838386297225952,0.9727684259414673,1.0090548992156982,1.0362995862960815,1.060555338859558,1.1225354671478271,1.1141196489334106,1.2459678649902344,0.8877873420715332,-1.8085404634475708,1.0905921459197998,1.0678108930587769,1.2202396392822266,1.0106559991836548,1.2030341625213623,0.9275438785552979,0.9263566732406616,1.1419765949249268,0.9123950004577637,0.9183293581008911,1.0698978900909424,1.1383460760116577,1.019540548324585,0.937528133392334,0.9740771055221558,0.969896137714386,0.5979567766189575,2.537274122238159,0.7656407952308655,0.9915128350257874,0.9859644174575806,0.6071679592132568,1.2512356042861938
4570.0,91.39900000000004,-6.809374025427739,184.5000146716404,386.5459736796503,55874.89555154128,-6.934122999992518,184.50001,386.5459900000001,55970.77948400002,-9.59828549005547,-0.0001836274630543,0.0005465423014988,19200.000000000007,5.132635350849782e-05,-4.6716403370864494e-06,1.6319678219001045e-05,0.0,-9.55567513228593,1.3426528638993491,-0.000257832925464,1.5874130789721344,0.009506343871791,1.1005142249089288,19200.10189821171,4.245884146556231,0.002,1.7323198263368542,3.4356737981681,-0.9504483352076908,6.0,10.0,180.0,0.9575294002977688,-6.436521260085506,-0.0839989296791542,-3.186894366880648,-371.5116952049687,656.5152241740153,167.09834924985068,754.3430433695395,567.0000000000001,0.9575294002977688,0.9728510975837708,1.0310332775115967,1.0809400081634521,0.9307960271835327,0.9481624364852905,1.0304789543151855,0.9061822295188904,0.7848871946334839,0.9751921892166138,1.012984275817871,1.0417699813842773,1.0667827129364014,1.1248207092285156,1.1155215501785278,1.2330708503723145,0.8850104808807373,-1.8076072931289673,1.1132636070251465,1.071683645248413,1.231880784034729,1.0111531019210815,1.207866907119751,0.9226065874099731,0.927392840385437,1.1402989625930786,0.9057844281196594,0.9161025285720825,1.068267583847046,1.132613182067871,1.0213251113891602,0.9030666351318359,0.9800856113433838,0.9736409783363342,0.6254795789718628,2.5082037448883057,0.7584800124168396,0.9958288073539734,0.9972003698348999,0.5554829239845276,1.2923808097839355
4571.0,91.41900000000004,-7.0013956411840566,184.4999999346661,386.54598524267743,56258.89586571105,-7.126122999980337,184.50001,386.5459900000001,56354.77948400001,-9.597565182276504,0.000331879348875,0.0001254997088921,19200.000000000007,7.304374001718657e-05,1.0065333939054251e-05,4.7558348863272046e-06,0.0,-9.63401699259816,3.4190384446022337,0.0009872255706775,0.368046557322388,0.0114729722010852,-1.099664504357937,19200.15380081367,55.799086323346486,0.002,1.736049498110688,3.4861005510238483,-0.9540986494504724,6.0,10.0,180.0,0.9150714107993896,-6.436046849807019,-0.0854568829564839,-3.1920477485882515,-372.2233476024844,657.0456120870076,167.28817462492535,755.1555216847697,568.8750000000001,0.9150714107993896,0.9724489450454712,1.0270918607711792,1.087738275527954,0.9153389930725098,0.9474809169769287,1.033306360244751,0.9011640548706055,0.785362958908081,0.9683834314346313,1.0046614408493042,1.0344135761260986,1.0558521747589111,1.1163856983184814,1.107389211654663,1.2213103771209717,0.8739109039306641,-1.8100184202194214,1.0931718349456787,1.0651298761367798,1.2299673557281494,1.0119796991348267,1.2045011520385742,0.9276229739189148,0.9301098585128784,1.142972707748413,0.9081713557243347,0.919877827167511,1.0718634128570557,1.1382875442504883,1.022051215171814,0.8865294456481934,0.9697573184967041,0.9598007798194885,0.6187580227851868,2.4971046447753906,0.753725528717041,0.9889563918113708,0.9881714582443237,0.547768771648407,1.3255846500396729
4572.0,91.43900000000004,-7.193115484312497,184.49998113217305,386.5460323305116,56642.89625191387,-7.318123000073859,184.50001,386.5459900000001,56738.77948400001,-9.606902458760974,0.0009603066477165,-0.0014406651970016,19200.000000000007,-0.0002071146758913,2.8867826999577583e-05,-4.22309789943516e-05,0.0,-9.5698178222854,-4.087045693854448,-0.0007117312027816,2.876221223285476,0.0043985808316775,-5.0632437202492735,19200.18749906844,-47.1691531120455,0.002,1.6913325995779285,3.558269502893653,-0.9616740860978852,6.0,10.0,180.0,1.0005407056315263,-6.438925002765719,-0.0883804067364939,-3.1848840780972343,-371.60417380124215,656.5368060435038,167.11358731246267,754.4077608423848,570.4500000000002,1.0005407056315263,0.9803156852722168,1.0579169988632202,1.0959128141403198,0.9729245901107788,0.9797711372375488,1.0622891187667847,0.9417988657951355,0.8059034943580627,0.9956688284873962,1.047816276550293,1.0766468048095703,1.0985562801361084,1.1556395292282104,1.1442523002624512,1.2585060596466064,0.9139605164527893,-1.8039575815200806,1.1443150043487549,1.105149745941162,1.2740545272827148,1.0232888460159302,1.2398487329483032,0.9335677027702332,0.9376245737075806,1.162285566329956,0.9204713702201843,0.9265824556350708,1.0721791982650757,1.1524888277053833,1.0353784561157227,1.0522783994674683,1.011594295501709,1.005130648612976,0.6825898289680481,2.6137781143188477,0.7719144225120544,1.0263394117355347,1.053958535194397,0.5603427886962891,1.317371129989624
4573.0,91.45900000000005,-7.385705142925659,184.49985718555348,386.5459963233252,57026.892115590046,-7.5101230001,184.50001,386.5459900000001,57122.77948400001,-9.587242534724236,0.0050930992404284,-0.0002039212640704,19200.000000000007,0.0003827410126002,0.0001528144465678,-6.322099333724097e-06,0.0,-9.636714161537906,9.276267251248626,-0.0034444015643719,0.6072985854756789,-0.0004975448912942,-3.000605661275356,19199.603702879765,-8.606528187402626,0.002,1.6922514510274915,3.507626511335851,-0.9498042130593822,6.0,10.0,180.0,0.8911256119646278,-6.452575139052728,-0.0878976248776635,-3.222796231900111,-372.4675869006211,657.0049030217519,167.30829365623134,755.2403804211924,571.8000000000002,0.8911256119646278,0.9662993550300598,1.0010344982147217,1.0778272151947021,0.8753816485404968,0.9277479648590088,1.024465560913086,0.8816826343536377,0.774807333946228,0.9521826505661011,0.9902482628822327,1.008310079574585,1.0263285636901855,1.0877599716186523,1.079941987991333,1.1798808574676514,0.839225172996521,-1.8171029090881348,1.0598480701446533,1.0395162105560303,1.2081201076507568,1.007258653640747,1.1839550733566284,0.9228845238685608,0.9284944534301758,1.1330506801605225,0.9003874659538269,0.9178793430328369,1.0718584060668945,1.1280697584152222,1.0155798196792603,0.7613046169281006,0.9421083927154541,0.9242987036705017,0.5987478494644165,2.4006130695343018,0.7357197403907776,0.9659022688865662,0.9515219926834106,0.49490970373153687,1.3971128463745117
4574.0,91.47900000000004,-7.577078925935199,184.49989375337125,386.5459823700345,57410.8884535998,-7.7021229997592515,184.50001,386.5459900000001,57506.77948400001,-9.608127458070683,0.0038731989613436,0.0002540074857852,19200.000000000007,-0.0002435757766644,0.0001162466288062,7.631197702878749e-06,0.0,-9.568359248216767,-8.301067851218274,0.0146307000576877,-1.8947190929210416,-0.0080494820003348,-0.7250880023679563,19200.0677573108,-60.09911477918722,0.002,1.7140011141775398,3.478048486703828,-0.9443810779008756,6.0,10.0,180.0,0.980452345464788,-6.470248614850791,-0.0864325615103446,-3.265874013488203,-371.1797934503105,656.798451510876,167.11764682811565,754.4271902105962,573.0000000000001,0.980452345464788,0.9818535447120667,1.0675907135009766,1.1147572994232178,0.9962540864944458,0.9941147565841675,1.0631203651428223,0.9360123872756958,0.8090693950653076,1.0090172290802002,1.0569499731063843,1.091166377067566,1.115161418914795,1.1736879348754883,1.1640467643737793,1.3124366998672485,0.9460076093673706,-1.8004064559936523,1.1336853504180908,1.1195719242095947,1.270451545715332,1.0227718353271484,1.2477390766143799,0.9412990212440491,0.9308571815490723,1.1719238758087158,0.9324554204940796,0.9268086552619934,1.067034125328064,1.1599299907684326,1.038662314414978,1.214179515838623,1.0281317234039307,1.0287326574325562,0.6710237264633179,2.7727277278900146,0.7967965602874756,1.0415226221084595,1.0706583261489868,0.6436863541603088,1.2504525184631348
4575.0,91.49900000000002,-7.769549650274145,184.5000346889807,386.5459824221479,57794.88959345084,-7.8941229992578,184.50001,386.5459900000001,57890.77948400001,-9.592431594822056,-0.000818850229895,0.000256460862622,19200.000000000007,0.0002269497878982,-2.468898065150984e-05,7.577959033215245e-06,0.0,-9.597198994878294,10.681316559956027,0.0122332397271622,-3.913702451794971,-0.001697333247316,0.3002123176094736,19200.119182102848,21.462523793765296,0.002,1.729778771396565,3.478985750910513,-0.9541272427805908,6.0,10.0,180.0,0.9130537827397492,-6.469336616836253,-0.0849657793589865,-3.244893915470714,-371.0818967251553,656.981725755438,167.14332341405782,754.5380951052981,573.9750000000001,0.9130537827397492,0.9630778431892395,0.9837208390235901,1.0797275304794312,0.8592210412025452,0.9211903214454651,1.0153074264526367,0.8524221777915955,0.7667238712310791,0.9437767267227173,0.988906979560852,0.9942865967750549,1.0117855072021484,1.075596570968628,1.0698829889297485,1.1916583776474,0.8354908227920532,-1.8226457834243774,1.0169227123260498,1.0260190963745117,1.1741828918457031,1.0024197101593018,1.1667941808700562,0.9181329607963562,0.9165849685668945,1.1282496452331543,0.9034038782119751,0.9136375188827515,1.06650972366333,1.1219329833984375,1.006508231163025,0.7727587223052979,0.9285573959350586,0.9121053814888,0.5614461898803711,2.4325239658355713,0.7430083751678467,0.955345094203949,0.9270287752151489,0.5309907793998718,1.3771452903747559
4576.0,91.51900000000003,-7.960979477143669,184.5000832993316,386.5460055782895,58178.89306965515,-8.086122898965852,184.50001,386.5459900000001,58274.77948400002,-9.611438263817188,-0.0024402655045765,-0.0005244275692691,19200.000000000007,-0.000343023494344,-7.329933153177881e-05,-1.5578544383886018e-05,0.0,-9.595934467185309,-7.750974197752913,-0.0053659591976775,-3.962700943849754,-0.0024486196096963,0.8565077377639257,19200.136404306613,-60.10050790667856,0.002,1.7280219138808095,3.461705630103868,-0.9491965448055651,6.0,10.0,180.0,0.98924566080802,-6.46391276578525,-0.0864330344840775,-3.221302462772537,-371.6129483625776,656.716362877719,167.1511617070289,754.5685475526491,574.8750000000001,0.98924566080802,0.9832998514175415,1.0682085752487183,1.1214884519577026,0.9914635419845581,0.9952822923660278,1.059358835220337,0.926485538482666,0.8071387410163879,1.0057199001312256,1.050179123878479,1.0869545936584473,1.1111209392547607,1.1709309816360474,1.1624104976654053,1.320967197418213,0.9468611478805542,-1.8008456230163574,1.117105484008789,1.1159427165985107,1.2623991966247559,1.021513819694519,1.2440701723098755,0.9441941380500793,0.9283953905105591,1.1729445457458496,0.9342654347419739,0.9269733428955078,1.0666828155517578,1.1609046459197998,1.0377737283706665,1.238281488418579,1.0241479873657227,1.0253102779388428,0.6559069156646729,2.8118298053741455,0.8000974059104919,1.038608431816101,1.062733769416809,0.661567747592926,1.2411916255950928
4577.0,91.53900000000002,-8.153707297878025,184.50002833770435,386.5459821934446,58562.89359174001,-8.278122799415662,184.50001,386.5459900000001,58658.77948400001,-9.587175789219994,-0.0006120604649848,0.0002240934892685,19200.000000000007,0.0003846979839153,-1.833770430263432e-05,7.8065327905124e-06,0.0,-9.602993049814923,4.70145718226073,-0.0075669221281404,-1.832061933872262,-0.0002526353117359,0.9189156228034046,19199.89590407807,-47.177929273566846,0.002,1.7262733127805123,3.463363439310887,-0.9557754792845816,6.0,10.0,180.0,0.911151158470072,-6.458483576193368,-0.0839868854629052,-3.219233642633476,-372.0684741812888,656.6236814388594,167.18508085351445,754.7122737763245,575.5500000000002,0.911151158470072,0.9710764288902283,1.018742322921753,1.0905897617340088,0.906874418258667,0.9449756145477295,1.0304663181304932,0.8827844858169556,0.77919602394104,0.9632617235183716,1.0068610906600952,1.0273118019104004,1.0491098165512085,1.1098074913024902,1.1033477783203125,1.2329879999160767,0.8729978799819946,-1.8131425380706787,1.0660148859024048,1.0577892065048218,1.2124942541122437,1.0080264806747437,1.1967778205871582,0.9271690249443054,0.9218462705612183,1.1425244808197021,0.9105417728424072,0.9166144132614136,1.0681136846542358,1.1349025964736938,1.0192904472351074,0.9029150009155273,0.9638762474060059,0.9530355334281921,0.6014242768287659,2.5518460273742676,0.7572029232978821,0.9846341013908386,0.9758943319320679,0.5533227324485779,1.3411307334899902
4578.0,91.55900000000004,-8.345324518849933,184.50002506914888,386.5459911379757,58946.89419273235,-8.4701230011468,184.50001,386.5459900000001,59042.77948400001,-9.59993879217545,-0.0005054841030536,-3.863935021456975e-05,19200.000000000007,1.8215178943342017e-06,-1.5069148811362476e-05,-1.137939641222119e-06,0.0,-9.602333476903402,-9.33807253423392,-0.0104872905398204,0.91942563871322,-0.0002271956324668,-0.5438493273600706,19200.015424260346,-47.18498899302956,0.002,1.7326180924153602,3.457254457614832,-0.9500040645505744,6.0,10.0,180.0,0.9536665640692212,-6.457488436250452,-0.0859341713249865,-3.2125446249344605,-372.3842370906444,656.5123407194296,167.19904042675722,754.7711368881623,576.1500000000002,0.9536665640692212,0.9833269119262695,1.077495813369751,1.1135952472686768,1.0135855674743652,1.0035090446472168,1.0745291709899902,0.9515554904937744,0.813546895980835,1.017878532409668,1.0762935876846313,1.1010998487472534,1.1283210515975952,1.1840556859970093,1.174654245376587,1.319169044494629,0.9541551470756531,-1.8006442785263062,1.158754587173462,1.1291236877441406,1.2850854396820068,1.0272783041000366,1.2616792917251587,0.9421284794807434,0.9344483613967896,1.17667818069458,0.9354462027549744,0.9284858107566833,1.068888545036316,1.1627299785614014,1.0461164712905884,1.196527361869812,1.040388822555542,1.0410046577453613,0.6923630833625793,2.787325620651245,0.7942468523979187,1.0505282878875732,1.087227463722229,0.6225143074989319,1.262458324432373
4579.0,91.57900000000004,-8.537878983811785,184.49998588143595,386.5459853806643,59330.89328793292,-8.662122802361106,184.50001,386.5459900000001,59426.77948400001,-9.581453475747637,0.0007997109991413,0.0001555118049094,19200.000000000007,0.0005561877405791,2.4118564128231428e-05,4.619339757068196e-06,0.0,-9.58420689825189,5.800323281135781,-0.0026822803183336,1.3451513476870618,0.0004720521509141,-1.1686577545265906,19199.689650319087,-0.0547938990570116,0.002,1.7139546378693795,3.4591899929695646,-0.957517073522036,6.0,10.0,180.0,0.9336278045995464,-6.458959185252105,-0.0849627617088785,-3.22738631669838,-371.9876185453222,656.4011703597148,167.13052021337862,754.4785684440812,569.1000000000001,0.9336278045995464,0.9686446189880371,1.0132339000701904,1.0769808292388916,0.8997416496276855,0.9354593753814697,1.0276459455490112,0.8924625515937805,0.7786182165145874,0.9616526961326599,0.9969867467880249,1.0228288173675537,1.044123649597168,1.1036592721939087,1.0951426029205322,1.2016469240188599,0.8587573766708374,-1.8122129440307617,1.085381269454956,1.0532954931259155,1.2182972431182861,1.007778286933899,1.1933664083480835,0.9217892289161682,0.9274985790252686,1.1349563598632812,0.9014781713485718,0.9163222312927246,1.0697097778320312,1.1287355422973633,1.017137050628662,0.8178086280822754,0.9588543176651001,0.9460492730140686,0.6111021041870117,2.44030499458313,0.7454825043678284,0.9788984656333923,0.9712324142456055,0.5189631581306458,1.3504467010498047
4580.0,91.59900000000005,-8.729191215724255,184.4999891597731,386.5460080002685,59714.89442716802,-8.854123000526263,184.50001,386.5459900000001,59810.77948400001,-9.604375663546929,0.0006925400222358,-0.0005969485781669,19200.000000000007,-0.0001312832242348,2.0840226966919424e-05,-1.8000270347342563e-05,0.0,-9.627704823561633,-10.870295390334512,-0.0068649456550856,2.136999631635652,-0.0056070933854685,-3.175428796206819,19199.99943200957,42.90792913170593,0.002,1.699204734833191,3.43706173981966,-0.9481384702593224,6.0,10.0,180.0,0.9794861852884368,-6.459471460431399,-0.0874154978323602,-3.2187095890663806,-372.6278092726611,656.7645851798575,167.2782601066893,755.1102842220406,569.4750000000001,0.9794861852884368,0.9820545315742493,1.0813415050506592,1.113990068435669,1.0220792293548584,1.010624885559082,1.0809907913208008,0.9681476354598999,0.8210614919662476,1.0252348184585571,1.0836352109909058,1.1090643405914307,1.1346688270568848,1.1909308433532715,1.1790802478790283,1.310562014579773,0.9562256932258606,-1.799957513809204,1.1784430742263794,1.137343406677246,1.2985080480575562,1.0330162048339844,1.268896460533142,0.9425545334815979,0.9419980049133301,1.1788554191589355,0.9372326135635376,0.9330254197120667,1.0718120336532593,1.1672756671905518,1.0479681491851807,1.1961392164230347,1.0467054843902588,1.0475395917892456,0.709043562412262,2.7417900562286377,0.794518232345581,1.056305170059204,1.100632667541504,0.6264083385467529,1.248400092124939
4581.0,91.61900000000004,-8.921894607336544,184.5000058766702,386.5459748705636,60098.896042307584,-9.046122897945711,184.50001,386.5459900000001,60194.77948400001,-9.580935081215,0.0001407561517771,0.0005072104134655,19200.000000000007,0.0005719031081298,4.123329866049727e-06,1.5129436082772432e-05,0.0,-9.577868860886165,6.2315617500044045,0.001226092659113,2.749812464936696,-0.009775550926456,0.6681529669544549,19199.94761066669,-8.56488088748598,0.002,1.7322901117958318,3.4392697260809,-0.9497150847424376,6.0,10.0,180.0,0.943323592506941,-6.459456220595331,-0.0864374070892062,-3.21106024285938,-371.87190463633056,656.5287925899288,167.14313005334463,754.5321421110202,577.0500000000001,0.943323592506941,0.9694899916648865,1.0136659145355225,1.0732018947601318,0.904860258102417,0.9347211122512817,1.0308837890625,0.8907879590988159,0.7754570245742798,0.9627693891525269,1.0031410455703735,1.0238392353057861,1.0483516454696655,1.105215072631836,1.0989848375320435,1.2119274139404297,0.8620188236236572,-1.8129924535751343,1.0885944366455078,1.0534415245056152,1.217827558517456,1.0073851346969604,1.1978590488433838,0.9207788109779358,0.9245377779006958,1.1360609531402588,0.9015313982963562,0.9132499098777771,1.0677016973495483,1.125718593597412,1.0212732553482056,0.798248291015625,0.9629677534103394,0.9492741227149963,0.6158353090286255,2.4788010120391846,0.7425286173820496,0.9809330105781555,0.9734300374984741,0.4955090880393982,1.3788912296295166
4582.0,91.63900000000002,-9.113468574365315,184.50004109755577,386.5459833573852,60482.89670438707,-9.238122899081134,184.50001,386.5459900000001,60578.77948400001,-9.595153933632112,-0.0010340811845312,0.0002188118578449,19200.000000000007,0.0001462685466339,-3.1097555698947955e-05,6.642614930317872e-06,0.0,-9.645748961825827,-5.012648483733319,0.0034291621958145,0.4191547222093998,-0.0048677171137578,2.937944399389852,19200.084623442606,85.85280021639778,0.002,1.720911972687964,3.4381385238952964,-0.9511079768550598,6.0,10.0,180.0,0.9145433305405736,-6.454066167364064,-0.0888606307222163,-3.1956313168019954,-372.5094523181653,657.2353962949644,167.36006502667232,755.46107105551,577.2750000000001,0.9145433305405736,0.9840266108512878,1.0653520822525024,1.1057634353637695,0.9833099246025085,0.9823867082595825,1.0566596984863281,0.9289165735244751,0.8001559972763062,1.0016067028045654,1.0524765253067017,1.0774527788162231,1.1063179969787598,1.1629995107650757,1.1556951999664307,1.301742434501648,0.9329277276992798,-1.803344964981079,1.1357994079589844,1.1064743995666504,1.2619456052780151,1.0203280448913574,1.2433897256851196,0.937485933303833,0.9293043613433838,1.1649366617202759,0.926568865776062,0.9218049049377441,1.0690641403198242,1.152846336364746,1.0392475128173828,1.0865771770477295,1.0184588432312012,1.0173991918563843,0.6570947170257568,2.7263991832733154,0.7815647721290588,1.02963387966156,1.0504034757614136,0.6066910028457642,1.270434856414795
4583.0,91.65900000000002,-9.305597637334223,184.5000282904901,386.5459687467311,60866.89881349261,-9.430122901222743,184.50001,386.5459900000001,60962.77948400001,-9.590827416917858,-0.0006368756122786,0.0007107931510811,19200.000000000007,0.00027513729069,-1.8290490013308456e-05,2.1253268977449568e-05,0.0,-9.55517102424464,2.6256014456091807,0.0058497177683932,1.5250183884184023,0.0009524893423775,4.819720385898582,19200.08440730385,-30.02202127069585,0.002,1.7445736839542687,3.4442957180809715,-0.9531714559387562,6.0,10.0,180.0,0.951714365591107,-6.450199333105109,-0.0898194619712977,-3.189939367169518,-371.2882261590826,656.5906981474823,167.08803251333617,754.298535527755,577.4250000000001,0.951714365591107,0.9729392528533936,1.0252890586853027,1.0793871879577637,0.9290860891342163,0.9449609518051147,1.0302369594573975,0.893095850944519,0.7774090766906738,0.9722899794578552,1.0160439014434814,1.0369453430175781,1.065873622894287,1.1217443943023682,1.1161212921142578,1.2496342658996582,0.8870355486869812,-1.8097243309020996,1.1010046005249023,1.066265344619751,1.2197725772857666,1.0080400705337524,1.207005262374878,0.9220464825630188,0.9198105335235596,1.140115737915039,0.9071745276451111,0.9111608266830444,1.0646328926086426,1.1276739835739136,1.023431420326233,0.8809335231781006,0.9791973829269409,0.9722055792808533,0.6151471138000488,2.567863702774048,0.756874144077301,0.9935571551322937,0.9893723726272583,0.5416815280914307,1.317913293838501
4584.0,91.67900000000004,-9.49750679910908,184.5000586700516,386.5459892935121,61250.898388106376,-9.62212289974649,184.50001,386.5459900000001,61346.77948400002,-9.59386189284012,-0.0016217487123191,2.502839547367293e-05,19200.000000000007,0.0001844068252959,-4.86700515129696e-05,7.064881056994654e-07,0.0,-9.65308037303139,1.3996810705146696,-0.0022057992092794,-2.506451047833296,0.0070959876774949,3.1190645666173693,19200.152816117454,90.12415619826872,0.002,1.7345601513200333,3.4381935322964035,-0.9539220261517408,6.0,10.0,180.0,0.907281518147107,-6.442905891272696,-0.0912894762549548,-3.1781398550144644,-372.52611307954135,657.2408490737412,167.36301625666806,755.4747677638775,577.5000000000001,0.907281518147107,0.9763807654380798,1.036386489868164,1.101351022720337,0.9319437742233276,0.9597463607788086,1.0366101264953613,0.8933591842651367,0.7854335308074951,0.9736119508743286,1.0194224119186401,1.0432186126708984,1.067954182624817,1.1283433437347412,1.122344732284546,1.266481876373291,0.8968085050582886,-1.8098865747451782,1.0812304019927979,1.073644757270813,1.2254583835601807,1.0123642683029175,1.2124661207199097,0.9329794645309448,0.9230160713195801,1.151728868484497,0.918685257434845,0.9185421466827393,1.068960189819336,1.1437900066375732,1.0265557765960693,0.9853894710540771,0.9814881086349487,0.9753440022468567,0.6102614402770996,2.642437696456909,0.7683754563331604,0.9992417693138123,0.9983177185058594,0.5889372825622559,1.3043134212493896
4585.0,91.69900000000004,-9.689571272744464,184.5000166897676,386.545989476794,61634.89871265462,-9.814122998378584,184.50001,386.5459900000001,61730.77948400001,-9.591704251348052,-0.0002228681005478,2.2219013590713856e-05,19200.000000000007,0.0002488814277776,-6.689767509816913e-06,5.232061579404776e-07,0.0,-9.56031502093026,0.5563842451639154,0.000254546768934,1.218060067740894,0.009522289706141,1.275028007983056,19200.03349724995,-0.0615032183971969,0.002,1.7348941404386922,3.4422305113518594,-0.9587868068457874,6.0,10.0,180.0,0.920900532101325,-6.442892947285368,-0.0913113368814907,-3.185837313211189,-371.57105653977067,656.5444245368706,167.11150812833404,754.3978838819387,577.5750000000002,0.920900532101325,0.9755964279174805,1.0409536361694336,1.0883506536483765,0.9428071975708008,0.9574520587921143,1.0402854681015015,0.9063474535942078,0.7870652675628662,0.977179765701294,1.0235474109649658,1.0502883195877075,1.076173186302185,1.1328723430633545,1.1257290840148926,1.2568368911743164,0.897124171257019,-1.807848334312439,1.1077733039855957,1.0792750120162964,1.23746657371521,1.0131597518920898,1.2178404331207275,0.9283995032310486,0.9246147871017456,1.1496760845184326,0.9123610258102417,0.9163744449615479,1.0673255920410156,1.138250470161438,1.0279295444488525,0.9592041969299316,0.9894351959228516,0.982330858707428,0.6363202929496765,2.610719919204712,0.7634431719779968,1.004845380783081,1.011096715927124,0.5494182109832764,1.3269119262695312
4586.0,91.71900000000002,-9.881655427559307,184.5000194095727,386.5460050929608,62018.89922459406,-10.006122901187606,184.50001,386.5459900000001,62114.77948400001,-9.588903260511112,-0.0003116607256123,-0.0004990462678367,19200.000000000007,0.0003328293023293,-9.409572670086117e-06,-1.5092960652778062e-05,0.0,-9.630106050928024,4.394530185975567,0.0029449570807543,0.1253225780004672,0.0112281315180839,-1.5253589504578176,19200.119864383923,68.68101255736374,0.002,1.72228644214072,3.433729967296981,-0.9606269045947916,6.0,10.0,180.0,0.8920632407166261,-6.441386593640376,-0.0937634525625591,-3.1889530856178903,-372.12352826988536,657.0537122684352,167.27825406416702,755.1129419409693,577.6500000000001,0.8920632407166261,0.9726269841194153,1.0270458459854126,1.0902140140533447,0.9132538437843323,0.9487204551696777,1.0386035442352295,0.8953156471252441,0.7838903665542603,0.9661068916320801,1.00944185256958,1.0336315631866455,1.054697871208191,1.1144938468933105,1.1073870658874512,1.2280900478363037,0.8735851049423218,-1.8120704889297485,1.079516887664795,1.0636796951293945,1.2278401851654053,1.0117008686065674,1.2059955596923828,0.9302136301994324,0.9272230863571167,1.1470410823822021,0.910793125629425,0.9192836284637451,1.0709699392318726,1.1395962238311768,1.0248644351959229,0.8951385021209717,0.9690155982971191,0.9566298127174377,0.6213060617446899,2.548306703567505,0.7527024149894714,0.9893267750740051,0.9885387420654297,0.5285745859146118,1.3707821369171143
4587.0,91.73900000000002,-10.073324215832336,184.500055247797,386.5460207253331,62402.898713536255,-10.19812300289388,184.50001,386.5459900000001,62498.77948400001,-9.5999421965363,-0.0015105693438438,-0.0010178237197445,19200.000000000007,1.709347003594213e-06,-4.524779696621497e-05,-3.072533302145351e-05,0.0,-9.563726205432598,-2.9378410400159005,0.0068400173854053,1.3525281628857069,0.0073052215116883,-3.844090222422038,19200.221804732613,-25.68573635258512,0.002,1.711210698535986,3.504896713164744,-0.9692752761071144,6.0,10.0,180.0,0.9667865174425284,-6.437435566648139,-0.0952214798882356,-3.186938531784989,-371.1982641349427,656.6173561342176,167.0831270320835,754.2774709704847,570.3000000000001,0.9667865174425284,0.9784495830535889,1.0524401664733887,1.0961030721664429,0.9612988233566284,0.9719290137290955,1.0541434288024902,0.9297205209732056,0.8011017441749573,0.9894487857818604,1.036239743232727,1.0682978630065918,1.0898046493530273,1.148054838180542,1.1373066902160645,1.2567740678787231,0.908513069152832,-1.8044593334197998,1.1281061172485352,1.0971722602844238,1.2621256113052368,1.0195924043655396,1.2308753728866577,0.9326991438865662,0.9336621761322021,1.1586005687713623,0.9181825518608093,0.9241609573364258,1.0709643363952637,1.1496754884719849,1.0312148332595825,1.0452759265899658,1.003065824508667,0.9968404173851013,0.6652714014053345,2.610370397567749,0.7718208432197571,1.0191736221313477,1.040105938911438,0.5696015954017639,1.3106169700622559
4588.0,91.75900000000004,-10.265638726527396,184.4999739155004,386.5460165885008,62786.897603411264,-10.390122899472283,184.50001,386.5459900000001,62882.77948400001,-9.589464488269332,0.0012018849272551,-0.0008867006789243,19200.000000000007,0.0003161188986338,3.608449975620409e-05,-2.658850067708842e-05,0.0,-9.634273972217697,4.406200514429349,-0.0032477232826491,0.1185109031009958,-0.0036259759650446,-4.637876216965699,19199.82656607047,-21.481955161317003,0.002,1.6798989269586069,3.484230769904187,-0.955903763106444,6.0,10.0,180.0,0.9076991669502114,-6.437481194599056,-0.0952158641397789,-3.20486874340836,-372.2171320674713,657.0191780671089,167.28256351604176,755.1297354852423,559.4250000000002,0.9076991669502114,0.9697645306587219,1.02012038230896,1.0849663019180298,0.9006614089012146,0.9419614672660828,1.0287671089172363,0.9034717082977295,0.7872569561004639,0.9633455276489258,0.9936453104019165,1.027698040008545,1.0444051027297974,1.1074382066726685,1.0956997871398926,1.1911368370056152,0.8587813377380371,-1.810265064239502,1.089712142944336,1.0592559576034546,1.2300057411193848,1.0117151737213135,1.195582628250122,0.9255791306495667,0.9354205131530762,1.1382471323013306,0.9036871790885925,0.9230954051017761,1.0744370222091675,1.1378469467163086,1.0163124799728394,0.8610469102859497,0.9593498706817627,0.9468888640403748,0.616254985332489,2.4042627811431885,0.7493664622306824,0.9814489483833313,0.9787834882736206,0.5472967624664307,1.3211663961410522
4589.0,91.77900000000002,-10.457297903290016,184.49991983067832,386.5459960180221,63170.89648777635,-10.582122996898889,184.50001,386.5459900000001,63266.77948400001,-9.600818230189605,0.0030044115059268,-0.0002039807657066,19200.000000000007,-2.459737649012088e-05,9.016932175779064e-05,-6.018021992959207e-06,0.0,-9.559793583835448,-2.812170242941939,0.0056232225500332,-1.4661204454506338,-0.0044270897586934,-1.4628813642293914,19200.10183164804,-81.56326017939689,0.002,1.6993703571578782,3.4574158040069403,-0.9533755065978372,6.0,10.0,180.0,0.955566285347875,-6.45077940952482,-0.093264245151024,-3.219229827386259,-371.22406603373565,656.5315890335544,167.06878175802086,754.2158677426212,559.5000000000001,0.955566285347875,0.9760245680809021,1.043878197669983,1.0967540740966797,0.948772132396698,0.9652233719825745,1.0376431941986084,0.9180952310562134,0.7968658208847046,0.9875747561454773,1.019254446029663,1.0584983825683594,1.079343318939209,1.1407060623168945,1.1288700103759766,1.2514064311981201,0.9038926362991333,-1.8036898374557495,1.1163955926895142,1.0887547731399536,1.245753526687622,1.0153411626815796,1.2161616086959839,0.9294700026512146,0.9319313764572144,1.149941325187683,0.9144980907440186,0.9225599765777588,1.0690197944641113,1.14535391330719,1.0213199853897095,1.0473577976226807,0.9930644035339355,0.9900875687599182,0.6352261304855347,2.5603325366973877,0.7768182158470154,1.0102131366729736,1.0208362340927124,0.6180328726768494,1.2412543296813965
4590.0,91.79900000000002,-10.649727544752798,184.500007121603,386.54600287533145,63554.89687689601,-10.774122899149264,184.50001,386.5459900000001,63650.77948400002,-9.586497169285115,9.482898221023184e-05,-0.0004613617331876,19200.000000000007,0.0004051506262469,2.878397070008151e-06,-1.28753313343371e-05,0.0,-9.64211250337422,6.288183609840121,0.0073772415123221,-3.0006406417247367,-0.005345915075233,0.4250425657959805,19200.067489795103,34.347337022438346,0.002,1.7096555818804573,3.437143851362955,-0.948142361449242,6.0,10.0,180.0,0.8715682057334438,-6.454190681457765,-0.0966836007635028,-3.205407472038607,-371.9930330168678,657.2717945167772,167.30739087901043,755.2384338713106,554.5500000000002,0.8715682057334438,0.9663469791412354,0.9986798763275146,1.0834203958511353,0.8790260553359985,0.929417610168457,1.0119894742965698,0.8787704706192017,0.7758347988128662,0.9559342861175537,0.9869608283042908,1.0092008113861084,1.027482271194458,1.0929083824157715,1.0824775695800781,1.1902399063110352,0.849736213684082,-1.8133940696716309,1.0638134479522705,1.0420955419540405,1.1979423761367798,1.0048824548721313,1.1762422323226929,0.9199182391166687,0.9282093048095703,1.1268624067306519,0.9014102220535278,0.9183030724525452,1.0712885856628418,1.1272788047790527,1.006317138671875,0.8139015436172485,0.9429168701171875,0.9331962466239929,0.572011411190033,2.363586187362671,0.7504673600196838,0.9658064246177673,0.9462724924087524,0.5856022238731384,1.2675762176513672
4591.0,91.81900000000005,-10.84135719060107,184.5000836425167,386.5459998868767,63938.89980686861,-10.966123001665602,184.50001,386.5459900000001,64034.77948400002,-9.598839673572176,-0.0024514158043698,-0.0003286170985179,19200.000000000007,3.489416665408574e-05,-7.364251664768631e-05,-9.886876570564708e-06,0.0,-9.543221147704402,-3.2385684956668563,-0.0026582814499249,-3.472611718491067,-0.0026970159471879,1.7004700848750616,19200.15350244863,-55.81774037709688,0.002,1.7349672747149372,3.432900066732397,-0.9514989687137232,6.0,10.0,180.0,0.9477145782391344,-6.449695501094027,-0.0966757117312011,-3.184893986253049,-371.1280165084339,656.3043972583886,167.01119543950523,753.9707169356552,549.6750000000001,0.9477145782391344,0.9742546081542969,1.037524938583374,1.0957064628601074,0.94264817237854,0.9598302841186523,1.023398518562317,0.9096860289573669,0.7928473353385925,0.9894906282424927,1.0108654499053955,1.0514988899230957,1.0733246803283691,1.1366021633148193,1.1238635778427124,1.2508853673934937,0.9031610488891602,-1.8026623725891113,1.112780213356018,1.0828287601470947,1.2311439514160156,1.011804223060608,1.2046689987182617,0.9252503514289856,0.9300253391265869,1.1415345668792725,0.9122427105903625,0.9203194379806519,1.066385269165039,1.1395405530929565,1.0131219625473022,1.0461493730545044,0.9871556758880615,0.9884135127067566,0.6097715497016907,2.519012689590454,0.7818859219551086,1.0038608312606812,1.0058215856552124,0.662239670753479,1.1674869060516357
4592.0,91.83900000000004,-11.03335259111051,184.5000561525788,386.5459949864159,64322.9014267497,-11.158123001094047,184.50001,386.5459900000001,64418.77948400002,-9.598998966114191,-0.0015434915181235,-0.000198374572895,19200.000000000007,2.9988117959200057e-05,-4.615257866777645e-05,-4.986415788046782e-06,0.0,-9.618396842676304,1.1067324516109456,-0.0085691880268897,-1.0252428518535992,-0.0017019031881115,1.2876198768213225,19199.87887779486,-47.19340211565039,0.002,1.7399450448245344,3.417150253045891,-0.9497457908698024,6.0,10.0,180.0,0.9032913039174758,-6.442352993385586,-0.0951985723989663,-3.175674424984102,-372.10750825421695,656.5761986291943,167.17959771975262,754.6903584678275,555.2250000000001,0.9032913039174758,0.9722812175750732,1.0266153812408447,1.0876071453094482,0.921393632888794,0.947796106338501,1.021934151649475,0.9039320945739746,0.7864791750907898,0.975013792514801,1.001786708831787,1.0362972021102905,1.0588257312774658,1.1210618019104004,1.1099400520324707,1.2246149778366089,0.8809753656387329,-1.8068616390228271,1.105818510055542,1.0679798126220703,1.2263312339782715,1.0105159282684326,1.1997053623199463,0.9235102534294128,0.9311642646789551,1.1369929313659668,0.9065272808074951,0.9194387793540955,1.0704879760742188,1.1354279518127441,1.0152654647827148,0.9137409925460815,0.9725625514984131,0.9681572318077087,0.6052098274230957,2.4551031589508057,0.762859046459198,0.9900676608085632,0.9864034652709961,0.6033573746681213,1.2323417663574219
4593.0,91.85900000000004,-11.225167012010584,184.5000458876323,386.5459853124527,64706.90147401111,-11.350122999848905,184.50001,386.5459900000001,64802.77948400001,-9.605183054916838,-0.0012197204903931,0.0001581433917652,19200.000000000007,-0.0001555901274727,-3.5887632226478144e-05,4.687547525116309e-06,0.0,-9.583973960326237,-6.287919243157264,-0.0109800149769321,0.6620022730040217,0.0004738843242036,3.887886637370386e-05,19200.067182848004,-38.611844388603934,0.002,1.7511378763922487,3.396255387482083,-0.947970672715164,6.0,10.0,180.0,0.9536359734220884,-6.439443841210709,-0.09666294308283,-3.1710390658288303,-372.12525412710846,656.2665993145972,167.11929885987632,754.4296792339137,550.5750000000002,0.9536359734220884,0.9785566926002502,1.0530997514724731,1.0953140258789062,0.9741888642311096,0.9734249711036682,1.0438411235809326,0.9407954216003418,0.8040273785591125,1.0072693824768066,1.0412673950195312,1.0729560852050781,1.0975713729858398,1.1575839519500732,1.1434965133666992,1.2601566314697266,0.919477105140686,-1.8011244535446167,1.1581344604492188,1.1034703254699707,1.2630431652069092,1.0206438302993774,1.2292927503585815,0.9270780682563782,0.9385563135147095,1.1506280899047852,0.9179524183273315,0.9253172874450684,1.0694987773895264,1.1468861103057861,1.025032877922058,1.05397629737854,1.009964108467102,1.0122365951538086,0.6511616706848145,2.5352959632873535,0.7815725207328796,1.0222043991088867,1.041125774383545,0.6417234539985657,1.174997091293335
4594.0,91.87900000000002,-11.417558613039107,184.50003715546853,386.5459929570828,65090.90227988879,-11.542122999784793,184.50001,386.5459900000001,65186.77948400002,-9.592149639759786,-0.0009016491717654,-0.0001039217727021,19200.000000000007,0.0002362160907436,-2.715546848302027e-05,-2.9570826461492933e-06,0.0,-9.616252280796209,2.9877702280635576,-0.0010075798728348,2.194886832467211,-0.0009793831993103,-1.399819872401539,19199.70711729364,-30.088070874109995,0.002,1.7813333748775335,3.368877196950008,-0.9419099442282346,6.0,10.0,180.0,0.9194562271280488,-6.434556221137113,-0.0971595441012961,-3.1750814162871634,-372.3156270635542,656.6807996572986,167.22514942993814,754.8833396169568,553.5000000000001,0.9194562271280488,0.9702173471450806,1.0212891101837158,1.075817584991455,0.9118764400482178,0.9389978647232056,1.0228279829025269,0.9112350940704346,0.7856384515762329,0.9698035717010498,0.9982460141181946,1.0309998989105225,1.0525169372558594,1.1134655475616455,1.1010000705718994,1.193908452987671,0.8649482727050781,-1.8079708814620972,1.1180977821350098,1.0624325275421143,1.2322163581848145,1.0111517906188965,1.1979243755340576,0.9188089370727539,0.9362868070602417,1.1319828033447266,0.8990034461021423,0.9196947813034058,1.0729724168777466,1.1312143802642822,1.0156593322753906,0.8225343227386475,0.9663310050964355,0.9581799507141113,0.6171672344207764,2.363879442214966,0.7489327788352966,0.9839418530464172,0.9816995859146118,0.5553705096244812,1.2703568935394287
4595.0,91.89900000000004,-11.609337933138992,184.5000811877445,386.546008781754,65474.903894271214,-11.73412300001436,184.50001,386.5459900000001,65570.77948400001,-9.599489356855225,-0.0023744839405532,-0.0006297289652281,19200.000000000007,1.5234454210715794e-05,-7.118774442652357e-05,-1.8781753888307228e-05,0.0,-9.60520426776434,-7.26324202826499,-0.000959579977219,1.3430793453522718,-0.0022056947812511,-1.9568116049638675,19200.051191672144,51.49138999732033,0.002,1.8025024381491388,3.364801994410367,-0.939555554460957,6.0,10.0,180.0,0.9594831099392735,-6.429203989474013,-0.0981406936710404,-3.159722237518612,-372.22881353177706,656.7593998286493,167.23107471496905,754.9086698084784,559.5000000000001,0.9594831099392735,0.9802892208099365,1.0625860691070557,1.1018251180648804,0.987610936164856,0.9857140779495239,1.0581717491149902,0.9492837190628052,0.8096708059310913,1.0104639530181885,1.0542012453079224,1.084426760673523,1.1085796356201172,1.16731595993042,1.1542689800262451,1.274824619293213,0.929418683052063,-1.8010739088058472,1.1612744331359863,1.1140329837799072,1.2763261795043945,1.025128960609436,1.2432447671890259,0.933374285697937,0.9398038387298584,1.1614456176757812,0.9244467616081238,0.9282349348068237,1.071165919303894,1.1549441814422607,1.0338456630706787,1.0977659225463867,1.0209159851074219,1.0212596654891968,0.6734572052955627,2.6101813316345215,0.7836747765541077,1.0329632759094238,1.061231017112732,0.6248989105224609,1.2214386463165283
4596.0,91.91900000000004,-11.8016727879572,184.5000771751923,386.5459873043128,65858.90530197699,-11.926122999981432,184.5000100000053,386.5459900000001,65954.77948400001,-9.58832564261454,-0.0022442945927247,2.2561628414242853e-05,19200.000000000007,0.0003501827589354,-6.717519189906574e-05,2.695687385546011e-06,0.0,-9.58765269437762,3.7813221255986833,-0.0019645585629762,2.874380361564256,-0.0080472131497859,-0.1818535938997804,19199.878788737267,-4.233245391534308,0.002,1.81908187375223,3.373842352096699,-0.9431167776135088,6.0,10.0,180.0,0.9111384227808788,-6.416998719601248,-0.099620305365651,-3.15106091591251,-371.9394067658885,656.5771999143246,167.16053735748454,754.6078349042392,555.0750000000002,0.9111384227808788,0.968961238861084,1.0154248476028442,1.0698556900024414,0.9083526730537415,0.9336233139038086,1.0200104713439941,0.9066355228424072,0.7815015316009521,0.967473030090332,0.9964696168899536,1.026727318763733,1.04978346824646,1.10951828956604,1.0978752374649048,1.1912227869033813,0.8613296151161194,-1.8087475299835205,1.117419958114624,1.0578436851501465,1.2259550094604492,1.008933424949646,1.194394826889038,0.9155961871147156,0.933526873588562,1.1281800270080566,0.8961328864097595,0.9167344570159912,1.070971965789795,1.125813603401184,1.014258861541748,0.7926654815673828,0.9637247323989868,0.9550619721412659,0.6132526397705078,2.3537967205047607,0.7457514405250549,0.9805951714515686,0.9749438762664795,0.5425376296043396,1.2774709463119507
4597.0,91.93900000000004,-11.993185599423,184.50007896797587,386.5459774777686,66242.9048035269,-12.118122999939043,184.50001000003653,386.5459900000001,66338.779484,-9.60456879924937,-0.0022992983090063,0.000417332063527,19200.000000000007,-0.0001372069183893,-6.896796534883472e-05,1.2522231537394991e-05,0.0,-9.615718558884328,-5.125917548239761,0.0051649888020458,0.2442782606362261,-0.0068208153391647,2.506981860226316,19199.998401285822,94.4098240343372,0.002,1.8116298481542363,3.387310605184047,-0.945487918339624,6.0,10.0,180.0,0.9453037301580725,-6.409154376582538,-0.1011131551263559,-3.1469256357607573,-372.0017033829442,656.9480999571623,167.24276867874227,754.9609174521196,556.7250000000001,0.9453037301580725,0.9798775315284729,1.0527207851409912,1.0958571434020996,0.9694314002990723,0.9705268740653992,1.0407166481018066,0.9311631321907043,0.7988975048065186,1.0029149055480957,1.0378016233444214,1.0678685903549194,1.094653606414795,1.1542072296142578,1.1425628662109375,1.2691079378128052,0.9190540313720703,-1.8019647598266602,1.1475399732589722,1.0983656644821167,1.2550066709518433,1.0177980661392212,1.227795958518982,0.9280449748039246,0.9344065189361572,1.150425672531128,0.9172710180282593,0.9223737716674805,1.0688364505767822,1.1451849937438965,1.026544213294983,1.0324535369873047,1.0069726705551147,1.0088896751403809,0.6402533650398254,2.567417860031128,0.7793795466423035,1.018651008605957,1.033220887184143,0.6368932723999023,1.1893552541732788
4598.0,91.95900000000005,-12.1853243157076,184.5000533885975,386.54596096887616,66626.90705419719,-12.310122999846822,184.5000100000558,386.5459900000001,66722.77948400003,-9.59993907200737,-0.0014468836946925,0.0009699213393298,19200.000000000007,1.714700547127395e-06,-4.338855442270272e-05,2.9031123927953684e-05,0.0,-9.582992808694366,2.8699157850124704,0.0051046549949354,0.8505388154785042,0.0016960311596225,4.575928613911501,19200.067200894275,-51.50384457682751,0.002,1.8326818229646973,3.349397718484097,-0.9435408992366172,6.0,10.0,180.0,0.9770233893127916,-6.403770392369554,-0.100128176602805,-3.1438075546537574,-371.5078516914721,656.7540499785812,167.14638433937114,754.5489587260597,557.7000000000002,0.9770233893127916,0.9699223041534424,1.0138556957244873,1.0742595195770264,0.9135282039642334,0.9351986050605774,1.0153478384017944,0.8952834010124207,0.7770377397537231,0.9709429740905762,0.9992455244064331,1.026550531387329,1.0532454252243042,1.1128922700881958,1.103299617767334,1.2181100845336914,0.8729970455169678,-1.808348536491394,1.1092413663864136,1.057781457901001,1.2133013010025024,1.0064241886138916,1.1932073831558228,0.9162377715110779,0.926467776298523,1.1278364658355713,0.8999305963516235,0.9130643606185913,1.0674810409545898,1.1241625547409058,1.0132087469100952,0.8241662979125977,0.9666063785552979,0.9622868895530701,0.5951941609382629,2.4168078899383545,0.7539690732955933,0.9818070530891418,0.9711939096450806,0.5767849683761597,1.2385246753692627
4599.0,91.97900000000004,-12.377386776216095,184.5000992462928,386.5459844928998,67010.90497797549,-12.502123010778345,184.5000099999355,386.5459900000001,67106.77948400003,-9.59786563924516,-0.0029785128808903,0.0001528214909604,19200.000000000007,6.428157460525025e-05,-8.92462197568576e-05,5.507100341434771e-06,0.0,-9.651386313760682,-0.1248831748411497,0.0051162469608055,-2.4996530196732736,0.0063463268104353,3.2936718652893733,19200.0327838594,90.15199842134736,0.002,1.828289048625511,3.368356027479685,-0.9462693013487375,6.0,10.0,180.0,0.9077029411912466,-6.396945218752274,-0.1010542089772599,-3.145346059230669,-372.36092584573606,657.4460249892907,167.38519216968558,755.5714793630299,553.2,0.9077029411912466,0.974015474319458,1.0293207168579102,1.0936654806137085,0.9266195297241211,0.9518250226974487,1.019781470298767,0.9033653736114502,0.7872692942619324,0.9804658889770508,1.0048329830169678,1.0390461683273315,1.0625567436218262,1.1260671615600586,1.1149271726608276,1.2385199069976807,0.8896150588989258,-1.8056929111480713,1.106208324432373,1.0712597370147705,1.2247873544692993,1.0113805532455444,1.2018585205078125,0.9256977438926697,0.9311047792434692,1.138315200805664,0.9101133346557617,0.9200651049613953,1.070689082145691,1.138197422027588,1.0159543752670288,0.9445669651031494,0.9758729934692383,0.9748525619506836,0.5967756509780884,2.478557586669922,0.7688027024269104,0.9924855828285217,0.9884649515151978,0.6365660429000854,1.1935126781463623
4600.0,91.99900000000004,-12.569520031338756,184.50006552373668,386.5459942963924,67394.90441204103,-12.694124551977785,184.50000999916392,386.5459900000001,67490.77948400003,-9.593591864820844,-0.0018494527399728,-0.0001401759928926,19200.000000000007,0.000197272005995,-5.552367507328613e-05,-4.296392279291904e-06,0.0,-9.552567294252285,4.6260105358789305,-0.0073177214252049,0.7871625254598206,0.0107543901295175,0.9746781177466936,19200.17048551176,34.28757394575856,0.002,1.8266903741147924,3.389420910063873,-0.9545523994029188,6.0,10.0,180.0,0.9160892827389256,-6.386728101976355,-0.1010349524069591,-3.160214735729104,-371.621962922868,656.4090124946454,167.0895960848428,754.304739681515,554.3250000000002,0.9160892827389256,0.9668006896972656,1.0065580606460571,1.0710937976837158,0.8975995779037476,0.9291145205497742,1.0136890411376953,0.8930264711380005,0.7770025134086609,0.9630650281906128,0.9891314506530762,1.0188758373260498,1.0411568880081177,1.1021809577941895,1.0907864570617676,1.1913635730743408,0.8572571277618408,-1.8097331523895264,1.0986418724060059,1.0503815412521362,1.2103886604309082,1.00567626953125,1.1843549013137817,0.9149530529975891,0.9287943840026855,1.124387264251709,0.8960285782814026,0.9147861003875732,1.0690598487854004,1.122356653213501,1.008713722229004,0.8004847764968872,0.9553437232971191,0.9475822448730469,0.5948132872581482,2.355583429336548,0.7482081055641174,0.9739601016044617,0.9610731601715088,0.5582548975944519,1.2628271579742432
4601.0,92.01900000000002,-12.76131557598534,184.5000059882541,386.5459940559973,67778.90644377097,-12.88612882639418,184.5000094682198,386.5459900000001,67874.77948400001,-9.600549579400134,6.539511902419722e-05,-0.0001344768542957,19200.000000000007,-9.842726171200049e-06,3.967170855982599e-06,-4.0559971743930994e-06,0.0,-9.645738891390376,-2.1844416847423376,0.0009369795755355,1.101613028913395,0.0092813487895184,-1.524762726750971,19200.15358433065,38.6320444376984,0.002,1.798034343348151,3.389589700257265,-0.9530005036789494,6.0,10.0,180.0,0.9165062141040632,-6.387725782466031,-0.1010655673932213,-3.1515370826279154,-372.468481461434,657.1265062473227,167.33279804242142,755.3463698407575,555.3000000000002,0.9165062141040632,0.9771527051925659,1.0471676588058472,1.0925289392471313,0.9484168887138367,0.9627458453178406,1.0399514436721802,0.9300761818885803,0.7985222339630127,0.990517258644104,1.0236483812332153,1.057220220565796,1.0796633958816528,1.1406471729278564,1.1276189088821411,1.2357547283172607,0.8976556062698364,-1.8039361238479614,1.1376116275787354,1.0882428884506226,1.2551616430282593,1.018466830253601,1.2206931114196777,0.9278653264045715,0.9393259286880493,1.1476207971572876,0.9125753045082092,0.9250204563140869,1.0736953020095825,1.145758867263794,1.0249955654144287,0.9675365686416626,0.9923521280288696,0.9892793297767639,0.6410260200500488,2.48903751373291,0.766859769821167,1.0075640678405762,1.02042555809021,0.6004934906959534,1.2348233461380005
4602.0,92.03900000000004,-12.953663533994623,184.49998719043973,386.5460046941953,68162.90648523826,-13.078131947173269,184.5000065222672,386.5459900000001,68258.77948400001,-9.588984445603948,0.0005122441071188,-0.0004928180439136,19200.000000000007,0.000333899077339,2.1580001414275547e-05,-1.4694195205672482e-05,0.0,-9.558452361348788,5.1925427954041625,0.0025268759448639,2.008510534167816,0.0078020132177669,-3.9627789624371546,19200.27335398802,-30.00355285577185,0.002,1.809334732068262,3.381549467124388,-0.9494500043487316,6.0,10.0,180.0,0.9472159715870808,-6.392093359060867,-0.1015710809788675,-3.147994699837169,-371.432740730717,656.5082531236613,167.08789902121072,754.2981849203787,550.8000000000001,0.9472159715870808,0.965747058391571,1.0078153610229492,1.0689424276351929,0.8915019631385803,0.9282556176185608,1.0169711112976074,0.9030435085296631,0.7818280458450317,0.9608864188194275,0.9844133853912354,1.0192506313323975,1.037086844444275,1.099012851715088,1.0852621793746948,1.1664178371429443,0.8467272520065308,-1.8097481727600098,1.1028209924697876,1.0508084297180176,1.2218343019485474,1.0081431865692139,1.184680700302124,0.9150899052619934,0.935479998588562,1.1253044605255127,0.8932828307151794,0.9189268350601196,1.072455883026123,1.1253565549850464,1.0087766647338867,0.7843425273895264,0.9518401622772217,0.9404869675636292,0.6101723313331604,2.296748399734497,0.7421258091926575,0.9727408289909363,0.9650828838348389,0.5347041487693787,1.2936911582946777
4603.0,92.05900000000004,-13.14507449734315,184.5000251929985,386.5460184731668,68546.90667484098,-13.270133748623085,184.5000022013539,386.5459900000001,68642.77948400003,-9.608670891153542,-0.0008948963193822,-0.0009513657794073,19200.000000000007,-0.0002575977311573,-2.0170415889915048e-05,-2.847316659473333e-05,0.0,-9.610446407230976,-2.209303280200145,0.008114536294256,-0.8503122172811455,-0.001454950070679,-4.150368815068738,19199.94716318837,12.852563483248757,0.002,1.804550329635345,3.3802030963912983,-0.9443591908238168,6.0,10.0,180.0,0.9199202779252388,-6.39352828018229,-0.1025355053738263,-3.152076023409004,-371.56337036535854,656.9101265618307,167.18444951060536,754.7125924601894,556.9500000000002,0.9199202779252388,0.9761573672294617,1.0448200702667236,1.0980408191680908,0.9437559247016907,0.9655264616012573,1.0410678386688232,0.9247835874557495,0.8003664612770081,0.9853812456130981,1.01629638671875,1.0576974153518677,1.076032042503357,1.1385581493377686,1.1254301071166992,1.2362879514694214,0.8967342972755432,-1.8039690256118774,1.118861436843872,1.0884435176849365,1.2532639503479004,1.017637848854065,1.217680811882019,0.9310645461082458,0.937476634979248,1.1513150930404663,0.9146191477775574,0.9263114333152771,1.0728461742401123,1.1493656635284424,1.022693157196045,1.0257911682128906,0.9898041486740112,0.9847628474235535,0.6417346596717834,2.5196774005889893,0.7718190550804138,1.008305311203003,1.02182137966156,0.6070131063461304,1.2560310363769531
4604.0,92.07900000000004,-13.337062137846678,184.5000139752616,386.5460057454361,68930.90809426438,-13.46170854585246,184.4999978807336,386.5459900000001,69026.77948400001,-9.39394499995505,-0.000657378236661,-0.0005603523358536,19200.000000000007,-0.0002716422032569,-1.3278885997840633e-05,-1.574543590210811e-05,0.0,-9.57160805652946,2.8775201883049126,-0.000209872467537,-1.2888823673917678,-0.0080768194800938,-2.3192684190756103,19200.10222254052,-98.72912752590516,0.002,0.9168664750507984,2.9759167749178594,-0.7679832162368148,6.0,10.0,180.0,0.920472659777289,-6.391051467085943,-0.1025309173847487,-3.1418181148266884,-371.28668518267926,656.5000632809154,167.06922475530268,754.2192962300946,552.5250000000001,0.920472659777289,0.9685326814651489,1.0163321495056152,1.082912564277649,0.9037215113639832,0.9400918483734131,1.0191409587860107,0.8985665440559387,0.7851433157920837,0.964680016040802,0.9921331405639648,1.0277698040008545,1.0455727577209473,1.1091554164886475,1.0965983867645264,1.1984549760818481,0.8646804094314575,-1.8083900213241577,1.0915383100509644,1.059466004371643,1.2207523584365845,1.0089572668075562,1.1891788244247437,0.9213939309120178,0.9318594932556152,1.1329007148742676,0.9021091461181641,0.9202595949172974,1.070849895477295,1.1325485706329346,1.0096819400787354,0.8900089263916016,0.9605329036712646,0.9522655606269836,0.6036651134490967,2.394930124282837,0.7574978470802307,0.9816824793815613,0.9751800298690796,0.5845193862915039,1.261549472808838
4605.0,92.09900000000002,-13.513752524071794,184.49979795433163,386.5460147003744,69314.90751339933,-13.605287583598468,184.5000419869822,386.5459900000001,69410.77948400003,-4.608475986195531,0.0462898303014946,-0.0008204174834362,19200.000000000007,-0.0101650085689309,0.0001984150616093,-2.470037429474884e-05,0.0,-6.701592667653783,354.8162222026158,0.0090786736944429,5.9742731969365295,0.0027041061765633,2.86875523615357,19200.22254908865,102.99203221066873,0.002,0.1610248144951703,2.369592393738409,-0.5537410906069775,6.0,10.0,180.0,-0.949747407224972,-6.396401214366099,-0.1049854402237485,-3.1377334450610737,-323.24034259133964,619.3145316404577,153.83311237765133,699.0591481150473,548.1000000000001,-0.949747407224972,-0.6931533813476562,-0.7476305365562439,-0.4459385871887207,-0.732155442237854,-0.9087027311325073,-0.8332977294921875,-1.0990455150604248,-1.0002185106277466,-1.034846544265747,-0.732795000076294,-1.0386438369750977,-0.9895308017730713,-0.9003873467445374,-1.0131778717041016,-0.2722877264022827,-1.2719697952270508,-1.7617889642715454,-0.9937610626220703,-0.9968398809432983,-1.0376548767089844,-0.47447511553764343,-0.6551610231399536,-0.9347630143165588,-0.5279518365859985,-1.040197730064392,-1.0269412994384766,-0.39370542764663696,-0.06424583494663239,-1.4292428493499756,-1.0718810558319092,-0.9968327283859253,-1.2204341888427734,-1.1831334829330444,-1.006617784500122,-1.0156493186950684,-0.5753118395805359,-1.0567829608917236,-1.8018180131912231,-2.0319979190826416,2.6519527435302734
4606.0,92.11900000000004,-13.591744110666356,184.5071638440748,386.5465527878058,69698.93852030844,-13.663551421648966,184.5169277449197,386.5459900000001,69794.77948400001,-3.999834460365572,2.061537048292325,-0.0187570868089442,19200.000000000007,-0.03804893373491,-0.0056908053830432,-0.0005627878057191,0.0,-2.914943504681597,-99.49353372181304,1.2073937721889043,113.5324742970376,0.0315006739001541,-1.7120872884472915,19202.91760381135,12.884200036769448,0.002,0.3068116818714733,3.287915942123914,-0.7767482876283289,6.0,10.0,180.0,0.9355277505412511,-6.941880855706482,-0.1435714438535932,-2.865964621937179,-143.80517129566982,546.4272658202289,125.80755618882566,586.9690740575236,561.6750000000002,0.9355277505412511,0.8158413171768188,1.037905216217041,0.7814208269119263,1.2113378047943115,1.0770864486694336,1.0979645252227783,1.3825616836547852,0.7455145120620728,1.305280089378357,1.3179821968078613,1.2154462337493896,1.3776872158050537,1.2564148902893066,1.243220567703247,0.9437243342399597,1.0552493333816528,-2.008312702178955,1.503476619720459,1.2872881889343262,1.063067078590393,1.0848342180252075,1.2051918506622314,0.714501142501831,0.964679479598999,1.0959842205047607,0.9028416872024536,0.8544049859046936,0.8333116173744202,0.9402133822441101,1.1485730409622192,1.6305453777313232,1.3011709451675415,1.2581909894943237,1.3417387008666992,0.6931930780410767,0.8141383528709412,1.3835575580596924,1.3135143518447876,-0.3105010390281677,0.994937539100647
4607.0,92.13900000000002,-13.683467763055535,184.56738022768744,386.54641125024153,70082.98635746051,-13.75717488751054,184.60914176181555,386.5459900000001,70178.779484,-6.643524670368164,5.579946612688426,-0.0140396444393254,19200.000000000007,-0.0033059685952517,-0.0286099348040589,-0.0004212502413899,0.0,-6.286992012643047,-136.7899150418568,5.046246507043539,136.9151447824867,-0.0361318743314001,6.344224966767449,19200.736869515586,-266.0499557579571,0.002,-0.2776287368999528,3.732442138989772,-0.8878369201154532,6.0,10.0,180.0,1.376449263136741,-7.181730450106936,-0.2143687021233019,-2.4070727636057585,-4.231585647834905,615.6856329101145,139.75027809441283,642.5785370287617,557.2500000000001,1.376449263136741,0.9087750911712646,1.1666840314865112,0.8719592094421387,1.3511747121810913,1.1272071599960327,1.1993472576141357,1.7499563694000244,0.7876685857772827,1.4861016273498535,1.3572344779968262,1.3290445804595947,1.5351539850234985,1.422821283340454,1.3962738513946533,1.0340964794158936,1.1298444271087646,-1.9250348806381226,1.6820855140686035,1.381695032119751,1.1136192083358765,1.2596341371536255,1.3951443433761597,0.8639611601829529,1.1351696252822876,1.256394386291504,1.0177456140518188,0.9906386137008667,0.9398014545440674,1.169680118560791,1.3691240549087524,0.3031047582626343,1.5105679035186768,1.4441643953323364,1.5368738174438477,-0.15867319703102112,0.8752179145812988,1.588728666305542,1.6380828619003296,0.10008323937654495,0.8197036981582642
4608.0,92.15900000000002,-13.81918080393578,184.68004645304543,386.5461006153357,70466.96698037503,-13.89240225937488,184.7443750297335,386.5459900000001,70562.77948400001,-6.2873830840259135,5.991132945797118,-0.0036868350504765,19200.000000000007,0.0150229399476016,-0.0239195047823627,-0.000110615335605,0.0,-6.484513470899957,72.02871377894127,5.678094198914518,37.1080045596264,-0.0231948789652876,-3.9066146824275423,19197.972403807475,-42.916011537263664,0.002,-0.6100015263952342,3.6974653833691233,-0.8855629923521797,6.0,10.0,180.0,0.2226416317356886,-6.686573663319325,-0.2163006456474274,-2.5773127540232554,77.83470717608256,658.4988164550573,149.24413904720643,680.9442685143808,552.8250000000002,0.2226416317356886,0.16226227581501007,0.265628457069397,0.0724177360534668,0.22333362698554993,0.1388423889875412,0.20858339965343475,-0.003761380910873413,-0.08572280406951904,0.047416798770427704,0.1464233696460724,0.1613580286502838,0.188523530960083,0.1805480718612671,0.1835617572069168,0.18826881051063538,-0.10167524218559265,-1.8556926250457764,0.26441991329193115,0.17137400805950165,0.0255051851272583,0.49777448177337646,0.19275391101837158,0.1455143690109253,0.44651365280151367,0.43812763690948486,0.19848322868347168,0.36380481719970703,0.5354272127151489,0.34362274408340454,0.135235995054245,-0.6842664480209351,0.17486637830734253,0.10974261164665222,0.02510855719447136,0.09057068824768066,0.171889066696167,0.24163538217544556,0.02681031823158264,-0.6055155992507935,2.0326220989227295
4609.0,92.17900000000004,-13.9449109234759,184.802510611818,386.5460183911653,70850.93517435859,-14.028165114149306,184.8801439687208,386.5459900000001,70946.77948400001,-6.62175419549572,6.434558190918945,-0.0009480731494683,19200.000000000007,0.004991653079366,-0.010616635580617,-2.8391165182161565e-05,0.0,-6.6632167801627205,-63.2980943317923,6.371069426217671,19.35137620288814,0.0178049914459541,-3.537216698731239,19198.711210527577,21.40048339237004,0.002,-0.7960510503276415,3.633175529955046,-0.867306872503536,6.0,10.0,180.0,0.737824518946823,-6.803691726710724,-0.1933401472387738,-2.892595656074477,132.04035358804128,688.0759082275287,156.60506952360322,711.1851342571904,558.9750000000001,0.737824518946823,0.8213494420051575,0.5971933603286743,0.5213274955749512,0.744916558265686,0.5858010053634644,0.7441474199295044,0.6610575914382935,0.46616217494010925,0.850830078125,0.7319879531860352,0.8451948165893555,0.8509417772293091,0.8930342197418213,0.8656210899353027,1.0360794067382812,0.6947858333587646,-1.8223669528961182,0.927108645439148,0.8191636800765991,0.6847451329231262,0.8455432057380676,0.9919660687446594,0.5740674734115601,0.7483662366867065,0.8512274622917175,0.7053415179252625,0.6952403783798218,0.7281031608581543,0.6850705742835999,0.8754434585571289,1.301861047744751,0.8315603733062744,0.8328572511672974,0.6304507255554199,1.7747355699539185,0.5597009658813477,0.8012449145317078,0.914328932762146,0.4126955270767212,0.9582793712615967
4610.0,92.19900000000004,-14.079953560563544,184.9325440596287,386.5457840698656,71234.92477383542,-14.163929268578183,185.01591290883323,386.5459900000001,71330.77948400003,-6.645920425237662,6.625739615719648,0.0068625415478545,19200.000000000007,0.0042714171905379,-0.0048810578276464,0.0002059301345644,0.0,-6.518779787458115,12.314828068888309,6.600801483119975,14.226304359077142,0.0051135127085574,4.212785037417312,19199.673449833,55.78183343771142,0.002,-0.7836694440298412,3.5779310982996235,-0.8888401996386158,6.0,10.0,180.0,0.2739461972988229,-6.717254958840944,-0.1728447829078078,-2.993575531036778,169.18067679402066,701.1849541137643,160.53253476180163,727.3400671285951,554.5500000000002,0.2739461972988229,0.46375930309295654,0.3556498885154724,0.3162803053855896,0.35676345229148865,0.3362275958061218,0.35314035415649414,0.23760804533958435,0.14157554507255554,0.36032360792160034,0.34305232763290405,0.3718246519565582,0.37338709831237793,0.4054482877254486,0.3921787738800049,0.45372456312179565,0.16496431827545166,-1.80150306224823,0.4256933927536011,0.36223751306533813,0.23618970811367035,0.7071139216423035,0.42861396074295044,0.36665263772010803,0.531547486782074,0.606846034526825,0.4148602783679962,0.5240434408187866,0.6155298948287964,0.4273506700992584,0.5217777490615845,-0.20301125943660736,0.35169586539268494,0.3253220319747925,0.13591547310352325,0.875670313835144,0.2662505805492401,0.3700271248817444,0.28776103258132935,-0.10123568028211594,1.3298277854919434
4611.0,92.21900000000002,-14.213404570047317,185.06572193400936,386.5458966850816,71618.92123593533,-14.299696340797448,185.1516810037144,386.5459900000001,71714.77948400001,-6.723118091706546,6.712030011891967,0.0031108835266345,19200.000000000007,0.0019571709988364,-0.0022902562490635,9.331491848515608e-05,0.0,-6.870732207995173,-1.703108892953298,6.707911857535157,14.947243559506576,-0.0178097734290479,-1.644828090460526,19199.689956272465,-17.11562893779968,0.002,-0.8616501060722573,3.556081509076151,-0.9070071840910529,6.0,10.0,180.0,0.3246690333965604,-6.735833268149061,-0.1699287014035147,-3.028489852378459,180.1318383970103,715.9584770568822,163.8732673809008,741.3210335642975,556.2000000000002,0.3246690333965604,0.5463457107543945,0.3877044916152954,0.3648642897605896,0.4166341722011566,0.38179367780685425,0.4242130219936371,0.34044504165649414,0.1996147781610489,0.4759962260723114,0.405786395072937,0.45224350690841675,0.44308459758758545,0.48905128240585327,0.4674835503101349,0.5193111896514893,0.2419285625219345,-1.8064014911651611,0.529638409614563,0.43748390674591064,0.3237382173538208,0.7556168437004089,0.5736897587776184,0.42479613423347473,0.5898746848106384,0.659813642501831,0.4729197323322296,0.5881912112236023,0.6489603519439697,0.44919121265411377,0.6120247840881348,0.25770819187164307,0.41944822669029236,0.3973129987716675,0.22921304404735565,1.088730812072754,0.2837018370628357,0.4250202178955078,0.396442174911499,-0.03635432571172714,1.2588744163513184
4612.0,92.23900000000005,-14.347973177703068,185.2008307967514,386.5459376224806,72002.91544924438,-14.43546208257182,185.28744698778,386.5459900000001,72098.77948400003,-6.762943718354835,6.733852444843724,0.0017457441491876,19200.000000000007,0.0007584562383998,-0.0016314812907385,5.237751958370338e-05,0.0,-6.657480324986132,-9.940060623195755,6.761778895820662,-0.604945891122209,-0.0009614176534259,-3.551112953737296,19199.84369705927,103.02528458928138,0.002,-0.7875013794958139,3.463945858380964,-0.9032410848069587,6.0,10.0,180.0,0.3847447733794127,-6.611340812310154,-0.1557620757624732,-3.0746777847087854,193.13091919850515,719.1567385284411,165.06713369045042,746.2555167821488,557.1750000000002,0.3847447733794127,0.6009003520011902,0.37911468744277954,0.41657310724258423,0.42187267541885376,0.4097265601158142,0.4363586902618408,0.3672562837600708,0.24609148502349854,0.4834865927696228,0.4259952902793884,0.4696193039417267,0.4447713792324066,0.503223180770874,0.4796128273010254,0.5871714353561401,0.27822983264923096,-1.7902270555496216,0.4391038417816162,0.4494522511959076,0.2923617362976074,0.7534200549125671,0.5820116996765137,0.4479810297489166,0.5751043558120728,0.6644054651260376,0.5067608952522278,0.5827732086181641,0.6505627632141113,0.3597685694694519,0.5962764024734497,0.8474154472351074,0.4244801998138428,0.40949222445487976,0.20432382822036743,1.3210407495498657,0.32501503825187683,0.4331931471824646,0.4111390709877014,0.12269226461648941,1.1451177597045898
4613.0,92.25900000000004,-14.483432286485863,185.33565371972256,386.5458787209066,72386.91406539234,-14.57122670051063,185.4232116010972,386.5459900000001,72482.77948400001,-6.773137113018211,6.765257872829373,0.0037091305520526,19200.000000000007,0.0004526869685669,-0.0006891243857673,0.0001112790934285,0.0,-6.825689156699464,8.780013455314208,6.757097395069026,4.511601514409598,-0.0073135477285538,1.6576914193204046,19199.79248077498,-60.12037437851252,0.002,-0.7442908233170483,3.576479624751519,-0.8905092959614705,6.0,10.0,180.0,0.3467213359848416,-6.5938174475757565,-0.14891833939057,-3.101825242560442,194.62395959925257,724.3148692642205,166.1500668452252,750.8157583910744,552.6750000000002,0.3467213359848416,0.48884159326553345,0.3423715829849243,0.3550558090209961,0.3392758071422577,0.35854142904281616,0.3497815430164337,0.2876622676849365,0.1655522584915161,0.37223926186561584,0.33915233612060547,0.36285483837127686,0.3467732071876526,0.39954984188079834,0.3784131407737732,0.4438117742538452,0.15415024757385254,-1.8007020950317383,0.3791550397872925,0.35104528069496155,0.21626126766204834,0.7387993931770325,0.4504804015159607,0.4003630578517914,0.5409842729568481,0.612696647644043,0.4354359805583954,0.5372248888015747,0.616081178188324,0.3607935905456543,0.5149076581001282,0.17796827852725983,0.3294849395751953,0.3012070059776306,0.10937103629112244,1.0194926261901855,0.24913959205150604,0.347744345664978,0.2719363570213318,-0.0269695445895195,1.2361652851104736
4614.0,92.27900000000002,-14.618736078400042,185.47116257907783,386.5458866504199,72770.9081402414,-14.706991202479696,185.5589759986048,386.5459900000001,72866.77948400001,-6.788493552309336,6.773744631785354,0.0034476314625257,19200.000000000007,-8.119770291763857e-06,-0.0004334799719957,0.0001033495802874,0.0,-6.786647954816021,-3.5976580572782195,6.7871355757894944,-3.2935644909975417,0.0014601954239732,5.976684720793344,19200.17077096909,137.31880647673916,0.002,-0.9256374211502232,3.713192157462737,-0.9178479978020204,6.0,10.0,180.0,0.3452548139927777,-6.627036492873788,-0.140623638891653,-3.1433003883223574,197.23947979962628,726.2579346321103,166.6635334226126,752.9723791955372,558.8250000000002,0.3452548139927777,0.5722078084945679,0.35081982612609863,0.4104973077774048,0.3769936263561249,0.40976303815841675,0.3975139856338501,0.3318660259246826,0.22923007607460022,0.427908331155777,0.4032325744628906,0.42227309942245483,0.4035106301307678,0.4623890221118927,0.4423091411590576,0.5670512318611145,0.23905466496944427,-1.801235318183899,0.38955241441726685,0.40512150526046753,0.24330031871795654,0.7506343126296997,0.5323671102523804,0.4329712688922882,0.5528243780136108,0.6405688524246216,0.4968661367893219,0.5587138533592224,0.6345169544219971,0.3470340073108673,0.5616781711578369,0.6474723815917969,0.3844012916088104,0.3703549802303314,0.1298081874847412,1.2987807989120483,0.3005223572254181,0.39540398120880127,0.34221524000167847,0.12391901761293411,1.1006863117218018
4615.0,92.29900000000002,-14.754780779686438,185.60645325209472,386.5459308263668,73154.90996390053,-14.842755601815275,185.69474049764727,386.5459900000001,73250.77948400001,-6.779157704315578,6.789573468925484,0.0019705635502394,19200.000000000007,0.0002720798415603,4.054874164918513e-05,5.917363331557049e-05,0.0,-6.779068355303005,4.330004855443081,6.758064199884506,-1.9631816627796752,0.0038862060791196,3.723977545446941,19199.98214486748,4.296471363684096,0.002,-1.016327935461786,3.678444189658249,-0.9382491156727292,6.0,10.0,180.0,0.3559615292017781,-6.675849031124021,-0.1377039067530739,-3.1391884133763064,198.0552398998132,726.8829673160551,166.8117667113063,753.5861895977687,554.4000000000001,0.3559615292017781,0.522132158279419,0.33943676948547363,0.37892261147499084,0.3451842665672302,0.3780393600463867,0.3611794114112854,0.30227670073509216,0.19294048845767975,0.38075798749923706,0.3601493835449219,0.377163827419281,0.3574260473251343,0.4152189791202545,0.39418381452560425,0.48980003595352173,0.18122604489326477,-1.8105789422988892,0.3524394631385803,0.3632311224937439,0.21041209995746613,0.7439436912536621,0.4707176685333252,0.40775391459465027,0.5380954742431641,0.6189128160476685,0.4657805263996124,0.5385661125183105,0.6157363057136536,0.3320259153842926,0.5197023153305054,0.43732476234436035,0.3403235673904419,0.3178144693374634,0.09818027913570404,1.1419504880905151,0.2709050178527832,0.35814160108566284,0.28474634885787964,0.05448312312364578,1.1617157459259033
4616.0,92.31900000000005,-14.890585587529092,185.74185757042727,386.5459190900177,73538.909522965,-14.978520200184583,185.8305049987311,386.5459900000001,73634.77948400001,-6.777811173773104,6.80157299128187,0.0023621088698991,19200.000000000007,0.000312387284601,0.000400430967425,7.090998243671765e-05,0.0,-6.807861129141321,0.986744400056388,6.814682523661197,4.036110667165636,0.0114687448098953,2.56165119208062,19199.878803621184,55.8215090431756,0.002,-1.099860296328064,3.631699837923736,-0.925552682612553,6.0,10.0,180.0,0.3070553375846222,-6.737321784962849,-0.1352650450329622,-3.153593011430244,199.01211994990652,728.1729836580275,167.13938335565314,754.9805947988843,549.9750000000001,0.3070553375846222,0.5258248448371887,0.35231465101242065,0.3731297254562378,0.36085808277130127,0.38435107469558716,0.37329721450805664,0.3169044256210327,0.1915975660085678,0.4166492223739624,0.3701823055744171,0.3995282053947449,0.3819594383239746,0.4379005432128906,0.4129566550254822,0.4845815896987915,0.19717326760292053,-1.7926769256591797,0.42788758873939514,0.3843848407268524,0.24638158082962036,0.7488998770713806,0.5064542889595032,0.41169273853302,0.5595047473907471,0.6235970258712769,0.46588265895843506,0.556422233581543,0.6288779973983765,0.36526528000831604,0.5473420023918152,0.42534375190734863,0.3634761869907379,0.3423582911491394,0.140341117978096,1.110806941986084,0.2659740746021271,0.3743918538093567,0.31739503145217896,0.030279435217380524,1.1475623846054077
4617.0,92.33900000000004,-15.026342676846731,185.87830857194385,386.5459478659382,73922.90298080686,-15.11428469922024,185.96626960027425,386.5459900000001,74018.77948400003,-6.778019978382742,6.778689680285036,0.0013999981576695,19200.000000000007,0.0003050794078346,-0.0002860697758078,4.213406187578241e-05,0.0,-6.77510835374814,-1.899677194366672,6.810318714784769,-3.9688905252681694,0.0119931727821887,-1.517735727906579,19200.01562401216,0.017415196883374,0.002,-1.0769307007693896,3.559051812504677,-0.9253711504838598,6.0,10.0,180.0,0.3085539680872319,-6.631750980858859,-0.1269639425480448,-3.212574774751906,200.33405997495328,728.0929918290137,167.19319167782658,755.2032973994421,556.1250000000001,0.3085539680872319,0.5581973791122437,0.3545823395252228,0.3997947871685028,0.37201300263404846,0.4006716310977936,0.3910796046257019,0.33723604679107666,0.21718497574329376,0.4193635582923889,0.3866804838180542,0.41363367438316345,0.38583850860595703,0.44877147674560547,0.4249807596206665,0.5246686339378357,0.2175738662481308,-1.8078807592391968,0.36892038583755493,0.39621883630752563,0.23918437957763672,0.7496686577796936,0.5142799019813538,0.43128395080566406,0.5552816390991211,0.6432421803474426,0.4847669005393982,0.5619891881942749,0.6276013851165771,0.3223496377468109,0.5458943247795105,0.6667187213897705,0.3683173358440399,0.34857118129730225,0.13821345567703247,1.238417148590088,0.2908616364002228,0.38399577140808105,0.3350967764854431,0.096232570707798,1.1522932052612305
4618.0,92.35900000000002,-15.162202531928145,186.01393032735305,386.5459959128307,74306.90179948948,-15.250049099743062,186.1020339007693,386.5459900000001,74402.77948400001,-6.7748817582829925,6.783448520587411,-0.0001941210481881,19200.000000000007,0.000400234327956,-0.0001432279129114,-5.912830544226987e-06,0.0,-6.792737975171964,3.663397357373229,6.77370739755929,-0.6744240194706723,0.0122156479081716,-4.461894468906608,19199.981287730578,30.03278136324604,0.002,-1.0453098811585928,3.579492508434584,-0.9143663487395084,6.0,10.0,180.0,0.3452971806497701,-6.618531711219886,-0.128914379052375,-3.223816613638557,199.58902998747664,728.1914959145068,167.1635958389133,755.0756486997211,551.7000000000002,0.3452971806497701,0.5206165313720703,0.3516730070114136,0.3737478256225586,0.354808509349823,0.37768375873565674,0.36968570947647095,0.32104480266571045,0.1887705773115158,0.39797431230545044,0.35692012310028076,0.3862447142601013,0.3583722710609436,0.41964441537857056,0.39409658312797546,0.46202659606933594,0.1768856942653656,-1.8064340353012085,0.3646644949913025,0.3714773654937744,0.22723503410816193,0.7458105683326721,0.47834235429763794,0.41584113240242004,0.5525150299072266,0.6282778382301331,0.45960375666618347,0.5549099445343018,0.6182119250297546,0.3260803818702698,0.5235322117805481,0.48889613151550293,0.34166383743286133,0.31475698947906494,0.13029280304908752,1.1055898666381836,0.2664237916469574,0.36104869842529297,0.3020685315132141,0.026343442499637604,1.2105154991149902
4619.0,92.37900000000003,-15.297495631409836,186.14967840841635,386.5460078131124,74690.90006445504,-15.38581370060393,186.23779849972885,386.5459900000001,74786.77948400003,-6.790579819822689,6.783993412957256,-0.0006253846285367,19200.000000000007,-7.127100220335389e-05,-0.0001268128481665,-1.781311219838706e-05,0.0,-6.760510051346759,-1.398596647829565,6.802949930229214,-2.0684430303062458,-0.0012387359123953,-3.838618421520468,19200.016010823,-90.14968191556795,0.002,-1.0974513111501971,3.6461562201039457,-0.923437618488134,6.0,10.0,180.0,0.3360536692464609,-6.596628953101172,-0.1284179346249324,-3.244829560559861,200.86651499373832,727.7437479572534,167.14029791945666,754.9708243498605,554.7000000000002,0.3360536692464609,0.5500389337539673,0.35745900869369507,0.39049890637397766,0.37323683500289917,0.3933946490287781,0.389751672744751,0.3376111686229706,0.20983915030956268,0.4210068881511688,0.3807019889354706,0.41267627477645874,0.38399502635002136,0.4461754858493805,0.42102766036987305,0.5058979988098145,0.21049973368644714,-1.8032177686691284,0.3799190819263458,0.39530932903289795,0.24446558952331543,0.7487829327583313,0.5123291611671448,0.42777174711227417,0.5590311288833618,0.6413872838020325,0.47778940200805664,0.5640020370483398,0.6272128820419312,0.3260726034641266,0.5448949933052063,0.6536540985107422,0.36687466502189636,0.34420159459114075,0.1495593935251236,1.2028717994689941,0.2849152982234955,0.3824962377548218,0.33595162630081177,0.06963645666837692,1.176755428314209
4620.0,92.39900000000002,-15.433309363911729,186.2851784169321,386.54600903777686,75074.90326411507,-15.521578100177363,186.3735630992765,386.5459900000001,75170.77948400001,-6.788950935645505,6.792808794287625,-0.0006287858110677,19200.000000000007,-2.184201724552009e-05,0.0001375792430236,-1.9037775795278425e-05,0.0,-6.787128980367514,2.0685858730191624,6.768790893085189,-1.530982332111994,-0.0068509302345957,-2.263131694905389,19200.325516012825,4.270481688456317,0.002,-1.079907740949265,3.5880277284899504,-0.9210493502577614,6.0,10.0,180.0,0.3237143075717472,-6.6547854460922125,-0.1313429889289009,-3.202827837618758,199.8982574968692,727.8628739786267,167.10514895972833,754.8219121749303,560.8500000000001,0.3237143075717472,0.5353280305862427,0.34910035133361816,0.3843322992324829,0.36282894015312195,0.38499513268470764,0.38042956590652466,0.32460200786590576,0.19774873554706573,0.3967174291610718,0.36870479583740234,0.3961159288883209,0.3703235983848572,0.43005669116973877,0.4076327085494995,0.4971303939819336,0.19386401772499084,-1.8075814247131348,0.3598761558532715,0.38015785813331604,0.230242520570755,0.7467353940010071,0.4937923550605774,0.42090561985969543,0.5490508079528809,0.6361722946166992,0.471917062997818,0.5558658838272095,0.6212417483329773,0.32967162132263184,0.5329974293708801,0.563601553440094,0.3534716069698334,0.3276931047439575,0.13395525515079498,1.2022590637207031,0.27466365694999695,0.3707813024520874,0.31468862295150757,0.036067672073841095,1.2182838916778564
4621.0,92.419,-15.569076561934043,186.4207782300877,386.54600400474686,75458.90563259296,-15.657342698918772,186.5093274011361,386.5459900000001,75554.77948400001,-6.788858473834962,6.798298226658889,-0.0004982411832194,19200.000000000007,-1.9142823574228035e-05,0.0003020694781009,-1.4004744905501369e-05,0.0,-6.787830072611618,-1.5207941098935724,6.796890903449773,-2.56347599067866,-0.0104737779309452,-0.9814328167676442,19199.810608815475,-98.70461883639412,0.002,-1.0757517776638794,3.579316103459095,-0.9210983045894592,6.0,10.0,180.0,0.3284823274272396,-6.672390154646678,-0.1313464846081389,-3.184913431524254,200.0801287484346,728.1239369893133,167.17407447986415,755.1174560874651,556.4250000000001,0.3284823274272396,0.554730236530304,0.3543187379837036,0.39614537358283997,0.3719659745693207,0.3985580503940582,0.3903578519821167,0.336104154586792,0.2144201695919037,0.4199882745742798,0.38501107692718506,0.4127725064754486,0.3866822123527527,0.4483092725276947,0.42481905221939087,0.5206058621406555,0.21553881466388702,-1.8040508031845093,0.37891608476638794,0.3956356644630432,0.24197831749916077,0.749325156211853,0.51639324426651,0.4285335838794708,0.5566729307174683,0.6416517496109009,0.48291248083114624,0.5622709393501282,0.6287805438041687,0.33125945925712585,0.5476442575454712,0.6417160034179688,0.36925700306892395,0.34824487566947937,0.1411290317773819,1.230273962020874,0.287259042263031,0.383914589881897,0.33413106203079224,0.08205757290124893,1.1600568294525146
4622.0,92.43900000000004,-15.7050377606492,186.5568955211878,386.5459532467663,75842.90004356344,-15.793107198412702,186.64509200270192,386.5459900000001,75938.77948400001,-6.782304079082634,6.786510424522457,0.0011949715938344,19200.000000000007,0.0001778611126038,-5.0719946225338805e-05,3.675322344002202e-05,0.0,-6.788819572102502,-0.3132340393927807,6.807851830432102,-1.5256215593661722,-0.00514680213133,3.6691894393911264,19199.68961356108,-8.53318991589283,0.002,-1.0457760988158709,3.5801774530805344,-0.9323951158609328,6.0,10.0,180.0,0.2616770430814022,-6.716920556986075,-0.1289005656348982,-3.246447571769356,200.4095643742173,728.3469684946567,167.24453723993207,755.4182280437326,552.0000000000001,0.2616770430814022,0.543265700340271,0.3473278284072876,0.38868018984794617,0.3595145344734192,0.3933337926864624,0.37617218494415283,0.32074466347694397,0.20821700990200043,0.4117503762245178,0.3781474530696869,0.40057921409606934,0.3797658681869507,0.4392762780189514,0.4161980152130127,0.5123611092567444,0.20677447319030762,-1.802656888961792,0.3872070908546448,0.38457030057907104,0.23214207589626312,0.7474218010902405,0.503751277923584,0.4172024428844452,0.5512027740478516,0.6275907754898071,0.47687867283821106,0.5528708100318909,0.6258865594863892,0.33843255043029785,0.5411931872367859,0.5491806864738464,0.36220625042915344,0.3433692455291748,0.12105968594551086,1.185693383216858,0.280411034822464,0.3754490911960602,0.31517648696899414,0.08526457101106644,1.117046594619751
4623.0,92.45900000000005,-15.840792459996717,186.6930793156439,386.5459687514226,76226.89906955167,-15.928871699737837,186.7808566012517,386.5459900000001,76322.77948400001,-6.782657645063312,6.772570486611049,0.0007091440855457,19200.000000000007,0.0001674655569007,-0.000469714516682,2.12485290070386e-05,0.0,-6.779275489089294,-2.61773252162618,6.768072127051326,-3.355646325032127,-0.0007203682510148,1.1502782982815247,19200.187130201568,-55.81623142093474,0.002,-1.029420377918929,3.5875920064830047,-0.9156706513244616,6.0,10.0,180.0,0.2989406108764836,-6.601178610459475,-0.1259542963294949,-3.259745851308181,199.87978218710865,727.9944842473284,167.13226861996606,754.9371140218664,558.1500000000001,0.2989406108764836,0.5641213059425354,0.3530450761318207,0.40307435393333435,0.37507912516593933,0.4038119912147522,0.3952387571334839,0.33792203664779663,0.22174718976020813,0.42422711849212646,0.39307060837745667,0.41714340448379517,0.39301830530166626,0.454103946685791,0.4314992427825928,0.5389339923858643,0.22518208622932434,-1.8044085502624512,0.3795843720436096,0.3998686969280243,0.24228739738464355,0.7501281499862671,0.5243403315544128,0.4323289096355438,0.5556677579879761,0.6429708003997803,0.4895951449871063,0.5620988011360168,0.6314690113067627,0.33417224884033203,0.5529648065567017,0.6774169206619263,0.3749937117099762,0.356083482503891,0.13830141723155975,1.2745240926742554,0.2927106022834778,0.388404905796051,0.3378470540046692,0.09787917882204056,1.137892246246338
4624.0,92.47900000000004,-15.97643109873403,186.8286418406529,386.5459607197822,76610.8988451957,-16.064636202180118,186.91662099871192,386.5459900000001,76706.77948400003,-6.786824699318916,6.7792958139672495,0.0009740360000921,19200.000000000007,4.210379961912032e-05,-0.000268040016995,2.92803084079051e-05,0.0,-6.787838730210534,-2.567219039725981,6.762913131477073,-0.062892035247393,0.0068231659189269,0.8003722421736568,19199.56984030944,12.844606803663144,0.002,-1.0614056401827092,3.601403305093493,-0.938850157171107,6.0,10.0,180.0,0.281350547668034,-6.604455617169577,-0.1215586304600711,-3.2663510621069016,199.2388910935544,727.9727421236641,167.08763430998303,754.7465570109332,553.7250000000001,0.281350547668034,0.5564663410186768,0.35722285509109497,0.3944692313671112,0.37680232524871826,0.39830511808395386,0.39420241117477417,0.33800840377807617,0.2152186930179596,0.43544524908065796,0.39073431491851807,0.41867512464523315,0.3966025710105896,0.45607203245162964,0.4314756393432617,0.5216519236564636,0.22195246815681458,-1.7954193353652954,0.41163262724876404,0.4019632935523987,0.25320810079574585,0.7510790824890137,0.5317274928092957,0.42657026648521423,0.5634840726852417,0.6384506225585938,0.48481470346450806,0.5653339624404907,0.6350398063659668,0.35142579674720764,0.5587146878242493,0.6282870769500732,0.37790265679359436,0.3584420382976532,0.15036363899707794,1.220583200454712,0.28565603494644165,0.38929253816604614,0.34082597494125366,0.07491091638803482,1.1346756219863892
4625.0,92.49900000000004,-16.11227248594214,186.9641408328827,386.5460017948624,76994.9038966437,-16.20040060311495,187.05238549775112,386.5459900000001,77090.77948400003,-6.784268525914008,6.788147728076405,-0.0004294365221828,19200.000000000007,0.0001187868392625,-2.3325943098536804e-06,-1.1794602901190668e-05,0.0,-6.79618027104615,0.3686955278262246,6.787861132382028,6.036947688619951,-0.0046538524269763,-1.8941973206234024,19200.222326584004,-17.155774445886436,0.002,-0.9770435034527848,3.48761161943895,-0.9552411431196408,6.0,10.0,180.0,0.272947885760013,-6.63422495800846,-0.1240312570855653,-3.219688722652029,199.28844554677715,728.2933710618321,167.1628171549915,755.0682785054667,555.3750000000001,0.272947885760013,0.5277758240699768,0.35870546102523804,0.3700818717479706,0.3732818365097046,0.37977030873298645,0.38502171635627747,0.32882577180862427,0.18829122185707092,0.4240748882293701,0.37197792530059814,0.40995854139328003,0.3897169232368469,0.4449840784072876,0.41912326216697693,0.479916512966156,0.2005021572113037,-1.7907335758209229,0.43987730145454407,0.3938784897327423,0.2619893252849579,0.750554621219635,0.5151112675666809,0.4172309339046478,0.5672266483306885,0.6358194351196289,0.4621909558773041,0.5654885768890381,0.6315568685531616,0.3720041513442993,0.5559958815574646,0.467690110206604,0.37149813771247864,0.34586235880851746,0.1698005497455597,1.1358275413513184,0.26398125290870667,0.3817748427391052,0.3351467251777649,-0.008132152259349823,1.2086201906204224
4626.0,92.51900000000003,-16.24782186661945,187.0999459952025,386.5459432751808,77378.9009188906,-16.33616510123147,187.1881499977393,386.5459900000001,77474.77948400003,-6.791464550971613,6.786788873468805,0.001552973500243,19200.000000000007,-9.643349862024526e-05,-4.3094623355868765e-05,4.672439452151284e-05,0.0,-6.777589051324044,-2.9894630925482373,6.766115523451731,2.507348773097996,-0.0036313172571239,-0.118444426560341,19199.48379310733,4.293892354438469,0.002,-1.032835934760878,3.6015851020908016,-0.9305631535411286,6.0,10.0,180.0,0.3470926818044116,-6.671418738435408,-0.1206453434109061,-3.2443478207819125,199.31922277338856,727.926185530916,167.08190857749577,754.7221392527333,556.3500000000001,0.3470926818044116,0.5542365908622742,0.35996511578559875,0.38880616426467896,0.3829333782196045,0.3937249183654785,0.39843207597732544,0.3402712047100067,0.210323303937912,0.44038987159729004,0.39137333631515503,0.4246392846107483,0.403685063123703,0.46107715368270874,0.43615156412124634,0.5193105340003967,0.2246820628643036,-1.7914247512817383,0.43197792768478394,0.4074382483959198,0.2641292214393616,0.7519606947898865,0.5385096669197083,0.4259296655654907,0.5679512023925781,0.6416714191436768,0.48346319794654846,0.5691018104553223,0.6366051435470581,0.3638925552368164,0.566024124622345,0.6217353940010071,0.3849220871925354,0.3636777698993683,0.1678408533334732,1.2215654850006104,0.28213420510292053,0.3942286968231201,0.3508361577987671,0.04761997610330582,1.1605547666549683
4627.0,92.53900000000002,-16.383670363924796,187.2353952796525,386.54599431622376,77762.89519714279,-16.471929798861602,187.3239145985328,386.5459900000001,77858.77948400003,-6.7886340209575735,6.7972987100609,-0.0001770284070474,19200.000000000007,-1.2334760511207592e-05,0.0002723232870671,-4.31766551882044e-06,0.0,-6.811755751330307,-2.3202077237372043,6.785165460331236,4.51405782310594,-0.0036799918893282,-5.376020577179573,19200.08470688818,137.3339760691538,0.002,-0.9909971722664962,3.5986971082317547,-0.9334103471713956,6.0,10.0,180.0,0.325564253486995,-6.686059967702283,-0.1172154068879724,-3.294109963217835,198.8106113866943,728.584092765458,167.19845428874788,755.2225696263666,559.2750000000001,0.325564253486995,0.5490067601203918,0.36698484420776367,0.3845173716545105,0.3896859586238861,0.3854992687702179,0.40463343262672424,0.34976330399513245,0.20237182080745697,0.4432583451271057,0.38725194334983826,0.42949825525283813,0.4044750928878784,0.46262168884277344,0.43624407052993774,0.5025007724761963,0.21975645422935486,-1.7902905941009521,0.43977952003479004,0.4118719696998596,0.2772060036659241,0.7542292475700378,0.5389946103096008,0.4300633370876312,0.5758509635925293,0.6520984172821045,0.4775387942790985,0.5774909853935242,0.6396950483322144,0.36819300055503845,0.5694828033447266,0.6036711931228638,0.3859698176383972,0.36040544509887695,0.19163373112678528,1.2026251554489136,0.2760046720504761,0.39621132612228394,0.36245012283325195,0.008294142782688141,1.2264430522918701
4628.0,92.55900000000004,-16.51989678135239,187.37124531895523,386.54592212636834,78146.90011832071,-16.607694098401744,187.4596790009633,386.5459900000001,78242.77948400001,-6.773243598979299,6.79445377202197,0.0022341598370155,19200.000000000007,0.0004493825350471,0.000186786925459,6.797281866851036e-05,0.0,-6.797094721353899,6.2259836818857766,6.808579777435739,0.7374061312265529,-0.0119374495768589,4.999502223911972,19199.895728492324,-98.69154029759932,0.002,-1.0327457078005846,3.6005392939483274,-0.9504505624505492,6.0,10.0,180.0,0.3012124121888891,-6.6723514374954025,-0.1152192235155111,-3.2622877261736627,199.55280569334712,728.755546382729,167.28272714437395,755.5837848131833,576.3000000000002,0.3012124121888891,0.5134822726249695,0.3299430012702942,0.3730394244194031,0.34621530771255493,0.3705776333808899,0.3635302782058716,0.29394274950027466,0.17627349495887756,0.3522879183292389,0.3548145890235901,0.3753003478050232,0.35931962728500366,0.41160088777542114,0.3954591751098633,0.5084322690963745,0.18005162477493286,-1.8116614818572998,0.3442714214324951,0.3602258265018463,0.20905818045139313,0.7390226721763611,0.4687175750732422,0.4042103886604309,0.5266300439834595,0.6237305402755737,0.460076242685318,0.5348004102706909,0.6132186055183411,0.3448786437511444,0.5219911336898804,0.4012458324432373,0.34293290972709656,0.31585684418678284,0.10880778729915619,1.2408227920532227,0.2593976557254791,0.3583901524543762,0.2876219153404236,-0.013015501201152802,1.2660272121429443
4629.0,92.57900000000004,-16.655007456305036,187.50708650569032,386.5459626897356,78530.89680444662,-16.74345859888748,187.59544350270943,386.5459900000001,78626.779484,-6.795033884499858,6.791898005520759,0.0009109763969695,19200.000000000007,-0.0002041432529913,0.000110297820198,2.731123671256668e-05,0.0,-6.781218153968682,-3.3610651100417472,6.80247264292085,2.555298212246523,0.0038888896783305,2.9950460946040223,19200.23892403756,85.83019722342712,0.002,-1.0902141432367571,3.5929058109286376,-0.9337605118297538,6.0,10.0,180.0,0.3682728632461257,-6.628376623948266,-0.1127588196018213,-3.277589393141468,200.2364028466736,728.4612731913645,167.25886357218698,755.4808924065917,571.8000000000002,0.3682728632461257,0.5614209175109863,0.3527737259864807,0.39548030495643616,0.38697877526283264,0.3981611728668213,0.40546274185180664,0.336526095867157,0.2100019007921219,0.4236653745174408,0.3982406258583069,0.429695725440979,0.41238415241241455,0.46643608808517456,0.44595029950141907,0.5575681328773499,0.2372066229581833,-1.792671799659729,0.4221714437007904,0.41126108169555664,0.2623732089996338,0.752124011516571,0.5464912056922913,0.42884373664855957,0.5590831637382507,0.647239089012146,0.4904787838459015,0.566582202911377,0.6342822313308716,0.37009352445602417,0.5726884007453918,0.6534141898155212,0.3934357166290283,0.37280452251434326,0.16935980319976807,1.33183753490448,0.28385260701179504,0.4001462459564209,0.358991801738739,0.035486556589603424,1.195357322692871
4630.0,92.59900000000005,-16.791495669155424,187.64298161249857,386.54591373212287,78914.89719381675,-16.879223199190633,187.73120810139403,386.5459900000001,79010.77948400003,-6.770914022094873,6.787534441970756,0.0025422424019108,19200.000000000007,0.0005192682443821,-2.06168951473832e-05,7.626926574506315e-05,0.0,-6.833768872516624,4.219665016380849,6.79421562989032,-2.557195077677348,0.003917813002872,7.8827557873005905,19199.99917744752,72.93163867140801,0.002,-1.0831667775815188,3.5892039969573086,-0.9161344979018868,6.0,10.0,180.0,0.2330374153492617,-6.658643743680453,-0.1108316224108082,-3.2914100418899714,198.8522014233368,729.3761365956823,167.3789317860935,755.9989462032959,572.325,0.2330374153492617,0.5325361490249634,0.33015355467796326,0.3910374045372009,0.3474119007587433,0.3832710087299347,0.36920419335365295,0.30175480246543884,0.1951904594898224,0.364097535610199,0.3686869144439697,0.381527841091156,0.365667462348938,0.42110610008239746,0.40512460470199585,0.5334300398826599,0.1947135329246521,-1.8158776760101318,0.33815664052963257,0.3665749430656433,0.20745056867599487,0.7460579872131348,0.4807007312774658,0.41356948018074036,0.5282928943634033,0.62706458568573,0.47834083437919617,0.5370067954063416,0.6165324449539185,0.3396267294883728,0.527788519859314,0.46745598316192627,0.3483862578868866,0.3267362713813782,0.09464894235134125,1.2779226303100586,0.2719525098800659,0.36374783515930176,0.29105305671691895,0.04578251391649246,1.19707453250885
4631.0,92.61900000000004,-16.92726473425727,187.77888379563447,386.54603725677225,79298.9004586459,-17.0149876997558,187.86697249935523,386.5459900000001,79394.77948400003,-6.770757671988794,6.782955169554862,-0.0015688579241989,19200.000000000007,0.0005241317635142,-0.0001581037893819,-4.725646117012228e-05,0.0,-6.754171926478911,3.724945474141799,6.784700313692549,-2.6251031068946515,0.0160928650845753,-0.4380802871065633,19200.325328385465,68.70761109805994,0.002,-1.085113316811498,3.5917496343669906,-0.9362333917969514,6.0,10.0,180.0,0.2870951614233302,-6.62548979786984,-0.1152579071203237,-3.2663739100073728,200.2376007116684,728.0810682978411,167.17396589304673,755.1164731016479,583.3500000000001,0.2870951614233302,0.5356734991073608,0.33730819821357727,0.38870441913604736,0.36328980326652527,0.3810674250125885,0.3841700553894043,0.31387507915496826,0.1896674633026123,0.36123931407928467,0.36833104491233826,0.392440527677536,0.3690672516822815,0.42479950189590454,0.4082092344760895,0.5320183634757996,0.19724559783935547,-1.8183313608169556,0.31979188323020935,0.37534236907958984,0.216647207736969,0.745851457118988,0.48393553495407104,0.4198533594608307,0.52937912940979,0.6428173780441284,0.47185951471328735,0.5463806390762329,0.6128261089324951,0.32490140199661255,0.5289757251739502,0.593511164188385,0.3524532914161682,0.3248332440853119,0.12877129018306732,1.3358186483383179,0.2743133008480072,0.3702471852302551,0.3129193186759949,0.0028442218899726868,1.3021478652954102
4632.0,92.63900000000004,-17.062513282198,187.914261240908,386.5460596093701,79682.90764954936,-17.150752200418296,188.0027369996037,386.5459900000001,79778.77948400001,-6.787953971107498,6.795849560076957,-0.0023192872996178,19200.000000000007,8.282276779461424e-06,0.0002288552251107,-6.960963656938682e-05,0.0,-6.77418130519101,-3.2450346174134297,6.776855547867719,1.770213714789436,0.008778493806037,-3.044028037511697,19200.599136573663,-47.186911386716886,0.002,-1.10146039350997,3.6131469993158993,-0.9285020621852764,6.0,10.0,180.0,0.3187474028926341,-6.680179937721019,-0.1225825919288026,-3.198256912868385,200.15780035583413,727.8060341489205,167.10698294652337,754.828736550824,573.3750000000001,0.3187474028926341,0.5636405348777771,0.3597412109375,0.39721789956092834,0.39465126395225525,0.39364421367645264,0.4138294458389282,0.3481459319591522,0.2099427729845047,0.426213800907135,0.3970029950141907,0.4340376853942871,0.4103422164916992,0.4668566584587097,0.44494831562042236,0.5463717579841614,0.23433615267276764,-1.7939995527267456,0.40868979692459106,0.41504591703414917,0.26833266019821167,0.7527108788490295,0.5448983311653137,0.436541885137558,0.5638189315795898,0.6574856042861938,0.4896368384361267,0.5735316276550293,0.6366236805915833,0.35891193151474,0.571304202079773,0.7150828838348389,0.39176520705223083,0.36734411120414734,0.18571047484874725,1.3359049558639526,0.28545477986335754,0.4015543460845947,0.3683609366416931,0.020193256437778473,1.2470059394836426
4633.0,92.65900000000002,-17.19842160883492,188.0503638908142,386.5460125608235,80066.90647026456,-17.286516600987945,188.13850170078507,386.5459900000001,80162.77948400003,-6.783159612787033,6.784579764156739,-0.0007552351392112,19200.000000000007,0.0001518106819223,-0.0001093887107562,-2.256089212153428e-05,0.0,-6.804181785107609,2.56205791989765,6.831761584479283,-1.0934942081965695,0.0117259275649664,-2.8126158306616715,19199.809690215166,30.0076028599026,0.002,-1.1497408680768586,3.626977828983904,-0.9319891729268118,6.0,10.0,180.0,0.3119672938545293,-6.674748189388279,-0.1240287684787293,-3.20951449689398,200.5859001779171,728.6675170744602,167.32699147326167,755.772368275412,573.6000000000001,0.3119672938545293,0.5354211330413818,0.34614676237106323,0.3864831030368805,0.36613643169403076,0.3844277858734131,0.3855474293231964,0.3236255645751953,0.19157928228378296,0.3828660249710083,0.36903536319732666,0.3991844654083252,0.37320059537887573,0.4314638376235962,0.41155242919921875,0.5141315460205078,0.19768673181533813,-1.81039559841156,0.34851065278053284,0.38205018639564514,0.230950728058815,0.7477043867111206,0.4935663342475891,0.4236738979816437,0.5438407063484192,0.6428762674331665,0.4704391062259674,0.5562413334846497,0.6191877722740173,0.3303229510784149,0.5356801748275757,0.571052610874176,0.3563934564590454,0.32950493693351746,0.14201298356056213,1.2660918235778809,0.27240291237831116,0.3732801377773285,0.322923481464386,0.010743089020252228,1.2780226469039917
4634.0,92.67900000000004,-17.33414958043543,188.186133807981,386.5460537665665,80450.90987997765,-17.422281201473538,188.27426600028213,386.5459900000001,80546.77948400003,-6.784377473482475,6.78441303900033,-0.0021257438705648,19200.000000000007,0.0001153762973074,-0.0001147018216394,-6.376652192078816e-05,0.0,-6.766587143207779,-0.1237981244964073,6.77024587478266,-0.0698457782235933,-0.0080600265653657,-5.494055543740773,19200.290993023733,-128.76029953811752,0.002,-1.15119520916912,3.6199921409737694,-0.929658360225058,6.0,10.0,180.0,0.3481722139079976,-6.628863950661421,-0.1274331745517607,-3.184334947324437,200.38995008895853,727.89825853723,167.14199573663083,754.978184137706,584.2500000000001,0.3481722139079976,0.5539116859436035,0.3528335988521576,0.394626259803772,0.38827571272850037,0.38886433839797974,0.4090280532836914,0.34114986658096313,0.1997283697128296,0.39650246500968933,0.3846374750137329,0.4210616946220398,0.3941512107849121,0.45065510272979736,0.4316427707672119,0.5417695641517639,0.21928104758262634,-1.804245114326477,0.36123183369636536,0.40185868740081787,0.25162672996520996,0.7499362826347351,0.5200960636138916,0.4367726743221283,0.5510596036911011,0.6604633331298828,0.47904494404792786,0.5674818158149719,0.6274313926696777,0.3409213423728943,0.554931640625,0.7108745574951172,0.3770083785057068,0.34740233421325684,0.17648862302303314,1.3721870183944702,0.28074851632118225,0.39121246337890625,0.3543546795845032,-0.01017945259809494,1.3288878202438354
4635.0,92.69900000000004,-17.46999521313603,188.32171072765,386.5460188359783,80834.90882208521,-17.55804570037918,188.4100304986258,386.5459900000001,80930.77948400003,-6.781689980214378,6.790651054934189,-0.0009597892445329,19200.000000000007,0.0001965050257843,7.287885146152264e-05,-2.8835970187044937e-05,0.0,-6.802989769775809,1.3508500230631224,6.793480089692406,-4.818504692089583,-0.0060809555932242,-2.257223357870186,19199.82730668429,17.17445352955055,0.002,-1.1408980172704823,3.594776939445572,-0.9316654637219371,6.0,10.0,180.0,0.2792980502952465,-6.66940641101777,-0.1293843160836639,-3.1791923264675885,199.80297504447927,728.440629268615,167.22749786831542,755.3460920688531,573.8250000000002,0.2792980502952465,0.5517066717147827,0.34581470489501953,0.4006403386592865,0.3690260946750641,0.3929952085018158,0.39186620712280273,0.3307875394821167,0.20709164440631866,0.3867117762565613,0.378619909286499,0.4035845398902893,0.3756330609321594,0.4365594983100891,0.41775748133659363,0.5355473756790161,0.20800131559371948,-1.8187004327774048,0.3257174491882324,0.38614606857299805,0.22576573491096497,0.7486505508422852,0.4991292357444763,0.43131497502326965,0.5412320494651794,0.6498371362686157,0.48507848381996155,0.5560793876647949,0.6182827949523926,0.317241370677948,0.5361288189888,0.649743378162384,0.3590056002140045,0.3338443338871002,0.13251206278800964,1.3183670043945312,0.28529125452041626,0.37757205963134766,0.32564663887023926,0.052191801369190216,1.2540589570999146
4636.0,92.71900000000004,-17.605869878770157,188.45740227276283,386.54600820000326,81218.90982904375,-17.69381019791179,188.5457949981759,386.5459900000001,81314.77948400001,-6.778002540299771,6.793056996292444,-0.0006004212021207,19200.000000000007,0.0003068776682324,0.000145927484679,-1.8200005116126685e-05,0.0,-6.768311959173731,3.0491095151230243,6.782963376191532,-1.7122673717199788,-0.007817009873826,0.1807503084920202,19200.187688112102,-68.67909020078207,0.002,-1.114730393569789,3.607700969330165,-0.9187635036246868,6.0,10.0,180.0,0.2831399601211209,-6.620528604483053,-0.1303627914128343,-3.1817855901585395,200.2594875222396,727.9043146343075,167.13524893415772,754.9500460344266,573.8250000000002,0.2831399601211209,0.5342526435852051,0.34050241112709045,0.38532206416130066,0.36153867840766907,0.3821713328361511,0.3805121183395386,0.3151977062225342,0.19255013763904572,0.37476280331611633,0.3681260943412781,0.3929330110549927,0.37022092938423157,0.4266977608203888,0.40826183557510376,0.5192903876304626,0.19605839252471924,-1.8124842643737793,0.3408794105052948,0.3763805031776428,0.22160395979881287,0.7456688284873962,0.48796701431274414,0.41857296228408813,0.5369696617126465,0.6377694010734558,0.4717020094394684,0.548491358757019,0.6165695786476135,0.3305075168609619,0.531012237071991,0.564113974571228,0.35363510251045227,0.32707327604293823,0.128219872713089,1.278564214706421,0.2736121714115143,0.3703047037124634,0.3116048574447632,0.016984380781650543,1.25944185256958
4637.0,92.73900000000005,-17.74113065030515,188.5929738045401,386.5459961278305,81602.90492935819,-17.8295746974218,188.68155959978031,386.5459900000001,81698.77948400003,-6.794795056361524,6.799516697787905,-0.0002006768711059,19200.000000000007,-0.000197243548325,0.0003388900030715,-6.127831176195808e-06,0.0,-6.766115174388484,-4.631904047174936,6.762191883627837,-2.982347027976911,-0.0043857172835207,1.9506093345184607,19199.586890321825,0.0024888442262522,0.002,-1.1438597142736038,3.6327889036127576,-0.9314873635240514,6.0,10.0,180.0,0.3373665493432166,-6.669895563942698,-0.1313358939086017,-3.227980721994862,200.0422437611198,727.4616573171538,167.02212446707887,754.4650230172133,578.3250000000002,0.3373665493432166,0.583575963973999,0.3517909348011017,0.41551661491394043,0.3935166895389557,0.4095466434955597,0.41761669516563416,0.3464900255203247,0.2281678020954132,0.41933462023735046,0.4100306034088135,0.43596601486206055,0.41420459747314453,0.4716060757637024,0.45355167984962463,0.5921622514724731,0.2506864070892334,-1.8033363819122314,0.3763048052787781,0.41650867462158203,0.25363320112228394,0.7524402737617493,0.5496283769607544,0.44459962844848633,0.5524367094039917,0.6581577062606812,0.5042411088943481,0.5672507882118225,0.6350970268249512,0.3457130193710327,0.5715088248252869,0.7884103059768677,0.3956179916858673,0.37593209743499756,0.16088268160820007,1.4409488439559937,0.3012068271636963,0.40565234422683716,0.3659173250198364,0.0777423158288002,1.2021253108978271
4638.0,92.75900000000004,-17.877091771240494,188.7288146281322,386.5459862578678,81986.90751480169,-17.96533919940491,188.81732410163536,386.5459900000001,82082.77948400003,-6.788241823772846,6.79697523744309,0.0001309075801215,19200.000000000007,-5.250353380782473e-07,0.0002625693698392,3.7421323027540895e-06,0.0,-6.805189563384768,-3.300014255260119,6.805152362719741,-0.3063931861576307,-0.0014502628758449,3.3636651588592863,19200.22206622689,-68.67375200352714,0.002,-1.1674797349462929,3.611222577763753,-0.9282173584153506,6.0,10.0,180.0,0.2822648037123242,-6.648499461549908,-0.1323136197985617,-3.20797513033688,199.8511218805599,728.3403286585769,167.20756223353942,755.2620115086066,572.9250000000001,0.2822648037123242,0.5687869191169739,0.35086578130722046,0.4051457941532135,0.3851528465747833,0.4043528139591217,0.40672433376312256,0.3381863236427307,0.21782149374485016,0.41891175508499146,0.40115660429000854,0.42829805612564087,0.4092167913913727,0.4654625952243805,0.4463356137275696,0.5702028274536133,0.23963716626167297,-1.7976871728897095,0.39803558588027954,0.40986332297325134,0.2544710338115692,0.7518803477287292,0.5436486601829529,0.4337579905986786,0.5547913312911987,0.6486544609069824,0.4958105981349945,0.5650303363800049,0.633865237236023,0.35802340507507324,0.5692368745803833,0.6815841197967529,0.39045774936676025,0.37105804681777954,0.156977117061615,1.36235773563385,0.29032471776008606,0.39925533533096313,0.3560277819633484,0.06193146854639053,1.1881904602050781
4639.0,92.77900000000002,-18.01309470536904,188.8649406350005,386.5459922112772,82370.90591072515,-18.10110370015328,188.9530885016272,386.5459900000001,82466.77948400001,-6.780268310833177,6.784926210438992,-6.968013342440118e-05,19200.000000000007,0.0002382049663591,-9.8933516046955e-05,-2.21127700459962e-06,0.0,-6.787323415905338,1.1001129579462172,6.762468547582202,1.3317028292918007,0.0024141821678827,0.7312881621708591,19199.535537642023,-4.288888917024718,0.002,-1.1551110873823718,3.570329038722836,-0.9349888106606288,6.0,10.0,180.0,0.3374524850673711,-6.628989795565559,-0.1313479772699228,-3.229457757657351,199.22856094027995,728.1321643292885,167.12228111676973,754.8970057543033,579.075,0.3374524850673711,0.5442085862159729,0.34578120708465576,0.38991591334342957,0.3760607838630676,0.3882654309272766,0.3957864046096802,0.32547682523727417,0.19565477967262268,0.3903391659259796,0.380790650844574,0.4095222055912018,0.390030175447464,0.4437527656555176,0.4255251884460449,0.5379108190536499,0.21301324665546417,-1.8010212182998657,0.3765377402305603,0.3922575116157532,0.24283963441848755,0.748784601688385,0.5154141783714294,0.42522281408309937,0.5465830564498901,0.646370530128479,0.47851553559303284,0.5585052967071533,0.6284278631210327,0.3564143776893616,0.5519579648971558,0.594841480255127,0.37199264764785767,0.34584397077560425,0.153842031955719,1.3281916379928589,0.274495929479599,0.3841342329978943,0.33485668897628784,-0.0032119378447532654,1.2724440097808838
4640.0,92.79900000000002,-18.148635697764647,189.00061632500964,386.54599225675327,82754.90821786999,-18.236868199512028,189.08885310004584,386.5459900000001,82850.77948400003,-6.787738883289604,6.787878324146168,-0.0001065746932786,19200.000000000007,1.4597631626109376e-05,-1.0427081409675053e-05,-2.2567531491471427e-06,0.0,-6.794679707610795,-4.274891775281173,6.7844225035427,0.0127109551870489,0.0041492289741385,-2.619682747068304,19200.067697680723,30.05257459767396,0.002,-1.155965001855644,3.56640574664068,-0.930754948198708,6.0,10.0,180.0,0.3515921793072413,-6.587937997870244,-0.1308592691994445,-3.2043266599346416,199.24228047014,728.3205821646443,167.1656405583849,755.0820028771517,578.9250000000002,0.3515921793072413,0.5769035220146179,0.3597404658794403,0.40871578454971313,0.4004042446613312,0.4006844460964203,0.4227445125579834,0.3549700975418091,0.21916334331035614,0.4275340735912323,0.4065514802932739,0.4420686364173889,0.41750794649124146,0.4750426411628723,0.4548399746417999,0.5723786950111389,0.2468787282705307,-1.7965010404586792,0.3976818323135376,0.4222491979598999,0.2696528434753418,0.7543161511421204,0.5565157532691956,0.4448499083518982,0.5628299713134766,0.6647980213165283,0.49935442209243774,0.5762727856636047,0.6392168998718262,0.3561479151248932,0.5774545669555664,0.7714613080024719,0.3987364172935486,0.37551575899124146,0.18694667518138885,1.401769995689392,0.2937445640563965,0.4084816575050354,0.37858110666275024,0.03769511729478836,1.2536176443099976
4641.0,92.81900000000002,-18.284636652632816,189.1364466764697,386.5459767967643,83138.90798926484,-18.37263259991824,189.2246174991477,386.5459900000001,83234.77948400003,-6.7798602408700175,6.785693685016068,0.0004481130150214,19200.000000000007,0.0002510520372563,-7.598141451844395e-05,1.3203235807763888e-05,0.0,-6.792007113540623,0.0559248027876865,6.802724749077835,6.887971729499691,-0.0068225068355397,-2.2686080035300846,19199.878461221368,4.303981203263993,0.002,-1.160653264610359,3.6030223730195368,-0.920194392463748,6.0,10.0,180.0,0.2832260731307031,-6.673320097004641,-0.1303606170613946,-3.210493521724369,199.77364023507,728.4782910823221,167.23382027919243,755.3745014385759,573.4500000000002,0.2832260731307031,0.5348842144012451,0.3558390736579895,0.37424567341804504,0.3841906785964966,0.379703164100647,0.39842459559440613,0.33198654651641846,0.1855478137731552,0.4111553430557251,0.378330796957016,0.4196762442588806,0.40042048692703247,0.45243313908576965,0.43050551414489746,0.5112991333007812,0.21244946122169495,-1.7912489175796509,0.43126463890075684,0.40187662839889526,0.2681848406791687,0.7513635158538818,0.5246641039848328,0.4214937090873718,0.5622385740280151,0.6488558053970337,0.46362048387527466,0.5684219598770142,0.6278143525123596,0.37916070222854614,0.5648953914642334,0.5224082469940186,0.3823124170303345,0.35399091243743896,0.18764008581638336,1.2505741119384766,0.26485827565193176,0.39064860343933105,0.3521042466163635,-0.04314207285642624,1.2867242097854614
4642.0,92.83900000000004,-18.4202207116378,189.2722236884273,386.5459940218138,83522.90858962091,-18.50839720051784,189.360382000107,386.5459900000001,83618.77948400001,-6.785878688842909,6.785262037061516,-0.0001702744701532,19200.000000000007,7.040939539408658e-05,-8.88874663988172e-05,-4.021813719925799e-06,0.0,-6.7910212286393214,-1.582091550879494,6.774178593489074,1.599512136617878,-0.0051549405452091,-1.3375069200298146,19200.08451409132,77.2312019653328,0.002,-1.175629138478287,3.64169483965447,-0.9283350212732726,6.0,10.0,180.0,0.3373898243895768,-6.6430371035483,-0.1298844179312913,-3.1971456945661503,199.37032011753504,728.3496455411611,167.17991013959622,755.1437507192879,584.1000000000001,0.3373898243895768,0.5608083605766296,0.35258710384368896,0.3990194499492645,0.39188769459724426,0.3940677344799042,0.41305339336395264,0.3414571285247803,0.20489230751991272,0.40609210729599,0.39446645975112915,0.42879486083984375,0.40725070238113403,0.46156543493270874,0.4432445764541626,0.560584545135498,0.232285737991333,-1.7972919940948486,0.3896545171737671,0.4097422957420349,0.2601833641529083,0.7518110871315002,0.5391189455986023,0.43633565306663513,0.554643988609314,0.6594657897949219,0.4882710874080658,0.5689073204994202,0.6337440013885498,0.3613654375076294,0.5682125687599182,0.6930478811264038,0.38893717527389526,0.3627468943595886,0.1788063794374466,1.3914756774902344,0.28262099623680115,0.3989817500114441,0.3622552752494812,-0.0005682036280632019,1.291130542755127
4643.0,92.85900000000004,-18.5560771985118,189.40763981981604,386.5459766687064,83906.9109718215,-18.644161700326883,189.49614670080183,386.5459900000001,84002.779484,-6.782809530263999,6.796884516661315,0.000445162711813,19200.000000000007,0.0001624979422712,0.0002596859250678,1.3331293803952075e-05,0.0,-6.808092594042537,-0.1868174243064801,6.785419570488733,5.84322916951095,-0.0094988425419973,2.8057683324457354,19200.01594903711,-55.77972521928774,0.002,-1.1954256567520316,3.615763687931117,-0.9339931749223984,6.0,10.0,180.0,0.2968411069340077,-6.707595083712221,-0.1303923916598261,-3.188422945575744,198.9486600587675,728.7203227705805,167.2374550697981,755.3903753596439,573.5250000000001,0.2968411069340077,0.5405156016349792,0.3499767780303955,0.3820371627807617,0.37971562147140503,0.38769668340682983,0.3959493637084961,0.32625940442085266,0.19237124919891357,0.4079136252403259,0.38381946086883545,0.4171656668186188,0.402498334646225,0.453476220369339,0.4335521459579468,0.5306872725486755,0.21844404935836792,-1.7916573286056519,0.42949870228767395,0.4000190496444702,0.26061010360717773,0.7502914071083069,0.5304237604141235,0.41963711380958557,0.557390570640564,0.6431965827941895,0.47640731930732727,0.5629789233207703,0.6304653882980347,0.38431358337402344,0.5661103129386902,0.5173389315605164,0.3837756812572479,0.3589080572128296,0.1696632355451584,1.278010606765747,0.26860442757606506,0.39071226119995117,0.344673216342926,-0.017031393945217133,1.2420003414154053
4644.0,92.87900000000003,-18.6920811361074,189.5439371064329,386.54595805670994,84290.90744861026,-18.779926201016547,189.63191099910767,386.5459900000001,84386.77948400001,-6.774823901242056,6.779124687096129,0.0010672326340763,19200.000000000007,0.0004021378754501,-0.0002732059357041,3.1943290186692576e-05,0.0,-6.781030803329796,5.807072472997945,6.834738941394429,-5.360903366707254,0.0009805242455842,4.400937201752205,19199.91288884184,98.71036664335648,0.002,-1.2409521145795115,3.61852567981786,-0.9323366445748524,6.0,10.0,180.0,0.2734290081482223,-6.602603952806115,-0.1289134330534729,-3.206381998063359,200.72483002938367,728.6511613852903,167.33272753489905,755.795187679822,573.5250000000001,0.2734290081482223,0.524040162563324,0.3269888460636139,0.3854980766773224,0.3399037718772888,0.3766540586948395,0.36043214797973633,0.2950008809566498,0.18889755010604858,0.34522324800491333,0.35659080743789673,0.3706901967525482,0.34913378953933716,0.4068716764450073,0.39095574617385864,0.5194444060325623,0.18090248107910156,-1.8274919986724854,0.29581254720687866,0.3552827835083008,0.19057495892047882,0.7429699301719666,0.45242828130722046,0.4087597727775574,0.517525851726532,0.6265231370925903,0.47003230452537537,0.5295904874801636,0.6005918979644775,0.30764979124069214,0.5084676742553711,0.47657275199890137,0.33371081948280334,0.3094853162765503,0.08435089886188507,1.2592016458511353,0.27217212319374084,0.35397592186927795,0.2790547013282776,0.04687390476465225,1.2311296463012695
4645.0,92.89900000000002,-18.827255750244845,189.6794684578576,386.5459608559399,84674.90680901997,-18.915690602016387,189.76767549731767,386.5459900000001,84770.77948400003,-6.794489479831536,6.786892625628279,0.0009393222315588,19200.000000000007,-0.0001879493114786,-4.0062419366813015e-05,2.91440602776736e-05,0.0,-6.780756207610975,-2.7568010571881643,6.752399509831966,-0.7990777162068934,0.005844876823563,4.15086413520748,19200.101943988226,8.574186222655413,0.002,-1.242390694889021,3.604331811826927,-0.9413523586419952,6.0,10.0,180.0,0.3745243225853286,-6.588351535220819,-0.1284012838380083,-3.231524345445687,199.61041501469188,728.0780806926451,167.13436376744954,754.946593839911,584.1000000000001,0.3745243225853286,0.5724994540214539,0.3461451530456543,0.4093906581401825,0.38862499594688416,0.40490657091140747,0.4125578999519348,0.3365958333015442,0.2168128788471222,0.40355396270751953,0.40461841225624084,0.42821574211120605,0.4108099341392517,0.46468615531921387,0.4482792615890503,0.5891465544700623,0.24309128522872925,-1.8009449243545532,0.3807092308998108,0.4095083773136139,0.2502249479293823,0.7517528533935547,0.5454132556915283,0.43704846501350403,0.5476381778717041,0.6529287099838257,0.49995335936546326,0.5627549290657043,0.6329916715621948,0.3593549132347107,0.569685697555542,0.7257974743843079,0.39185914397239685,0.37072843313217163,0.15750481188297272,1.444633960723877,0.2912489175796509,0.4006481170654297,0.3564688563346863,0.04248768836259842,1.2284462451934814
4646.0,92.91900000000004,-18.963580152047022,189.81479304749087,386.54596987734783,85058.90836326577,-19.05145520107356,189.9034400985031,386.5459900000001,85154.77948400003,-6.775831507635156,6.801558525839923,0.000642249927491,19200.000000000007,0.0003718515347501,0.0003999519760183,2.012265227623164e-05,0.0,-6.815173415940876,2.324946911690072,6.7993190015789535,1.7665204982483769,0.0104981460854084,0.8433700554319173,19200.084746682336,77.25973376909504,0.002,-1.2355875833181522,3.605804894207172,-0.9326932136320344,6.0,10.0,180.0,0.2558762682207188,-6.647499539248683,-0.1264517303584423,-3.2207679485830463,199.20320750734595,728.8235403463225,167.2766818837248,755.5577969199555,573.5250000000001,0.2558762682207188,0.5339009165763855,0.3450593948364258,0.3839895725250244,0.36751583218574524,0.38410425186157227,0.38599979877471924,0.3200283944606781,0.1897847205400467,0.3879058063030243,0.3727322220802307,0.4013163149356842,0.3815511465072632,0.43622639775276184,0.41683030128479004,0.5190765857696533,0.20219087600708008,-1.8013969659805298,0.37881946563720703,0.3848586082458496,0.23831790685653687,0.7484206557273865,0.5046072006225586,0.4196711480617523,0.5467435121536255,0.6400616765022278,0.4721454381942749,0.5559611916542053,0.6264554262161255,0.35491353273391724,0.545185923576355,0.5184011459350586,0.3636719286441803,0.3379620909690857,0.14503754675388336,1.2655034065246582,0.268509179353714,0.3767433762550354,0.3239234685897827,-0.0027968809008598328,1.2585994005203247
4647.0,92.93900000000004,-19.09943555264425,189.95079861809427,386.54599203008246,85442.90779246655,-19.187219798882648,190.0392046010889,386.5459900000001,85538.77948400001,-6.772796137650303,6.7935178512491206,-7.266535588211201e-05,19200.000000000007,0.000462754398605,0.0001587865645258,-2.0300823865592058e-06,0.0,-6.776118818844528,3.6565198646882537,6.780524462806298,-2.006500750919435,0.0102578167124755,-1.0253437377714332,19200.32485886025,-21.452649199128768,0.002,-1.1847673150329736,3.567763424306388,-0.9383875308224118,6.0,10.0,180.0,0.3042264869262806,-6.618242927717674,-0.1250007783427482,-3.221268355137293,199.67360375367292,728.2447701731612,167.1753409418624,755.1233984599778,573.5250000000001,0.3042264869262806,0.5320753455162048,0.341414213180542,0.38529545068740845,0.36054152250289917,0.38088464736938477,0.3798995316028595,0.31610947847366333,0.19059018790721893,0.3733797073364258,0.36595219373703003,0.3909514248371124,0.3668205142021179,0.4241687059402466,0.40516865253448486,0.5130358934402466,0.19228015840053558,-1.814206600189209,0.3354230523109436,0.3746753931045532,0.2201804518699646,0.7460121512413025,0.4848272204399109,0.41846978664398193,0.5371644496917725,0.6384663581848145,0.46991056203842163,0.5490429997444153,0.6154792308807373,0.327523797750473,0.5284401774406433,0.5557171702384949,0.35006266832351685,0.3230503797531128,0.12785704433918,1.267052173614502,0.2723555862903595,0.3680245578289032,0.30957192182540894,0.013091005384922028,1.2691408395767212
4648.0,92.95900000000005,-19.23490653360623,190.0865339252196,386.546010807337,85826.90921373024,-19.32298419756808,190.17496910220865,386.5459900000001,85922.77948400003,-6.78258854831361,6.794501342029432,-0.0007201630436063,19200.000000000007,0.0001692372547056,0.0001882773387342,-2.0807336959091623e-05,0.0,-6.78492236894199,-1.0932827923192463,6.820101951659455,4.208351841932275,0.0107542597830847,-3.856231885974519,19200.050399791864,-12.896672606492915,0.002,-1.1759036113619463,3.592768972652105,-0.92835924786201,6.0,10.0,180.0,0.2831967881086152,-6.705530043828324,-0.1264683443242207,-3.21253637032432,200.61830187683648,728.4003850865806,167.2691704709312,755.5236992299889,584.1000000000001,0.2831967881086152,0.5499405860900879,0.35558855533599854,0.38736987113952637,0.3927658200263977,0.385335773229599,0.41108959913253784,0.3402128517627716,0.1933932602405548,0.4060174226760864,0.3874182403087616,0.42875880002975464,0.40619775652885437,0.45950770378112793,0.4396795630455017,0.5417699813842773,0.2253691703081131,-1.7938663959503174,0.4045470356941223,0.40931132435798645,0.26764196157455444,0.7520149350166321,0.5328236222267151,0.4321194589138031,0.557903528213501,0.6599524617195129,0.4750443994998932,0.5711691379547119,0.6305675506591797,0.3660857677459717,0.5681763291358948,0.6468095183372498,0.3881472647190094,0.35986319184303284,0.19344094395637512,1.3501365184783936,0.27415376901626587,0.39750534296035767,0.36614978313446045,-0.033015213906764984,1.321884274482727
4649.0,92.97900000000004,-19.37070220364605,190.2229004244861,386.5460135351794,86210.91028579649,-19.45874869782076,190.31073350227908,386.5459900000001,86306.77948400003,-6.781572854652254,6.774434416653611,-0.0007869723308449,19200.000000000007,0.0002007069538652,-0.0004137262521505,-2.35351792531369e-05,0.0,-6.774402347910306,2.137650699990517,6.821982252554484,-4.875575949534945,-0.0053797860347235,-5.494230735968399,19200.170754719664,-64.36051103687726,0.002,-1.172205795660103,3.601842592055018,-0.9296563776351304,6.0,10.0,180.0,0.2533652115509315,-6.608818416797609,-0.1264640623064257,-3.2069108423188624,201.44215093841825,728.2651925432904,167.2900852354656,755.6128496149945,573.5250000000001,0.2533652115509315,0.5433785915374756,0.34664011001586914,0.39283785223960876,0.3667246401309967,0.38756728172302246,0.387601375579834,0.32918310165405273,0.1995825320482254,0.3806043267250061,0.3699202537536621,0.39927613735198975,0.36774682998657227,0.42954516410827637,0.4096531271934509,0.5180317759513855,0.19830884039402008,-1.821553349494934,0.31519174575805664,0.3814050853252411,0.22263625264167786,0.7467405200004578,0.4864746928215027,0.42757150530815125,0.539304792881012,0.6491395235061646,0.47477594017982483,0.5557059049606323,0.6118821501731873,0.3049009442329407,0.5278473496437073,0.6512540578842163,0.3521188795566559,0.32438692450523376,0.1365766078233719,1.2887840270996094,0.28134575486183167,0.37259677052497864,0.3227076530456543,0.037318117916584015,1.282991886138916
4650.0,92.99900000000002,-19.50629209338788,190.35859484990425,386.5460175139614,86594.91218308269,-19.59451329991016,190.44649810164427,386.5459900000001,86690.779484,-6.787366549052149,6.776763362121473,-0.0009521217250265,19200.000000000007,2.569505089012696e-05,-0.0003437514743188,-2.7513961258204e-05,0.0,-6.77295572479243,1.10623759894966,6.769023397942204,-2.450844542307216,-0.0034277925793728,-1.8317271165647224,19200.03325877596,8.585333221961395,0.002,-1.1759157627900096,3.6027149411788986,-0.9306333163900152,6.0,10.0,180.0,0.339298456357482,-6.593752199534842,-0.1279255960339931,-3.176676477017687,200.6030754692092,727.8270962716451,167.1390426177328,754.9669248074972,573.5250000000001,0.339298456357482,0.5470874905586243,0.3464595675468445,0.39347490668296814,0.3712500333786011,0.3897329270839691,0.391888290643692,0.3284496068954468,0.2019776999950409,0.3894031047821045,0.37743425369262695,0.4045570194721222,0.3791878819465637,0.43749359250068665,0.41802215576171875,0.5289947390556335,0.20722362399101257,-1.8112436532974243,0.3459320366382599,0.38719460368156433,0.23176997900009155,0.7477390170097351,0.5039522051811218,0.42768123745918274,0.544083297252655,0.6458628177642822,0.47993066906929016,0.5571413040161133,0.6216554641723633,0.32870396971702576,0.5397959351539612,0.6445797085762024,0.36224600672721863,0.3362036645412445,0.14143939316272736,1.3087784051895142,0.28046318888664246,0.3785843551158905,0.32744067907333374,0.030421651899814606,1.2553980350494385
4651.0,93.01900000000002,-19.641902208473628,190.4941621226712,386.5460057086864,86978.91435699831,-19.730277702368376,190.58226259929512,386.5459900000001,87074.77948400003,-6.792508810642526,6.783338282776434,-0.0005285085312968,19200.000000000007,-0.0001285923870707,-0.000146722427703,-1.5708686240335745e-05,0.0,-6.792247640008256,-4.225651365310773,6.776875549181762,-4.0815642595739146,-0.0077992562685003,-0.1749956829691177,19200.136260701707,-64.38472430645456,0.002,-1.1750594681817268,3.596470043682297,-0.9302395876381452,6.0,10.0,180.0,0.3134654815178995,-6.567341861610977,-0.1289072511505259,-3.166429982202626,199.81553773460456,728.0670481358226,167.1440213088664,754.9894624037486,578.0250000000001,0.3134654815178995,0.5841163992881775,0.3535315990447998,0.41808316111564636,0.39302000403404236,0.4094507396221161,0.41823291778564453,0.35165417194366455,0.22904366254806519,0.4183190166950226,0.4082701802253723,0.43543198704719543,0.41030997037887573,0.46998876333236694,0.4515351355075836,0.587070643901825,0.24776023626327515,-1.8074841499328613,0.3646828532218933,0.41584521532058716,0.252579927444458,0.7533665299415588,0.5460801124572754,0.4481509029865265,0.553485631942749,0.6622782945632935,0.504854142665863,0.5694507360458374,0.6355561017990112,0.3373386561870575,0.5684038400650024,0.7922340035438538,0.3920953869819641,0.3714846968650818,0.1610231101512909,1.4342899322509766,0.301885724067688,0.40414559841156006,0.36621809005737305,0.08141026645898819,1.2167632579803467
4652.0,93.03900000000002,-19.778136717277697,190.6298263129824,386.5459871775062,87362.91447032266,-19.86604220222089,190.7180269973184,386.5459900000001,87458.77948400003,-6.776841328963277,6.786685489502817,9.110657460197966e-05,19200.000000000007,0.0003414133276331,-4.63129693730014e-05,2.822493920152734e-06,0.0,-6.787570170155663,4.644194573317545,6.77392175691543,-2.325406493692104,-0.0036746120130745,2.869228428242721,19199.86142634648,-51.489910604815314,0.002,-1.172522951706177,3.589636565551304,-0.9229807951964112,6.0,10.0,180.0,0.2783623006527451,-6.636644476662103,-0.1294074239901632,-3.171570574090792,199.48476886730228,728.0715240679112,167.1245106544332,754.9062312018743,572.6250000000001,0.2783623006527451,0.527794361114502,0.3347901701927185,0.3843439519405365,0.3518269956111908,0.37849628925323486,0.37150663137435913,0.305534303188324,0.18993133306503296,0.3640784025192261,0.36294978857040405,0.3818698525428772,0.3615805506706238,0.4176001250743866,0.40026575326919556,0.5159857869148254,0.18784238398075104,-1.8161221742630005,0.33012405037879944,0.366496205329895,0.2098541408777237,0.7446317076683044,0.4754294753074646,0.4127921760082245,0.530417799949646,0.6310269832611084,0.47066590189933777,0.540256142616272,0.6124073266983032,0.3301581144332886,0.5230592489242554,0.5002574920654297,0.34500622749328613,0.3192966878414154,0.10882091522216797,1.2601501941680908,0.2705603539943695,0.3626123070716858,0.2949310541152954,0.02252531796693802,1.2430667877197266
4653.0,93.059,-19.913305628820183,190.7654445077072,386.5459959845618,87746.91383442664,-20.00180679997048,190.8537916983857,386.5459900000001,87842.77948400003,-6.79667522774133,6.791544084051871,-0.000202766969402,19200.000000000007,-0.0002540774028273,0.0001000920167044,-5.984561694964728e-06,0.0,-6.765876514987506,-7.1376178528700365,6.768800950034319,-2.0815852314637007,-0.0012260458163906,1.2813097900499808,19200.015682344023,-30.039644844630025,0.002,-1.1604576800206383,3.60235270979184,-0.9290882935179114,6.0,10.0,180.0,0.360895697129874,-6.632313874717632,-0.1298962269911871,-3.1735989143091587,199.82438443365112,727.5782620339556,167.0347553272166,754.5201156009372,578.7750000000002,0.360895697129874,0.5961756110191345,0.3581376075744629,0.42044442892074585,0.4056657552719116,0.41248971223831177,0.4299700856208801,0.3595483899116516,0.236114963889122,0.43993449211120605,0.42249560356140137,0.45189347863197327,0.4299461841583252,0.4874282479286194,0.4684559404850006,0.6077819466590881,0.26702481508255005,-1.7972795963287354,0.39916467666625977,0.43138572573661804,0.26934847235679626,0.7545592188835144,0.5735554099082947,0.4504837095737457,0.5611749291419983,0.6645016074180603,0.511264979839325,0.5755586624145508,0.6408263444900513,0.35504329204559326,0.5863650441169739,0.8443365097045898,0.41076722741127014,0.3923085331916809,0.18040470778942108,1.4705209732055664,0.3073401153087616,0.4181249141693115,0.3874194622039795,0.08484923094511032,1.1942768096923828
4654.0,93.07900000000004,-20.04936515254323,190.90095806055805,386.5459941990956,88130.91463921503,-20.13757119923362,190.9895561005345,386.5459900000001,88226.77948400003,-6.786878386451297,6.799927963333374,-0.000137161473076,19200.000000000007,4.104757131154536e-05,0.0003510410175073,-4.199095699525454e-06,0.0,-6.804705916005609,0.3622817378664898,6.78124594879409,3.48187088221478,0.0012256704171289,1.3438575592288806,19199.70712469067,-21.499361895279776,0.002,-1.1680090294272856,3.598739875265227,-0.9302930330661188,6.0,10.0,180.0,0.2949346194824198,-6.687555819817715,-0.1293923928314677,-3.177147655152044,199.1711922168256,728.2391310169778,167.14287766360832,754.9850578004687,573.6000000000001,0.2949346194824198,0.5420106053352356,0.3492962419986725,0.3860090970993042,0.3773052990436554,0.3890931010246277,0.3951333463191986,0.3266857862472534,0.19477269053459167,0.40226873755455017,0.38186728954315186,0.4131152033805847,0.3953518271446228,0.44846874475479126,0.42870038747787476,0.5298362374305725,0.21463319659233093,-1.7948635816574097,0.4048849940299988,0.3960658311843872,0.2523711919784546,0.7500637173652649,0.5225852727890015,0.422118216753006,0.5535767674446106,0.6440770626068115,0.47795143723487854,0.561406672000885,0.6310992240905762,0.3690023720264435,0.5586057305335999,0.5518508553504944,0.3768874704837799,0.3518676161766052,0.1611362248659134,1.2855159044265747,0.2716781795024872,0.3867696523666382,0.3394821286201477,-0.0045516714453697205,1.2480642795562744
4655.0,93.09900000000005,-20.185191364919525,191.03687900772755,386.545991151269,88514.91508942228,-20.27333580041224,191.12532050051453,386.5459900000001,88610.77948400003,-6.784807549918648,6.794708792843522,-3.8856665451923405e-05,19200.000000000007,0.0001026653265204,0.0001945946018157,-1.151270351069266e-06,0.0,-6.792954660546047,-2.0754672906543656,6.767320779241058,1.4688414412101516,0.0009787709893744,-2.319048166291606,19199.91345591528,30.0525959645318,0.002,-1.1717710796827563,3.596222748248145,-0.931509494833498,6.0,10.0,180.0,0.3329928895111398,-6.569389939576114,-0.1293761394896215,-3.1730560373969987,198.8445961084128,728.2285655084888,167.12043883180417,754.8885289002344,573.5250000000001,0.3329928895111398,0.5598625540733337,0.35743045806884766,0.3971942365169525,0.3902179002761841,0.3938237428665161,0.4098137617111206,0.34463417530059814,0.20802538096904755,0.419285386800766,0.3937831521034241,0.4285880923271179,0.4054661989212036,0.46200627088546753,0.44081178307533264,0.5432096719741821,0.2293092906475067,-1.7954636812210083,0.40145426988601685,0.41022825241088867,0.2629607319831848,0.752452552318573,0.5393527746200562,0.4351417124271393,0.5612200498580933,0.6557164192199707,0.4884563982486725,0.5710300207138062,0.6362358331680298,0.35921910405158997,0.5673261880874634,0.6791989207267761,0.3868969678878784,0.3621222674846649,0.17738810181617737,1.3267152309417725,0.2836463153362274,0.3976616859436035,0.3603173494338989,0.01822412759065628,1.2511674165725708
4656.0,93.11900000000004,-20.32100768915016,191.1725353911164,386.5459842133624,88898.91430582934,-20.40910020073689,191.26108519934007,386.5459900000001,88994.77948400003,-6.783077517525544,6.798320658600905,0.0001904257737973,19200.000000000007,0.0001543941025309,0.000302708422045,5.786637151975455e-06,0.0,-6.801770386174186,-2.075478851193661,6.789330795555284,4.450148609782812,-0.0046272066369511,-1.3434484291975166,19199.89590434653,-8.56036145396988,0.002,-1.1775707162110456,3.601639150366504,-0.9286497302518328,6.0,10.0,180.0,0.3246930579873874,-6.594743451865135,-0.1284014619177722,-3.179742488229506,198.9642980542064,728.5522827542444,167.20071941590209,755.2322644501172,584.1000000000001,0.3246930579873874,0.558305025100708,0.35583364963531494,0.39229393005371094,0.3965390622615814,0.3906761705875397,0.41594603657722473,0.3432142734527588,0.20080289244651794,0.41396135091781616,0.3959428071975708,0.4346020817756653,0.41501420736312866,0.46746397018432617,0.4484790563583374,0.5574949383735657,0.23541653156280518,-1.7923625707626343,0.4169205129146576,0.41537684202194214,0.27227547764778137,0.7535144686698914,0.5480156540870667,0.4346586763858795,0.560581624507904,0.661310076713562,0.4848978817462921,0.572784423828125,0.6340192556381226,0.377739280462265,0.5765977501869202,0.6560907363891602,0.3962998688220978,0.36968621611595154,0.19359637796878815,1.3742542266845703,0.2786135673522949,0.40369313955307007,0.3713584542274475,-0.020571313798427582,1.298551082611084
4657.0,93.13900000000002,-20.45694336693769,191.3086035833749,386.5459903486329,89282.91339144183,-20.5448647992773,191.39684959949244,386.5459900000001,89378.77948400003,-6.777367963866704,6.788194796026448,-9.493733155209776e-06,19200.000000000007,0.0003257722969831,-8.864536089996805e-07,-3.486130125295735e-07,0.0,-6.787338435869813,0.9187685491993935,6.8200849340552,4.031585676532532,-0.0056356196004242,-1.6563818270977038,19199.98158734572,98.70118413143923,0.002,-1.1312353521762588,3.649389697704633,-0.9169293812116304,6.0,10.0,180.0,0.2568183817242386,-6.602508426686796,-0.1294012123803855,-3.1802548770944976,200.1931490271032,728.6061413771222,167.28885970795105,755.6096322250586,573.5250000000001,0.2568183817242386,0.5344510078430176,0.3509809970855713,0.37828049063682556,0.3764400780200958,0.3830934464931488,0.3920084536075592,0.3265833854675293,0.18739011883735657,0.39911240339279175,0.37473297119140625,0.4116065800189972,0.3906668424606323,0.44450557231903076,0.42357000708580017,0.514166533946991,0.20756104588508606,-1.7951492071151733,0.40225929021835327,0.39397677779197693,0.253170907497406,0.7494375109672546,0.5122528672218323,0.4204222559928894,0.5544151663780212,0.6450322866439819,0.46706703305244446,0.562395453453064,0.6273065209388733,0.3617298901081085,0.5539862513542175,0.5409340858459473,0.3730919063091278,0.34569665789604187,0.16872619092464447,1.2577952146530151,0.26759669184684753,0.3840773105621338,0.34009021520614624,-0.021672122180461884,1.277814507484436
4658.0,93.15900000000002,-20.59221105401844,191.44433579853745,386.54597879145086,89666.91488126192,-20.68062919807604,191.5326141009577,386.5459900000001,89762.77948400001,-6.793931398318397,6.789266831415022,0.0003762644659029,19200.000000000007,-0.0001711438639742,3.1198552894598474e-05,1.1208577907049425e-05,0.0,-6.770529209634742,-1.0989091465153684,6.747797508621275,-1.643230499827687,-0.0039026250739248,3.4245837924532707,19199.998648646066,-51.48566627785971,0.002,-1.1639165548588184,3.67516963005094,-0.9333083657942648,6.0,10.0,180.0,0.3432594815797474,-6.631808496088953,-0.1289365719247416,-3.182815858963034,199.5285745135516,727.809570688561,167.06842985397554,754.6653161125294,573.5250000000001,0.3432594815797474,0.5596477389335632,0.345278263092041,0.40139174461364746,0.37649476528167725,0.3981340527534485,0.3978409469127655,0.328925222158432,0.21218357980251312,0.4000663459300995,0.3915919363498688,0.4143654704093933,0.3951398730278015,0.45103099942207336,0.43267393112182617,0.5575574040412903,0.2256103754043579,-1.8043322563171387,0.3718123733997345,0.3969240188598633,0.239035964012146,0.7494017481803894,0.5231112837791443,0.4295050799846649,0.5460956692695618,0.6439991593360901,0.4901275932788849,0.557407557964325,0.6293801069259644,0.3473814129829407,0.554581880569458,0.6630287170410156,0.3769218325614929,0.3553932309150696,0.14067339897155762,1.3527920246124268,0.287016361951828,0.38868892192840576,0.33636391162872314,0.05293286591768265,1.2015129327774048
4659.0,93.17900000000004,-20.728130742532933,191.5797510623528,386.5459640087788,90050.9122544504,-20.816393698958027,191.66837850230075,386.5459900000001,90146.77948400004,-6.788755743301782,6.800918055736989,0.0008678481479424,19200.000000000007,-1.586133958809069e-05,0.0003807358054368,2.599105351715924e-05,0.0,-6.8205644942839445,0.9684422573053412,6.821270522864788,3.1690280009461844,0.0002581572090169,2.1376937362043287,19199.99856472545,107.29668452370088,0.002,-1.165672362361503,3.6731742496704975,-0.932984672368364,6.0,10.0,180.0,0.312523037318937,-6.698225853381812,-0.1304069565772408,-3.1899703284921763,199.54128725677572,728.9462853442806,167.32471492698778,755.7646580562647,584.1000000000001,0.312523037318937,0.5429198741912842,0.34444451332092285,0.38902029395103455,0.3775581121444702,0.3888072371482849,0.3973492383956909,0.32374340295791626,0.19165834784507751,0.3880453109741211,0.3821555972099304,0.4132121205329895,0.39606499671936035,0.4479069709777832,0.4309896230697632,0.5478261709213257,0.21748828887939453,-1.7976808547973633,0.38963937759399414,0.39537718892097473,0.2485533058643341,0.7488842606544495,0.521034300327301,0.4242111146450043,0.5466046333312988,0.6483396887779236,0.47778674960136414,0.5594179630279541,0.6287956833839417,0.3681279420852661,0.5587347745895386,0.5575376749038696,0.37792953848838806,0.3521338999271393,0.16054479777812958,1.3453779220581055,0.27095329761505127,0.38757938146591187,0.3415829539299011,-0.01765536516904831,1.2880747318267822
4660.0,93.19900000000004,-20.86414153859165,191.71615820570733,386.5459649599451,90434.91106747408,-20.952158301041987,191.8041431018968,386.5459900000001,90530.77948400004,-6.780552289565778,6.779482592617304,0.000840491554742,19200.000000000007,0.000230131397037,-0.0002624057745754,2.5039881512136623e-05,0.0,-6.779045501515482,4.2181903553224585,6.808599561008675,-3.4693655216127306,0.0019556752080554,3.7194950543072833,19199.9474704224,4.261768843793069,0.002,-1.1893241452040595,3.609709747007367,-0.9329867622289866,6.0,10.0,180.0,0.2998186550429436,-6.623994330253659,-0.1284300552770373,-3.2160975806290883,200.44264362838788,728.5531426721402,167.2923574634939,755.6243290281324,573.5250000000001,0.2998186550429436,0.530378520488739,0.33249837160110474,0.3867197036743164,0.34986117482185364,0.3805186152458191,0.3699648380279541,0.3038480877876282,0.1919216513633728,0.3602450489997864,0.3640971779823303,0.3819199800491333,0.36123067140579224,0.4179142415523529,0.4009767174720764,0.5239335894584656,0.1906169354915619,-1.8197470903396606,0.32210272550582886,0.36605727672576904,0.20573337376117706,0.744514524936676,0.47220879793167114,0.41357770562171936,0.5269572734832764,0.6309403777122498,0.4733548164367676,0.5380611419677734,0.6097633838653564,0.32271072268486023,0.5214610695838928,0.517206072807312,0.3449201285839081,0.32071030139923096,0.10308608412742615,1.275254249572754,0.2731150686740875,0.36257630586624146,0.2944328784942627,0.03704497963190079,1.2311174869537354
4661.0,93.21900000000002,-20.99957029385222,191.8518223395607,386.5459492035519,90818.91042199911,-21.087922801923973,191.93990759929045,386.5459900000001,90914.77948400004,-6.791743094491912,6.782835811829726,0.0013307737521553,19200.000000000007,-0.0001056105206634,-0.0001615349834154,4.079723657069513e-05,0.0,-6.784390575684931,-1.1621312787329057,6.78930862152819,-0.0067543799351236,0.0095272111923537,3.5440961689633284,19200.1535660275,81.56384050969794,0.002,-1.1765816179269075,3.597696648403237,-0.9324189504105824,6.0,10.0,180.0,0.3383855955453275,-6.577623089258237,-0.1244844048921758,-3.2299657448376378,200.267321814194,728.3435713360701,167.23417873174694,755.3751645140662,573.5250000000001,0.3383855955453275,0.5553779006004333,0.3459617495536804,0.39732202887535095,0.37630924582481384,0.3969772458076477,0.39665746688842773,0.3276820778846741,0.20727917551994324,0.4013277590274811,0.3899868428707123,0.4154523015022278,0.3971197009086609,0.45218729972839355,0.43328267335891724,0.5533220171928406,0.22497642040252686,-1.800524115562439,0.38594722747802734,0.3978404998779297,0.24372965097427368,0.7496137022972107,0.5260109305381775,0.4264514744281769,0.548383891582489,0.6419409513473511,0.4875721037387848,0.5585144758224487,0.6290899515151978,0.3540976643562317,0.5575307011604309,0.6336633563041687,0.3786950409412384,0.35748016834259033,0.1465064287185669,1.3355541229248047,0.282426118850708,0.3890153169631958,0.33929312229156494,0.04139939695596695,1.2039649486541748
4662.0,93.23900000000005,-21.13555267601496,191.98726935994,386.5459989293017,91202.91369511784,-21.223687200722715,192.0756719972869,386.5459900000001,91298.77948400004,-6.784471993468356,6.793415254340074,-0.0002981154512561,19200.000000000007,0.0001125753351353,0.0001558469795369,-8.927819863965246e-06,0.0,-6.800052343686284,3.1131695666926493,6.782728906448095,2.3752316662414343,0.0112220031213919,-1.4059193994956425,19200.49650342869,-25.735993717137585,0.002,-1.1848346054074836,3.595985303045896,-0.9344812081835876,6.0,10.0,180.0,0.2583229139290703,-6.597182708431733,-0.1254618806821571,-3.197681180224833,199.56516090709692,728.525285668035,167.23158936587348,755.3645822570331,584.1000000000001,0.2583229139290703,0.5324968695640564,0.34422510862350464,0.38270142674446106,0.3729212284088135,0.38050609827041626,0.39229145646095276,0.32145416736602783,0.18352863192558289,0.3775356113910675,0.3709467053413391,0.4027070999145508,0.38191407918930054,0.43485957384109497,0.4171125590801239,0.5242518782615662,0.2012520134449005,-1.8026533126831055,0.3665374219417572,0.38549286127090454,0.2398577630519867,0.7470267415046692,0.501936137676239,0.42239031195640564,0.5429441332817078,0.6480726599693298,0.46641722321510315,0.5572569966316223,0.623711884021759,0.35506051778793335,0.545385479927063,0.5443055033683777,0.36438724398612976,0.3348503112792969,0.1572541445493698,1.3179950714111328,0.2657971680164337,0.37798479199409485,0.32952117919921875,-0.03903835266828537,1.3273686170578003
4663.0,93.25900000000004,-21.27130083156353,192.12316779065503,386.5460167689245,91586.91566854095,-21.35945179926312,192.2114366984117,386.5459900000001,91682.77948400004,-6.785023770953073,6.788953055359777,-0.0008894199032864,19200.000000000007,9.613277411089718e-05,2.191137064014448e-05,-2.666862846011227e-05,0.0,-6.777601193677955,1.2747482517249984,6.800277381261568,-2.4372881203467336,0.009767459427501,-3.538112096416822,19199.998683113427,30.033060032585137,0.002,-1.153697899963716,3.6000290381481155,-0.9289585728137184,6.0,10.0,180.0,0.3164234130772622,-6.594262052500997,-0.1269745391446122,-3.181256858644499,200.2935804535485,728.2576428340176,167.21679468293672,755.2992911285166,573.5250000000001,0.3164234130772622,0.5453671216964722,0.3485247492790222,0.39263424277305603,0.371899276971817,0.3894023895263672,0.3920838236808777,0.3301926255226135,0.19959978759288788,0.3895723223686218,0.3759293556213379,0.4056989550590515,0.3782625198364258,0.43754857778549194,0.4173692464828491,0.5242458581924438,0.20591212809085846,-1.8119518756866455,0.34446531534194946,0.3880612254142761,0.23344001173973083,0.7483057379722595,0.5014525055885315,0.42850613594055176,0.5454536080360413,0.6475815773010254,0.47739067673683167,0.5588909387588501,0.6211546659469604,0.32532668113708496,0.5392192006111145,0.6409223079681396,0.361323744058609,0.33501505851745605,0.14583556354045868,1.2953026294708252,0.2798627018928528,0.3784698247909546,0.33041685819625854,0.02667570859193802,1.269211769104004
4664.0,93.27900000000002,-21.40698549172912,192.25890318970363,386.5460295803092,91970.9177744768,-21.49521619958777,192.34720110054744,386.5459900000001,92066.779484,-6.787686404240612,6.78992655934308,-0.0013149422789966,19200.000000000007,1.6196022603952095e-05,5.100667539521039e-05,-3.958162837972205e-05,0.0,-6.782468271592343,1.2313203437392717,6.791276208860351,-1.2872188313619355,-0.0027009796366784,-5.313499437912093,19200.13632852211,-128.76410523842677,0.002,-1.1579367222616612,3.688223094449411,-0.9355136933780696,6.0,10.0,180.0,0.3227368494567554,-6.622108255020024,-0.1294271946709617,-3.1679360146599107,200.29679022677425,728.1678214170088,167.19689734146834,755.2131455642583,573.5250000000001,0.3227368494567554,0.5438684225082397,0.351686030626297,0.38969308137893677,0.375469446182251,0.38802415132522583,0.39489659667015076,0.3342779576778412,0.1974872499704361,0.3945252299308777,0.3750065267086029,0.408419132232666,0.38004493713378906,0.4391624927520752,0.41829484701156616,0.5169471502304077,0.20482537150382996,-1.8083280324935913,0.3531135618686676,0.3906118869781494,0.24008089303970337,0.7485678791999817,0.5035914182662964,0.43038690090179443,0.5497603416442871,0.6500502824783325,0.47408154606819153,0.5624904036521912,0.6232364773750305,0.3295575678348541,0.5418657064437866,0.6423253417015076,0.36326611042022705,0.33503296971321106,0.1566777378320694,1.2857556343078613,0.277628630399704,0.3801354169845581,0.3355417847633362,0.0112290158867836,1.2885096073150635
4665.0,93.29900000000002,-21.54286815481196,192.39481430357463,386.546017684634,92354.91397183508,-21.63098080076613,192.4829655002863,386.5459900000001,92450.77948400004,-6.78373981364374,6.785032630028487,-0.0009205041110018,19200.000000000007,0.0001345599588607,-9.580703629501646e-05,-2.768579344470105e-05,0.0,-6.789801299149183,0.1191806051742861,6.805638127347737,-4.143575925683874,-0.0051168474266382,-2.2629573069526985,19199.810219284274,21.454597504036222,0.002,-1.259914809621541,3.7410249998893206,-0.954509892902726,6.0,10.0,180.0,0.285117517479084,-6.651896735450597,-0.1313311590939223,-3.190010427709149,200.43589511338712,728.3744107085045,167.25194867073418,755.4490727821292,578.0250000000001,0.285117517479084,0.5577076077461243,0.34704917669296265,0.40294960141181946,0.3758712708950043,0.3962859511375427,0.3988376259803772,0.3345591425895691,0.20897364616394043,0.3900982141494751,0.38447242975234985,0.41186562180519104,0.3844756484031677,0.4443289339542389,0.42599835991859436,0.5489939451217651,0.21742045879364014,-1.816003441810608,0.3342705965042114,0.3934534788131714,0.23307989537715912,0.7495167851448059,0.5095627307891846,0.43496009707450867,0.5429883003234863,0.653908908367157,0.4882776737213135,0.5597493648529053,0.6219355463981628,0.3220585286617279,0.544025719165802,0.6913365125656128,0.36762550473213196,0.34272512793540955,0.14378046989440918,1.3579964637756348,0.2876311242580414,0.3843264579772949,0.33768653869628906,0.04723820835351944,1.2643218040466309
4666.0,93.31900000000005,-21.67857524927584,192.53056657355643,386.5459822126583,92738.91167745546,-21.766745200027906,192.61873019923465,386.5459900000001,92834.77948400004,-6.785686842788801,6.785443128360436,0.0002561538022063,19200.000000000007,7.704939420471434e-05,-8.347634012873218e-05,7.787314675795519e-06,0.0,-6.770282552020417,-1.5873633313474844,6.759538270513888,-3.113798333983234,-0.008294542902611,1.1691646192387766,19199.810362848184,-72.96910317896644,0.002,-1.2806964334014794,3.69243019849006,-0.935485058206701,6.0,10.0,180.0,0.347614539866823,-6.595210071429636,-0.1313097101834948,-3.2166870547878674,199.94444755669355,727.7657053542523,167.08447433536708,754.7325363910645,572.6250000000001,0.347614539866823,0.5641456246376038,0.3479754328727722,0.4048005938529968,0.3786977529525757,0.4007616937160492,0.40072396397590637,0.3348240852355957,0.216241255402565,0.40349072217941284,0.39276161789894104,0.41714513301849365,0.3942510485649109,0.4524677097797394,0.4334757328033447,0.5572623610496521,0.22698727250099182,-1.8079583644866943,0.36111414432525635,0.39918458461761475,0.23930808901786804,0.7499135136604309,0.5227630138397217,0.43445903062820435,0.5475241541862488,0.6489583253860474,0.491869181394577,0.5600823163986206,0.6289900541305542,0.3362962603569031,0.5531816482543945,0.7003594040870667,0.37647056579589844,0.35458236932754517,0.1432894766330719,1.356574535369873,0.2911117374897003,0.3898616433143616,0.3407719135284424,0.06478074938058853,1.2068777084350586
4667.0,93.33900000000004,-21.81444428506881,192.6660715313049,386.5459773580221,93122.90670505558,-21.90250979777931,192.754494600608,386.5459900000001,93218.77948400004,-6.782174953792037,6.794110016466324,0.0004200909162974,19200.000000000007,0.0001814824391884,0.0001761652638065,1.264234910152941e-05,0.0,-6.808581323583061,-0.9127307168941694,6.790512737610959,2.680580414097239,-0.0048767387498387,-0.4870251077212824,19199.741364749403,-21.432776380269456,0.002,-1.212566614541819,3.620309916055843,-0.9133888187155312,6.0,10.0,180.0,0.2797590457932239,-6.670869117804704,-0.1264625865579589,-3.2710534698131424,199.3452237783468,728.4743526771261,167.20673716768354,755.2577681955322,578.7750000000002,0.2797590457932239,0.5528336763381958,0.352324903011322,0.39340856671333313,0.3861806392669678,0.3917434811592102,0.40581029653549194,0.3365923762321472,0.2006981074810028,0.40718868374824524,0.38929617404937744,0.42338618636131287,0.40312278270721436,0.45725154876708984,0.43800026178359985,0.5459364056587219,0.22519172728061676,-1.7953624725341797,0.4003274440765381,0.40512707829475403,0.2591862082481384,0.7516050338745117,0.5335927605628967,0.43083474040031433,0.5559709072113037,0.653583288192749,0.48379263281822205,0.5670160055160522,0.6330825090408325,0.36585384607315063,0.5654143691062927,0.627001166343689,0.3847642242908478,0.3591572642326355,0.17355544865131378,1.3383309841156006,0.2775942087173462,0.3945193290710449,0.3545951843261719,-0.001826845109462738,1.271714687347412
4668.0,93.35900000000002,-21.950322998505943,192.80253894482163,386.545960851001,93506.90606990532,-22.03827429765515,192.89025910261472,386.5459900000001,93602.77948400004,-6.778366130898763,6.770661551476645,0.000970889911627,19200.000000000007,0.0002957994374433,-0.0005269453269105,2.914902749480984e-05,0.0,-6.7648995658740265,-0.0692937286380761,6.817879104203264,-5.849119158254925,-0.0017069833209837,4.275509840526938,19200.06695432474,-21.446755900902247,0.002,-1.16659943470006,3.6533863865631,-0.9285742261531744,6.0,10.0,180.0,0.2387597513049465,-6.609335888665036,-0.1245338312567502,-3.276155623203576,200.9811118891734,728.074676338563,167.21886858384175,755.3073840977661,573.6000000000001,0.2387597513049465,0.5582491159439087,0.3379342555999756,0.4050847589969635,0.3642756938934326,0.39770615100860596,0.3870466649532318,0.31968408823013306,0.2139992117881775,0.3812221586704254,0.3855937123298645,0.4031596779823303,0.3809571862220764,0.4398215711116791,0.42293283343315125,0.5622900724411011,0.21897518634796143,-1.8200913667678833,0.32813167572021484,0.3854837417602539,0.21769751608371735,0.7474570870399475,0.49777668714523315,0.4299393594264984,0.5334070920944214,0.6419500112533569,0.48987552523612976,0.5466575026512146,0.6181322336196899,0.3186400532722473,0.5380290746688843,0.6488363742828369,0.3640648424625397,0.3444748520851135,0.11321718990802765,1.3559073209762573,0.2914293110370636,0.37961483001708984,0.32048970460891724,0.08871807903051376,1.1866564750671387
4669.0,93.37900000000003,-22.08570211494659,192.9379082593132,386.5460138807792,93890.91031365388,-22.17403870011608,193.0260236017838,386.5459900000001,93986.77948400004,-6.79121889173217,6.783838366985286,-0.0007908623535102,19200.000000000007,-8.998296104579692e-05,-0.0001316574347187,-2.388117434894405e-05,0.0,-6.780021412944846,-2.3130508159134733,6.727034943421598,1.6436216824826135,0.0024217175147426,0.4745492683121597,19199.87844618949,-42.94522241433541,0.002,-1.1767149728679205,3.678717109043645,-0.92969481860713,6.0,10.0,180.0,0.3227359475003646,-6.656240509099126,-0.1264752299041783,-3.2489254762542097,199.1360559445867,727.6128381692815,167.0004342919209,754.3736920488831,573.5250000000001,0.3227359475003646,0.5615905523300171,0.35431069135665894,0.3979571461677551,0.389034628868103,0.396121084690094,0.4091290533542633,0.34065502882003784,0.21029269695281982,0.41924768686294556,0.3962276577949524,0.42678219079971313,0.4072123169898987,0.46199125051498413,0.4416390359401703,0.5505911707878113,0.2315252125263214,-1.794662594795227,0.40555933117866516,0.40892183780670166,0.26027894020080566,0.7515721917152405,0.5427518486976624,0.43252959847450256,0.558765172958374,0.6518536806106567,0.4904111921787262,0.5679229497909546,0.6358575820922852,0.36535051465034485,0.568479061126709,0.6794911026954651,0.3882383406162262,0.3646466135978699,0.17065633833408356,1.3433260917663574,0.2840687334537506,0.39761507511138916,0.3558489680290222,0.02305895835161209,1.2272374629974365
4670.0,93.39900000000004,-22.221348615418027,193.0734591885506,386.5459894481136,94274.9117316911,-22.30980330198331,193.16178809900768,386.5459900000001,94370.77948400004,-6.795148555939609,6.790958969189596,-3.941876085383131e-05,19200.000000000007,-0.0002076864697422,8.201179191184855e-05,7.520213294123502e-07,0.0,-6.796620571949523,-3.600072451466209,6.794461064019186,4.6368064536111895,0.0046558911752127,-2.8066846037256403,19199.84467213665,38.60715183503351,0.002,-1.201998769442262,3.701627279362224,-0.9338616196228644,6.0,10.0,180.0,0.2959058410362108,-6.652388331183897,-0.1269526860128318,-3.2325177713733924,199.38452797229337,728.1689190846407,167.14071714596045,754.9743460244415,584.1000000000001,0.2959058410362108,0.5659568309783936,0.36062097549438477,0.3943912088871002,0.4044276475906372,0.3916487991809845,0.42412859201431274,0.35131651163101196,0.20586936175823212,0.42511916160583496,0.4023955762386322,0.44399958848953247,0.4230281114578247,0.4761027693748474,0.45624375343322754,0.564058780670166,0.24397121369838715,-1.7914856672286987,0.4260515570640564,0.42403680086135864,0.2817164659500122,0.7549571394920349,0.5593855977058411,0.43952348828315735,0.5658586025238037,0.6666929721832275,0.48886919021606445,0.5782051682472229,0.6359164714813232,0.37907856702804565,0.5839926600456238,0.7042732834815979,0.4040606915950775,0.37784460186958313,0.206498384475708,1.3890355825424194,0.28270742297172546,0.41059941053390503,0.3848752975463867,-0.016013793647289276,1.2984539270401
4671.0,93.41900000000004,-22.35736041788372,193.20945099152868,386.54600084092857,94658.9100541708,-22.445567802313047,193.29755269760537,386.5459900000001,94754.779484,-6.786907619110112,6.783380297805074,-0.0003638600997344,19200.000000000007,3.941396649578524e-05,-0.0001452903940035,-1.0839546076191557e-05,0.0,-6.7897955490075095,0.4313360207894192,6.781483423747972,3.170477632461183,-0.0060974467958318,-2.4936551113985024,19199.913372773863,-8.586887798106726,0.002,-1.185337167345309,3.6448315388750654,-0.9309701390338596,6.0,10.0,180.0,0.332094917067228,-6.629425384797247,-0.1279322979543893,-3.251523780269157,199.3897639861467,728.2179595423204,167.15185857298025,755.0221730122207,573.5250000000001,0.332094917067228,0.5411099195480347,0.35332196950912476,0.38373827934265137,0.3806438148021698,0.38533806800842285,0.39765429496765137,0.332584947347641,0.19309687614440918,0.40465274453163147,0.3792235255241394,0.41521090269088745,0.3931810259819031,0.44792503118515015,0.42689651250839233,0.5191332101821899,0.21154719591140747,-1.7956150770187378,0.39853808283805847,0.3976261019706726,0.2554502487182617,0.7501144409179688,0.5186417102813721,0.4253520667552948,0.5564950704574585,0.6490477323532104,0.4730958044528961,0.5651430487632751,0.6298009157180786,0.360502153635025,0.5564072728157043,0.5825119018554688,0.37531405687332153,0.3477689325809479,0.17131134867668152,1.275777816772461,0.2718704044818878,0.38696569204330444,0.34432995319366455,-0.014396481215953827,1.2780578136444092
4672.0,93.43900000000002,-22.49310758574945,193.3451044486814,386.5459637673515,95042.90913099532,-22.58133220205812,193.4333169983589,386.5459900000001,95138.779484,-6.787482164927309,6.787068742310656,0.0008393657884015,19200.000000000007,2.238496666529389e-05,-3.4344813022823024e-05,2.6233743935443675e-05,0.0,-6.820300651621203,-2.993687488190319,6.790278988082067,2.875846654699714,-0.0066052455059083,0.3064598823460638,19199.99923575021,111.59462880917631,0.002,-1.204711658558472,3.616582872045822,-0.9373674359632748,6.0,10.0,180.0,0.3491616015812704,-6.571737099247495,-0.1259795319808812,-3.255114957861314,198.72288199307337,728.9444797711602,167.2739292864901,755.5475865061103,573.5250000000001,0.3491616015812704,0.5629255175590515,0.35707223415374756,0.3979046642780304,0.39173901081085205,0.3964933156967163,0.4113866090774536,0.3448835611343384,0.2101140171289444,0.4273994266986847,0.3988828659057617,0.43347570300102234,0.4136851131916046,0.4689018726348877,0.4481436312198639,0.5536561608314514,0.23688463866710663,-1.7922877073287964,0.4220905303955078,0.4150083065032959,0.2691887319087982,0.7540704011917114,0.5509147047996521,0.4344833195209503,0.5639818906784058,0.6550885438919067,0.4924023151397705,0.5723447203636169,0.638139009475708,0.37283089756965637,0.5756797194480896,0.6548947691917419,0.39470258355140686,0.3718050718307495,0.18002469837665558,1.3335316181182861,0.2833728492259979,0.4024573564529419,0.3658407926559448,0.022171564400196075,1.2295522689819336
4673.0,93.45900000000005,-22.629272469067644,193.4809231496754,386.54597863764354,95426.91281187593,-22.717096800378364,193.56908169972272,386.5459900000001,95522.77948400004,-6.7741334873079335,6.785271853975611,0.0003494012409091,19200.000000000007,0.0004229723697776,-8.864894170486678e-05,1.1461583578169197e-05,0.0,-6.790529879710237,3.537775541621042,6.81541664917324,3.604934448857435,-0.01197657812437,1.0308320247978553,19200.136089265856,-64.32914498973483,0.002,-1.1836063316768068,3.609700774686281,-0.919495564429192,6.0,10.0,180.0,0.2416658922871679,-6.648903191812198,-0.1259674564580505,-3.234581170326912,199.86644099653668,728.8382398855802,167.32096464324505,755.7472932530552,584.1000000000001,0.2416658922871679,0.5257158875465393,0.34013795852661133,0.37608620524406433,0.36791419982910156,0.3772946000099182,0.38503119349479675,0.3125133216381073,0.17839927971363068,0.37124451994895935,0.36718443036079407,0.3989245891571045,0.3811487555503845,0.4320870041847229,0.4151886999607086,0.5232469439506531,0.1989053189754486,-1.8008713722229004,0.3747800588607788,0.3817291259765625,0.23697562515735626,0.7428033947944641,0.4964335560798645,0.41536325216293335,0.5393603444099426,0.6419261693954468,0.461974561214447,0.5527095198631287,0.6220365762710571,0.3607174754142761,0.544044554233551,0.4898633360862732,0.3641001880168915,0.3348762094974518,0.15211611986160278,1.3021306991577148,0.262038916349411,0.37603041529655457,0.3237360119819641,-0.044617824256420135,1.3190569877624512
4674.0,93.47900000000004,-22.764794703231733,193.61673258001449,386.54596667657694,95810.91396678385,-22.8528612978327,193.70484610089736,386.5459900000001,95906.77948400004,-6.782205687492207,6.783777182996806,0.0007754400067586,19200.000000000007,0.0001804085266268,-0.0001333845050959,2.3321954509872e-05,0.0,-6.778823553781966,2.5558179826668868,6.762220997401592,-3.1755575932892186,0.0061293911672337,5.31316003907747,19200.2898825627,98.72412832662896,0.002,-1.148138444113197,3.649536268189901,-0.9210775850846492,6.0,10.0,180.0,0.3031856827247225,-6.5923179138328605,-0.126444780827711,-3.206343296340317,199.4782204982684,728.1921199427901,167.15148232162252,755.0206466265277,573.5250000000001,0.3031856827247225,0.5417635440826416,0.33488309383392334,0.39415091276168823,0.35742655396461487,0.3870469331741333,0.37883827090263367,0.3102133870124817,0.20078666508197784,0.37231698632240295,0.37510186433792114,0.3911142349243164,0.3727201819419861,0.42859458923339844,0.41178208589553833,0.5403170585632324,0.2034076452255249,-1.8151501417160034,0.3375651240348816,0.3751809000968933,0.21431681513786316,0.7463609576225281,0.48967599868774414,0.4198228418827057,0.5317928791046143,0.6336357593536377,0.4812261760234833,0.5421850681304932,0.6179837584495544,0.33399149775505066,0.532708466053009,0.5609917044639587,0.35536620020866394,0.33308082818984985,0.10905085504055023,1.31124746799469,0.27874764800071716,0.3707960247993469,0.30463576316833496,0.04842511564493179,1.2070047855377197
4675.0,93.49900000000004,-22.9002169459905,193.7520759799112,386.545993039637,96194.91574264722,-22.98862579761037,193.8406105013694,386.5459900000001,96290.77948400004,-6.793618629303289,6.797813187085678,-0.0001030483162859,19200.000000000007,-0.0001617509861729,0.0002878165246449,-3.0400740704268407e-06,0.0,-6.786588825761214,-2.312310290283201,6.790561206004815,2.0136054816968145,0.0058497958281162,2.68815005175376,19200.03286918544,8.529319929747578,0.002,-1.1723720558204478,3.6611061464723855,-0.9418910298714048,6.0,10.0,180.0,0.3193631176715933,-6.662180170229429,-0.1269399048196673,-3.200701381240428,199.75211024913412,728.219059971395,167.17424116081128,755.1188233132639,573.5250000000001,0.3193631176715933,0.5584407448768616,0.35102492570877075,0.39589637517929077,0.38442984223365784,0.3973473310470581,0.40363067388534546,0.33390575647354126,0.20776793360710144,0.41481074690818787,0.39495375752449036,0.4249393939971924,0.40723326802253723,0.46130678057670593,0.4415702521800995,0.5550770163536072,0.23220492899417877,-1.794504165649414,0.4096955955028534,0.4068688750267029,0.2572287321090698,0.7513449788093567,0.53985995054245,0.42847660183906555,0.5557591319084167,0.6471461057662964,0.4891355633735657,0.5644660592079163,0.6331270337104797,0.3667146563529968,0.5680192708969116,0.6414064168930054,0.38835957646369934,0.36680367588996887,0.16409677267074585,1.3342549800872803,0.2825472056865692,0.396492600440979,0.3530884385108948,0.029770739376544952,1.2109322547912598
4676.0,93.51900000000003,-23.036344938294683,193.8881950835321,386.5459746862919,96578.9151677685,-23.12439029982189,193.9763752006064,386.5459900000001,96674.77948400004,-6.781504629312022,6.785992700885673,0.000481742106592,19200.000000000007,0.0002015349975457,-6.688339294309724e-05,1.5313971069959497e-05,0.0,-6.803729977990512,3.844773709099954,6.827593413209638,-1.6498771703609794,0.0099989532698567,2.0063682361621344,19199.96495111009,72.94982122080123,0.002,-1.1827885089950891,3.636260726128773,-0.9333653128709368,6.0,10.0,180.0,0.2896288503676382,-6.605534171630919,-0.1279344865451833,-3.2130679531288004,200.29455512456707,728.8360299856975,167.34662058040564,755.8574116566319,584.1000000000001,0.2896288503676382,0.5343766212463379,0.3350598216056824,0.38941892981529236,0.36048373579978943,0.3820802867412567,0.38210195302963257,0.31085553765296936,0.18879862129688263,0.36043667793273926,0.36891603469848633,0.39196616411209106,0.37124812602996826,0.42613404989242554,0.4105612635612488,0.5379971861839294,0.19880267977714539,-1.815816044807434,0.32984721660614014,0.3750413656234741,0.2178930938243866,0.7464512586593628,0.48728257417678833,0.4186665117740631,0.5295179486274719,0.640786349773407,0.4735405147075653,0.5453128814697266,0.6156194806098938,0.3343026041984558,0.5324122309684753,0.5450957417488098,0.35444018244743347,0.32826653122901917,0.1248674988746643,1.3345484733581543,0.2714379131793976,0.37050938606262207,0.31212854385375977,0.0040707066655159,1.2911782264709473
4677.0,93.53900000000002,-23.171842896725817,194.0239247598177,386.5459911201161,96962.91410748212,-23.260154800824843,194.1121396995213,386.5459900000001,97058.77948400004,-6.790413473528578,6.787156999561657,-7.27746435159232e-05,19200.000000000007,-6.51095951616002e-05,-3.20580999926206e-05,-1.120024261310738e-06,0.0,-6.76613871452024,-0.3625607812344594,6.761716185412261,-0.2501116287511502,0.0095249038556042,-2.125338916621557,19200.35952528363,-21.43240361729853,0.002,-1.296374607714719,3.731373736490303,-0.967748070352723,6.0,10.0,180.0,0.3516091828119218,-6.557122650791008,-0.1274507587730932,-3.223352773858712,200.0487775622836,727.9175149928487,167.12481029020282,754.9062058283159,573.5250000000001,0.3516091828119218,0.5514124035835266,0.3515016436576843,0.39340460300445557,0.3801646828651428,0.3920993506908417,0.3997143507003784,0.33483317494392395,0.20288781821727753,0.4025830030441284,0.38426339626312256,0.41530656814575195,0.39132359623908997,0.44827207922935486,0.4276500344276428,0.533147394657135,0.2166469693183899,-1.8023871183395386,0.37434089183807373,0.3974970579147339,0.24653039872646332,0.7493093609809875,0.5192720890045166,0.4301210343837738,0.5520012378692627,0.6489845514297485,0.4818643629550934,0.5631653070449829,0.6292145848274231,0.3437042236328125,0.5524061918258667,0.6640034914016724,0.3734501302242279,0.3479490578174591,0.15953826904296875,1.315012812614441,0.28071486949920654,0.38694053888320923,0.34227627515792847,0.019437916576862335,1.2537872791290283
4678.0,93.55900000000004,-23.307761337065667,194.15915132866783,386.54598922170806,97346.91360684994,-23.395919299742904,194.2479040996269,386.5459900000001,97442.77948400004,-6.785249147452904,6.805081675703166,-7.641844031996275e-06,19200.000000000007,8.933499912655622e-05,0.0005057728802639,7.782454137326446e-07,0.0,-6.814201569707461,1.4554734983947302,6.783197808172863,1.531021899114533,0.0039023110904619,-2.99429628067981,19199.63797292872,0.0133359040451068,0.002,-1.3126104478473168,3.676309836634778,-0.9357490882220588,6.0,10.0,180.0,0.2973213722911358,-6.634704849596528,-0.125490617065843,-3.2289510356444167,199.05538878114177,728.6227574964244,167.2219051451014,755.3251029141579,573.5250000000001,0.2973213722911358,0.5398906469345093,0.3516634702682495,0.3866666257381439,0.37595969438552856,0.3865482807159424,0.3948048949241638,0.33181923627853394,0.19339574873447418,0.3985259234905243,0.3760903477668762,0.4094278812408447,0.3856067657470703,0.44209492206573486,0.42137718200683594,0.5162694454193115,0.2059347927570343,-1.8003714084625244,0.379695862531662,0.3923056423664093,0.24751591682434082,0.7498322129249573,0.5115510821342468,0.4269060790538788,0.553331732749939,0.6487300395965576,0.4733060896396637,0.5633244514465332,0.6277573108673096,0.351190447807312,0.5495181083679199,0.576066792011261,0.3678590953350067,0.3402659296989441,0.16103099286556244,1.2730034589767456,0.27184516191482544,0.3818737864494324,0.33654457330703735,-0.006752632558345795,1.2821567058563232
4679.0,93.57900000000002,-23.44381337657176,194.2952646811781,386.5459854225158,97730.90727215396,-23.531683799197484,194.38366870060665,386.5459900000001,97826.77948400004,-6.775671197165015,6.793459136747153,0.0001566757694952,19200.000000000007,0.000376779511835,0.0001571193485314,4.577468029488065e-06,0.0,-6.76341662831784,4.094342270584784,6.814960380198895,-5.375619758952126,0.0027075601449416,-3.788111933183564,19199.998746724,-68.68666305098638,0.002,-1.2614856827150929,3.620054697854493,-0.9395008338440424,6.0,10.0,180.0,0.2972981828018457,-6.634247338594714,-0.1210997595609113,-3.2919984829888094,200.8081943905709,728.0988787482122,167.2134525725507,755.285551457079,578.0250000000001,0.2972981828018457,0.5355039834976196,0.33972883224487305,0.3901258707046509,0.3592738211154938,0.38156187534332275,0.3804404139518738,0.3177413046360016,0.1929040104150772,0.3618488311767578,0.3634570240974426,0.3885954022407532,0.3590722680091858,0.4192814826965332,0.40140166878700256,0.5186648368835449,0.19010058045387268,-1.8263752460479736,0.2957226037979126,0.3713783621788025,0.20953108370304108,0.74518221616745,0.4710787534713745,0.4213530123233795,0.5285937786102295,0.6452493071556091,0.46984732151031494,0.5466473698616028,0.6055559515953064,0.3012753129005432,0.5187097191810608,0.6050809621810913,0.3436507284641266,0.31526991724967957,0.12211309373378754,1.2971367835998535,0.2779479920864105,0.3654578626155853,0.30838102102279663,0.026137657463550568,1.3008105754852295
4680.0,93.59900000000005,-23.57905076286505,194.4309452676115,386.5460243192013,98114.9067648094,-23.66744830031272,194.5194331005873,386.5459900000001,98210.77948400004,-6.793250261991895,6.79625751008088,-0.0011418487439296,19200.000000000007,-0.0001505333101298,0.0002409319787916,-3.431923947769855e-05,0.0,-6.7912810952051945,-5.249710329755919,6.792978329892915,1.0943998905628405,-0.0085763002211001,-3.418218385601992,19200.05086014827,30.008407449536737,0.002,-1.228907676983498,3.63521063805536,-0.9334434613465138,6.0,10.0,180.0,0.3413042562466723,-6.687966972269646,-0.1264718743743501,-3.286386297587008,200.33959719528545,728.287439374106,167.22672628627535,755.3417757285395,572.6250000000001,0.3413042562466723,0.5761051774024963,0.36368250846862793,0.40409055352211,0.401725709438324,0.39869338274002075,0.42209553718566895,0.35854169726371765,0.2199718952178955,0.4417955279350281,0.4064255654811859,0.44516968727111816,0.42004579305648804,0.478198766708374,0.45587247610092163,0.5605424046516418,0.24690023064613342,-1.7930017709732056,0.4166974425315857,0.4252757430076599,0.27679792046546936,0.7548083662986755,0.5601652264595032,0.4434954822063446,0.569394588470459,0.6630672216415405,0.49714207649230957,0.5794616937637329,0.6402268409729004,0.35892578959465027,0.5802650451660156,0.7689089179039001,0.4015590250492096,0.37840670347213745,0.19423149526119232,1.3617933988571167,0.2926633059978485,0.41018927097320557,0.3825452923774719,0.04150713235139847,1.2313168048858643
4681.0,93.61900000000004,-23.71545887877941,194.5672186921504,386.5459804721461,98498.91098635156,-23.803212801899296,194.6551976991921,386.5459900000001,98594.779484,-6.771791401344181,6.779299222691371,0.0002560686452201,19200.000000000007,0.0004930816559553,-0.0002681917969697,9.527892570864288e-06,0.0,-6.7936764327630526,5.799650212090219,6.818592433572204,-3.0443164173556854,-0.0085391850464301,0.919014092779518,19200.291365654823,-77.24469338691901,0.002,-1.212784427820227,3.601851255612337,-0.9410214768796766,6.0,10.0,180.0,0.2802976785663865,-6.627870326261283,-0.1230317141039931,-3.257688691343096,200.6612985976427,728.595219687053,167.31586314313768,755.7233878642697,578.7750000000002,0.2802976785663865,0.523067831993103,0.33224624395370483,0.3823072910308838,0.3494269847869873,0.3749215006828308,0.3697296977043152,0.30359452962875366,0.183812215924263,0.3506838381290436,0.35668498277664185,0.3778584897518158,0.3548690676689148,0.4114561080932617,0.39521825313568115,0.5143199563026428,0.18177106976509094,-1.8220888376235962,0.30861493945121765,0.3618774712085724,0.2036503702402115,0.7441127300262451,0.4644468426704407,0.4113675057888031,0.5239161849021912,0.634458065032959,0.46489426493644714,0.5384241342544556,0.6051679849624634,0.3186359703540802,0.5161604881286621,0.49776506423950195,0.3393037021160126,0.31121230125427246,0.10880781710147858,1.2764078378677368,0.26774144172668457,0.3588390350341797,0.29272764921188354,0.007355935871601105,1.2894209623336792
4682.0,93.63900000000004,-23.85090614850389,194.70310654373503,386.54597590006233,98882.91384090835,-23.938977202345846,194.79096199775864,386.5459900000001,98978.77948400004,-6.782379621401303,6.77518299572653,0.0004442571946304,19200.000000000007,0.0001758497539026,-0.0003913422063398,1.4100202554120916e-05,0.0,-6.767340674793812,-2.193971298706177,6.7536514763675495,-5.007125739674322,-0.0039061923221922,3.662206492776305,19200.033036112167,-38.57711728112048,0.002,-1.1789454955671963,3.558416870155622,-0.9319141025498346,6.0,10.0,180.0,0.3676974420434999,-6.60788525016334,-0.1225356845432797,-3.2356422227962867,199.99864929882136,727.7736098435265,167.08993157156883,754.755193932135,573.6000000000001,0.3676974420434999,0.5718586444854736,0.34446975588798523,0.41219475865364075,0.3771997094154358,0.4051591157913208,0.4012344777584076,0.3333444893360138,0.22361813485622406,0.40090686082839966,0.3980928659439087,0.41723233461380005,0.39555615186691284,0.45415669679641724,0.4364280104637146,0.5748044848442078,0.23332546651363373,-1.812751293182373,0.34993618726730347,0.39922112226486206,0.23310232162475586,0.750242292881012,0.5223557353019714,0.43779808282852173,0.5430207848548889,0.6488379836082458,0.49786612391471863,0.5564665198326111,0.6282922029495239,0.3315712809562683,0.5530731081962585,0.7179532051086426,0.3776484429836273,0.3583354651927948,0.13129691779613495,1.3937134742736816,0.2971207797527313,0.3909587264060974,0.3383992910385132,0.09083614498376846,1.1789824962615967
4683.0,93.65900000000002,-23.986302751929703,194.8387508633312,386.5459875504064,99266.91719324564,-24.074741800469003,194.9267266979617,386.5459900000001,99362.77948400004,-6.794611886080243,6.779180287846832,5.316964515213181e-05,19200.000000000007,-0.0001919502204829,-0.0002712622891711,2.4493892600595297e-06,0.0,-6.759041828977134,-3.112475506919999,6.778826597235934,-2.562028573160604,0.0046350764503575,0.1808789294061434,19200.10119770404,-60.08742007387532,0.002,-1.1501268272638294,3.572746872276728,-0.9309237796140358,6.0,10.0,180.0,0.3564750585087605,-6.553706125652647,-0.1215926481592391,-3.200259064489007,200.52532464941063,727.3478049217633,167.02696578578443,754.4840969660675,573.5250000000001,0.3564750585087605,0.5705845952033997,0.35195299983024597,0.40691086649894714,0.3862869441509247,0.40325936675071716,0.408120721578598,0.3407369554042816,0.21934860944747925,0.4129064381122589,0.3989239037036896,0.42655906081199646,0.4030108153820038,0.46116191148757935,0.44156399369239807,0.5655835866928101,0.23609104752540588,-1.804341197013855,0.372445285320282,0.4077470600605011,0.24856530129909515,0.750747799873352,0.5343084335327148,0.4378751814365387,0.5518696308135986,0.6529115438461304,0.4947642982006073,0.5646368861198425,0.6319471597671509,0.3391154110431671,0.5612921714782715,0.7417128682136536,0.3848592936992645,0.3637669086456299,0.15640300512313843,1.3742330074310303,0.2944304347038269,0.3968641757965088,0.3545953631401062,0.06648743897676468,1.2079503536224365
4684.0,93.67900000000002,-24.12210757303681,194.97454497048503,386.5459989681988,99650.91889694144,-24.210506297780825,195.0624912004093,386.5459900000001,99746.77948400004,-6.793286372920744,6.778197213828898,-0.0003004132844317,19200.000000000007,-0.0001519320900571,-0.0003007708421228,-8.96951644991801e-06,0.0,-6.806627251630099,-1.5314156940918051,6.78711010549015,2.200518291413877,-0.0007194421545615,0.7942996858402601,19199.792748028976,-17.205241637142123,0.002,-1.149590221253913,3.582954416860538,-0.9305793511405333,6.0,10.0,180.0,0.3618528263793296,-6.650397203732088,-0.1221068400719419,-3.1987164301950406,199.6096623247053,728.2014024608816,167.1619828928922,755.0650484830337,584.1000000000001,0.3618528263793296,0.5596593022346497,0.3504076600074768,0.39889177680015564,0.38964027166366577,0.39527660608291626,0.41107332706451416,0.3372858464717865,0.20438936352729797,0.40450161695480347,0.3949042558670044,0.42720815539360046,0.4082786440849304,0.46142786741256714,0.4438350796699524,0.5648889541625977,0.2329886257648468,-1.7960618734359741,0.3956516683101654,0.4084760844707489,0.259246826171875,0.751750111579895,0.5409800410270691,0.4337247312068939,0.5532152652740479,0.6565347909927368,0.489254355430603,0.5667864680290222,0.6339543461799622,0.3675757050514221,0.569463312625885,0.6626101732254028,0.38967928290367126,0.36483219265937805,0.1740303784608841,1.390432357788086,0.28109243512153625,0.3984951376914978,0.359676718711853,0.0015910640358924866,1.276486873626709
4685.0,93.69900000000004,-24.257824431111235,195.11003955055807,386.5460087597304,100034.9212036524,-24.34627079761328,195.1982555026321,386.5459900000001,100130.77948400004,-6.794874869858688,6.787203202541815,-0.0006255452627001,19200.000000000007,-0.0001995725097539,-3.055146016131515e-05,-1.876083862983972e-05,0.0,-6.782007574678462,-4.693340597953508,6.748769438621255,2.8622118254531808,0.0019459793534011,-2.618633431424564,19199.98215374436,42.91313427520648,0.002,-1.119318107337448,3.613145517980145,-0.9357433801280118,6.0,10.0,180.0,0.4048142294752935,-6.620662478829422,-0.1235515813332804,-3.169501035557176,198.92683116235264,727.8572012304408,167.0419914464461,754.5525242415168,573.5250000000001,0.4048142294752935,0.5721327066421509,0.36372965574264526,0.4007119834423065,0.4030826687812805,0.39599722623825073,0.42259085178375244,0.3558422327041626,0.21573837101459503,0.44158679246902466,0.405987411737442,0.4442780911922455,0.42204388976097107,0.47784870862960815,0.4556525945663452,0.557015061378479,0.24539044499397278,-1.79123055934906,0.4287557899951935,0.4250624179840088,0.280023992061615,0.7549654841423035,0.5625669360160828,0.4406016170978546,0.570387601852417,0.662406325340271,0.49551352858543396,0.5790685415267944,0.6420749425888062,0.3719128966331482,0.5827683806419373,0.7392677068710327,0.4028121531009674,0.37895041704177856,0.19804327189922333,1.3552796840667725,0.28906917572021484,0.4103887677192688,0.38120102882385254,0.02122391015291214,1.239210605621338
4686.0,93.71900000000002,-24.393722295396707,195.24541127797625,386.5459785700721,100418.92124163469,-24.482035299864744,195.3340202018183,386.5459900000001,100514.77948400004,-6.790405848559883,6.800285687934659,0.0003167545660561,19200.000000000007,-6.59025361078377e-05,0.0003617219387119,1.153058704863754e-05,0.0,-6.80393897348633,1.1558248598807583,6.792230056909537,7.937648036064833,-0.0044055261308224,0.1810148988619396,19199.878901842192,-21.45053356413125,0.002,-1.1520713182528992,3.609753583781716,-0.9399149837439132,6.0,10.0,180.0,0.3593542339521334,-6.72320348984954,-0.1245012512140163,-3.172560006090249,199.0134155811764,728.4316006152203,167.17649572322307,755.1287621207584,573.5250000000001,0.3593542339521334,0.528247594833374,0.35210686922073364,0.3701423406600952,0.3789943754673004,0.3788377046585083,0.3928641676902771,0.3239474594593048,0.1809246987104416,0.40481504797935486,0.37491530179977417,0.41327255964279175,0.39758196473121643,0.4475957155227661,0.42663806676864624,0.5086749792098999,0.20758071541786194,-1.791260004043579,0.4355478286743164,0.39633357524871826,0.26411324739456177,0.748862087726593,0.5203984379768372,0.41770967841148376,0.5591470003128052,0.6435955166816711,0.46031561493873596,0.5645043253898621,0.6257345676422119,0.38784462213516235,0.5630587339401245,0.4535332918167114,0.37915292382240295,0.35120904445648193,0.1793595850467682,1.236398458480835,0.2601858973503113,0.38673537969589233,0.3427540063858032,-0.05191408842802048,1.2802561521530151
4687.0,93.73900000000005,-24.529431387331336,195.3818409252069,386.545977633168,100802.91743961822,-24.61779980070844,195.46978469959737,386.5459900000001,100898.77948400004,-6.792275774578994,6.778117528791727,0.0004110388474333,19200.000000000007,-0.0001216078753532,-0.0003033240587909,1.2368308378027513e-05,0.0,-6.795420842754029,-1.407713663159441,6.812253272977697,-0.9745621272656548,-0.0043755705208872,-2.8757468272016427,19199.758455953364,103.01951757464688,0.002,-1.2349322764477344,3.666066193756965,-0.9386447048526612,6.0,10.0,180.0,0.3714948582343166,-6.616689655971794,-0.1235311345403542,-3.2022531421172418,199.79220779058812,728.6688003076101,167.27824786161153,755.5633810603792,584.1000000000001,0.3714948582343166,0.563374936580658,0.3520919680595398,0.4033925235271454,0.38921600580215454,0.39655792713165283,0.41158372163772583,0.34286239743232727,0.2079581767320633,0.40126633644104004,0.3931046426296234,0.4269530177116394,0.4014308452606201,0.45865917205810547,0.4404382109642029,0.5622738003730774,0.23083171248435974,-1.8046752214431763,0.3656546473503113,0.4074283838272095,0.25281429290771484,0.7518907189369202,0.5313894152641296,0.4397370219230652,0.5513104796409607,0.6607077121734619,0.4900217354297638,0.5680199265480042,0.6313657760620117,0.34331703186035156,0.5616142153739929,0.7201675176620483,0.38375571370124817,0.3579854369163513,0.17128930985927582,1.3966304063796997,0.28690019249916077,0.396522581577301,0.36019718647003174,0.019012726843357086,1.2950401306152344
4688.0,93.75900000000004,-24.665527533107586,195.51737607426057,386.5459551316978,101186.91604633557,-24.753564299469257,195.60554909957327,386.5459900000001,101282.77948400004,-6.781222281482198,6.785759840361576,0.0011631156256794,19200.000000000007,0.0002102345330026,-7.397138981408288e-05,3.4868846100711e-05,0.0,-6.81908279314972,1.3440763468291317,6.7768572168396926,4.881069741755563,-0.0148920584026722,2.6249090085720983,19199.706654181056,-72.9337597176969,0.002,-1.2413833230541644,3.652571898214498,-0.9635232490164206,6.0,10.0,180.0,0.3270918939076469,-6.623537938499192,-0.121596900987956,-3.228903554582721,198.6306038952941,729.0604001538051,167.29462393080576,755.6356905301895,573.5250000000001,0.3270918939076469,0.5346855521202087,0.346921443939209,0.38034671545028687,0.373142272233963,0.3850645124912262,0.3899206519126892,0.32201749086380005,0.1891053467988968,0.3985837399959564,0.3773556351661682,0.40849441289901733,0.39293795824050903,0.44465386867523193,0.42518362402915955,0.5222457647323608,0.20912817120552063,-1.7937697172164917,0.4129182696342468,0.39194467663764954,0.2513630986213684,0.749006986618042,0.518760621547699,0.4180889427661896,0.5530282258987427,0.6406000852584839,0.47283700108528137,0.5594083070755005,0.6299774646759033,0.3771859407424927,0.5575507283210754,0.49077439308166504,0.3746427893638611,0.3486490845680237,0.15864728391170502,1.2660120725631714,0.26582303643226624,0.38366925716400146,0.33285290002822876,-0.01951112598180771,1.251706600189209
4689.0,93.77900000000002,-24.80144873368545,195.6532097673572,386.5459498273305,101570.90909951516,-24.88932879974,195.74131370074969,386.5459900000001,101666.77948400004,-6.776002123802958,6.783452666138052,0.001333427594393,19200.000000000007,0.0003667329622764,-0.0001432631387025,4.017242754651156e-05,0.0,-6.795143608961399,1.8387488929575184,6.824239112999327,-1.8872752235135104,0.0002578286526467,4.944790947836195,19200.10116703653,115.88101787207452,0.002,-1.2919079255249435,3.624892557013817,-0.9383638272635854,6.0,10.0,180.0,0.260785383638252,-6.63086263898523,-0.1206152298806854,-3.277120757194456,199.90130194764703,729.0512000769025,167.37131196540287,755.9623452650948,573.5250000000001,0.260785383638252,0.5414484739303589,0.33708399534225464,0.39216580986976624,0.3597489297389984,0.38876089453697205,0.37992358207702637,0.31243836879730225,0.1990281641483307,0.3773467540740967,0.3762440085411072,0.39673033356666565,0.37806791067123413,0.4339272379875183,0.4165908694267273,0.5411068797111511,0.2074582725763321,-1.8111423254013062,0.3529679775238037,0.38005760312080383,0.22188884019851685,0.747535765171051,0.49611204862594604,0.419612318277359,0.5358237028121948,0.6349515914916992,0.48080483078956604,0.5459339618682861,0.6204444169998169,0.33893775939941406,0.5383810997009277,0.5511518120765686,0.3607511818408966,0.338972270488739,0.11857469379901886,1.3015260696411133,0.2773693799972534,0.37455669045448303,0.31347906589508057,0.04463387280702591,1.2100831270217896
4690.0,93.79900000000002,-24.937067555713494,195.7891119560344,386.5459470890354,101954.9103204525,-25.02509330202781,195.87707809964544,386.5459900000001,102050.77948400004,-6.78081914539805,6.778863645125762,0.0014313084856468,19200.000000000007,0.0002214570588212,-0.0002809570419982,4.2910849824223885e-05,0.0,-6.765382573295847,2.2504889147433564,6.758322946124979,-4.762152376908023,0.008796580553615,4.213494468469892,19200.067588078164,12.818391471217767,0.002,-1.2364638221368542,3.553396504715052,-0.9376772230741937,6.0,10.0,180.0,0.3003561336098021,-6.621530675022024,-0.1161937477953829,-3.281762309574,199.7901509738236,727.9896000384513,167.12565598270143,754.9086726325475,584.1000000000001,0.3003561336098021,0.550639808177948,0.3332618474960327,0.4020209014415741,0.3637966215610504,0.3899325728416443,0.38800233602523804,0.3143002390861511,0.2039048671722412,0.363886296749115,0.3802119493484497,0.39615440368652344,0.37614208459854126,0.43189284205436707,0.4172907769680023,0.5624832510948181,0.2110934555530548,-1.8213839530944824,0.3147021234035492,0.3791487216949463,0.21272632479667664,0.7469420433044434,0.4920579195022583,0.42612776160240173,0.5260717868804932,0.6431518793106079,0.4877683222293854,0.5432785749435425,0.615648627281189,0.32634666562080383,0.5344184041023254,0.6304507255554199,0.35900941491127014,0.3356025516986847,0.11408703029155731,1.3956944942474365,0.28423354029655457,0.37538468837738037,0.31328409910202026,0.04351309686899185,1.2503080368041992
4691.0,93.81900000000005,-25.0725497690211,195.9244558305825,386.5460156483132,102338.91344718958,-25.1608579025376,196.01284269747828,386.5459900000001,102434.77948400004,-6.79025719185735,6.792882746879298,-0.0008526933066423,19200.000000000007,-6.093036138653164e-05,0.0001397585140664,-2.564827400667552e-05,0.0,-6.782957404139594,-0.306469421213674,6.808320479554777,5.799967561810432,0.0124179403285616,1.037469375912022,19200.23988665117,64.36470411390856,0.002,-1.1774312837954035,3.5791686919089694,-0.9331821474516178,6.0,10.0,180.0,0.3076358779362397,-6.689888620088226,-0.1200870185737868,-3.26282071341206,200.44707548691176,728.1533000192256,167.2033279913507,755.2398363162738,573.5250000000001,0.3076358779362397,0.5381573438644409,0.3512101471424103,0.3794020414352417,0.38034170866012573,0.3847958743572235,0.39573025703430176,0.32591158151626587,0.1893109232187271,0.4061332941055298,0.3812762498855591,0.4170388877391815,0.400494784116745,0.45183420181274414,0.43104907870292664,0.524745523929596,0.21610060334205627,-1.7918612957000732,0.42582932114601135,0.3994781970977783,0.26066237688064575,0.7498177886009216,0.52529376745224,0.41878435015678406,0.5570966005325317,0.643375039100647,0.47132614254951477,0.5631304383277893,0.6284440755844116,0.37745916843414307,0.5636035203933716,0.5341421365737915,0.3819368779659271,0.3567260205745697,0.17384366691112518,1.270517110824585,0.26765334606170654,0.3895375728607178,0.34642815589904785,-0.021983109414577484,1.2516791820526123
4692.0,93.83900000000004,-25.20828611502055,196.060676837369,386.5460166840622,102722.91787573346,-25.29662220010336,196.14860709797745,386.5459900000001,102818.77948400004,-6.791201178918281,6.777674363913808,-0.0008898089741867,19200.000000000007,-8.9287990932896e-05,-0.0003165473997622,-2.668404879447994e-05,0.0,-6.78543140591122,1.7189044222228116,6.801269747276393,-3.78777111698167,0.0134215485894778,-1.4065596015308954,19200.685926977658,-8.539510986147718,0.002,-1.1763106834679364,3.662022472808327,-0.9363309580969312,6.0,10.0,180.0,0.2939505646352433,-6.606916349470081,-0.121568182213338,-3.217707353630098,200.5325377434559,728.2376500096128,167.22716399567537,755.343418158137,573.5250000000001,0.2939505646352433,0.5457720160484314,0.3441040515899658,0.3956122100353241,0.3663238286972046,0.3896212577819824,0.3878840208053589,0.32499271631240845,0.2016914188861847,0.38256025314331055,0.3753121793270111,0.4001650810241699,0.3739473223686218,0.43342870473861694,0.41436463594436646,0.5302019715309143,0.2043929100036621,-1.816603183746338,0.33172792196273804,0.382962703704834,0.22432713210582733,0.747658908367157,0.4955640435218811,0.42675307393074036,0.5397579669952393,0.6451890468597412,0.48048585653305054,0.5533036589622498,0.6175714731216431,0.3205416798591614,0.534451961517334,0.6266849040985107,0.3570810556411743,0.3322669267654419,0.13100115954875946,1.3039782047271729,0.28110945224761963,0.3748551309108734,0.32142168283462524,0.04218972474336624,1.2499628067016602
4693.0,93.85900000000004,-25.34399597870388,196.19596755623883,386.54603123322175,103106.9207374704,-25.43238679784892,196.28437170074773,386.5459900000001,103202.779484,-6.793021911306096,6.793456052312726,-0.0014113871911911,19200.000000000007,-0.0001440235977661,0.0001569471807156,-4.123322319526477e-05,0.0,-6.780752528558315,0.2996206379920793,6.761974270637332,0.4935877194711226,0.0071002996475408,-4.08188653618483,19199.84404334464,17.200139409132305,0.002,-1.1875913416631856,3.647320384602132,-0.9387956023134976,6.0,10.0,180.0,0.3544933955742128,-6.608900531671859,-0.1254921397190829,-3.19000266288373,199.74876887172795,727.9353250048064,167.1105819978377,754.8442090790685,578.0250000000001,0.3544933955742128,0.5491548776626587,0.3528063893318176,0.3921557366847992,0.3832099437713623,0.38865959644317627,0.4032171964645386,0.337357759475708,0.19863219559192657,0.3997913897037506,0.3822844624519348,0.4162980914115906,0.39111730456352234,0.44765764474868774,0.4275301694869995,0.5307896733283997,0.21443608403205872,-1.8019788265228271,0.37139657139778137,0.39822542667388916,0.2499864250421524,0.7497168183326721,0.5182483792304993,0.4323398470878601,0.5527162551879883,0.6544095277786255,0.4780176877975464,0.5656123757362366,0.6287896633148193,0.3458705246448517,0.5531651973724365,0.6598278284072876,0.37339547276496887,0.34542223811149597,0.1685876101255417,1.326259732246399,0.2778864800930023,0.3874155282974243,0.3462892770767212,-0.0033262595534324646,1.295969009399414
4694.0,93.87900000000003,-25.47992755023875,196.33134077277825,386.546024516044,103490.9209319054,-25.56815139790157,196.42013620240544,386.5459900000001,103586.77948400004,-6.78745149132642,6.806507257649807,-0.0011508536679237,19200.000000000007,2.325313631946384e-05,0.0005484364713598,-3.4516044953689235e-05,0.0,-6.811018016709481,0.4308684416130628,6.784654567969173,-1.162652126466608,-0.0022232075792077,-5.194343072619263,19200.101177110733,-111.58576088624352,0.002,-1.1777130883937257,3.678239914741695,-0.9313414674278372,6.0,10.0,180.0,0.2949000057433908,-6.61428590096575,-0.1274383187567784,-3.19357460280771,199.034384435864,728.5691625024032,167.20879099891886,755.2676045395342,572.6250000000001,0.2949000057433908,0.5504002571105957,0.35477393865585327,0.3951219320297241,0.3798254728317261,0.39098531007766724,0.40038323402404785,0.34069105982780457,0.20284463465213776,0.4041402339935303,0.381147563457489,0.41467446088790894,0.3863835334777832,0.44616609811782837,0.42500782012939453,0.5237361192703247,0.21168029308319092,-1.8057664632797241,0.36276957392692566,0.39687150716781616,0.2469349205493927,0.7506231665611267,0.5152513384819031,0.434701144695282,0.554608941078186,0.65397047996521,0.4802834689617157,0.5666764378547668,0.6283725500106812,0.3359143137931824,0.5490632057189941,0.653111457824707,0.36901167035102844,0.3418228328227997,0.1616353541612625,1.2935562133789062,0.28067487478256226,0.38513022661209106,0.3431808352470398,0.01952112466096878,1.2790274620056152
4695.0,93.89900000000004,-25.615977477434548,196.46747846619263,386.5460174656844,103874.91899611097,-25.70391579918608,196.55590060176044,386.5459900000001,103970.77948400004,-6.777930709329395,6.794069604882742,-0.0009214689255163,19200.000000000007,0.0003087824638201,0.0001755355376128,-2.746568342349489e-05,0.0,-6.767087062030846,2.9816666117966832,6.81934789476164,-4.155515077876048,-0.0072984066534433,-1.643856674045653,19199.895712371297,8.528197446824201,0.002,-1.2077284375845585,3.659582671495981,-0.9440958897089352,6.0,10.0,180.0,0.3080759329297003,-6.647481047901373,-0.1284102318453617,-3.1992029443612853,200.797692217932,728.1795812512016,167.23139549945944,755.3603022697671,578.7750000000002,0.3080759329297003,0.539851188659668,0.3397216200828552,0.39150968194007874,0.3627609610557556,0.3848174512386322,0.38366374373435974,0.3183864951133728,0.19566509127616882,0.3677128255367279,0.3692730665206909,0.3945362865924835,0.3679793179035187,0.4265683591365814,0.409181147813797,0.5302363634109497,0.19871121644973755,-1.8212523460388184,0.31411314010620117,0.3770177960395813,0.21635422110557556,0.7459040284156799,0.482560396194458,0.42305633425712585,0.5315982699394226,0.6449052095413208,0.47475841641426086,0.5482375025749207,0.6111277937889099,0.31384533643722534,0.5273231267929077,0.611466646194458,0.35208097100257874,0.3251653015613556,0.12666954100131989,1.3169302940368652,0.27900442481040955,0.371037095785141,0.31526297330856323,0.027982152998447418,1.2844680547714233
4696.0,93.91900000000004,-25.7513576813102,196.6033340971616,386.5459980382944,104258.91827901042,-25.839680300477035,196.69166520017137,386.5459900000001,104354.77948400004,-6.790749554048558,6.791026474297479,-0.0003011795821829,19200.000000000007,-7.591685537027435e-05,8.410035607231978e-05,-8.038292382500054e-06,0.0,-6.781251703630652,-2.311819343730214,6.778789292207501,-1.5886218640006349,-0.011475299002824,-0.0001310479149361,19200.06831729592,-42.95620350699271,0.002,-1.2178377016479718,3.6421977780468215,-0.9328004411756662,6.0,10.0,180.0,0.3471269598999087,-6.648435236320502,-0.1289186167872456,-3.212542812333948,200.278846108966,728.0232906256008,167.16369774972972,755.0706511348835,573.6000000000001,0.3471269598999087,0.5652570724487305,0.35152357816696167,0.4031981825828552,0.3841412365436554,0.4005468487739563,0.40554794669151306,0.33991366624832153,0.21509627997875214,0.41073542833328247,0.3949283957481384,0.42376062273979187,0.4005550742149353,0.45835012197494507,0.43872517347335815,0.5570576190948486,0.23097293078899384,-1.802807092666626,0.3768145740032196,0.4052441716194153,0.24923986196517944,0.750715434551239,0.5328275561332703,0.43522828817367554,0.5528335571289062,0.6516377329826355,0.49203774333000183,0.5649330019950867,0.6318255662918091,0.34364891052246094,0.560201108455658,0.7092964053153992,0.38265761733055115,0.36004796624183655,0.15746496617794037,1.3570852279663086,0.2896844744682312,0.39457106590270996,0.35135704278945923,0.05246005207300186,1.2204965353012085
4697.0,93.93900000000002,-25.887436535522475,196.73918865439683,386.5459590664872,104642.91878857078,-25.97544480132077,196.82742969922083,386.5459900000001,104738.77948400004,-6.780267614673347,6.788027892432938,0.001035230702662,19200.000000000007,0.0002385339768152,-6.052577402347538e-06,3.093350249538542e-05,0.0,-6.804964040502041,0.3628239969512946,6.810079902835483,0.1869534733931822,-0.0038945596311884,3.475159942072261,19199.913581898338,-77.19703621367034,0.002,-1.1720780354286575,3.5920383540861107,-0.9476605197351036,6.0,10.0,180.0,0.2748603994120626,-6.704091821734987,-0.125999956530924,-3.2202702239535297,200.09542305448292,728.6511453128004,167.29334887486488,755.6268255674418,573.5250000000001,0.2748603994120626,0.5467106103897095,0.3434668779373169,0.3926706612110138,0.37001675367355347,0.3921187222003937,0.38985228538513184,0.3221115171909332,0.2012145221233368,0.39282339811325073,0.3824278712272644,0.40781331062316895,0.38931792974472046,0.44438785314559937,0.4259963035583496,0.5427126288414001,0.21554234623908997,-1.8024861812591553,0.3783990144729614,0.3906403183937073,0.23795567452907562,0.7488197684288025,0.5150241851806641,0.42283546924591064,0.5453200936317444,0.6392135620117188,0.48295456171035767,0.5554512739181519,0.6264158487319946,0.35207438468933105,0.5506367087364197,0.5796422958374023,0.3714514374732971,0.3489261269569397,0.13968364894390106,1.3090628385543823,0.2774668335914612,0.3829353451728821,0.3298996686935425,0.03162208944559097,1.2185423374176025
4698.0,93.95900000000005,-26.02326739252863,196.8754218751644,386.5459832435874,105026.91849184837,-26.111209301042727,196.9631940997452,386.5459900000001,105122.77948400004,-6.778054967271169,6.772398682977364,0.0002255055609502,19200.000000000007,0.0003051891796624,-0.0004748709062111,6.756364178865849e-06,0.0,-6.7651064668530285,0.0616669243710198,6.764623731990757,-5.36828266850124,0.0019542722544509,1.0444702546980615,19199.89530722876,-64.35242451862928,0.002,-1.1205234117951073,3.6513999449209664,-0.9193917061309658,6.0,10.0,180.0,0.339853562720486,-6.603479751761805,-0.1254995763403406,-3.2151338383899777,200.04971152724147,727.8260726564001,167.10467443743244,754.8189127837209,573.5250000000001,0.339853562720486,0.5590625405311584,0.34313809871673584,0.4048914611339569,0.3701603412628174,0.39689502120018005,0.3932092785835266,0.32799285650253296,0.21362778544425964,0.3883528709411621,0.3857802450656891,0.406292200088501,0.3817044198513031,0.4412294030189514,0.42310068011283875,0.5524501204490662,0.2171974778175354,-1.8180415630340576,0.3304690718650818,0.3887963593006134,0.22422446310520172,0.7483468651771545,0.5040215253829956,0.43262702226638794,0.5391007661819458,0.6468487977981567,0.48952585458755493,0.5526869893074036,0.6208270788192749,0.3203928470611572,0.5400881171226501,0.6791867017745972,0.3645327389240265,0.3423067629337311,0.12604668736457825,1.351729154586792,0.29070135951042175,0.38116762042045593,0.3260762095451355,0.07196248322725296,1.2140966653823853
4699.0,93.97900000000004,-26.15848129012221,197.0109310234845,386.546001898544,105410.9156652104,-26.24697389986278,197.0989587005982,386.5459900000001,105506.77948400004,-6.796406168746039,6.780917257531407,-0.0003949690925843,19200.000000000007,-0.0002455141877734,-0.0002192229531707,-1.1898453338162986e-05,0.0,-6.775639415537272,-6.288649965269917,6.7653869182779305,3.050043891488194,0.0073172942996991,-1.0434970542350437,19199.7581388795,38.58573015823551,0.002,-1.1436174531835133,3.68481587788862,-0.9415947566552536,6.0,10.0,180.0,0.366265805856763,-6.641155508855944,-0.122075155225803,-3.254051161868869,199.73935576362072,727.6435363282001,167.04433721871624,754.5604563918605,562.95,0.366265805856763,0.5746506452560425,0.366479754447937,0.3994019627571106,0.401435911655426,0.3987639844417572,0.41919735074043274,0.35640668869018555,0.22165356576442719,0.4603935778141022,0.40927332639694214,0.44662338495254517,0.42545121908187866,0.482349693775177,0.4577506184577942,0.551135241985321,0.24898496270179749,-1.7899116277694702,0.44994455575942993,0.42772766947746277,0.28332945704460144,0.7553418278694153,0.5679100751876831,0.43752238154411316,0.5757721662521362,0.6556859016418457,0.4959816634654999,0.5795764327049255,0.643271803855896,0.3737999200820923,0.5858796238899231,0.7303071618080139,0.4059526026248932,0.3857094645500183,0.19440142810344696,1.3059762716293335,0.2917531430721283,0.41203242540359497,0.38163918256759644,0.05190078169107437,1.1713874340057373
4700.0,93.99900000000004,-26.29473321556133,197.1467062595649,386.5459864439802,105794.91914186713,-26.382738299401904,197.2347231001373,386.5459900000001,105890.77948400004,-6.78015664546683,6.780555059786252,0.0001222590446068,19200.000000000007,0.0002421132876761,-0.0002301642479738,3.556279356443443e-06,0.0,-6.829345114345213,0.0630267257871533,6.78931139332545,1.586228017047933,-0.0083285736957534,-1.1008422320840523,19199.94784157832,25.73784304793952,0.002,-1.1955497100118375,3.714506233465638,-0.9440619449036136,6.0,10.0,180.0,0.300311142408369,-6.6227237153338,-0.125000843473997,-3.2197031749361087,198.6121778818104,728.8422681641,167.2441686093581,755.4207281959302,559.2000000000002,0.300311142408369,0.542148232460022,0.3553304672241211,0.38658642768859863,0.37243616580963135,0.39043357968330383,0.38940393924713135,0.3335499167442322,0.20139917731285095,0.41766655445098877,0.3791484832763672,0.4107399582862854,0.38790082931518555,0.4463850259780884,0.42282259464263916,0.5057229399681091,0.20809626579284668,-1.7961775064468384,0.40441304445266724,0.3943916857242584,0.25117582082748413,0.7508972883224487,0.518709659576416,0.42391231656074524,0.5610671639442444,0.6404736042022705,0.47804927825927734,0.5644659996032715,0.6327189207077026,0.35491883754730225,0.5524663329124451,0.5488598942756653,0.36982452869415283,0.34606990218162537,0.1536717265844345,1.200836420059204,0.274798721075058,0.3825976848602295,0.3340652585029602,0.032018788158893585,1.1998870372772217
4701.0,94.01900000000003,-26.43046297203969,197.282062284088,386.5459948988748,106178.9188356689,-26.5185029002549,197.37048769895733,386.5459900000001,106274.77948400004,-6.781321326498291,6.794169797106963,-0.0002020480889754,19200.000000000007,0.0002070733736614,0.0001784102801678,-4.899299460039489e-06,0.0,-6.76782423050885,-1.406410225861666,6.749523004716797,5.495013530306808,-0.0002192516572396,-0.975140370717692,19199.8788665168,-12.84938249500708,0.002,-1.1977977885792446,3.6967428020285182,-0.9347742139689532,6.0,10.0,180.0,0.3353888886154238,-6.677341058040715,-0.1244927573223221,-3.2289738366501823,198.8585889409052,727.88263408205,167.04358430467903,754.5588640979652,562.575,0.3353888886154238,0.5425131320953369,0.3588724732398987,0.37941664457321167,0.38395774364471436,0.3851686418056488,0.3977145552635193,0.33533114194869995,0.19677025079727173,0.4289100170135498,0.3845095634460449,0.42154139280319214,0.40262487530708313,0.45653802156448364,0.432334840297699,0.5088988542556763,0.21714121103286743,-1.7907090187072754,0.4404957890510559,0.40453487634658813,0.26792365312576294,0.7515578866004944,0.5321874022483826,0.4220348298549652,0.5670687556266785,0.6433725953102112,0.47467687726020813,0.5685486197471619,0.6342812776565552,0.37682342529296875,0.5662060379981995,0.562572717666626,0.38376957178115845,0.35888296365737915,0.17923806607723236,1.218901515007019,0.2722610831260681,0.3922209143638611,0.3497883081436157,-0.0032882019877433777,1.2155535221099854
4702.0,94.03900000000002,-26.566196415664763,197.41769297913976,386.5459579266629,106562.91455831147,-26.654267300779235,197.5062521986793,386.5459900000001,106658.779484,-6.7823583003047885,6.79863436508288,0.0010686163711377,19200.000000000007,0.0001761159945863,0.0003123211243594,3.207189524290958e-05,0.0,-6.809795755774177,-0.9690013657043652,6.8171434495699685,4.577070529459094,-0.001226056641854,-0.7872196064483898,19199.77524099233,98.73003802391052,0.002,-1.1762583177108543,3.5909820618759296,-0.9538702001466705,6.0,10.0,180.0,0.2948512801501784,-6.694232240404956,-0.1225342152141043,-3.259230001270672,199.4172944704526,728.730317041025,167.26879215233953,755.5234320489826,555.6750000000001,0.2948512801501784,0.5379589200019836,0.35871052742004395,0.378618448972702,0.3755272626876831,0.3862919807434082,0.38902661204338074,0.33279386162757874,0.1967996060848236,0.4300093948841095,0.3795527219772339,0.41588181257247925,0.3952421247959137,0.45184820890426636,0.42646995186805725,0.4973546266555786,0.210666686296463,-1.7909159660339355,0.43737608194351196,0.3992234468460083,0.2625921666622162,0.7517086863517761,0.5244570374488831,0.4201820194721222,0.5674084424972534,0.6377578973770142,0.47288304567337036,0.5668819546699524,0.6337178945541382,0.36838001012802124,0.5603153705596924,0.5152119994163513,0.3768276870250702,0.3538290858268738,0.16712448000907898,1.1648588180541992,0.27079227566719055,0.38653236627578735,0.34178632497787476,0.01899508386850357,1.1853930950164795
4703.0,94.05900000000004,-26.70184495151683,197.5540732268966,386.5459512944094,106946.9148189261,-26.7900317998287,197.64201669952303,386.5459900000001,107042.77948400004,-6.786221900225503,6.778107114824836,0.0012946636655244,19200.000000000007,6.004699294153206e-05,-0.0003033199433042,3.880477758059472e-05,0.0,-6.774928716783547,0.0633724366062431,6.814898892471585,-0.556546258366193,-0.015855104692919,1.2124045932555,19199.929844854807,-38.6398246397865,0.002,-1.1510533164750154,3.5675386333420667,-0.9319650275288268,6.0,10.0,180.0,0.3159411358822904,-6.63364666442193,-0.1210932368997296,-3.269977809387337,200.6531472352263,728.3986585205125,167.27139607616976,755.5317160244913,559.6500000000001,0.3159411358822904,0.5413922071456909,0.34815511107444763,0.3856188952922821,0.36493268609046936,0.39062944054603577,0.38116341829299927,0.323158860206604,0.20233449339866638,0.40402835607528687,0.37641340494155884,0.40396732091903687,0.3817134499549866,0.4400424659252167,0.4177967309951782,0.513646125793457,0.20676594972610474,-1.8023191690444946,0.3834058940410614,0.3871818482875824,0.23638950288295746,0.7474371790885925,0.5053764581680298,0.41922882199287415,0.5507354736328125,0.6335026025772095,0.4755087196826935,0.555821418762207,0.6251140832901001,0.33921149373054504,0.5427987575531006,0.5713679790496826,0.3645583987236023,0.3423987627029419,0.1356712430715561,1.2163822650909424,0.2780131697654724,0.37793034315109253,0.3230549097061157,0.05409196764230728,1.1755499839782715
4704.0,94.07900000000002,-26.837414929085657,197.6898802673196,386.5459641141436,107330.9141134336,-26.92579639823965,197.777781200814,386.5459900000001,107426.77948400004,-6.792705441015483,6.776688674102523,0.0008704195371409,19200.000000000007,-0.0001343745280291,-0.0003461633344083,2.588682871686669e-05,0.0,-6.785416423689325,2.5502943771479205,6.784674506664652,-1.5205620952128815,0.0043764859671826,4.63175347295804,19200.4108694111,111.5745835709304,0.002,-1.0784588989492168,3.5957384020139544,-0.9207714452788756,6.0,10.0,180.0,0.3482207563669147,-6.556620014575524,-0.1191517692855323,-3.2627809535785643,200.2300736176132,728.2558292602563,167.21269803808488,755.2808580122456,556.4250000000001,0.3482207563669147,0.5297368168830872,0.3398892283439636,0.3821423649787903,0.3496120870113373,0.3834415674209595,0.36652183532714844,0.3080211579799652,0.197035551071167,0.38760673999786377,0.3666979670524597,0.3853360414505005,0.3662301003932953,0.4239175319671631,0.40262526273727417,0.502387285232544,0.19134244322776794,-1.8079924583435059,0.3659386932849884,0.3703910708427429,0.21768641471862793,0.7452731728553772,0.4838199019432068,0.41027528047561646,0.5412399768829346,0.6217772960662842,0.4703930914402008,0.5432727932929993,0.6190049648284912,0.3358275592327118,0.5283018350601196,0.485471248626709,0.34901300072669983,0.32784220576286316,0.10627608001232147,1.179675817489624,0.2721683979034424,0.3641633689403534,0.29550468921661377,0.06000310927629471,1.1478145122528076
4705.0,94.09900000000005,-26.97329672821957,197.8253479129087,386.5459705999764,107714.9188940363,-27.061560797594627,197.9135456020985,386.5459900000001,107810.77948400004,-6.788815074219125,6.786590598435586,0.0006438094945719,19200.000000000007,-1.726829098420249e-05,-4.8917010642233086e-05,1.9401412215601696e-05,0.0,-6.818847543312151,0.1300276982753977,6.792272612979607,1.956383994713052,0.0012235014076495,4.713317868556652,19200.10219503588,-0.0066981699191529,0.002,-1.0614310818768269,3.61209667357877,-0.9387649256897967,6.0,10.0,180.0,0.3276373060662981,-6.646575843451123,-0.1210890092864817,-3.229960874597931,199.23403680880656,728.9444146301282,167.30584901904243,755.6824290061228,550.0500000000002,0.3276373060662981,0.5358688831329346,0.34945833683013916,0.38203155994415283,0.36011239886283875,0.3901383876800537,0.3752315044403076,0.31973162293434143,0.20144519209861755,0.41950690746307373,0.3765676021575928,0.40086594223976135,0.3838009834289551,0.44094350934028625,0.416886568069458,0.5007416009902954,0.20410993695259094,-1.7948603630065918,0.4188956022262573,0.38564056158065796,0.2417895346879959,0.749215304851532,0.5123781561851501,0.4139978587627411,0.5574591755867004,0.6231167912483215,0.4746292531490326,0.555622398853302,0.6295250654220581,0.36074021458625793,0.5481879711151123,0.47554850578308105,0.3653428256511688,0.34608036279678345,0.12989671528339386,1.149253487586975,0.27208149433135986,0.37602779269218445,0.3159748315811157,0.05864093452692032,1.116483211517334
4706.0,94.11900000000004,-27.10927238634879,197.96098130076948,386.5460168039945,108098.92229784033,-27.19732529925201,198.0493102021508,386.5459900000001,108194.77948400004,-6.781755104765146,6.790955060031332,-0.0008897009687899,19200.000000000007,0.0001940939484776,8.189590359728487e-05,-2.6803683372944293e-05,0.0,-6.767556447723605,2.98740217302059,6.774653177876412,-3.6613643101161015,0.0151209707069592,0.8561573569810023,19200.222263933163,60.09639895488219,0.002,-1.0647391142585518,3.6101145075070473,-0.9258111816300632,6.0,10.0,180.0,0.3656469853664118,-6.629927709242702,-0.1230302064670198,-3.203817008316963,199.7935184044033,728.0867073150641,167.14742450952122,755.0027145030614,554.2500000000001,0.3656469853664118,0.5301846861839294,0.3430151045322418,0.38357463479042053,0.3496033251285553,0.3829200863838196,0.36673301458358765,0.31271952390670776,0.19831416010856628,0.3872504234313965,0.3637234568595886,0.38363879919052124,0.35910388827323914,0.41992366313934326,0.3972730040550232,0.4917846918106079,0.18609756231307983,-1.814167857170105,0.34432122111320496,0.3686850666999817,0.21314498782157898,0.7448776364326477,0.47560781240463257,0.4140909016132355,0.5414892435073853,0.625855565071106,0.4691692292690277,0.5446083545684814,0.6145108342170715,0.31805968284606934,0.5207505822181702,0.5202990770339966,0.3423497676849365,0.3197876214981079,0.10596103966236115,1.1627051830291748,0.2754547894001007,0.36120617389678955,0.29399192333221436,0.06778693944215775,1.1629189252853394
4707.0,94.13900000000004,-27.244760869939835,198.0965477874016,386.5459983279849,108482.9244030766,-27.33308990201021,198.18507479988503,386.5459900000001,108578.77948400004,-6.7909551581364855,6.797582429335852,-0.0003043992450079,19200.000000000007,-8.202489557003114e-05,0.000279915753671,-8.328251395291327e-06,0.0,-6.78514520538877,0.7888771682597826,6.784154939494674,0.7876846621418505,0.0156305138714057,-1.0446132708826912,19200.513669251897,-8.559602667969298,0.002,-1.1087708569105468,3.695421417314592,-0.9453929867678108,6.0,10.0,180.0,0.3593466802351999,-6.641477562735767,-0.1225577407015147,-3.1833130470137188,199.79575920220165,728.0898536575321,167.1482122547606,755.0058572515306,552.5250000000001,0.3593466802351999,0.5337205529212952,0.35340645909309387,0.38009151816368103,0.3640466034412384,0.38678181171417236,0.3789520859718323,0.3252897560596466,0.19759292900562286,0.4126405715942383,0.37145543098449707,0.4007619023323059,0.37736475467681885,0.43649446964263916,0.41133350133895874,0.4877814054489136,0.19734933972358704,-1.7985330820083618,0.39641815423965454,0.38509106636047363,0.24096998572349548,0.748256504535675,0.5031244158744812,0.417634516954422,0.5575494766235352,0.6302796006202698,0.4704523980617523,0.5586044192314148,0.6274160146713257,0.3436751365661621,0.5411412119865417,0.5302412509918213,0.35950419306755066,0.3365817666053772,0.14063633978366852,1.1495234966278076,0.2724619209766388,0.3739200532436371,0.3195861577987671,0.041545040905475616,1.1708831787109375
4708.0,94.15900000000002,-27.38066735752587,198.2323702281449,386.546048961162,108866.92637812106,-27.46885430249436,198.3208390974501,386.5459900000001,108962.77948400004,-6.78621023636134,6.795621287047067,-0.001960194000384,19200.000000000007,5.985788198291865e-05,0.0002217728065903,-5.896123059800702e-05,0.0,-6.803991026096632,0.3757970523734538,6.823975043548451,2.998601390204921,-0.0009652331459308,-5.068844366056108,19199.792472585388,-8.577006778495132,0.002,-1.134595771533071,3.67149503309054,-0.9363095081379124,6.0,10.0,180.0,0.3169390269763528,-6.653648861935061,-0.1284431888995305,-3.1653715579348507,200.2208796011008,728.754926828766,167.3241061273803,755.7594286257654,551.4750000000001,0.3169390269763528,0.5302074551582336,0.36068224906921387,0.37385663390159607,0.3702710270881653,0.38130059838294983,0.38306760787963867,0.33401966094970703,0.19254420697689056,0.42361581325531006,0.36922508478164673,0.4079211354255676,0.38135024905204773,0.44126296043395996,0.4139375686645508,0.47213655710220337,0.19617867469787598,-1.7938152551651,0.415684312582016,0.39153337478637695,0.2554545998573303,0.7502795457839966,0.506697952747345,0.42050546407699585,0.56704181432724,0.6373827457427979,0.46394845843315125,0.5667248964309692,0.6301146149635315,0.34858477115631104,0.5470753908157349,0.5186455249786377,0.36397141218185425,0.3383525609970093,0.16357438266277313,1.1176671981811523,0.26815587282180786,0.37787652015686035,0.33283060789108276,0.017122425138950348,1.2048907279968262
4709.0,94.17900000000004,-27.516517459660378,198.3683613504268,386.546001766402,109250.92272120436,-27.60461890029835,198.456603697973,386.5459900000001,109346.77948400004,-6.783372704991431,6.788071205314109,-0.0003943388104421,19200.000000000007,0.0001457563916142,-4.655800440828447e-06,-1.176635743968106e-05,0.0,-6.76705896137519,1.7677730882560505,6.766871559131653,-4.7626534449174525,0.001449132245798,-4.637503612087954,19200.03303689229,-90.14468352778256,0.002,-1.1221364125106728,3.687450454598168,-0.9308037889822358,6.0,10.0,180.0,0.3511078039249005,-6.580604098689203,-0.1250175811353558,-3.208957012620819,200.1109398005504,727.9324634143829,167.13255306369015,754.9372143128827,555.9000000000001,0.3511078039249005,0.5399383902549744,0.3510863780975342,0.3888953626155853,0.36082255840301514,0.38766729831695557,0.3790845274925232,0.3291606307029724,0.2042495161294937,0.3988093435764313,0.3683566451072693,0.3946548402309418,0.36366987228393555,0.4274250268936157,0.4035206437110901,0.4918455481529236,0.19180962443351746,-1.8158198595046997,0.33676570653915405,0.37857091426849365,0.22304660081863403,0.7463691830635071,0.4859517812728882,0.42353555560112,0.5482696294784546,0.6387583017349243,0.47309786081314087,0.5555269122123718,0.6158786416053772,0.3075782358646393,0.5251387357711792,0.6120948195457458,0.3474231958389282,0.32220086455345154,0.126377135515213,1.1862722635269165,0.2813851237297058,0.36813634634017944,0.3115323781967163,0.06675712019205093,1.2008354663848877
4710.0,94.19900000000004,-27.65245195181722,198.5036033920132,386.54599884864,109634.91933333754,-27.740383298924293,198.59236820000777,386.5459900000001,109730.77948400004,-6.777703723752768,6.805493663770866,-0.0002995758841987,19200.000000000007,0.0003157465684275,0.00051810609778,-8.84863183420414e-06,0.0,-6.822044626989149,-0.4318395757450298,6.769521393729339,-1.961044654137981,-0.0060802311570005,-0.5503342012472103,19199.793060556683,25.72724742514045,0.002,-1.1293658864374925,3.6290903941291233,-0.9405885929285228,6.0,10.0,180.0,0.2704877575602961,-6.647626539470271,-0.1264500092884775,-3.2258756585668067,198.5244699002752,728.7062317071915,167.20877653184507,755.2666071564413,549.6750000000001,0.2704877575602961,0.548076331615448,0.3552406430244446,0.3930697441101074,0.3662383556365967,0.39599093794822693,0.3842451572418213,0.33465924859046936,0.21230831742286682,0.42425402998924255,0.3805350661277771,0.4062651991844177,0.3808935284614563,0.44327670335769653,0.4183323383331299,0.502753496170044,0.20678240060806274,-1.8021609783172607,0.3870347738265991,0.3904993534088135,0.24058671295642853,0.7499520778656006,0.5127363204956055,0.42509838938713074,0.5598981380462646,0.6362431049346924,0.4798383116722107,0.5618022680282593,0.6303528547286987,0.3367703855037689,0.5444468855857849,0.5798776745796204,0.3630748987197876,0.34217730164527893,0.1338544636964798,1.1730120182037354,0.28263506293296814,0.3784109652042389,0.32385629415512085,0.08233670145273209,1.138798475265503
4711.0,94.21900000000002,-27.78832739515807,198.63951658717136,386.5459941910252,110018.92040081912,-27.876147948761247,198.72813274888463,386.5459900000001,110114.77948400004,-6.774032017359365,6.800547073496967,-0.0001384278379796,19200.000000000007,0.0004264909158153,0.0003690184117447,-4.191027011945161e-06,0.0,-6.751683948226358,1.655922980463762,6.814937124844553,-2.6756270703379625,-0.011000839360139,-0.9127278172373507,19200.222602410657,-60.10390316789528,0.002,-1.0773341620453187,3.61518896718321,-0.9119547429855924,6.0,10.0,180.0,0.2783074962549491,-6.628456223480995,-0.1269379607372338,-3.2233335644357064,200.8832349501376,727.8886158535958,167.17188826592252,755.1048035782206,554.1000000000001,0.2783074962549491,0.5326719284057617,0.3470521569252014,0.38095128536224365,0.35577696561813354,0.38506990671157837,0.37089303135871887,0.31780505180358887,0.19887815415859222,0.39533787965774536,0.36593717336654663,0.3920908570289612,0.36595457792282104,0.426852285861969,0.40342438220977783,0.4920753836631775,0.19187916815280914,-1.8100402355194092,0.357453316450119,0.3759717047214508,0.22280380129814148,0.7450616955757141,0.48323506116867065,0.4155826270580292,0.5462609529495239,0.6292794346809387,0.46838244795799255,0.5501543283462524,0.6170415878295898,0.31872180104255676,0.5265951156616211,0.5522152185440063,0.3497143089771271,0.3264543414115906,0.12130062282085419,1.1621122360229492,0.27699175477027893,0.36727282404899597,0.3070371150970459,0.06398918479681015,1.173150897026062
4712.0,94.23900000000005,-27.9237177474782,198.7754150827245,386.5459812679065,110402.92400791356,-28.011914109497305,198.86389894850507,386.5459900000001,110498.77948400004,-6.786643115670262,6.796213547797022,0.0002542443652393,19200.000000000007,5.21115913868762e-05,0.0002356552382602,8.732092867871796e-06,0.0,-6.775485367258378,0.1115831568127363,6.772099395104822,-2.6903848961762784,0.0012235083848891,4.21319650001516,19200.11912988609,-51.46564625090632,0.002,-1.0874422426947656,3.633769755206264,-0.93461109928921,6.0,10.0,180.0,0.3174642973376542,-6.687912887071201,-0.1240319767522321,-3.200303186009818,200.3251174750688,727.7113079267979,167.09644413296127,754.7834017891103,558.5250000000001,0.3174642973376542,0.5468966960906982,0.3438761830329895,0.3933502733707428,0.36067789793014526,0.39317193627357483,0.37953272461891174,0.3192436993122101,0.20960372686386108,0.4005106985569,0.3799118995666504,0.39911288022994995,0.37888944149017334,0.4374755620956421,0.41646307706832886,0.5256227254867554,0.20843623578548431,-1.8071742057800293,0.36861151456832886,0.3831028640270233,0.2264551967382431,0.7471160888671875,0.5015296936035156,0.42021098732948303,0.545136570930481,0.6305866241455078,0.48042061924934387,0.5496589541435242,0.6240812540054321,0.3349694013595581,0.5392749905586243,0.5796835422515869,0.36126628518104553,0.3417491316795349,0.11678051948547363,1.2387373447418213,0.28279903531074524,0.37531813979148865,0.31329965591430664,0.08146084100008011,1.1377440690994263
4713.0,94.25900000000004,-28.05933791990276,198.9114872988009,386.54601562745177,110786.92783447684,-28.14768249143933,198.9996658416971,386.5459900000001,110882.77948400004,-6.791592459490909,6.785955284039557,-0.0008860370668275,19200.000000000007,-9.470767224041764e-05,-6.978097601535282e-05,-2.5627451658098607e-05,0.0,-6.797579194958381,-6.661961544969958,6.81111329046467,-0.7330125302424214,-0.0014558510538002,0.062625222713094,19200.083972567103,-47.188123188858455,0.002,-1.0648732626831614,3.613137498084385,-0.9125948898066828,6.0,10.0,180.0,0.2954611313173733,-6.643469941226764,-0.1293947045214248,-3.1562017535145226,200.3580587375344,728.343653963399,167.2402220664806,755.4007008945551,552.3750000000001,0.2954611313173733,0.5783968567848206,0.36503833532333374,0.4052239656448364,0.3910079300403595,0.4063462018966675,0.40967029333114624,0.3553704023361206,0.2316693812608719,0.4647704064846039,0.40376174449920654,0.4405219554901123,0.41627219319343567,0.47800201177597046,0.45218712091445923,0.5475632548332214,0.24638855457305908,-1.7921229600906372,0.43172842264175415,0.42191922664642334,0.27048206329345703,0.7543994784355164,0.5594221353530884,0.437632292509079,0.5730932950973511,0.648857831954956,0.49675270915031433,0.575905442237854,0.6408758163452148,0.3521917164325714,0.5767694711685181,0.726367712020874,0.3974740505218506,0.38124147057533264,0.16943176090717316,1.2658958435058594,0.2984170615673065,0.40607357025146484,0.3696756362915039,0.11120104044675827,1.1028931140899658
4714.0,94.27900000000002,-28.19555128761792,199.04767730633685,386.5459806000031,111170.92885204784,-28.283451503644727,199.13542977957803,386.5459900000001,111266.779484,-6.776805270117416,6.771694106181693,0.000315174040153,19200.000000000007,0.0003496864587565,-0.0004939796995535,9.399997054484735e-06,0.0,-6.7768066556191,5.009753042982576,6.77211240172163,-1.404165752635599,0.0004764121849655,1.224766672632234,19199.70674530333,-12.906148094214773,0.002,-1.0505219342916,3.658121647355008,-0.9235181563989872,6.0,10.0,180.0,0.3124865815094254,-6.604510999516114,-0.127419396024389,-3.15821131406466,200.0240293687672,727.9713269816996,167.1356110332403,754.9523504472776,556.8000000000002,0.3124865815094254,0.5157701373100281,0.33951833844184875,0.3727443218231201,0.3441932797431946,0.3736998736858368,0.35971224308013916,0.30375778675079346,0.18580329418182373,0.3759898543357849,0.35346102714538574,0.37452253699302673,0.35237035155296326,0.41052868962287903,0.38871121406555176,0.47700005769729614,0.17370526492595673,-1.811759114265442,0.3479997515678406,0.360241562128067,0.21004284918308258,0.7430739998817444,0.46561843156814575,0.4067305624485016,0.5383024215698242,0.6204183101654053,0.4607756435871124,0.540169358253479,0.6116471290588379,0.3267137408256531,0.5155333876609802,0.44113409519195557,0.3360336124897003,0.31048569083213806,0.10524970293045044,1.1380596160888672,0.26475176215171814,0.3546053469181061,0.2837828993797302,0.03099483996629715,1.195852279663086
4715.0,94.29900000000002,-28.33054836104825,199.18306912500145,386.5460158099628,111554.929993324,-28.4192201145729,199.2711924689734,386.5459900000001,111650.77948400004,-6.802574954635192,6.784102610421276,-0.0008543783421807,19200.000000000007,-0.0004219597653993,-0.0001223628027328,-2.5809962782980663e-05,0.0,-6.78925403462938,-9.646229789660747,6.757551434550801,2.858883786665788,-0.0014414473908218,-2.206395481555249,19199.86222073643,17.136389894054396,0.002,-1.042921532181519,3.583659145565284,-0.9117712148417532,6.0,10.0,180.0,0.3763936551163668,-6.557161014713401,-0.1308536585414416,-3.14384924416266,199.1390146843836,727.9536634908497,167.07680551662014,754.7016752236389,561.2250000000001,0.3763936551163668,0.5947192907333374,0.3752840459346771,0.4096324145793915,0.4163249135017395,0.40522319078445435,0.4355126619338989,0.37529414892196655,0.2370775192975998,0.49025726318359375,0.4216877818107605,0.4666611850261688,0.44386449456214905,0.5026149153709412,0.47654515504837036,0.5708261132240295,0.27004027366638184,-1.789576768875122,0.47163277864456177,0.44665300846099854,0.30154362320899963,0.7590413093566895,0.5943658947944641,0.44855421781539917,0.5857112407684326,0.6656585931777954,0.5074787735939026,0.5900060534477234,0.6510363817214966,0.37958478927612305,0.6030980348587036,0.8159967660903931,0.4240054786205292,0.40542492270469666,0.21474085748195648,1.3418997526168823,0.30295905470848083,0.42788201570510864,0.4075145721435547,0.07667703181505203,1.1496992111206055
4716.0,94.31900000000005,-28.466673368725992,199.31875842529504,386.54599402976095,111938.92714141772,-28.553303744261445,199.4052700780324,386.5459900000001,112034.77948400004,-6.192392685307182,6.188208935355729,-0.0001358657937622,19200.000000000007,-6.577725884755219e-05,-4.895095853596077e-05,-4.02976197652687e-06,0.0,-6.761668015118957,18.801981186955096,6.779477424247683,-14.518760925709888,-0.0036761406644243,-1.0871265109391146,19199.844966414697,12.89530058441161,0.002,-1.508968549703905,2.334360594636516,-0.6757704449364731,6.0,10.0,180.0,0.2182256561537816,-6.581957341485621,-0.131365519099349,-3.174614933460968,200.0345073421918,727.5003317454249,167.03040275831006,754.5013376118195,547.6500000000001,0.2182256561537816,0.4578995704650879,0.3164079189300537,0.326514333486557,0.30516088008880615,0.33484750986099243,0.2902049720287323,0.24637442827224731,0.1572466343641281,0.27714401483535767,0.28691068291664124,0.2836301326751709,0.2500019371509552,0.3177793622016907,0.29911646246910095,0.3993663191795349,0.07973282039165497,-1.8475013971328735,0.15066108107566833,0.2749131917953491,0.09219630807638168,0.7303470969200134,0.3236238360404968,0.36511796712875366,0.48349201679229736,0.5579861402511597,0.41417166590690613,0.4707687199115753,0.5377535820007324,0.21092098951339722,0.41043391823768616,0.09475590288639069,0.24170202016830444,0.20633383095264435,-0.01682501658797264,0.9066964387893677,0.2514418363571167,0.2833980321884155,0.1604807823896408,0.06727924197912216,1.2343705892562866
4717.0,94.33900000000004,-28.57779056025051,199.42662202117967,386.546126950008,112322.93013663717,-28.6339429855077,199.48790184040467,386.5459900000001,112418.77948400004,-2.3051737990972647,3.0158053895751897,-0.0045669309874079,19200.000000000007,-0.014027637305187,0.0171600768158044,-0.0001369500095726,0.0,-3.3413235250573394,267.78032670175446,3.366634376993158,-143.6946436972554,0.0129183169522682,-1.288223675478227,19200.90835228933,223.2338837476146,0.002,-1.533469197417975,1.8806129179551017,-0.5723081854009308,6.0,10.0,180.0,-1.1035345760416662,-5.714700314828597,-0.1396519608303573,-3.14178981977364,210.1537536710959,619.8676658727125,143.02520137915502,656.0446688059097,552.0750000000002,-1.1035345760416662,-1.2189463376998901,-0.9968671202659607,-1.3192603588104248,-1.0701112747192383,-1.214866280555725,-1.229212760925293,-0.9330635666847229,-1.1890087127685547,-0.8310133814811707,-1.027811884880066,-1.3781466484069824,-1.3159558773040771,-1.1808308362960815,-1.2743343114852905,-0.30526500940322876,-1.3886102437973022,-1.6900160312652588,-1.5415197610855103,-1.3220882415771484,-1.1082382202148438,-1.1367954015731812,-0.8416709899902344,-1.1834017038345337,-1.7612013816833496,-1.6681277751922607,-1.3806086778640747,-0.8747071027755737,-1.3919258117675781,-1.9054830074310303,-1.4803977012634277,-1.4820425510406494,-1.506438970565796,-1.5474094152450562,-1.8556767702102661,-2.9112846851348877,-0.5295560956001282,-1.4923962354660034,-2.1094748973846436,-0.5333746075630188,1.957106351852417
4718.0,94.35900000000004,-28.610861454411783,199.4917763945886,386.5464874243004,112706.97387171924,-28.648023564882003,199.5489439023253,386.5459900000001,112802.77948400004,-1.0985713063533848,5.225525322778917,-0.016581124340736,19200.000000000007,-0.0323925998132171,0.0131612554698261,-0.0004974242870088,0.0,-1.1509676758047935,-15.50692991152751,4.021211863486415,118.72506421342754,0.0207531020017063,1.6433887431683818,19202.830424131484,-55.79851224749008,0.002,-2.174094123709697,2.50390944529317,-0.7907931086923894,6.0,10.0,180.0,0.2154233741916159,-6.864314836356309,-0.1845554789913018,-2.7577787487461505,317.100876835548,468.21183293635625,127.51960068957752,592.6088344029549,556.5000000000001,0.2154233741916159,0.05522662401199341,0.1995362490415573,0.1603737622499466,0.2330988198518753,0.13480496406555176,0.2678092122077942,0.23160219192504883,-0.09636804461479187,0.08721527457237244,0.26231372356414795,0.11882346868515015,0.2514495253562927,0.15676233172416687,0.14217616617679596,-0.418857216835022,-0.0529620423913002,-1.9286019802093506,0.6157804131507874,0.18960392475128174,0.3074134588241577,0.2586542069911957,0.23630911111831665,-0.025137417018413544,0.30999046564102173,0.4088727831840515,0.3948152959346771,0.551249086856842,0.20039868354797363,0.203457310795784,0.4285435378551483,0.8518632650375366,0.20470616221427917,0.14228296279907227,0.32222065329551697,-0.276743084192276,-0.04965506121516228,0.1947176456451416,-0.04311650991439819,-1.4501434564590454,1.1344923973083496
4719.0,94.37900000000003,-28.631298380415167,199.6174803948572,386.546256798085,113091.0068239138,-28.6480366247496,199.70167766841263,386.5459900000001,113186.779484,-0.5577752579231113,8.596760655425054,-0.0088932359507499,19200.000000000007,-0.0167410506279976,-0.0271622425472949,-0.0002667980457601,0.0,-0.6431602095499525,40.22097111365349,8.611102091144442,123.5514537017466,-0.0322216002032547,2.0756611443863875,19199.93008914612,-120.24886463653824,0.002,-2.7528800144745995,2.3318645910204183,-0.8649857387048813,6.0,10.0,180.0,-0.0664057894302137,-7.071909893811908,-0.2368200544031047,-2.4234676208291908,460.747938417774,428.1249164681781,143.19580034478878,655.4234172014775,550.3500000000001,-0.0664057894302137,-0.72549968957901,-0.40610265731811523,-0.21132618188858032,-0.2626383900642395,-0.43840786814689636,-0.34152325987815857,-0.5550132393836975,-0.5832622647285461,-0.6526615619659424,-0.2790645956993103,-0.41789495944976807,-0.31205999851226807,-0.3900831639766693,-0.4186890125274658,-0.7947582006454468,-0.5799362063407898,-1.7205004692077637,0.11079950630664825,-0.40101513266563416,-0.23911382257938385,-0.5776748061180115,-0.48215097188949585,-0.4837077558040619,-0.3606286346912384,-0.19668850302696228,-0.33398184180259705,0.112490214407444,-0.13979195058345795,-0.33385390043258667,-0.4822811186313629,-1.212126612663269,-0.27093571424484253,-0.3412744402885437,-0.16689221560955048,-0.927478551864624,-0.4343290627002716,-0.31829777359962463,-0.5781089663505554,-1.6540952920913696,1.3080575466156006
4720.0,94.39900000000004,-28.641697960878588,199.7912271178226,386.5460174504766,113474.98137937476,-28.64803228994134,199.8935312348156,386.5459900000001,113570.77948400004,-0.2110256341879777,8.850176918096713,-0.0009174838803887,19200.000000000007,-0.0063371412776109,-0.022497136011581,-2.745059134142059e-05,0.0,-0.4497438186015059,26.926350656638668,8.666027410472488,41.377513383080135,-0.0251294265789154,1.894662228668917,19198.43793722617,34.310000184757406,0.002,-2.9719261299274256,2.118173836333607,-0.8586911658654793,6.0,10.0,180.0,-0.1084621570360151,-6.50253185300533,-0.2295194276273734,-2.6602867227380163,537.377469208887,401.885458234089,151.2254001723944,687.6127086007388,554.7750000000001,-0.1084621570360151,-0.6600849032402039,-0.5321764349937439,-0.4471135139465332,-0.4852640628814697,-0.4681937098503113,-0.4518378973007202,-0.6763589382171631,-0.5817098617553711,-0.6923115253448486,-0.49519675970077515,-0.5407111644744873,-0.4863397479057312,-0.5332157611846924,-0.5502065420150757,-0.555587112903595,-0.6717342138290405,-2.0859127044677734,-0.3939647674560547,-0.5392538905143738,-0.6358205080032349,-0.6456548571586609,-0.7810458540916443,-0.5537498593330383,-0.6797387599945068,-0.5896214246749878,-0.5823931097984314,-0.5216356515884399,-0.4093562662601471,-0.6225602626800537,-0.6346695423126221,-1.3157074451446533,-0.43030837178230286,-0.5100901126861572,-0.46216168999671936,-0.18234610557556152,-0.39963868260383606,-0.45229989290237427,-0.7051204442977905,-1.0426130294799805,0.8615490794181824
4721.0,94.419,-28.645691917675187,199.9712653449924,386.54593266305017,113858.9582654636,-28.64802801549721,200.0855330803936,386.5459900000001,113954.77948400004,-0.0777709177225815,9.248981565397369,0.0018784213922947,19200.000000000007,-0.0023388600170036,-0.0105335737327466,5.733670751683524e-05,0.0,-0.0745027380892082,1.336039040422217,9.238378628378802,11.71825690468476,0.0151460639607909,2.381254676987518,19199.398123454204,111.70267861706344,0.002,-3.022403592180987,1.973703702491565,-0.8598384572828306,6.0,10.0,180.0,-0.1323680442315032,-6.424411151607511,-0.2016816585790776,-2.8930787660627506,590.2677346044435,384.3057291170445,157.6792000861972,713.9888543003694,553.1250000000001,-0.1323680442315032,-0.6198301315307617,-0.5817509293556213,-0.5537961721420288,-0.526530921459198,-0.5028201341629028,-0.5052213668823242,-0.655106782913208,-0.5040206909179688,-0.6531894207000732,-0.5160820484161377,-0.5201642513275146,-0.5076501965522766,-0.511655330657959,-0.5232571959495544,-0.465366005897522,-0.616905152797699,-1.944534182548523,-0.5201844573020935,-0.5181170701980591,-0.576927661895752,-0.6331867575645447,-0.8112497925758362,-0.5566377639770508,-0.6889886856079102,-0.6034849882125854,-0.6838321089744568,-0.6799321174621582,-0.6487973928451538,-0.726977527141571,-0.6573721170425415,-0.06445764005184174,-0.4830712676048279,-0.5150977969169617,-0.5570165514945984,0.08122941851615906,-0.4189053773880005,-0.4947706162929535,-0.6903191208839417,-0.7194309234619141,0.3126506209373474
4722.0,94.43900000000002,-28.647405714923394,200.1579214798488,386.54585066726537,114242.94692896715,-28.648025445365228,200.27753656924912,386.5459900000001,114338.77948400004,-0.0206433367301464,9.427311633251676,0.0046124702098695,19200.000000000007,-0.000621171490103,-0.0051874895819481,0.000139333276864,0.0,-0.0425944370297689,8.05472880647287,9.413042495987556,4.217723421954642,0.0168302907834953,4.343448704716255,19199.91154914845,0.0046770202729135,0.002,-3.087184762242096,1.9217614894088608,-0.8765145754772745,6.0,10.0,180.0,-0.1918543850636979,-6.360403034051371,-0.192385773269761,-2.9997899041284084,619.3868673022217,377.2063645585223,161.6481000430986,730.3374271501848,552.1500000000001,-0.1918543850636979,-0.7221949100494385,-0.6768027544021606,-0.6404833793640137,-0.6026731133460999,-0.6127980947494507,-0.6073099374771118,-0.7265410423278809,-0.5237388610839844,-0.7130464911460876,-0.6029052138328552,-0.614827036857605,-0.603486180305481,-0.6048067808151245,-0.6197798252105713,-0.49949154257774353,-0.7083309888839722,-1.7536276578903198,-0.6374311447143555,-0.6160770058631897,-0.7269930839538574,-0.76838618516922,-0.8553276062011719,-0.6024907827377319,-0.7908979058265686,-0.7038998603820801,-0.7546432614326477,-0.7748374938964844,-0.747633695602417,-0.7933557629585266,-0.7805643081665039,-0.752103328704834,-0.5711679458618164,-0.60850590467453,-0.662539541721344,-0.10184535384178162,-0.4779071509838104,-0.5861559510231018,-0.791571855545044,-0.6979029774665833,0.24092014133930206
4723.0,94.45900000000005,-28.64785136593848,200.34714465191112,386.5459356136271,114626.94452290486,-28.648025000140528,200.4695407509542,386.5459900000001,114722.779484,-0.0057911628661624,9.51993767453896,0.0018182801510981,19200.000000000007,-0.0001737839648404,-0.0024066877606712,5.4387850436481165e-05,0.0,-0.0324367501307192,0.4276581916763678,9.54632765359266,7.686839620241024,0.0009822510049885,-0.987558402209188,19199.92982416483,34.24586156195438,0.002,-3.1393923610862284,1.881021456030516,-0.8836854350925043,6.0,10.0,180.0,-0.1884596264945254,-6.363207061635985,-0.1918893314977262,-3.021844669838459,635.6919336511108,375.4486822792611,164.1955500215493,740.9167135750924,556.6500000000001,-0.1884596264945254,-0.687228262424469,-0.6387178897857666,-0.6303536891937256,-0.5980831384658813,-0.5742850303649902,-0.5933272838592529,-0.7227379083633423,-0.5215001106262207,-0.6955485343933105,-0.5858681797981262,-0.5869249105453491,-0.5876591205596924,-0.581063985824585,-0.5959870219230652,-0.5379976630210876,-0.6881897449493408,-1.7134311199188232,-0.5857760906219482,-0.5915732383728027,-0.6739203333854675,-0.7209426760673523,-0.8544029593467712,-0.5931591987609863,-0.7647023797035217,-0.6754618287086487,-0.7572891712188721,-0.7310067415237427,-0.7407101988792419,-0.7996025085449219,-0.7338058948516846,-0.4196687936782837,-0.5707729458808899,-0.5972821116447449,-0.6188108921051025,-0.017480939626693726,-0.5028561353683472,-0.5779091715812683,-0.7649165987968445,-0.7408530116081238,0.17474086582660675
4724.0,94.47900000000004,-28.64817960730033,200.5382504007416,386.5459706275346,115010.94489907564,-28.64802499990329,200.6615419965599,386.5459900000001,115106.77948400004,0.0051505703302755,9.54970212298216,0.0006492945570003,19200.000000000007,0.000154607516034,-0.0015089284171519,1.9473151416116744e-05,0.0,0.0114646917615951,0.611835102747906,9.552729780674929,-1.8916510586011035,0.0073274300466547,-5.74372979363544,19200.06868447166,-94.43072779465122,0.002,-3.1843010910606373,1.853766204485928,-0.8923412606800522,6.0,10.0,180.0,-0.2353527406794269,-6.28069926474888,-0.1826082323406518,-3.0315811192658986,644.7699668255555,373.1653411396305,165.49577501077465,746.3143567875462,550.5000000000001,-0.2353527406794269,-0.7143750190734863,-0.6543779373168945,-0.6858649253845215,-0.6117088794708252,-0.60706627368927,-0.6366018652915955,-0.7293710708618164,-0.5192388296127319,-0.7038602828979492,-0.6215842962265015,-0.6098541021347046,-0.617693305015564,-0.6039760112762451,-0.6214784383773804,-0.5314145684242249,-0.7059997916221619,-1.4169402122497559,-0.6644665002822876,-0.6175852417945862,-0.7266740798950195,-0.7410138845443726,-0.8684287667274475,-0.6081068515777588,-0.7967559695243835,-0.712245523929596,-0.7838888764381409,-0.7699798345565796,-0.7897509932518005,-0.8405640125274658,-0.7548823356628418,-0.4839470386505127,-0.5990408062934875,-0.6298714280128479,-0.6580638289451599,-0.0657433420419693,-0.49783584475517273,-0.6045611500740051,-0.7881468534469604,-0.6598338484764099,0.1435226947069168
4725.0,94.49900000000002,-28.64831540832456,200.72935569325577,386.5459529939529,115394.941632069,-28.64802499992795,200.85354200009184,386.5459900000001,115490.77948400004,0.0096779235706885,9.579534404779611,0.001232682882658,19200.000000000007,0.0002903078096105,-0.000613892245902,3.700494617015547e-05,0.0,0.0009721563364078,2.3161641007234115,9.57742109471951,0.3661636184872428,-0.0022043251263823,-4.325310673682687,19199.81049336731,4.345403934346541,0.002,-3.208677683154386,1.8321099294806813,-0.8934063987249877,6.0,10.0,180.0,-0.2593095370501536,-6.279791324009688,-0.1752796361165228,-3.050048833976752,649.3919834127778,372.78467056981526,166.25038750538732,749.461178393773,554.9250000000002,-0.2593095370501536,-0.7303388118743896,-0.671759843826294,-0.6857173442840576,-0.6255296468734741,-0.6211435198783875,-0.6453365683555603,-0.7453004121780396,-0.527729868888855,-0.7160230875015259,-0.6324665546417236,-0.6250585317611694,-0.6305320262908936,-0.6190261840820312,-0.6366688013076782,-0.5459258556365967,-0.7228584289550781,-1.4371968507766724,-0.6625093221664429,-0.6327536106109619,-0.7428991198539734,-0.7670206427574158,-0.8736156821250916,-0.6152128577232361,-0.8076587915420532,-0.721946120262146,-0.7917351126670837,-0.7739298939704895,-0.7911713123321533,-0.841776967048645,-0.7762582302093506,-0.6620886921882629,-0.6108657121658325,-0.6430391669273376,-0.6649376153945923,-0.08005057275295258,-0.5172467231750488,-0.617924690246582,-0.8047485947608948,-0.70073002576828,0.15457476675510406
4726.0,94.51900000000003,-28.64824583774037,200.92128017899591,386.54594138270414,115778.93968662464,-28.64802499997303,201.0455420000824,386.5459900000001,115874.77948400004,0.0073644503095907,9.58206123697356,0.0016204699290737,19200.000000000007,0.0002208365283943,-0.0005381736883236,4.861576394086884e-05,0.0,0.0039474257253017,-2.019769997450898,9.58668909889112,-3.913465161115492,-0.0034037349966737,-3.788041807587162,19200.050193014496,-55.7943593878362,0.002,-3.19615907807173,1.8300010554272048,-0.8929391931886329,6.0,10.0,180.0,-0.2729520493157046,-6.277820460826488,-0.1679621428055555,-3.070538137539729,651.865991706389,372.6398352849076,166.66569375269364,751.1985891968866,559.3500000000001,-0.2729520493157046,-0.7056146860122681,-0.6458377838134766,-0.6887742280960083,-0.6135044097900391,-0.6078263521194458,-0.6316350102424622,-0.7338079214096069,-0.5111560821533203,-0.6995645761489868,-0.625821590423584,-0.607119083404541,-0.6163719892501831,-0.6002248525619507,-0.6166819334030151,-0.5103583335876465,-0.6978434324264526,-1.361724615097046,-0.6746832132339478,-0.6130619645118713,-0.7161581516265869,-0.7394218444824219,-0.8707783818244934,-0.6079919934272766,-0.7900910377502441,-0.7041842937469482,-0.7789598107337952,-0.7788400650024414,-0.8019910454750061,-0.84803307056427,-0.7574042081832886,-0.4005223512649536,-0.6024013757705688,-0.6268745064735413,-0.66605544090271,0.002278566360473633,-0.5068926215171814,-0.6084799766540527,-0.7841031551361084,-0.6502380967140198,0.10444989800453186
4727.0,94.53900000000002,-28.648179645360138,201.11315616034773,386.54591603597953,116162.9371279036,-28.6480249999962,201.2375420000426,386.5459900000001,116258.77948400004,0.0051608251280628,9.586192143726873,0.0024650414987472,19200.000000000007,0.0001546448211106,-0.0004141554119918,7.39637951880258e-05,0.0,0.0092866831337419,-2.8677299002097905,9.614732810142891,-2.562282963210728,-0.0075803764031789,2.562804974995138,19199.655177306988,-47.19076037405174,0.002,-3.2069916830973586,1.8450531062316853,-0.902628181724554,6.0,10.0,180.0,-0.2914495431949604,-6.326154070912929,-0.1630945628763501,-3.102317259245948,653.5309958531946,372.8409176424538,166.9923468763468,752.5747945984433,553.2,-0.2914495431949604,-0.6961936950683594,-0.6458669304847717,-0.6774622201919556,-0.6158229112625122,-0.6093961596488953,-0.6276828050613403,-0.7380210757255554,-0.5009362697601318,-0.6962847709655762,-0.6228431463241577,-0.6070188879966736,-0.6150288581848145,-0.5998232364654541,-0.6152380704879761,-0.5098798871040344,-0.7000261545181274,-1.3868027925491333,-0.6499862670898438,-0.6110061407089233,-0.7009115219116211,-0.7454774975776672,-0.8688734173774719,-0.6041068434715271,-0.780402421951294,-0.7030913233757019,-0.7668929696083069,-0.7892742156982422,-0.7933089137077332,-0.8383415341377258,-0.7564182281494141,-0.3072723150253296,-0.6008410453796387,-0.6174405217170715,-0.6781917810440063,-0.04427443444728851,-0.5135242342948914,-0.6073055863380432,-0.7886348962783813,-0.6288834810256958,0.006821587681770325
4728.0,94.559,-28.648176762881405,201.3052139752127,386.5459328315021,116546.93395862333,-28.64802500000001,201.4295420000093,386.5459900000001,116642.77948400004,0.0050601827161786,9.5842643354853,0.0019079013368195,19200.000000000007,0.000151763097148,-0.0004721751339816,5.716976504856088e-05,0.0,0.0046139384349389,-1.8936804584372688,9.562486278855587,-4.756397804544314,-0.0051289303343767,2.499986331566352,19199.75769274927,-68.66762394052134,0.002,-3.195385133844371,1.8452989388274816,-0.92996583828822,6.0,10.0,180.0,-0.3027063358914885,-6.267087247431387,-0.1587036215581675,-3.127477959670853,653.6709979265972,372.2569588212269,166.9356734381734,752.3223972992216,557.6250000000001,-0.3027063358914885,-0.7046286463737488,-0.6527597904205322,-0.6896158456802368,-0.6190809011459351,-0.6215808987617493,-0.6324120163917542,-0.7401070594787598,-0.5015277862548828,-0.7012065649032593,-0.6297132968902588,-0.6155040264129639,-0.6219624876976013,-0.6070083975791931,-0.6225484609603882,-0.4957877993583679,-0.7038921117782593,-1.352889060974121,-0.6764849424362183,-0.6186234951019287,-0.7165601253509521,-0.7581785321235657,-0.8687169551849365,-0.6084282994270325,-0.7879469394683838,-0.7096143960952759,-0.769864559173584,-0.799667239189148,-0.8037104606628418,-0.8447265625,-0.7695057392120361,-0.38004904985427856,-0.6066946983337402,-0.6255943179130554,-0.6903913021087646,-0.02055346965789795,-0.5128875970840454,-0.6148580312728882,-0.7960533499717712,-0.6252982020378113,0.030086472630500793
4729.0,94.57900000000004,-28.64815015345232,201.4972426084304,386.5459172178696,116930.92707804582,-28.64802500000001,201.6215420000001,386.5459900000001,117026.77948400004,0.0042060818735584,9.583309211971612,0.0024292844243635,19200.000000000007,0.0001251535660258,-0.000500712931078,7.278331124825987e-05,0.0,-0.0044049530306233,0.3118184365234057,9.60816543281199,2.930445770087975,-0.0017193838732158,2.1373020567010186,19199.3981208424,-30.1175857011013,0.002,-3.213433214257695,1.830714261742554,-0.90209321178087,6.0,10.0,180.0,-0.3056962703821212,-6.288613984290163,-0.1479498329360338,-3.206448029981072,654.0944989632986,373.0134794106135,167.0998367190867,753.0221986496108,554.6250000000001,-0.3056962703821212,-0.714078426361084,-0.6656966209411621,-0.6664420366287231,-0.6275544762611389,-0.6172162294387817,-0.6337792873382568,-0.7507482171058655,-0.5179738402366638,-0.7101150751113892,-0.6285707354545593,-0.6210097074508667,-0.6254909038543701,-0.6146882772445679,-0.6309456825256348,-0.5464838147163391,-0.7207230925559998,-1.485093593597412,-0.6282047629356384,-0.6261215209960938,-0.7178716659545898,-0.7663771510124207,-0.8704184889793396,-0.6096678376197815,-0.7915465831756592,-0.7109206318855286,-0.7772035598754883,-0.7745804190635681,-0.7808745503425598,-0.8306284546852112,-0.7710877656936646,-0.5267082452774048,-0.6085649728775024,-0.6307225823402405,-0.6689289808273315,-0.08184000849723816,-0.5323542952537537,-0.6159038543701172,-0.8048272132873535,-0.7033680081367493,0.05727216601371765
4730.0,94.59900000000002,-28.648039854903544,201.68898958470885,386.5459100423368,117314.91900640295,-28.64802500000001,201.81354200000004,386.5459900000001,117410.77948400004,0.0004973271421256,9.591741070614969,0.0026640458096673,19200.000000000007,1.485486624090442e-05,-0.0002477880156874,8.005763961155278e-05,0.0,0.004877925367904,-4.094196191730999,9.557139166759187,5.005226618609765,0.0090346819727388,-1.3435462301611092,19199.69099397024,111.57971407374082,0.002,-3.3330971340256097,1.8503438915452983,-0.9047564425026222,6.0,10.0,180.0,-0.3115515575333577,-6.317939465541083,-0.1406182468287461,-3.275630355191295,653.8967494816493,372.24823970530673,166.96691835954334,752.4505993248054,548.475,-0.3115515575333577,-0.6762595176696777,-0.6302713751792908,-0.6492934823036194,-0.6089544892311096,-0.5813181400299072,-0.6121098399162292,-0.7274466156959534,-0.5104073286056519,-0.6850558519363403,-0.6108378171920776,-0.5920224189758301,-0.6025903224945068,-0.5880393981933594,-0.6044129133224487,-0.565592348575592,-0.6976063251495361,-1.5505374670028687,-0.5845658183097839,-0.5983558297157288,-0.6697059869766235,-0.7109389901161194,-0.8603472113609314,-0.5954179167747498,-0.7628395557403564,-0.681212306022644,-0.7665361762046814,-0.7354684472084045,-0.7600095272064209,-0.8201099634170532,-0.7218363881111145,-0.21723251044750214,-0.593260645866394,-0.6099928021430969,-0.6330209970474243,-0.04855923354625702,-0.5255684852600098,-0.5943630933761597,-0.778160810470581,-0.7052590250968933,0.016254857182502747
4731.0,94.61900000000004,-28.64816782739742,201.88113653920468,386.5459499581997,117698.92239959873,-28.64802500000001,202.00554200000005,386.5459900000001,117794.77948400004,0.0047949336861932,9.586843997945024,0.0012692452683703,19200.000000000007,0.0001428273844972,-0.0003946374964687,4.004157532246812e-05,0.0,-0.0204709581914876,1.3433570801451802,9.627485864256908,0.1817046867585716,-0.0002510127512209,-1.274568240143478,19200.13656440228,-42.85792100534077,0.002,-3.335853438866387,1.7803604461549742,-0.9219979666351932,6.0,10.0,180.0,-0.3203119957462305,-6.303696907880026,-0.1372011360828988,-3.253031508262638,654.1133747408246,373.86311985265337,167.19545917977166,753.4292996624026,552.9000000000002,-0.3203119957462305,-0.7259397506713867,-0.6715881824493408,-0.6863134503364563,-0.6276552677154541,-0.6226717233657837,-0.6462530493736267,-0.7496700286865234,-0.5216357707977295,-0.7145247459411621,-0.6371991038322449,-0.6254534721374512,-0.6316903233528137,-0.6200301051139832,-0.6373211741447449,-0.5447246432304382,-0.7252664566040039,-1.418296456336975,-0.6541222333908081,-0.6328537464141846,-0.738313615322113,-0.7701382637023926,-0.8752889037132263,-0.6142330169677734,-0.8039436340332031,-0.7233255505561829,-0.7884743809700012,-0.781087338924408,-0.793915867805481,-0.8436311483383179,-0.7780145406723022,-0.5912818908691406,-0.6118679642677307,-0.6399427056312561,-0.6727476119995117,-0.10071998834609985,-0.5228642225265503,-0.619104266166687,-0.8065611124038696,-0.6803861260414124,0.09387768805027008
4732.0,94.63900000000004,-28.648267542766188,202.07309322530648,386.54596685832735,118082.9223788953,-28.64802500000001,202.19754200000008,386.5459900000001,118178.77948400004,0.0080878207850612,9.588290057368315,0.0007437509750948,19200.000000000007,0.0002425427677663,-0.0003512230522597,2.314199138387616e-05,0.0,0.0007385932372954,0.9754062387478416,9.578100376071776,3.658678542851825,-0.0021816055385498,-1.8940827640970224,19199.87829384179,98.71292896383544,0.002,-3.289864902239053,1.7167249785016665,-0.9084226589392094,6.0,10.0,180.0,-0.3437242802838819,-6.260146104559049,-0.1376874544945441,-3.241721472781776,654.0661873704123,373.1515599263267,167.10272958988585,753.0301498312012,557.3250000000002,-0.3437242802838819,-0.7198197841644287,-0.666724681854248,-0.6691220998764038,-0.6282678842544556,-0.6154395937919617,-0.6366735696792603,-0.7496265769004822,-0.5268628001213074,-0.7127025127410889,-0.6306949853897095,-0.6222150325775146,-0.6276349425315857,-0.6166847944259644,-0.6339706778526306,-0.5599269866943359,-0.7232680916786194,-1.4903740882873535,-0.6321010589599609,-0.6289775371551514,-0.7264580726623535,-0.7632865309715271,-0.8719702363014221,-0.612247884273529,-0.7973984479904175,-0.7119828462600708,-0.7861035466194153,-0.7648278474807739,-0.7803224921226501,-0.8339521884918213,-0.769882082939148,-0.607653021812439,-0.6109554767608643,-0.6383205056190491,-0.6568183898925781,-0.061110153794288635,-0.5337548851966858,-0.617451012134552,-0.8051002025604248,-0.734602153301239,0.11358532309532166
4733.0,94.65900000000002,-28.64821698643835,202.26502976365583,386.5459425437589,118466.9238060286,-28.64802500000001,202.3895420000001,386.5459900000001,118562.77948400004,0.0064024329987719,9.590397887346786,0.0015844251847918,19200.000000000007,0.0001919864390289,-0.0002880643581833,4.755589504972273e-05,0.0,0.0036464929311806,1.7140259575920154,9.621328459376077,2.688376073068664,-0.007327729901969,0.1246748494941877,19200.118671792057,-85.83428166262361,0.002,-3.2149736384722742,1.7801615413294891,-0.903209283220333,6.0,10.0,180.0,-0.3583499155948089,-6.30222085196286,-0.1318267249996371,-3.2432687602034007,654.5950936852062,373.3922799631633,167.23736479494292,753.6055749156006,551.1750000000001,-0.3583499155948089,-0.7270699143409729,-0.6755607724189758,-0.6769590973854065,-0.6326690912246704,-0.6242967844009399,-0.646658182144165,-0.7545366287231445,-0.5240911245346069,-0.7165881395339966,-0.6373405456542969,-0.6288277506828308,-0.6341371536254883,-0.6233630180358887,-0.6407023668289185,-0.5600197315216064,-0.731086254119873,-1.4688117504119873,-0.6365500092506409,-0.6358312964439392,-0.7354532480239868,-0.7744560241699219,-0.8748823404312134,-0.6144550442695618,-0.8029787540435791,-0.7229756712913513,-0.7877927422523499,-0.7771373987197876,-0.7852470278739929,-0.8371424674987793,-0.778477668762207,-0.6246474385261536,-0.6146056652069092,-0.641282856464386,-0.6712045669555664,-0.1207769513130188,-0.5323069095611572,-0.6215483546257019,-0.8131477236747742,-0.7045984864234924,0.07711882889270782
4734.0,94.67900000000004,-28.64801165967024,202.4567861955475,386.545970857595,118850.92310338146,-28.64802500000001,202.58154200000004,386.5459900000001,118946.779484,-0.0004437115332784,9.598521656820289,0.0006089513472381,19200.000000000007,-1.3340331590390002e-05,-4.429535287224862e-05,1.9141109268237272e-05,0.0,0.0009533389571985,-0.6129324898099977,9.580305415885942,5.305598908610205,-0.0044014481718397,0.7814916851868935,19200.101534254376,72.96529360565272,0.002,-3.2454629423257164,1.8545657464147016,-0.8997844656328537,6.0,10.0,180.0,-0.350087192243273,-6.3159931614955545,-0.1328093608294248,-3.23457485507804,654.3355468426031,372.9426399815817,167.13268239747146,753.1557874578003,555.6000000000001,-0.350087192243273,-0.7043501138687134,-0.6568001508712769,-0.6571130156517029,-0.6242056488990784,-0.6057178974151611,-0.6251724362373352,-0.7463630437850952,-0.5201843976974487,-0.7048124074935913,-0.62236487865448,-0.6136049032211304,-0.6190226078033447,-0.6080796718597412,-0.6244562864303589,-0.5604583621025085,-0.7160806655883789,-1.538639783859253,-0.6072983741760254,-0.6190637350082397,-0.7036987543106079,-0.7510725855827332,-0.8675712943077087,-0.6059234738349915,-0.7833489775657654,-0.7007188200950623,-0.7752084732055664,-0.7568700909614563,-0.7696174383163452,-0.8241085410118103,-0.75760817527771,-0.479336142539978,-0.6048145294189453,-0.626370370388031,-0.6517981290817261,-0.05849941074848175,-0.5365570187568665,-0.6104637384414673,-0.7985555529594421,-0.7333016395568848,0.06484752893447876
4735.0,94.69900000000004,-28.64794981570449,202.6490334442128,386.5459384494615,119234.9212303706,-28.64802500000001,202.77354200000005,386.5459900000001,119330.779484,-0.0024728589173931,9.59028092564722,0.0017164298432021,19200.000000000007,-7.518429307078302e-05,-0.0002915412804869,5.1549846143786165e-05,0.0,-0.0005006986514733,0.1798924007023318,9.634761596866706,-6.164234519863664,-0.0016973758081921,5.193922782026381,19199.930319930067,64.33488671549506,0.002,-3.3151024161009053,1.883877646204936,-0.9045655110707042,6.0,10.0,180.0,-0.3398909493656398,-6.272488275903873,-0.1289077024490514,-3.263809514286625,654.8047734213015,373.6473199907908,167.3088411987357,753.9118937289002,553.9500000000002,-0.3398909493656398,-0.7238492369651794,-0.6720916032791138,-0.706760048866272,-0.6287828683853149,-0.6401179432868958,-0.6491243243217468,-0.7526764869689941,-0.5025068521499634,-0.7132434844970703,-0.642417848110199,-0.6300419569015503,-0.6349161863327026,-0.6212745904922485,-0.6371480226516724,-0.4925234317779541,-0.7187310457229614,-1.3229352235794067,-0.6921921968460083,-0.6335262060165405,-0.7396056056022644,-0.7852949500083923,-0.872477650642395,-0.6160889267921448,-0.8020201921463013,-0.7297030091285706,-0.7787845730781555,-0.8198943734169006,-0.8150845766067505,-0.852494478225708,-0.7901724576950073,-0.49398744106292725,-0.6139228940010071,-0.6345470547676086,-0.7130079865455627,-0.08981147408485413,-0.5137899518013,-0.6244691014289856,-0.8109123706817627,-0.5981736779212952,0.010599836707115173
4736.0,94.71900000000002,-28.64811338216452,202.8406950815064,386.5460009502468,119618.92552789672,-28.64802500000001,202.96554200000008,386.5459900000001,119714.77948400006,0.0029419887953589,9.601555945522836,-0.0003629953382876,19200.000000000007,8.838219613282231e-05,4.681964412552566e-05,-1.0950056499446008e-05,0.0,-0.0082808411794705,3.475375844604217,9.574970352291936,1.7129364599405896,0.0073070904664125,3.9130773763254014,19200.17079067794,8.599275824538882,0.002,-3.384709393012084,1.8379075258210693,-0.9124419324022836,6.0,10.0,180.0,-0.3496423351308267,-6.289014415954009,-0.1342772578346448,-3.2330770563948783,654.1993867106507,373.3001599953954,167.14542059936787,753.2134468644501,552.9750000000001,-0.3496423351308267,-0.7366026043891907,-0.6891041994094849,-0.6827738285064697,-0.6388826370239258,-0.6419916749000549,-0.6507517695426941,-0.7613099813461304,-0.5224480628967285,-0.7242899537086487,-0.644385039806366,-0.6417182087898254,-0.642952024936676,-0.6344560384750366,-0.6515835523605347,-0.5460529923439026,-0.7406378984451294,-1.459161639213562,-0.6519440412521362,-0.6466184854507446,-0.7495118379592896,-0.7975608706474304,-0.8761069178581238,-0.6183401346206665,-0.8095306158065796,-0.7309337258338928,-0.7839768528938293,-0.7963050603866577,-0.7908788919448853,-0.8364591598510742,-0.7980019450187683,-0.7112756967544556,-0.6201773881912231,-0.6470611095428467,-0.6921457648277283,-0.13150279223918915,-0.5357370972633362,-0.6302721500396729,-0.8270424604415894,-0.6975816488265991,0.06559176743030548
4737.0,94.73900000000005,-28.64812720367985,203.0329294094309,386.5460186106248,120002.92158867871,-28.64802500000001,203.1575420000001,386.5459900000001,120098.77948400004,0.0034051758923346,9.593749219452038,-0.0009485391843145,19200.000000000007,0.0001022036811246,-0.000187612217546,-2.861048376679128e-05,0.0,-0.0055982561782367,-1.4614184010203624,9.61964493642892,-3.786099492995129,0.0092966101149111,-1.280753586255172,19200.08455480068,12.90482065267712,0.002,-3.403088328983067,1.7868027496109318,-0.9151936541791926,6.0,10.0,180.0,-0.3588701606034575,-6.28899483158331,-0.1372030934236851,-3.2700024038831685,654.4631933553253,373.75557999769774,167.25171029968394,753.6682234322251,557.4750000000001,-0.3588701606034575,-0.7110162377357483,-0.6539394855499268,-0.6925525665283203,-0.6188819408416748,-0.6159982681274414,-0.6375967264175415,-0.741134762763977,-0.5103657245635986,-0.7040860652923584,-0.6324746012687683,-0.6138585209846497,-0.6223950982093811,-0.6071748733520508,-0.6237542629241943,-0.5126559734344482,-0.7062053680419922,-1.3543444871902466,-0.6726336479187012,-0.6196421384811401,-0.7231491804122925,-0.7523698806762695,-0.8731639385223389,-0.610251784324646,-0.7940458059310913,-0.7123880386352539,-0.7806199193000793,-0.7892686724662781,-0.8049695491790771,-0.849729061126709,-0.7670093774795532,-0.42924052476882935,-0.6060740947723389,-0.6296187043190002,-0.6764754056930542,-0.03150884807109833,-0.5125507712364197,-0.6132934093475342,-0.7922061085700989,-0.6420064568519592,0.0714777261018753
4738.0,94.75900000000004,-28.64824316853805,203.22492977834136,386.5459735705088,120386.92150209672,-28.64802500000001,203.34954200000007,386.5459900000001,120482.77948400004,0.0073056858532039,9.593736800022702,0.0005426558256452,19200.000000000007,0.0002181682989387,-0.0001877807919535,1.6429451873523078e-05,0.0,0.0053631327083555,2.9314162241612145,9.618877939241196,1.837256543143838,0.0092667055700743,-0.2439304951871326,19199.981443382807,51.496650493145445,0.002,-3.317844571010077,1.7291441766537448,-0.9436787324854028,6.0,10.0,180.0,-0.3803345054192076,-6.324211388449895,-0.1352538276959564,-3.2699514835764063,654.7990966776626,373.5972899988489,167.30185514984197,753.8816117161125,561.9000000000001,-0.3803345054192076,-0.740249514579773,-0.6843502521514893,-0.6845409870147705,-0.6383457183837891,-0.6353921294212341,-0.6492985486984253,-0.7629453539848328,-0.5305659770965576,-0.7259492874145508,-0.641448974609375,-0.637223482131958,-0.6400421857833862,-0.630110502243042,-0.6474627256393433,-0.5458306670188904,-0.7335426807403564,-1.443410873413086,-0.6598629951477051,-0.6431341767311096,-0.7499831318855286,-0.7935704588890076,-0.8778718113899231,-0.6208463311195374,-0.8127045035362244,-0.7258495092391968,-0.7928124070167542,-0.7875461578369141,-0.7951984405517578,-0.8425870537757874,-0.795937180519104,-0.7683180570602417,-0.619638204574585,-0.6492947936058044,-0.6776382923126221,-0.06886023283004761,-0.5374442934989929,-0.6296095252037048,-0.8181813955307007,-0.7296401858329773,0.13203804194927216
4739.0,94.77900000000002,-28.64814337244741,203.41735106642048,386.54601008625735,120770.92443537744,-28.64802500000001,203.54154200000008,386.5459900000001,120866.77948400004,0.0039460057573871,9.579697464138851,-0.0006968667713116,19200.000000000007,0.0001183724667911,-0.0006092657438171,-2.008627335381773e-05,0.0,0.0026692347004363,1.037161524184072,9.606677836607489,0.842100383102296,0.0056006889721746,-4.519817884551388,19200.221871412687,-81.52903035109479,0.002,-3.139097967082512,1.754643737683233,-0.9037871039469928,6.0,10.0,180.0,-0.3832734313132031,-6.233952542132236,-0.1357540476595491,-3.248404648411307,654.7735483388313,373.4111449994245,167.27542757492097,753.7668058580563,566.3250000000002,-0.3832734313132031,-0.7291754484176636,-0.668023943901062,-0.6839238405227661,-0.6293740272521973,-0.6222490668296814,-0.6410624980926514,-0.7526898384094238,-0.5305571556091309,-0.7173444628715515,-0.6355236768722534,-0.624274730682373,-0.6302182674407959,-0.6178022623062134,-0.6352837085723877,-0.5414098501205444,-0.7190760374069214,-1.422888159751892,-0.6637675762176514,-0.6311984658241272,-0.7388468980789185,-0.7708207964897156,-0.8763772249221802,-0.617557168006897,-0.8062149286270142,-0.7149403095245361,-0.7941604256629944,-0.7724549770355225,-0.7964063882827759,-0.8464108109474182,-0.7795679569244385,-0.6796373128890991,-0.6137785911560059,-0.6442969441413879,-0.6601164937019348,-0.005707725882530212,-0.530565619468689,-0.6218676567077637,-0.8020415306091309,-0.7343427538871765,0.16804508864879608
4740.0,94.79900000000002,-28.647803472530068,203.60936616476948,386.54596879313135,121154.9180989577,-28.64802500000001,203.73354200000009,386.5459900000001,121250.77948400004,-0.0073803056194571,9.579183699881842,0.000705080278536,19200.000000000007,-0.0002215263351956,-0.0006243642647877,2.120686998795931e-05,0.0,0.0385854463051371,-1.5881868324127784,9.605960639846485,-4.50575775472963,0.0012325031481401,-1.8380073836923567,19199.5524210046,55.75957126702646,0.002,-3.2224748228028828,1.853214880525099,-0.8945410154518243,6.0,10.0,180.0,-0.3637810208397799,-6.217338862426867,-0.1308739167777861,-3.292540340548186,655.4502741694157,372.0835724997122,167.26071378746047,753.6999029290282,574.5000000000001,-0.3637810208397799,-0.7195765972137451,-0.6560841798782349,-0.6957145929336548,-0.6261304616928101,-0.6248019933700562,-0.6348317861557007,-0.7510014772415161,-0.5158617496490479,-0.7109092473983765,-0.6340520977973938,-0.6192953586578369,-0.6255724430084229,-0.609430193901062,-0.625334620475769,-0.4915856122970581,-0.7009074687957764,-1.3477134704589844,-0.697150468826294,-0.6224070191383362,-0.7277612686157227,-0.7699906229972839,-0.8742266893386841,-0.6161205172538757,-0.7992991805076599,-0.7075595259666443,-0.7852758765220642,-0.7943444848060608,-0.8143569231033325,-0.8549906015396118,-0.77979576587677,-0.5535389184951782,-0.6129335165023804,-0.6361778378486633,-0.6804202795028687,0.07672300934791565,-0.5236130952835083,-0.6228769421577454,-0.7942274212837219,-0.6873655915260315,0.1315450817346573
4741.0,94.81900000000002,-28.64780768622493,203.800975806248,386.5460331547409,121538.92095383685,-28.64802500000001,203.9255420000001,386.5459900000001,121634.77948400004,-0.0072428134822741,9.59220661793405,-0.0014385971977534,19200.000000000007,-0.0002173124507585,-0.0002338072429169,-4.3154739455973e-05,0.0,-0.0158654941651897,0.5442171067468003,9.55836862882126,-6.356690248449873,-0.0075718149507861,-3.4123535790116906,19200.60049547314,-64.43190951283154,0.002,-3.35680718324022,1.8558313093489789,-0.9204309545151452,6.0,10.0,180.0,-0.3364638931357676,-6.274408593116748,-0.1347639786398075,-3.279222850766696,654.1811370847079,372.50728624985607,167.05085689373024,752.8059514645141,568.1250000000001,-0.3364638931357676,-0.7293428182601929,-0.666533887386322,-0.7115873694419861,-0.6252446174621582,-0.6329338550567627,-0.6451416611671448,-0.7463634610176086,-0.517237663269043,-0.7148419618606567,-0.6421194076538086,-0.6272225975990295,-0.633051872253418,-0.61861652135849,-0.6353811025619507,-0.4952736794948578,-0.7122496366500854,-1.323547601699829,-0.7151596546173096,-0.6323106288909912,-0.7498470544815063,-0.7743673920631409,-0.8733695149421692,-0.6187843680381775,-0.8094853162765503,-0.7226886749267578,-0.7921619415283203,-0.797680139541626,-0.8193524479866028,-0.8604283332824707,-0.7865260243415833,-0.6059150695800781,-0.6156446933746338,-0.6454666256904602,-0.6876370906829834,0.020773708820343018,-0.5131380558013916,-0.6254954934120178,-0.8019995093345642,-0.6591663956642151,0.15344204008579254
4742.0,94.83900000000004,-28.647992306745,203.9924395438856,386.5459989643333,121922.92887820448,-28.64802500000001,204.1175420000001,386.5459900000001,122018.77948400004,-0.0010590414260689,9.610105007775676,-0.0003307066202402,19200.000000000007,-3.279356271286473e-05,0.0003023588627868,-8.964333051582272e-06,0.0,-0.0104859862758041,-2.3740656342032067,9.598634185726327,2.505436507886793,-0.008056174552611,1.706847653211792,19200.136886374414,-85.77793133985567,0.002,-3.3793548696377145,1.779722577148284,-0.9118903747114636,6.0,10.0,180.0,-0.3374248762188595,-6.354508950424111,-0.1376842139843273,-3.211039947060597,654.1175685423539,373.18714312492807,167.11592844686513,753.0869757322571,568.8750000000001,-0.3374248762188595,-0.6962162256240845,-0.6453778743743896,-0.6527813076972961,-0.6183966994285583,-0.6018050909042358,-0.611872673034668,-0.7446931004524231,-0.5137244462966919,-0.7009983062744141,-0.6150310635566711,-0.6052564382553101,-0.6096768379211426,-0.5975327491760254,-0.6123426556587219,-0.518716037273407,-0.6977804899215698,-1.4765616655349731,-0.6292588114738464,-0.6081490516662598,-0.6921395063400269,-0.7500030398368835,-0.8653241991996765,-0.6049452424049377,-0.7762163877487183,-0.6881955862045288,-0.7675122618675232,-0.7660359740257263,-0.7804223299026489,-0.8276344537734985,-0.7592059969902039,-0.42056745290756226,-0.5986265540122986,-0.6170186400413513,-0.6547824740409851,0.047373414039611816,-0.5316784977912903,-0.6067243814468384,-0.7844001054763794,-0.7238146066665649,0.08805622160434723
4743.0,94.859,-28.64820783379279,204.18478885001107,386.54598928939856,122306.92899449196,-28.64802500000001,204.30954200000005,386.5459900000001,122402.77948400004,0.006094226191851,9.598434854892435,2.4074775791508068e-05,19200.000000000007,0.0001828322719217,-4.694444853928228e-05,7.106015892307245e-07,0.0,0.008764015982146,-0.6010700104056493,9.582288433024008,-4.631110201281127,-0.0022044030402467,1.2247661641300958,19199.877790402177,-68.60043423460462,0.002,-3.4424344207977504,1.728031555155226,-0.9187917397526592,6.0,10.0,180.0,-0.3657323773563165,-6.222676853060126,-0.1372029027763079,-3.201824956390726,654.2722842711769,372.60657156246407,167.08046422343256,752.9334878661285,569.3250000000002,-0.3657323773563165,-0.7195960879325867,-0.6619662046432495,-0.6955946087837219,-0.6259143948554993,-0.630146861076355,-0.6352359056472778,-0.750269889831543,-0.5112088918685913,-0.711786150932312,-0.6349419355392456,-0.6233679056167603,-0.6275712251663208,-0.6135929822921753,-0.6291446685791016,-0.4882349967956543,-0.7069194316864014,-1.3518000841140747,-0.6945576667785645,-0.6259086728096008,-0.7312734127044678,-0.7781105637550354,-0.8717668652534485,-0.6149871945381165,-0.7993136644363403,-0.7129703164100647,-0.780224621295929,-0.8019075393676758,-0.8119199275970459,-0.8505350351333618,-0.7847625017166138,-0.5404269695281982,-0.6118167638778687,-0.6346060633659363,-0.6910013556480408,0.03338471055030823,-0.5204228758811951,-0.6226773858070374,-0.8001666069030762,-0.6647430658340454,0.10078860819339752
4744.0,94.87900000000003,-28.648188330742165,204.3766481472533,386.5459804628932,122690.9256282311,-28.64802500000001,204.50154200000003,386.5459900000001,122786.77948400004,0.0054432807803275,9.603125819004696,0.0002834149064346,19200.000000000007,0.0001633300685525,9.355134066692e-05,9.537106944885289e-06,0.0,-0.0073151432065014,-2.144580126030108,9.6159410835396,2.739012938042376,-0.0012187660063399,2.193575321421547,19199.568836173366,-21.520833403969466,0.002,-3.396169785483174,1.7008262478689895,-0.8975300822151197,6.0,10.0,180.0,-0.3735299900039969,-6.270471482108386,-0.1342797338674379,-3.242291343035632,654.4271421355884,373.411785781232,167.20473211171628,753.4667439330642,576.9750000000001,-0.3735299900039969,-0.7006812691688538,-0.6478150486946106,-0.6515823602676392,-0.6212572455406189,-0.6049926280975342,-0.6091912984848022,-0.7506320476531982,-0.5169090032577515,-0.7053700685501099,-0.6156544089317322,-0.6073082685470581,-0.6100034713745117,-0.5983580350875854,-0.612777829170227,-0.5083454847335815,-0.6959542036056519,-1.4760806560516357,-0.6360065937042236,-0.6090611815452576,-0.6940838694572449,-0.7595844864845276,-0.8659629821777344,-0.6074848771095276,-0.7781596183776855,-0.685122013092041,-0.7681185007095337,-0.7685869932174683,-0.7833905816078186,-0.8283452391624451,-0.7674447894096375,-0.4848012924194336,-0.5995383262634277,-0.617926836013794,-0.6555666327476501,0.09103788435459137,-0.5369566679000854,-0.6095587611198425,-0.7841457724571228,-0.7455977201461792,0.11621075868606567
4745.0,94.89900000000004,-28.64817085531685,204.5687226905087,386.5459676907277,123074.92444169991,-28.64802500000001,204.6935420000001,386.5459900000001,123170.77948400004,0.0048651435293387,9.600667816194932,0.000712504644473,19200.000000000007,0.0001458557324899,1.930169355359797e-05,2.230927243356652e-05,0.0,0.0051309720318537,-0.786967496429687,9.548326972090027,1.0374731727967486,0.0024581236263094,1.1628892892188136,19199.89630007268,42.86887979363592,0.002,-3.428635952679175,1.7540327496921115,-0.908735070957286,6.0,10.0,180.0,-0.3930537235651393,-6.276770254640448,-0.1342815462715469,-3.258668176868487,653.9650710677943,372.294392890616,166.98186605585812,752.5118719665321,577.2,-0.3930537235651393,-0.7112816572189331,-0.6566596627235413,-0.6652919054031372,-0.6256857514381409,-0.6178787350654602,-0.6183415055274963,-0.751775324344635,-0.5194810628890991,-0.7105938196182251,-0.6237534284591675,-0.6176211833953857,-0.6194571852684021,-0.6078240275382996,-0.6229842305183411,-0.5065680742263794,-0.7038270235061646,-1.4487555027008057,-0.6586990356445312,-0.6192513704299927,-0.7131794095039368,-0.7713994383811951,-0.8689802289009094,-0.6122145056724548,-0.7889939546585083,-0.6949224472045898,-0.7736132740974426,-0.7783012986183167,-0.7917370200157166,-0.8343338966369629,-0.7774027585983276,-0.5733588933944702,-0.6075009703636169,-0.6293527483940125,-0.6663613319396973,0.08786740899085999,-0.5362609624862671,-0.6182156205177307,-0.7950762510299683,-0.7441297173500061,0.13658736646175385
4746.0,94.919,-28.648115283061948,204.7605617194857,386.5460136353952,123458.9254362504,-28.64802500000001,204.88554200000007,386.5459900000001,123554.77948400006,0.0030104262760906,9.606004775370522,-0.0007840645521503,19200.000000000007,9.028268597211644e-05,0.0001800786676361,-2.3635395106270936e-05,0.0,-0.0100018684061114,-0.8626306826413501,9.637949649270151,4.574969955628842,0.0014734760923382,-1.7183893599320923,19199.896416154195,-17.14997361262732,0.002,-3.410124817839095,1.7587095496570302,-0.907040094107124,6.0,10.0,180.0,-0.3916109948999564,-6.285555855201085,-0.1367175848833394,-3.252016012412348,654.4720355338972,373.699196445308,167.24693302792906,753.648435983266,577.4250000000001,-0.3916109948999564,-0.7114625573158264,-0.653998851776123,-0.6528752446174622,-0.6243373155593872,-0.6055231094360352,-0.61577969789505,-0.753455400466919,-0.5288270711898804,-0.7111726999282837,-0.6179434061050415,-0.6103429794311523,-0.6138278245925903,-0.6027836799621582,-0.6183246374130249,-0.5311263799667358,-0.7029489278793335,-1.4995708465576172,-0.6327717304229736,-0.6145907044410706,-0.7058241367340088,-0.7601020932197571,-0.8685224652290344,-0.6108119487762451,-0.7871835231781006,-0.6896539926528931,-0.7803879380226135,-0.757066011428833,-0.7809087038040161,-0.8312575221061707,-0.7690697908401489,-0.6027560830116272,-0.6025161743164062,-0.6265997886657715,-0.6425724029541016,0.0790787935256958,-0.5404698252677917,-0.6116353273391724,-0.7861959934234619,-0.7797355055809021,0.17246435582637787
4747.0,94.93900000000002,-28.648096687704243,204.95270930193328,386.5460008434559,123842.92361935946,-28.64802500000001,205.07754200000005,386.5459900000001,123938.779484,0.0023923682809904,9.601086724779034,-0.0003952227471446,19200.000000000007,7.168619938064786e-05,3.250409002810381e-05,-1.0843455679083011e-05,0.0,0.0002532317895625,-0.4312429553746338,9.57957025765472,3.425025432221484,0.0012187162654117,-2.0692767924368605,19199.96475115697,115.89426106735996,0.002,-3.4257300365063688,1.7529082469848123,-0.9090001452118988,6.0,10.0,180.0,-0.400887531093526,-6.246541383993399,-0.1381764136748924,-3.262267429207385,654.2530177669486,373.109598222654,167.13446651396453,753.165217991633,577.5000000000001,-0.400887531093526,-0.714159369468689,-0.6564127206802368,-0.6587508916854858,-0.6256754398345947,-0.612287163734436,-0.6190242171287537,-0.7522450089454651,-0.5285035967826843,-0.7121784090995789,-0.6211896538734436,-0.6148377656936646,-0.6179677248001099,-0.6067167520523071,-0.6226592063903809,-0.5284092426300049,-0.7057766914367676,-1.4819567203521729,-0.644845724105835,-0.6187103390693665,-0.7136855721473694,-0.7644111514091492,-0.8693554997444153,-0.6125515103340149,-0.7907862663269043,-0.6935353875160217,-0.7810707688331604,-0.7611724734306335,-0.7848851680755615,-0.8333214521408081,-0.7726278305053711,-0.6257755160331726,-0.606252133846283,-0.6317374110221863,-0.6484683156013489,0.08441779017448425,-0.5394913554191589,-0.6156160831451416,-0.7915526032447815,-0.7768382430076599,0.17691774666309357
4748.0,94.95900000000002,-28.64809391112445,205.1447513513785,386.54599911095227,124226.92538054557,-28.64802500000001,205.2695420000001,386.5459900000001,124322.77948400006,0.0022958594935237,9.59968860845058,-0.0003009159397279,19200.000000000007,6.881044558728726e-05,-9.448199579150629e-06,-9.110952166235922e-06,0.0,-0.0029516197672074,0.8002949929527496,9.624313673237332,3.230475821322306,-0.0066010830558087,-1.0441745008692322,19200.050208117704,-81.51388322849957,0.002,-3.383540144639193,1.7436493731322067,-0.8987607074479722,6.0,10.0,180.0,-0.4052588277435059,-6.275947099128544,-0.1376916067127698,-3.258158063298356,654.5950088834743,373.64529911132695,167.26573325698226,753.7281089958165,577.5750000000002,-0.4052588277435059,-0.725538969039917,-0.667059063911438,-0.6653370261192322,-0.6313894391059875,-0.619471549987793,-0.6265807151794434,-0.7599928379058838,-0.5310059189796448,-0.7195990085601807,-0.6266773343086243,-0.6224743127822876,-0.6243428587913513,-0.6141554117202759,-0.6300565004348755,-0.5273193120956421,-0.7132042646408081,-1.4719065427780151,-0.6522620916366577,-0.6264764070510864,-0.7260152697563171,-0.7800995707511902,-0.8729171752929688,-0.616586446762085,-0.7990009784698486,-0.7020182609558105,-0.785420835018158,-0.7712938785552979,-0.7897561192512512,-0.8363931179046631,-0.7857149243354797,-0.7116291522979736,-0.6100305914878845,-0.6369051337242126,-0.6574590802192688,0.0591663122177124,-0.5415235757827759,-0.6208441257476807,-0.7986580729484558,-0.7738589644432068,0.18304164707660675
4749.0,94.97900000000004,-28.64805286872725,205.33668939786048,386.54596467485305,124610.9235809416,-28.64802500000001,205.4615420000001,386.5459900000001,124706.77948400004,0.0009583915194209,9.601750859462287,0.0008397710039012,19200.000000000007,2.786983609277273e-05,5.229860989413161e-05,2.5325147121360103e-05,0.0,-0.0019498622296545,0.4932630574511877,9.583492037838228,0.7321048135714975,-0.0004981506334556,0.7939685532280809,19200.169857964025,103.01216819367956,0.002,-3.369782545783352,1.7980170221083194,-0.9011465183624888,6.0,10.0,180.0,-0.404283510232372,-6.269091068175522,-0.1376935934864577,-3.262773493620605,654.3155044417372,373.21964955566347,167.15986662849113,753.2740544979083,577.6500000000001,-0.404283510232372,-0.7229970097541809,-0.6661596298217773,-0.6734970808029175,-0.6301708817481995,-0.6249583959579468,-0.6263798475265503,-0.7577005624771118,-0.5238947868347168,-0.7177537679672241,-0.6291976571083069,-0.624302327632904,-0.6254997253417969,-0.6147571802139282,-0.6302894353866577,-0.5084543228149414,-0.7109478712081909,-1.4356164932250977,-0.6678645610809326,-0.6267272233963013,-0.7274968028068542,-0.7839402556419373,-0.8725854754447937,-0.6164610385894775,-0.7981277108192444,-0.7034950256347656,-0.7810048460960388,-0.7839529514312744,-0.7971158027648926,-0.8390961289405823,-0.7879539728164673,-0.6642538905143738,-0.6108056306838989,-0.6358432173728943,-0.6711195707321167,0.0689588338136673,-0.5368046760559082,-0.6226464509963989,-0.8006715774536133,-0.7450310587882996,0.1577806919813156
4750.0,94.99900000000002,-28.648018679261885,205.52882107136884,386.5459804573733,124994.92590230115,-28.64802500000001,205.65354200000007,386.5459900000001,125090.77948400004,-0.0001778438035205,9.597337867447028,0.0003196195322313,19200.000000000007,-6.319419451413161e-06,-7.907519715121244e-05,9.54262716392382e-06,0.0,-0.0031671243706993,0.7938458206005968,9.645025586290028,-3.8491921765499386,-0.0090257122588279,2.8755067817550706,19200.03313828989,-4.342663401124468,0.002,-3.386928147415928,1.7516315998056708,-0.9163986742166969,6.0,10.0,180.0,-0.4028046765950436,-6.300715711518295,-0.1376890579154506,-3.249951031563205,654.8602522208686,374.0418247778317,167.36543331424556,754.1545272489541,577.7250000000001,-0.4028046765950436,-0.7327561974525452,-0.6733483076095581,-0.6978875994682312,-0.6329875588417053,-0.6385571956634521,-0.6368342041969299,-0.7629283666610718,-0.5170588493347168,-0.7225951552391052,-0.6390546560287476,-0.6307786703109741,-0.6317672729492188,-0.6200250387191772,-0.6350401639938354,-0.47915154695510864,-0.7116302251815796,-1.3592052459716797,-0.7013537883758545,-0.6324269771575928,-0.7415941953659058,-0.8013034462928772,-0.8744082450866699,-0.6202362179756165,-0.8071464896202087,-0.7159759998321533,-0.7861832976341248,-0.8086857795715332,-0.8160275220870972,-0.8519434928894043,-0.799980640411377,-0.6753924489021301,-0.6137943267822266,-0.6382870078086853,-0.6963068842887878,0.05446501076221466,-0.5277844071388245,-0.6279993653297424,-0.8047235608100891,-0.6890601515769958,0.1380835622549057
4751.0,95.01900000000003,-28.647996327044417,205.72083122644025,386.5459541871567,125378.92648992065,-28.64802500000001,205.8455420000001,386.5459900000001,125474.77948400004,-0.0009565657017363,9.597026262875236,0.0011974919390832,19200.000000000007,-2.86727522259592e-05,-8.932659872647591e-05,3.581284534592472e-05,0.0,0.0014668206351112,1.1577404055274525,9.59445871486184,1.649730718294721,0.0019470507414674,4.888172193216059,19199.999535440747,72.95996424063178,0.002,-3.4085130108787824,1.7112720934343928,-0.9144998637692198,6.0,10.0,180.0,-0.3993759992506325,-6.266069727315392,-0.1367273345703804,-3.2545986273014025,654.6416261104343,373.4794123889159,167.25621665712276,753.685763624477,577.7250000000001,-0.3993759992506325,-0.7260185480117798,-0.6737304329872131,-0.668972909450531,-0.6354494690895081,-0.6330840587615967,-0.6264535188674927,-0.7652621269226074,-0.5218139886856079,-0.7219958305358887,-0.633318305015564,-0.6304506659507751,-0.6289815306663513,-0.6198636293411255,-0.6348258852958679,-0.5045541524887085,-0.7164677381515503,-1.4542515277862549,-0.6617845892906189,-0.6311798095703125,-0.728041410446167,-0.7982789874076843,-0.872233510017395,-0.6174659729003906,-0.7981111407279968,-0.7055456638336182,-0.7766017317771912,-0.7942566871643066,-0.7949413061141968,-0.8340985774993896,-0.7960802912712097,-0.691931962966919,-0.6126927137374878,-0.6349419951438904,-0.6824935078620911,0.04987351596355438,-0.5435806512832642,-0.6264050006866455,-0.8086295127868652,-0.7464931607246399,0.12633760273456573
4752.0,95.03900000000002,-28.64807220148205,205.9132523279513,386.5459757797015,125762.92700825912,-28.64802500000001,206.0375420000001,386.5459900000001,125858.77948400004,0.0015717735206213,9.58298984694236,0.0004460540039727,19200.000000000007,4.720122516897476e-05,-0.000510425958605,1.4220296229398244e-05,0.0,-0.0039188313115662,2.61848398957144,9.621850008113594,-5.369957622382932,0.0100214260326415,1.0935096396547097,19200.324977699747,-21.404026634232004,0.002,-3.3924569727893688,1.7392558989911808,-0.90132731069827,6.0,10.0,180.0,-0.4013856451178196,-6.235904443320534,-0.1352870067252187,-3.243862943571532,654.7408130552171,373.82120619445794,167.31560832856138,753.9418818122385,577.7250000000001,-0.4013856451178196,-0.7483030557632446,-0.685474157333374,-0.7161459922790527,-0.6381185054779053,-0.6515482068061829,-0.6494898796081543,-0.7665373086929321,-0.5229465961456299,-0.7307307720184326,-0.6490921974182129,-0.6419106125831604,-0.6423884630203247,-0.6309217810630798,-0.6469822525978088,-0.48132196068763733,-0.7217295169830322,-1.338681936264038,-0.7239267826080322,-0.6443949937820435,-0.7636099457740784,-0.8153300881385803,-0.8766698241233826,-0.6269130706787109,-0.8207143545150757,-0.7289402484893799,-0.7973976731300354,-0.8159195780754089,-0.8248459100723267,-0.8599007725715637,-0.8109290599822998,-0.7940444350242615,-0.6214725971221924,-0.6511265635490417,-0.7052074074745178,0.03569364547729492,-0.5266752243041992,-0.6365751624107361,-0.8151476383209229,-0.687689483165741,0.17039810121059418
4753.0,95.059,-28.6480201200348,206.10473059690327,386.54601088795056,126146.92706308074,-28.64802500000001,206.22954200000004,386.5459900000001,126242.77948400004,-0.000158989469494,9.600377064950118,-0.0006948183622928,19200.000000000007,-4.879970527717578e-06,1.1105204440271562e-05,-2.0887982063674663e-05,0.0,0.0066039842109072,0.8551941784414503,9.571280778184136,4.46272084138039,0.0126803428065192,-0.9754236163568736,19199.963860850155,42.91605445704501,0.002,-3.3834764104035484,1.7962415783710235,-0.9125922233103688,6.0,10.0,180.0,-0.4004410013735502,-6.286219810982013,-0.1352712063289966,-3.244847834656849,654.4149065276085,372.819103097229,167.1338041642807,753.1624409061193,577.7250000000001,-0.4004410013735502,-0.7227935791015625,-0.6663044691085815,-0.6584806442260742,-0.6318240165710449,-0.6202384829521179,-0.6238288879394531,-0.7587977647781372,-0.5324923992156982,-0.7185027599334717,-0.6253234148025513,-0.6232377886772156,-0.6245521306991577,-0.6146244406700134,-0.6308190822601318,-0.534843385219574,-0.71455979347229,-1.5006407499313354,-0.6443966627120972,-0.6267193555831909,-0.7228922247886658,-0.7772240042686462,-0.8707128167152405,-0.6155710220336914,-0.7965048551559448,-0.6987788677215576,-0.7832751274108887,-0.7673877477645874,-0.7839500904083252,-0.8314609527587891,-0.7824421525001526,-0.7161210179328918,-0.6113197207450867,-0.6376248598098755,-0.654182493686676,0.06587056815624237,-0.5463420748710632,-0.6217288374900818,-0.8012287616729736,-0.7926860451698303,0.1795569211244583
4754.0,95.07900000000002,-28.648013584102,206.296828202842,386.54603216248,126530.92924637444,-28.64802500000001,206.42154200000004,386.5459900000001,126626.77948400004,-0.0003807644625146,9.597127945691152,-0.001405858323577,19200.000000000007,-1.1415939818374696e-05,-8.630158682516138e-05,-4.216248115805024e-05,0.0,0.0075580825049246,0.7319627487904061,9.599387187455983,-5.437861351156816,0.0002565089044958,-3.662528818897793,19200.15323374427,-77.2791014426164,0.002,-3.3790627157329416,1.7350212743405178,-0.9219026942897032,6.0,10.0,180.0,-0.3989381209096757,-6.25492342847209,-0.1391391397508197,-3.2314877187736792,654.5924532638043,372.7380515486145,167.16090208214035,753.2762204530596,570.3000000000001,-0.3989381209096757,-0.7346433401107788,-0.6694477796554565,-0.7105088233947754,-0.6290348768234253,-0.6341803073883057,-0.6475712060928345,-0.752207338809967,-0.5215067863464355,-0.7185957431793213,-0.6429392695426941,-0.6289864182472229,-0.6347596645355225,-0.6201467514038086,-0.6370500922203064,-0.4999595284461975,-0.7135530114173889,-1.3331154584884644,-0.7124119400978088,-0.634128212928772,-0.75127112865448,-0.780230700969696,-0.8764460682868958,-0.6206108927726746,-0.81319260597229,-0.7236901521682739,-0.7966569066047668,-0.7980117797851562,-0.8196126222610474,-0.8609744310379028,-0.7906990051269531,-0.6576913595199585,-0.6174494028091431,-0.6473792791366577,-0.6859055757522583,0.0242539644241333,-0.5182591080665588,-0.6277819275856018,-0.8033195734024048,-0.6766218543052673,0.16425926983356476
4755.0,95.09900000000005,-28.648038117569588,206.48827520410524,386.54599703339534,126914.92819089722,-28.64802500000001,206.6135420000001,386.5459900000001,127010.77948400004,0.0004646626770891,9.615559281561918,-0.0002331810681614,19200.000000000007,1.3117379406268232e-05,0.0004666958001925,-7.033156125260876e-06,0.0,0.0002474717058135,1.893849574666931,9.57224869366812,2.075912691069491,0.0019710877641655,-3.968735473461558,19200.01636615424,25.734897685925063,0.002,-3.349213876818028,1.7269304227203934,-0.9096993199577136,6.0,10.0,180.0,-0.3979592508529112,-6.2231404287591605,-0.1381632542247685,-3.231006609765401,654.2282266319021,372.51052577430727,167.06045104107017,752.8471102265298,570.3000000000001,-0.3979592508529112,-0.7329257726669312,-0.6729215979576111,-0.6783214807510376,-0.6326223015785217,-0.6271675229072571,-0.6388493180274963,-0.7559266090393066,-0.5340854525566101,-0.7210116386413574,-0.6344761252403259,-0.6288192868232727,-0.6324163675308228,-0.6214869022369385,-0.6387518644332886,-0.5422431230545044,-0.7224533557891846,-1.4500986337661743,-0.6634739637374878,-0.6348298788070679,-0.7418819665908813,-0.7791129946708679,-0.8755621314048767,-0.6190909743309021,-0.8080629706382751,-0.7134745121002197,-0.7936614751815796,-0.772648274898529,-0.7932908535003662,-0.8420239686965942,-0.7858967185020447,-0.7550798654556274,-0.616391658782959,-0.6475743651390076,-0.660331130027771,0.011655375361442566,-0.5367875695228577,-0.6254443526268005,-0.8068199753761292,-0.7609516978263855,0.19007845222949982
4756.0,95.11900000000004,-28.64794223696967,206.6803369118133,386.5460079752981,127298.92870907288,-28.64802500000001,206.8055420000001,386.5459900000001,127394.779484,-0.0027563560578097,9.613505046616568,-0.0005952740644006,19200.000000000007,-8.276256139928188e-05,0.0004050877731636,-1.7975317192319946e-05,0.0,0.0134087705593674,-2.625769806299928,9.606941554455783,-6.107033394419392,-0.0073574069249503,-2.750668754663508,19200.2052847663,-68.67639700557643,0.002,-3.297340489816072,1.780458972527048,-0.9028253423207884,6.0,10.0,180.0,-0.391613758265161,-6.269033484302248,-0.1391744726252941,-3.2325620263256845,654.6991133159511,372.50526288715366,167.1557255205351,753.2535551132648,577.7250000000001,-0.391613758265161,-0.7117146253585815,-0.6466896533966064,-0.6955428719520569,-0.618802011013031,-0.617206335067749,-0.6273334622383118,-0.7441563606262207,-0.5117970705032349,-0.7055495381355286,-0.6301634907722473,-0.6110543608665466,-0.6179720163345337,-0.6011204719543457,-0.6164793968200684,-0.47448086738586426,-0.6901286840438843,-1.325674295425415,-0.7051299810409546,-0.6139721870422363,-0.7203184366226196,-0.7575601935386658,-0.8698340058326721,-0.6134344935417175,-0.7925284504890442,-0.6990782022476196,-0.7799460887908936,-0.790296196937561,-0.8162481784820557,-0.8569138646125793,-0.7721112370491028,-0.4852244257926941,-0.6065924167633057,-0.6296347975730896,-0.6760927438735962,0.11791554093360901,-0.5149609446525574,-0.6165951490402222,-0.7829179763793945,-0.6715354919433594,0.14699752628803253
4757.0,95.13900000000004,-28.647924030977503,206.87208472784664,386.5459695715684,127682.92854257856,-28.64802500000001,206.99754200000007,386.5459900000001,127778.77948400004,-0.0033682613618472,9.621902923963656,0.0006739894073151,19200.000000000007,-0.0001009680163291,0.0006569721332568,2.042729798672304e-05,0.0,0.0066329434128825,-0.6119928324003201,9.595678242868471,3.29964614373957,-0.0075690530229352,2.7496647619680283,19199.638402631244,-55.76321417667348,0.002,-3.39096088064254,1.8080957305480945,-0.9145502955221484,6.0,10.0,180.0,-0.3847270687824636,-6.319850660145942,-0.1372292257937704,-3.2382106653274088,654.6770566579755,372.55663144357686,167.15736276026755,753.2602775566324,577.7250000000001,-0.3847270687824636,-0.7124727368354797,-0.6597535610198975,-0.6553707122802734,-0.6291970014572144,-0.6166723966598511,-0.6167047023773193,-0.7579246163368225,-0.5215870141983032,-0.7131066918373108,-0.6231400966644287,-0.6182600259780884,-0.6191211938858032,-0.6085776090621948,-0.6233077049255371,-0.514735758304596,-0.706457257270813,-1.4861390590667725,-0.642514169216156,-0.619702935218811,-0.708376407623291,-0.7761741280555725,-0.8686930537223816,-0.611991822719574,-0.7872116565704346,-0.6930902600288391,-0.7725728154182434,-0.774990439414978,-0.7853437662124634,-0.8290897607803345,-0.7796628475189209,-0.5987510681152344,-0.6073046922683716,-0.6274296045303345,-0.6635591983795166,0.0740426778793335,-0.5439503192901611,-0.6182925701141357,-0.7964984178543091,-0.762577474117279,0.1282602697610855
4758.0,95.15900000000002,-28.64793663709816,207.06461705836065,386.5460026905281,128066.92797600589,-28.64802500000001,207.18954200000007,386.5459900000001,128162.77948400006,-0.0029446319884671,9.604164229936227,-0.0004277919386902,19200.000000000007,-8.83631820770495e-05,0.0001249406204401,-1.2691850704106254e-05,0.0,-0.0139328869983507,-2.505961157816919,9.597676388292196,-7.999641863625672,-0.0019171575381783,2.0194591979719823,19200.273016543168,-30.029566040265195,0.002,-3.4321080849299275,1.741565648712556,-0.9180947245881051,6.0,10.0,180.0,-0.3700714943998076,-6.229956678744033,-0.1381719940431824,-3.2387275556468977,654.2870283289878,373.3133157217884,167.1651813801338,753.2961387783162,577.7250000000001,-0.3700714943998076,-0.7089296579360962,-0.6492702960968018,-0.7003017663955688,-0.6178598999977112,-0.6248514652252197,-0.6241532564163208,-0.7450830340385437,-0.5022474527359009,-0.7055131196975708,-0.6323410272598267,-0.6136223077774048,-0.6179628372192383,-0.6024603843688965,-0.6167349219322205,-0.4486258625984192,-0.689362645149231,-1.3021684885025024,-0.713996171951294,-0.6142839193344116,-0.7199418544769287,-0.7674331068992615,-0.8644606471061707,-0.6131072640419006,-0.7883356809616089,-0.7009996771812439,-0.7695852518081665,-0.8054929375648499,-0.8192224502563477,-0.8556272387504578,-0.7761095762252808,-0.44607722759246826,-0.6042301058769226,-0.6239134073257446,-0.6947842836380005,0.11547955870628357,-0.5108398795127869,-0.6167294979095459,-0.78555828332901,-0.6354677081108093,0.10494901239871979
4759.0,95.17900000000004,-28.6481209859709,207.2564844238668,386.5459540530209,128450.92857732736,-28.64802500000001,207.381542,386.5459900000001,128546.77948400004,0.0032026057685848,9.608582559542905,0.001201599940424,19200.000000000007,9.588433965754312e-05,0.0002574738848406,3.604727365519109e-05,0.0,-0.0012312142358282,-1.531784179048508,9.60809985204456,5.132235575513322,0.0028954769357724,1.338214861401703,19199.50103427449,-47.25534426167188,0.002,-3.401198427477627,1.7696763251649223,-0.899489922377543,6.0,10.0,180.0,-0.389159575048749,-6.291911108997125,-0.1337559695308849,-3.2458771733424485,654.462514164494,373.4311578608942,167.21409069006688,753.5065693891581,577.7250000000001,-0.389159575048749,-0.7033880949020386,-0.6505888104438782,-0.6454349756240845,-0.6238250732421875,-0.603454053401947,-0.6088167428970337,-0.7531835436820984,-0.5232810974121094,-0.7079160213470459,-0.6145976781845093,-0.608833909034729,-0.6110165119171143,-0.6003254652023315,-0.6151891946792603,-0.5247816443443298,-0.7001948356628418,-1.5205087661743164,-0.6232790946960449,-0.611140251159668,-0.6944795846939087,-0.7596019506454468,-0.8653486371040344,-0.6080034375190735,-0.7790977358818054,-0.6834608316421509,-0.771003782749176,-0.7587260007858276,-0.7761277556419373,-0.8245437145233154,-0.7667626738548279,-0.5397608876228333,-0.6007731556892395,-0.6206696629524231,-0.6466211080551147,0.08765757083892822,-0.5438482761383057,-0.6103878021240234,-0.7866778373718262,-0.7787078022956848,0.13546423614025116
4760.0,95.19900000000004,-28.64810442538768,207.44873474952385,386.54598821590224,128834.92641883752,-28.64802500000001,207.57354200000003,386.5459900000001,128930.77948400004,0.0026472124118742,9.600234868765032,2.4864167102907603e-05,19200.000000000007,7.932472460903433e-05,7.149788969456011e-06,1.785579404381754e-06,0.0,0.0041750127018532,-0.1753797355223262,9.570318510782206,0.1167187233857461,-0.0007087253693136,0.2435903400134936,19199.86196609545,51.509234253045086,0.002,-3.4149010643938382,1.730041679357616,-0.923330732051762,6.0,10.0,180.0,-0.3989388930170381,-6.285136582780565,-0.1347564701354049,-3.266898238440535,654.218257082247,372.6925789304471,167.07954534503344,752.9282846945791,577.7250000000001,-0.3989388930170381,-0.7187879681587219,-0.66141676902771,-0.6740615367889404,-0.6278660297393799,-0.6222499012947083,-0.6244146227836609,-0.7544244527816772,-0.521864116191864,-0.714492678642273,-0.627488911151886,-0.621247410774231,-0.6232820749282837,-0.6115611791610718,-0.6270256042480469,-0.5052198171615601,-0.7068729996681213,-1.4273295402526855,-0.6698637008666992,-0.6235393285751343,-0.7232304811477661,-0.7777585387229919,-0.8718729615211487,-0.6151233315467834,-0.7955735325813293,-0.7008766531944275,-0.7796781063079834,-0.7825992703437805,-0.7977732419967651,-0.8397877812385559,-0.7833353281021118,-0.6242419481277466,-0.6099209189414978,-0.6340760588645935,-0.6698040962219238,0.08157876133918762,-0.534626841545105,-0.621144711971283,-0.7974933385848999,-0.7394207119941711,0.15382353961467743
4761.0,95.21900000000002,-28.648049638678565,207.6404903564126,386.5460000035214,129218.92666566318,-28.64802500000001,207.76554200000004,386.5459900000001,129314.77948400006,0.0008247616169211,9.608382863927304,-0.0003671668051806,19200.000000000007,2.46395766472516e-05,0.0002514454471023,-1.0002734217799958e-05,0.0,-0.0117254728548691,-1.7625688297292577,9.625278834462824,8.425711405332493,0.0017016165010019,-1.9444879622158624,19200.01597780888,-17.14253133642429,0.002,-3.3791446551137434,1.6951804199154268,-0.9220840219937012,6.0,10.0,180.0,-0.3945382592366896,-6.289090874141628,-0.1367355373756049,-3.2674358346824093,654.4191285411234,373.7522894652236,167.24227267251672,753.6281423472896,577.7250000000001,-0.3945382592366896,-0.6993860006332397,-0.6450985670089722,-0.6380570530891418,-0.6208668947219849,-0.5930942296981812,-0.6037305593490601,-0.7501423358917236,-0.5311945676803589,-0.7055312395095825,-0.6086099147796631,-0.6014055609703064,-0.6051125526428223,-0.5947341322898865,-0.6101406812667847,-0.5495415329933167,-0.6984676122665405,-1.5828766822814941,-0.5993362665176392,-0.6058471202850342,-0.6849443912506104,-0.7414067387580872,-0.8636534214019775,-0.6053382754325867,-0.7751678228378296,-0.6750262975692749,-0.7756375670433044,-0.7360676527023315,-0.7631853222846985,-0.8214868307113647,-0.753070056438446,-0.5473084449768066,-0.5966972708702087,-0.6187534928321838,-0.6224077939987183,0.09176035225391388,-0.5474754571914673,-0.6040356159210205,-0.7790714502334595,-0.8174344897270203,0.17026294767856598
4762.0,95.23900000000005,-28.648057553110696,207.83301753364623,386.5459852946536,129602.92795052667,-28.64802500000001,207.95754200000005,386.5459900000001,129698.77948400004,0.0010858079301852,9.590815483541968,0.0001558522142993,19200.000000000007,3.255377753887822e-05,-0.0002755332018322,4.705172389603577e-06,0.0,0.0024240530587736,0.062870934353783,9.613306173635754,0.9201986651017832,-0.0007423429896622,-2.081647719591108,19200.153255352325,115.86191806102636,0.002,-3.350792501704759,1.6933551378799707,-0.9064169703736332,6.0,10.0,180.0,-0.4023403586308998,-6.224583416242601,-0.1338003885141467,-3.247415220543025,654.6555642705617,373.60464473261175,167.27313633625835,753.7600711736447,577.7250000000001,-0.4023403586308998,-0.7229976058006287,-0.6621649265289307,-0.6747968792915344,-0.6282217502593994,-0.6195343136787415,-0.6276236772537231,-0.7557255625724792,-0.5275566577911377,-0.7164961099624634,-0.6278197169303894,-0.6199409365653992,-0.6232918500900269,-0.6114190816879272,-0.6274634599685669,-0.5165900588035583,-0.7081392407417297,-1.4313205480575562,-0.6661877632141113,-0.6239632368087769,-0.7265901565551758,-0.774947464466095,-0.8737375736236572,-0.6164632439613342,-0.7988867163658142,-0.7025134563446045,-0.7854750752449036,-0.7750663161277771,-0.7971706390380859,-0.8424135446548462,-0.7828822135925293,-0.6624123454093933,-0.6094539165496826,-0.636380672454834,-0.6605727672576904,0.07521092891693115,-0.5348559021949768,-0.6200191378593445,-0.7949579954147339,-0.7518202662467957,0.18058113753795624
4763.0,95.25900000000004,-28.647994102843985,208.0249657423008,386.5459705042997,129986.93301008672,-28.64802500000001,208.14954200000005,386.5459900000001,130082.77948400004,-0.0010314924847444,9.592536764526082,0.0006465248340827,19200.000000000007,-3.089730052468072e-05,-0.000224045213085,1.9495552445466552e-05,0.0,-0.0039014495953274,0.2372807221676408,9.598611142319552,2.563203967243449,-0.0063521081856523,-0.4305317194296645,19200.13615648481,-68.65196311321827,0.002,-3.3548170707065603,1.725286223231863,-0.9112178237687564,6.0,10.0,180.0,-0.397945697125195,-6.241676226959357,-0.1313449541211298,-3.216618095059069,654.4822821352809,373.5103223663059,167.22706816812916,753.5625355868224,577.7250000000001,-0.397945697125195,-0.720209002494812,-0.6629734039306641,-0.6648789644241333,-0.6289968490600586,-0.6177336573600769,-0.6231803894042969,-0.7568590044975281,-0.5272740125656128,-0.7163628339767456,-0.6248088479042053,-0.6201945543289185,-0.6221038103103638,-0.6115570664405823,-0.6272350549697876,-0.52068030834198,-0.7097460627555847,-1.4644957780838013,-0.6536283493041992,-0.6235218048095703,-0.7214292287826538,-0.7764022350311279,-0.871462881565094,-0.6149830222129822,-0.7952439785003662,-0.699156641960144,-0.7812938094139099,-0.772078812122345,-0.7901284694671631,-0.8357354998588562,-0.7826361060142517,-0.6615669131278992,-0.6084839105606079,-0.6340267062187195,-0.6590358018875122,0.0713881254196167,-0.5394795536994934,-0.6192650198936462,-0.7966530323028564,-0.7649678587913513,0.17024709284305573
4764.0,95.27900000000004,-28.647993221538503,208.2168538047609,386.5459941327461,130370.93395226562,-28.64802500000001,208.3415420000001,386.5459900000001,130466.77948400004,-0.0010324232864398,9.596271751758112,-0.0001391377798646,19200.000000000007,-3.177859107283522e-05,-0.0001119047573336,-4.132688584902827e-06,0.0,-0.0043936033707458,1.0994269571182709,9.604712094737751,-0.4312986326664065,-0.0051097969922667,0.5563024133665087,19200.22173786372,72.97069655003209,0.002,-3.3458842466324543,1.7430465560984494,-0.90110016907555,6.0,10.0,180.0,-0.3925977746629578,-6.271502975744378,-0.1332956537978663,-3.1909719332974884,654.4556410676405,373.57766118315294,167.2295340840646,753.5727677934112,577.7250000000001,-0.3925977746629578,-0.7300333976745605,-0.6712649464607239,-0.6826275587081909,-0.6323358416557312,-0.630366325378418,-0.6322569847106934,-0.7604137659072876,-0.5247582197189331,-0.721483588218689,-0.6333433985710144,-0.6283092498779297,-0.6294167041778564,-0.6186835765838623,-0.6343520283699036,-0.5042201280593872,-0.7139898538589478,-1.412762999534607,-0.6798050403594971,-0.6310834884643555,-0.7369339466094971,-0.7915605902671814,-0.8749950528144836,-0.6190010905265808,-0.804262638092041,-0.7097902894020081,-0.7859461903572083,-0.7904932498931885,-0.8036003112792969,-0.8442072868347168,-0.794475257396698,-0.7063333988189697,-0.6130986213684082,-0.6398049592971802,-0.6773502230644226,0.05900582671165466,-0.5345907807350159,-0.6256513595581055,-0.8036710023880005,-0.7345070242881775,0.16710476577281952
4765.0,95.29900000000002,-28.648023448373245,208.40873476455968,386.54595622881845,130754.93544460168,-28.64802500000001,208.53354200000007,386.5459900000001,130850.77948400006,-4.721995102476536e-05,9.600238076428706,0.0011270259859369,19200.000000000007,-1.5515914972097534e-06,7.141127680772811e-06,3.37710336596011e-05,0.0,-0.0016890039914197,1.2815917426204446,9.62182478574142,-0.9199129046824552,-0.0014731804532859,4.205915276165295,19199.99883641326,4.268431327028283,0.002,-3.35189489067094,1.764196795334526,-0.907974126142286,6.0,10.0,180.0,-0.3940472119612027,-6.298354291319891,-0.132806862138,-3.1883959931854418,654.6928205338202,373.79633059157646,167.30276704203231,753.8873838967056,577.7250000000001,-0.3940472119612027,-0.7313504815101624,-0.6758034229278564,-0.6833959817886353,-0.635372519493103,-0.637633204460144,-0.6326000094413757,-0.7655361890792847,-0.5201399326324463,-0.7237497568130493,-0.6372076869010925,-0.6323246955871582,-0.6316269636154175,-0.6215735077857971,-0.6365742683410645,-0.4925115704536438,-0.7158606648445129,-1.407155156135559,-0.6816480159759521,-0.6334419846534729,-0.7369002103805542,-0.8028537631034851,-0.8748094439506531,-0.6194707155227661,-0.8038513660430908,-0.7119489908218384,-0.782238245010376,-0.8031448125839233,-0.8057926893234253,-0.842769205570221,-0.8006815910339355,-0.7021247148513794,-0.6139929294586182,-0.6375914812088013,-0.6909096240997314,0.04743419587612152,-0.5367067456245422,-0.6282710433006287,-0.808503270149231,-0.7197636365890503,0.13286681473255157
4766.0,95.31900000000002,-28.648047046977645,208.6006241900355,386.54599118230703,131138.93583038985,-28.64802500000001,208.72554200000005,386.5459900000001,131234.77948400003,0.0007373359574849,9.603922126398311,-3.9624149750503575e-05,19200.000000000007,2.204698966594192e-05,0.0001176128116839,-1.182481082043072e-06,0.0,-0.0029298140716373,2.138814268753636,9.559341285680926,-5.557824247891129,0.004385850802663,3.356698136979405,19199.99906643253,64.38010765092379,0.002,-3.340037240625317,1.7825209025914184,-0.9100953374196334,6.0,10.0,180.0,-0.3944951087288092,-6.222174546975296,-0.1347625983587191,-3.19457659520824,654.0679102669101,372.9406652957882,167.07738352101617,752.9206919483528,570.3000000000001,-0.3944951087288092,-0.7385181188583374,-0.6819928884506226,-0.7112942934036255,-0.6353132724761963,-0.6511982679367065,-0.6469240784645081,-0.7601932287216187,-0.5148143768310547,-0.7244459390640259,-0.647921085357666,-0.6406551599502563,-0.6411944627761841,-0.6297280788421631,-0.6456081867218018,-0.48302075266838074,-0.7224165797233582,-1.3420815467834473,-0.7150301933288574,-0.6424586772918701,-0.7563098669052124,-0.8084073662757874,-0.8730962872505188,-0.6228658556938171,-0.8135257959365845,-0.7279796004295349,-0.7879082560539246,-0.8185951709747314,-0.8198399543762207,-0.8541565537452698,-0.8050563931465149,-0.6960050463676453,-0.6204297542572021,-0.6468555331230164,-0.7112382650375366,0.0028606057167053223,-0.5237932801246643,-0.6343234181404114,-0.8179305791854858,-0.6633421778678894,0.11411795020103455
4767.0,95.33900000000004,-28.647961935848627,208.7922191976913,386.5459724589233,131522.9309995778,-28.64802500000001,208.91754200000003,386.5459900000001,131618.77948400006,-0.0020708138681377,9.61741502315346,0.0005828656867349,19200.000000000007,-6.306415212359136e-05,0.0005224975377,1.7541863901077808e-05,0.0,0.0085153510547405,-0.7942552516219393,9.623069321563367,1.3513000910569315,0.0097746533982293,2.813499291498714,19199.895671864862,0.0152869547272018,0.002,-3.4039257298275856,1.791888145554975,-0.9230127681590452,6.0,10.0,180.0,-0.3896312942613299,-6.242695696997719,-0.1328183248749303,-3.2330933126668087,654.711455133455,373.1503326478941,167.23219176050807,753.5833459741764,570.3000000000001,-0.3896312942613299,-0.7129149436950684,-0.6599889397621155,-0.6665669679641724,-0.627448320388794,-0.6184663772583008,-0.624199628829956,-0.7553338408470154,-0.5172799825668335,-0.7113757729530334,-0.6265431046485901,-0.6182220578193665,-0.6210768222808838,-0.6093294024467468,-0.6245031356811523,-0.5138645768165588,-0.7078115940093994,-1.4477838277816772,-0.6482892632484436,-0.620612382888794,-0.7123886346817017,-0.7735010981559753,-0.8705342411994934,-0.6117736101150513,-0.7891949415206909,-0.7006117701530457,-0.7737914323806763,-0.7834927439689636,-0.790942370891571,-0.8344830274581909,-0.7782199382781982,-0.5449773073196411,-0.6071192622184753,-0.6270315647125244,-0.671501874923706,0.027998298406600952,-0.5358224511146545,-0.6174463033676147,-0.7970814108848572,-0.7212876677513123,0.09327913820743561
4768.0,95.35900000000004,-28.64804109320629,208.9841451940532,386.54601680993176,131906.92919413425,-28.64802500000001,209.1095420000001,386.5459900000001,132002.77948400003,0.0005333252199263,9.619892402614528,-0.0008870250762933,19200.000000000007,1.6093205440819775e-05,0.0005968010921037,-2.680844997671228e-05,0.0,-0.0085460475710063,2.624755623704816,9.58006477173056,1.4573803197180308,0.0100157638471538,-4.094005984760763,19199.998857695573,17.14179236388484,0.002,-3.4212758616803525,1.7786463223827829,-0.9236711656999252,6.0,10.0,180.0,-0.3877107002814627,-6.302754590844914,-0.1342933637465304,-3.254116984557721,654.2072275667275,373.1441663239471,167.12909588025406,753.1426729870882,570.3000000000001,-0.3877107002814627,-0.7387579679489136,-0.6778260469436646,-0.6843448877334595,-0.6340898275375366,-0.631293535232544,-0.6431137919425964,-0.7579099535942078,-0.5356706976890564,-0.7244598269462585,-0.6377618908882141,-0.6325137615203857,-0.6356977820396423,-0.625249981880188,-0.6427958011627197,-0.5404223799705505,-0.7260311245918274,-1.436059832572937,-0.6711408495903015,-0.6388397216796875,-0.750207781791687,-0.7855798602104187,-0.8770250082015991,-0.6212882995605469,-0.8130459189414978,-0.7185070514678955,-0.7963088154792786,-0.7771408557891846,-0.7973140478134155,-0.8450515270233154,-0.7920469045639038,-0.7970013618469238,-0.6178037524223328,-0.6508905291557312,-0.6643881797790527,0.0022159218788146973,-0.5354421138763428,-0.6276571154594421,-0.8097674250602722,-0.7559728026390076,0.19961057603359222
4769.0,95.37900000000003,-28.64809965876966,209.1766765962531,386.5459905399448,132290.92923507822,-28.64802500000001,209.30154200000007,386.5459900000001,132386.77948400003,0.0024887735908807,9.60217415504566,-1.1944269858923418e-05,19200.000000000007,7.465876957771541e-05,6.530294881390306e-05,-4.396503234029524e-07,0.0,0.0041469597110184,1.0385492965752356,9.62644122735411,-8.78251867200796,0.0056004439790773,-2.3198423010358007,19200.085012613265,-47.192350204818666,0.002,-3.4340914637826048,1.7233560745877097,-0.9259254510269864,6.0,10.0,180.0,-0.3955228129404496,-6.260751888443563,-0.1333235423884496,-3.2592046396683463,654.7341137833637,373.45408316197353,167.27204794012704,753.7538364935441,577.7250000000001,-0.3955228129404496,-0.7428035140037537,-0.6741452217102051,-0.7286056280136108,-0.6312108039855957,-0.64512699842453,-0.6504846811294556,-0.7576239705085754,-0.5189146995544434,-0.7239688634872437,-0.6504747271537781,-0.6338780522346497,-0.6380044221878052,-0.6231094598770142,-0.6394152641296387,-0.46871399879455566,-0.7105863094329834,-1.292189359664917,-0.7433348894119263,-0.6373189687728882,-0.761182427406311,-0.794862687587738,-0.8736521601676941,-0.6267374753952026,-0.8170376420021057,-0.7287908792495728,-0.7974516749382019,-0.8132846355438232,-0.8350459933280945,-0.8705517053604126,-0.7984160780906677,-0.702438235282898,-0.6190804839134216,-0.6492556929588318,-0.702430009841919,0.06280650198459625,-0.5141716599464417,-0.6326133012771606,-0.8044171333312988,-0.6554638743400574,0.18103395402431488
4770.0,95.39900000000004,-28.64812004278889,209.3685742089337,386.5460049314669,132674.92948422677,-28.64802500000001,209.49354200000008,386.5459900000001,132770.77948400006,0.0031652727197931,9.605588158778914,-0.0004973934778764,19200.000000000007,9.504278887996658e-05,0.0001677909766843,-1.4932790284522565e-05,0.0,0.0090374873715166,1.337252971431537,9.605247927816926,4.087773904345468,-0.0024411279409849,-3.419288846457856,19200.084637739965,0.0041383418908424,0.002,-3.411315367291234,1.7241493446317468,-0.9103415263264808,6.0,10.0,180.0,-0.4053100178387886,-6.206520994889461,-0.133802917186962,-3.249448837483253,654.8485568916818,373.1000415809867,167.25452397006353,753.677918246772,577.7250000000001,-0.4053100178387886,-0.7304438352584839,-0.6695992350578308,-0.6661739945411682,-0.6336871385574341,-0.6229797005653381,-0.6306264400482178,-0.7606260776519775,-0.5372178554534912,-0.721856951713562,-0.6294248700141907,-0.6250095963478088,-0.6275702714920044,-0.6171466708183289,-0.633867621421814,-0.541163444519043,-0.7172956466674805,-1.4829697608947754,-0.6519354581832886,-0.6301305294036865,-0.7320984601974487,-0.7791396379470825,-0.8741703629493713,-0.6185031533241272,-0.803503155708313,-0.7042262554168701,-0.7919186949729919,-0.7672268152236938,-0.7882691621780396,-0.8371821045875549,-0.785298228263855,-0.7753973007202148,-0.6136326789855957,-0.6432314515113831,-0.6511664390563965,0.05825750529766083,-0.5448243021965027,-0.6235648393630981,-0.8016830682754517,-0.7956898808479309,0.2091769129037857
4771.0,95.41900000000004,-28.648063230399885,209.560908426338,386.5460184790364,133058.931522927,-28.64802500000001,209.68554200000008,386.5459900000001,133154.77948400003,0.0012735023767814,9.594451466759937,-0.0009477797668417,19200.000000000007,3.823039987524976e-05,-0.0001665249426678,-2.848017193192729e-05,0.0,0.0092813038355752,-1.826234165618608,9.5981451654375,-3.5442455273410567,-0.0050970897828135,-2.562194767715199,19200.239242267875,-47.231692196641646,0.002,-3.3790771575427625,1.696453191141156,-0.9184415310381192,6.0,10.0,180.0,-0.4087335021536004,-6.238263082879179,-0.1347523752016616,-3.2330604669657377,654.8282784458409,372.7985207904934,167.21576198503175,753.5109591233861,577.7250000000001,-0.4087335021536004,-0.7140649557113647,-0.6509401798248291,-0.6878911852836609,-0.6216330528259277,-0.6174726486206055,-0.6264500021934509,-0.7473056316375732,-0.5169758796691895,-0.7084481716156006,-0.6277968287467957,-0.6135703325271606,-0.6193398237228394,-0.6041878461837769,-0.6198063492774963,-0.4901919960975647,-0.6960526704788208,-1.3628764152526855,-0.6900557279586792,-0.6168301105499268,-0.7212131023406982,-0.7635380625724792,-0.872758686542511,-0.6140645742416382,-0.7948994636535645,-0.7000381946563721,-0.7823383808135986,-0.7844794988632202,-0.8097113370895386,-0.8514228463172913,-0.7753423452377319,-0.5355221629142761,-0.6074545383453369,-0.6317045092582703,-0.6696411371231079,0.10594934225082397,-0.5223456025123596,-0.6174605488777161,-0.7868300676345825,-0.7012857794761658,0.15661467611789703
4772.0,95.43900000000004,-28.648017553492384,209.75271693448363,386.5459833132131,133442.93369591565,-28.64802500000001,209.87754200000003,386.5459900000001,133538.77948400006,-0.0002490664223326,9.600831543063643,0.0002234027859396,19200.000000000007,-7.44650762630103e-06,2.496916311732484e-05,6.686775700072217e-06,0.0,0.0029370447648893,-2.3247633666728835,9.58692941073664,-1.2758900413952097,-0.0095327272201025,1.4692054162529524,19200.016015278536,-77.22495530929712,0.002,-3.337919961797674,1.7091579430785908,-0.9091833677337228,6.0,10.0,180.0,-0.4057600199640152,-6.292519386637062,-0.135712985540014,-3.221825775100995,654.5671392229204,372.6857603952467,167.14988099251588,753.2284795616931,577.7250000000001,-0.4057600199640152,-0.7042216062545776,-0.6481534242630005,-0.6711624264717102,-0.6210571527481079,-0.6133118867874146,-0.6156707406044006,-0.7482780814170837,-0.5122627019882202,-0.7053236365318298,-0.6216406226158142,-0.6107286214828491,-0.6142857074737549,-0.6007868051528931,-0.615308403968811,-0.48885631561279297,-0.6941326856613159,-1.4055997133255005,-0.667256236076355,-0.6120619773864746,-0.7051346302032471,-0.7638441920280457,-0.8692943453788757,-0.6101130843162537,-0.7843741178512573,-0.6920088529586792,-0.7710908651351929,-0.7835499048233032,-0.7976477146148682,-0.8391377329826355,-0.7716141939163208,-0.4807402491569519,-0.6034855842590332,-0.6227071285247803,-0.66963130235672,0.1070343554019928,-0.528775155544281,-0.61402428150177,-0.7863137125968933,-0.7113103270530701,0.11696171760559082
4773.0,95.45900000000002,-28.647934701957325,209.9450342604745,386.5459835747524,133826.93477783265,-28.64802500000001,210.0695420000001,386.5459900000001,133922.77948400003,-0.0030121813512405,9.590257816380758,0.0002179738654258,19200.000000000007,-9.029804268637296e-05,-0.0002924600697063,6.425531274369074e-06,0.0,0.0048795483932764,-1.8312083675850168,9.610586585933564,-3.725107380436141,-0.0036817844351515,1.4562200176662368,19200.03265494912,-17.16103280055603,0.002,-3.3652686319237537,1.7330424872159864,-0.9073532626560924,6.0,10.0,180.0,-0.3984205685507952,-6.219261424329819,-0.1342662931156841,-3.20644876524838,654.7465696114602,372.9443801976233,167.21594049625793,753.5122397808466,577.7250000000001,-0.3984205685507952,-0.7123064398765564,-0.6535472273826599,-0.6850547194480896,-0.6231683492660522,-0.6216956377029419,-0.6237021088600159,-0.7509765625,-0.5112400054931641,-0.7091416120529175,-0.6279412508010864,-0.6157026886940002,-0.6194103956222534,-0.6052598357200623,-0.6199265718460083,-0.47720950841903687,-0.6962863802909851,-1.3635042905807495,-0.6880501508712769,-0.6170846223831177,-0.7173588275909424,-0.7734664678573608,-0.8705981373786926,-0.613236129283905,-0.7920235395431519,-0.7005594968795776,-0.7752456068992615,-0.7953437566757202,-0.8086864352226257,-0.8475619554519653,-0.779420018196106,-0.5149310231208801,-0.6066446304321289,-0.6270643472671509,-0.6816409826278687,0.09826084971427917,-0.524107038974762,-0.6182814240455627,-0.7898117303848267,-0.6868381500244141,0.11910617351531982
4774.0,95.47900000000004,-28.647947359769027,210.13689826489485,386.54599040606047,134210.93709672696,-28.64802500000001,210.2615420000001,386.5459900000001,134306.77948400006,-0.0025857989412455,9.59478588305346,-4.342200809638124e-05,19200.000000000007,-7.76402309820506e-05,-0.0001565691359996,-4.061303496130124e-07,0.0,-0.0060973892813683,-1.712619456235934,9.584467456402928,4.820251063638893,0.0007539784095086,3.2372659155528014,19199.79289033035,-47.2621211233495,0.002,-3.383356355610002,1.7485811236711792,-0.9070290668665834,6.0,10.0,180.0,-0.3906142445505268,-6.2411976209091415,-0.134779040561986,-3.196133516239785,654.3242848057301,373.03019009881166,167.13997024812898,753.1876198904233,577.7250000000001,-0.3906142445505268,-0.6998087167739868,-0.6499921083450317,-0.6427675485610962,-0.6233927011489868,-0.6054103970527649,-0.6057477593421936,-0.7525253891944885,-0.5191391706466675,-0.7064365148544312,-0.6146916747093201,-0.6092544198036194,-0.6103928089141846,-0.6000680923461914,-0.6144466400146484,-0.5171680450439453,-0.6993499398231506,-1.5212652683258057,-0.6232482194900513,-0.6103804111480713,-0.6909888982772827,-0.7605355978012085,-0.8638675808906555,-0.6068002581596375,-0.775848388671875,-0.6818204522132874,-0.7655203342437744,-0.7634825706481934,-0.7753956913948059,-0.8215485215187073,-0.7677955031394958,-0.5085991024971008,-0.6003642082214355,-0.6181631684303284,-0.6523048877716064,0.08998633921146393,-0.5440665483474731,-0.6105157136917114,-0.7879028916358948,-0.7704963088035583,0.11506374180316925
4775.0,95.49900000000004,-28.648017754275298,210.3289727466772,386.5460069823921,134594.93692701554,-28.64802500000001,210.45354200000008,386.5459900000001,134690.77948400003,-0.0002421892912385,9.592305793080133,-0.0005612683301798,19200.000000000007,-7.245724712128936e-06,-0.0002308491329662,-1.6982690006528298e-05,0.0,-0.0044064737343298,-0.9058462601561462,9.561988469594317,-1.5256604256160995,0.0041553907697276,-0.8496440292907904,19199.87939794861,42.919495695438776,0.002,-3.391885234286563,1.758039842297495,-0.9171747417681108,6.0,10.0,180.0,-0.3945219613779347,-6.227534953864427,-0.1357543788332938,-3.198175872855262,653.886642402865,372.6515950494058,167.0069851240645,752.6198099452117,577.7250000000001,-0.3945219613779347,-0.714184045791626,-0.6553754210472107,-0.6789036989212036,-0.6231329441070557,-0.6186925172805786,-0.6226578950881958,-0.7488270401954651,-0.5187673568725586,-0.7104099988937378,-0.6252172589302063,-0.6167426109313965,-0.6200250387191772,-0.6071470975875854,-0.6225929260253906,-0.4962971806526184,-0.7009315490722656,-1.4011270999908447,-0.6782028675079346,-0.6192240715026855,-0.720674991607666,-0.7694082856178284,-0.871356189250946,-0.6135810613632202,-0.7936515808105469,-0.6991496086120605,-0.7791120409965515,-0.7822427749633789,-0.8016371130943298,-0.843299150466919,-0.7782841920852661,-0.568864107131958,-0.6073528528213501,-0.631524384021759,-0.6690365672111511,0.09733135998249054,-0.5277087092399597,-0.618110716342926,-0.7915717363357544,-0.7211397290229797,0.15541745722293854
4776.0,95.51900000000003,-28.648044654177955,210.5204433611878,386.5459971772515,134978.9360690348,-28.64802500000001,210.6455420000001,386.5459900000001,135074.77948400003,0.0006625659519652,9.609948654779398,-0.0002349211882038,19200.000000000007,1.965417794617056e-05,0.0002985407018107,-7.176941546264265e-06,0.0,-0.0058625462558511,-0.5627034549467025,9.623301285763118,13.126174026672668,-0.0014792322399136,-1.462329167944512,19199.844603738584,-8.56124067352032,0.002,-3.3753346031973805,1.7000304249084155,-0.9174206651225252,6.0,10.0,180.0,-0.3965011317850312,-6.305640372615718,-0.1362246075677811,-3.2069342804958305,654.3453212014325,373.5007975247029,167.19849256203224,753.4394049726059,577.7250000000001,-0.3965011317850312,-0.7034199237823486,-0.6514583826065063,-0.6280444860458374,-0.6266055703163147,-0.5906170606613159,-0.6019463539123535,-0.7546669840812683,-0.5400016903877258,-0.7092041969299316,-0.6064857244491577,-0.6051547527313232,-0.6069249510765076,-0.5989035964012146,-0.614545464515686,-0.5761903524398804,-0.7071735262870789,-1.6907227039337158,-0.5718247890472412,-0.6099116802215576,-0.6823461055755615,-0.7410619258880615,-0.865903377532959,-0.6061276793479919,-0.7746312022209167,-0.6722738146781921,-0.7768611311912537,-0.723315954208374,-0.7462344765663147,-0.8129348158836365,-0.75226229429245,-0.6383914947509766,-0.5986578464508057,-0.6211736798286438,-0.6112468838691711,0.06922803819179535,-0.5610854029655457,-0.6055740714073181,-0.7856531143188477,-0.8704290390014648,0.18455488979816437
4777.0,95.53900000000004,-28.64806832272442,210.7129807497249,386.5459746549441,135362.93460302445,-28.64802500000001,210.83754200000007,386.5459900000001,135458.77948400006,0.0014395518176515,9.592041909483171,0.0005120315984354,19200.000000000007,4.332272441372363e-05,-0.0002387472160182,1.534644759087185e-05,0.0,-0.0039011421987389,0.8058852806890504,9.592048829784414,-1.2816578493322068,-2.920116714886026e-07,-1.3508169284695195,19199.99876584337,111.58952020941294,0.002,-3.401487581972057,1.7181082226010012,-0.9109839613666654,6.0,10.0,180.0,-0.3994273487414465,-6.221133946321804,-0.1357279994196394,-3.21408280051525,654.2521606007163,373.3533987623515,167.16274628101613,753.2857024863029,570.3000000000001,-0.3994273487414465,-0.7273244857788086,-0.6681221723556519,-0.6882858276367188,-0.6289485096931458,-0.6269512176513672,-0.6370562314987183,-0.7537496089935303,-0.5232266783714294,-0.7173366546630859,-0.6341155767440796,-0.6258825659751892,-0.629618763923645,-0.6175792217254639,-0.6339927315711975,-0.5143471360206604,-0.7148568630218506,-1.3974592685699463,-0.6791812181472778,-0.6303446292877197,-0.7379461526870728,-0.7800624370574951,-0.8750237822532654,-0.6172964572906494,-0.8043558597564697,-0.7137331962585449,-0.7876010537147522,-0.7872880697250366,-0.8037003874778748,-0.8471189737319946,-0.7877856492996216,-0.6505386829376221,-0.6128993034362793,-0.6407052874565125,-0.6749428510665894,0.021759778261184692,-0.5277277231216431,-0.6232787370681763,-0.8025416135787964,-0.7120311856269836,0.15121568739414215
4778.0,95.559,-28.64804189348612,210.90465332741124,386.5459968753386,135746.93643658256,-28.64802500000001,211.02954200000005,386.5459900000001,135842.77948400006,0.0005629166728813,9.602950680113954,-0.0002666709515853,19200.000000000007,1.689348610393871e-05,8.867474127774559e-05,-6.874382142562508e-06,0.0,-0.0065942820797436,-0.3064614112944498,9.62011261934422,4.699762198960327,-0.0073189356137986,-1.3939037157088177,19199.998616298573,-81.51970517608967,0.002,-3.3851204515898994,1.736168550480556,-0.9090841257312928,6.0,10.0,180.0,-0.3998735636759232,-6.242205254392131,-0.1352478004028622,-3.21197612035019,654.4760803003581,373.8241993811757,167.26237314050806,753.7138512431515,570.3000000000001,-0.3998735636759232,-0.7130918502807617,-0.6578552722930908,-0.6569401621818542,-0.6257004141807556,-0.6071301698684692,-0.6217847466468811,-0.7524009943008423,-0.527834415435791,-0.7113556861877441,-0.6216000318527222,-0.613750696182251,-0.6178069114685059,-0.6070816516876221,-0.6231260895729065,-0.5428825616836548,-0.7099823355674744,-1.5046298503875732,-0.6281125545501709,-0.6188313961029053,-0.7108803987503052,-0.7604026794433594,-0.8693404793739319,-0.6107508540153503,-0.7894142866134644,-0.6965668797492981,-0.7813771367073059,-0.7589507102966309,-0.7788095474243164,-0.8304866552352905,-0.7685091495513916,-0.5955190062522888,-0.6045975685119629,-0.6295186877250671,-0.6462120413780212,0.02927270531654358,-0.5390214323997498,-0.6127728819847107,-0.7924587726593018,-0.7666696906089783,0.14844049513339996
4779.0,95.57900000000004,-28.64807824149248,211.0967848864293,386.5459812763335,136130.9339521261,-28.64802500000001,211.22154200000008,386.5459900000001,136226.77948400003,0.0017721529631026,9.598564564321226,0.0002569679765872,19200.000000000007,5.324149246526367e-05,-4.288459667528586e-05,8.82281245121623e-06,0.0,0.0004839061188358,2.012423358723237,9.592529737979682,-2.686366266526292,-0.0053748490582482,0.9755092125588524,19200.11826309337,98.72859384978952,0.002,-3.354978605945854,1.7516300712372352,-0.9165939600401194,6.0,10.0,180.0,-0.407694560447816,-6.251512604686491,-0.1367223969367933,-3.2191662659268028,654.4075401501791,373.3720996905879,167.19618657025404,753.4299256215756,562.8750000000001,-0.407694560447816,-0.7358757257461548,-0.6794258952140808,-0.7003102898597717,-0.6341260671615601,-0.6400743722915649,-0.6488699913024902,-0.7576419115066528,-0.5197771787643433,-0.7218616008758545,-0.6430518627166748,-0.6358382701873779,-0.6389462947845459,-0.6274104714393616,-0.6440993547439575,-0.514787495136261,-0.7259154319763184,-1.3755736351013184,-0.688183069229126,-0.6403435468673706,-0.7510968446731567,-0.7944172024726868,-0.8768499493598938,-0.6197282075881958,-0.8115358948707581,-0.7274829149246216,-0.7901394963264465,-0.8037315011024475,-0.8093640804290771,-0.8501942753791809,-0.7987126708030701,-0.6779937148094177,-0.6185386180877686,-0.6464316248893738,-0.6937577724456787,-0.046088531613349915,-0.5256459712982178,-0.6294363141059875,-0.8152021169662476,-0.6787120699882507,0.1110662966966629
4780.0,95.59900000000002,-28.64802651456339,211.28860330907025,386.5459571391329,136514.93538387102,-28.64802500000001,211.4135420000001,386.5459900000001,136610.77948400003,5.258140398220652e-05,9.604619982311794,0.0011004558380719,19200.000000000007,1.514563375600795e-06,0.0001385887674843,3.285956636533682e-05,0.0,-0.0006944107190406,0.6756549693263466,9.643311933149848,2.3195320216100703,-5.999358518671977e-06,4.213136214862645,19200.01581078255,8.532098935925307,0.002,-3.3543285029890964,1.7273917316745548,-0.9131706853643248,6.0,10.0,180.0,-0.4047921023392701,-6.291978661753896,-0.1357465327787166,-3.217663765577035,654.9342700750896,374.00604984529394,167.376093285127,754.2014628107878,564.0000000000001,-0.4047921023392701,-0.7211270928382874,-0.6709766983985901,-0.6683374643325806,-0.6323336958885193,-0.6251609325408936,-0.6325816512107849,-0.7601972222328186,-0.5190450549125671,-0.7167660593986511,-0.632075846195221,-0.6256643533706665,-0.627667248249054,-0.6176707148551941,-0.633261501789093,-0.5273123383522034,-0.71980220079422,-1.4630995988845825,-0.641482949256897,-0.6289640665054321,-0.7228699922561646,-0.7837116122245789,-0.8723757863044739,-0.6137093901634216,-0.7952262163162231,-0.7106606960296631,-0.7765308618545532,-0.7880880832672119,-0.7886409759521484,-0.8334189653396606,-0.7859277725219727,-0.5983467698097229,-0.6100754141807556,-0.631647527217865,-0.6776872873306274,-0.037203654646873474,-0.5376972556114197,-0.6206384897232056,-0.806873619556427,-0.7151114344596863,0.07598869502544403
4781.0,95.61900000000004,-28.648005964505835,211.48104807250675,386.545975655126,136898.93748228744,-28.64802500000001,211.60554200000007,386.5459900000001,136994.77948400006,-0.0006326308796031,9.58979190446513,0.0004467789247008,19200.000000000007,-1.9035494125266955e-05,-0.0003062783449804,1.4344663045789728e-05,0.0,-0.0019609015363902,1.0321624014634785,9.58176575433802,-5.733402346779985,0.0082965669684202,3.112615641423316,19200.18850686882,68.6392393619589,0.002,-3.357984582374565,1.737863956284626,-0.905560167858652,6.0,10.0,180.0,-0.4018600875895773,-6.185002813566836,-0.1342759822210986,-3.208454636990642,654.4651350375448,373.37252492264696,167.2075466425635,753.479731405394,566.2500000000001,-0.4018600875895773,-0.7307857275009155,-0.6748124361038208,-0.7079517841339111,-0.631192684173584,-0.6438521146774292,-0.6452282667160034,-0.7557938694953918,-0.5111521482467651,-0.7188643217086792,-0.6444581151008606,-0.6340779662132263,-0.6367065906524658,-0.6240667700767517,-0.640001654624939,-0.4859265387058258,-0.7179279923439026,-1.3349742889404297,-0.7063523530960083,-0.6365737318992615,-0.7476591467857361,-0.7955222725868225,-0.8726658225059509,-0.6195856928825378,-0.8079738616943359,-0.7254340052604675,-0.78423672914505,-0.8152558207511902,-0.8178633451461792,-0.8541420102119446,-0.7967962622642517,-0.6091432571411133,-0.6167070865631104,-0.641298770904541,-0.7070018649101257,-0.011023908853530884,-0.519962728023529,-0.6291847825050354,-0.8118762969970703,-0.6461911797523499,0.08712387084960938
4782.0,95.63900000000004,-28.648004703939403,211.6728117705609,386.54598358773865,137282.93909302563,-28.64802500000001,211.79754200000008,386.5459900000001,137378.77948400003,-0.0006740905206303,9.597672802343554,0.0002170734266648,19200.000000000007,-2.0296059804860605e-05,-6.997276249830396e-05,6.411855051702444e-06,0.0,0.0033912346299097,0.9117902881547432,9.601110631492674,-1.0999964281674803,0.0066018273033468,1.0309911124505242,19200.30823457764,-34.28571392499852,0.002,-3.330285510447271,1.7812772977372564,-0.9179256477423848,6.0,10.0,180.0,-0.3984553510499247,-6.218213259532536,-0.1342800748563976,-3.192565859772681,654.5560675187724,373.18376246132345,167.20427332128173,753.465365702697,567.825,-0.3984553510499247,-0.727571964263916,-0.6713523864746094,-0.6872111558914185,-0.63141268491745,-0.6312656402587891,-0.6385425925254822,-0.756833016872406,-0.5203710198402405,-0.7181912660598755,-0.6361452341079712,-0.6287562847137451,-0.6317340135574341,-0.620031476020813,-0.6361868381500244,-0.5135260820388794,-0.7178630828857422,-1.4018508195877075,-0.6749364733695984,-0.6324183940887451,-0.7369625568389893,-0.7860437035560608,-0.8749880194664001,-0.6171261668205261,-0.803562343120575,-0.7158528566360474,-0.784886360168457,-0.7943955659866333,-0.8028894662857056,-0.8449298143386841,-0.7909501194953918,-0.6410074234008789,-0.6142761707305908,-0.6396260261535645,-0.6830593347549438,-0.0022390931844711304,-0.5303106904029846,-0.6251217722892761,-0.8071334958076477,-0.7026858925819397,0.11738431453704834
4783.0,95.65900000000002,-28.64801359332441,211.86450982184527,386.54599600700914,137666.93879790994,-28.64802500000001,211.98954200000009,386.5459900000001,137762.77948400003,-0.0003811888888147,9.607735940955177,-0.0002348492656392,19200.000000000007,-1.140667360810442e-05,0.0002320815599293,-6.008408329451282e-06,0.0,0.0046558450988926,2.325073125086073,9.591050369568196,1.531889288829663,0.0061064381050743,-1.5312631902180704,19199.77516763261,12.90287657966021,0.002,-3.303257990000361,1.7935135939046662,-0.9223608860269455,6.0,10.0,180.0,-0.397485152749869,-6.312000633861876,-0.1347771495034378,-3.193582370731108,654.5135337593862,372.8878812306617,167.16163666064085,753.2816828513485,569.5500000000002,-0.397485152749869,-0.7368820309638977,-0.6785604953765869,-0.6819393634796143,-0.6360118389129639,-0.6318972110748291,-0.6421033143997192,-0.7608157992362976,-0.5317013263702393,-0.7242372035980225,-0.6373181939125061,-0.6336387991905212,-0.6360201835632324,-0.6256409287452698,-0.6426210403442383,-0.5356098413467407,-0.726037859916687,-1.4409621953964233,-0.667320966720581,-0.6387174725532532,-0.745754063129425,-0.7901903390884399,-0.8766409754753113,-0.6205447912216187,-0.8103316426277161,-0.7179594039916992,-0.7917646169662476,-0.7829516530036926,-0.796673059463501,-0.8427208662033081,-0.7941393852233887,-0.7704167366027832,-0.6182938814163208,-0.6480967998504639,-0.6717441082000732,-0.00624731183052063,-0.5381613373756409,-0.6286923289299011,-0.8122564554214478,-0.748237669467926,0.16699062287807465
4784.0,95.67900000000002,-28.647952010144703,212.0568927631716,386.545984240156,138050.93665752895,-28.64802500000001,212.1815420000001,386.5459900000001,138146.77948400003,-0.0024324375309906,9.594973926641172,0.0001897143685423,19200.000000000007,-7.298986327126784e-05,-0.0001507611993616,5.8593274861208216e-06,0.0,0.0033930189776064,0.91966564006203,9.641356781412,-3.669665397123453,0.0027004848221673,-1.7622344246547084,19199.98122648945,-55.804816031763245,0.002,-3.387921974521081,1.7592644197825429,-0.9227332701471982,6.0,10.0,180.0,-0.3877000749817518,-6.274458748346548,-0.1333077755789621,-3.2187088500184267,655.0442668796932,373.5934406153309,167.3508183303204,754.0923414256742,564.8250000000002,-0.3877000749817518,-0.7337153553962708,-0.6721727252006531,-0.7041804790496826,-0.6305049657821655,-0.6326097249984741,-0.6486838459968567,-0.7550410032272339,-0.5208640694618225,-0.7189732789993286,-0.6418643593788147,-0.6290954351425171,-0.6348229646682739,-0.6212144494056702,-0.6380643844604492,-0.5121190547943115,-0.7182309627532959,-1.3530513048171997,-0.6932213306427002,-0.6347135305404663,-0.7474783658981323,-0.7822840213775635,-0.8780759572982788,-0.6192393898963928,-0.8107948303222656,-0.7248480916023254,-0.794202446937561,-0.7982892394065857,-0.8139333724975586,-0.8562043905258179,-0.7914265990257263,-0.6434833407402039,-0.6160955429077148,-0.6443583369255066,-0.685685396194458,-0.023529887199401855,-0.5214183926582336,-0.6260259747505188,-0.8055660724639893,-0.6736173033714294,0.12944085896015167
4785.0,95.69900000000004,-28.647961598300203,212.24918551258563,386.5460059273808,138434.93423497144,-28.64802500000001,212.37354200000004,386.5459900000001,138530.77948400006,-0.0021129254176027,9.585246091153136,-0.0005284663685608,19200.000000000007,-6.340174426092096e-05,-0.000443514376593,-1.5926165421879736e-05,0.0,0.0051176086768181,-0.619752960082093,9.591560065014743,-1.9565144691428693,0.0021936570902859,-4.094390173557107,19200.136310584134,34.29269687909101,0.002,-3.4011004676360166,1.7636826791991318,-0.9116060835715116,6.0,10.0,180.0,-0.3818450121118441,-6.214893276546699,-0.1342781573696675,-3.230507221481473,654.7701334398466,373.0822203076655,167.2364091651602,753.6011707128371,563.8500000000001,-0.3818450121118441,-0.7183408737182617,-0.6576441526412964,-0.6900836229324341,-0.6230234503746033,-0.6170797348022461,-0.6380808353424072,-0.7447054982185364,-0.5206594467163086,-0.709078848361969,-0.6336341500282288,-0.6175159215927124,-0.6253780126571655,-0.6107593774795532,-0.6278645396232605,-0.525295078754425,-0.7097721695899963,-1.3813284635543823,-0.6729856133460999,-0.6238561868667603,-0.7300489544868469,-0.7581694722175598,-0.874821126461029,-0.6137725114822388,-0.7996782660484314,-0.7114046216011047,-0.7880318760871887,-0.7781611084938049,-0.8022192120552063,-0.8499151468276978,-0.7707864046096802,-0.5424493551254272,-0.6103377342224121,-0.6377653479576111,-0.6655513048171997,0.0035303086042404175,-0.5209318995475769,-0.6175557971000671,-0.7950959205627441,-0.6924362182617188,0.13180400431156158
4786.0,95.71900000000002,-28.648105406086067,212.44116670600368,386.5460070059928,138818.9364013568,-28.648024999999983,212.5655419999924,386.5459900000001,138914.77948400003,0.0026756495989415,9.585839746239795,-0.0005647238539033,19200.000000000007,8.040615475379797e-05,-0.0004249066131326,-1.700475881087966e-05,0.0,0.0029676771474803,-0.6633886357956115,9.600355881233906,-2.255811156519573,-0.0024516022022888,-2.2568160667407184,19200.11965671258,-51.51270728075103,0.002,-3.385137960621494,1.7073080368426972,-0.9167418965723834,6.0,10.0,180.0,-0.3959922385578597,-6.282271394640013,-0.1328123868745219,-3.21665365012232,654.6925667199233,373.0421101538327,167.2162045825801,753.5140853564185,565.2750000000001,-0.3959922385578597,-0.7179464101791382,-0.6587028503417969,-0.6893481016159058,-0.6238369345664978,-0.6192158460617065,-0.6362152099609375,-0.7468384504318237,-0.5179494619369507,-0.7097229957580566,-0.6327162981033325,-0.6184543371200562,-0.6251411437988281,-0.6109763383865356,-0.6274842023849487,-0.5161060690879822,-0.7088523507118225,-1.3796756267547607,-0.6749518513679504,-0.6237154006958008,-0.7283948659896851,-0.7639103531837463,-0.8743564486503601,-0.6136760115623474,-0.798556387424469,-0.7110774517059326,-0.7851223349571228,-0.7841605544090271,-0.8035297393798828,-0.8487350940704346,-0.7748194932937622,-0.538439929485321,-0.6099945306777954,-0.6356677412986755,-0.6715812683105469,0.009002193808555603,-0.5216745138168335,-0.6182199120521545,-0.7958594560623169,-0.686579167842865,0.12035490572452545
4787.0,95.73900000000002,-28.64805875757593,212.6329889129888,386.5459941584351,139202.93678107968,-28.64802499999633,212.7575419999895,386.5459900000001,139298.77948400003,0.0011251205413605,9.591763655345437,-0.0001392628644714,19200.000000000007,3.375784306796412e-05,-0.0002469112425724,-4.158327260082299e-06,0.0,0.0019615639281948,-2.4990604747172607,9.577393996359028,-2.7438446562033696,-0.010022071817015,0.9815194095300483,19199.913105064345,-72.9073948652732,0.002,-3.3933184493308333,1.715215313627917,-0.9118552815100612,6.0,10.0,180.0,-0.3959565779414791,-6.309121447449705,-0.1352442752219756,-3.221798410066365,654.3712833599616,372.6875550769164,167.11010229129005,753.0595426782093,560.4000000000001,-0.3959565779414791,-0.7000799775123596,-0.6471519470214844,-0.6798818111419678,-0.6173516511917114,-0.612031877040863,-0.6264851689338684,-0.7393011450767517,-0.5054582357406616,-0.6991456747055054,-0.6255354285240173,-0.6097774505615234,-0.6169881224632263,-0.6020951271057129,-0.6176576614379883,-0.5062311291694641,-0.700270414352417,-1.3809603452682495,-0.6614789366722107,-0.6135296821594238,-0.7076776027679443,-0.7502469420433044,-0.8697981834411621,-0.6068065762519836,-0.7842813730239868,-0.7018241882324219,-0.7704386115074158,-0.786785364151001,-0.7973858118057251,-0.8414877653121948,-0.7617686986923218,-0.37031060457229614,-0.6036338806152344,-0.6229034066200256,-0.675155520439148,0.0031988918781280518,-0.5171502232551575,-0.6109087467193604,-0.7896823287010193,-0.6538423895835876,0.05068233609199524
4788.0,95.75900000000004,-28.64804027824936,212.82508286722395,386.5460029038263,139586.93697199697,-28.648024999989424,212.94954200001249,386.5459900000001,139682.77948400006,0.0005072605146932,9.588633402616232,-0.000430044099157,19200.000000000007,1.5277947781861263e-05,-0.0003410656628715,-1.2904081128822068e-05,0.0,-0.0002810655733174,-2.018805949194559,9.596665739560068,-5.250298328274888,-0.0019473954167478,1.2188861097612107,19200.083977438622,-38.6195331363463,0.002,-3.37807710578447,1.7466292518561,-0.9061138318911524,6.0,10.0,180.0,-0.3993980425989418,-6.264119236050756,-0.1337665517524602,-3.211553475552724,654.3881416799808,372.8967775384582,167.13755114564503,753.1777713391047,562.0500000000002,-0.3993980425989418,-0.7076869010925293,-0.6521990299224854,-0.6928409337997437,-0.6191146969795227,-0.6205537915229797,-0.6326984763145447,-0.7420780658721924,-0.504240095615387,-0.7030353546142578,-0.6305731534957886,-0.6145120859146118,-0.6213886737823486,-0.6060110330581665,-0.6215579509735107,-0.4906954765319824,-0.7012490630149841,-1.3392878770828247,-0.6839151382446289,-0.6179649829864502,-0.7190729379653931,-0.7584617733955383,-0.8699169754981995,-0.6100392937660217,-0.7900359034538269,-0.708711564540863,-0.7735175490379333,-0.7984369993209839,-0.8085229992866516,-0.8492910861968994,-0.7717302441596985,-0.40776175260543823,-0.6063533425331116,-0.626557469367981,-0.6874213218688965,0.0052641332149505615,-0.5127567648887634,-0.6150828003883362,-0.7924425005912781,-0.6316435933113098,0.057060033082962036
4789.0,95.77900000000002,-28.648070397579243,213.0165693358002,386.54600773715794,139970.9376448622,-28.64802499996025,213.1415419997396,386.5459900000001,140066.77948400003,0.0015123703072465,9.60575036944121,-0.0005910776812872,19200.000000000007,4.5396219797934746e-05,0.0001726667885943,-1.7737180567470237e-05,0.0,0.0019740007208203,-0.4939557697885448,9.56563386035024,7.631892980707616,-0.0012202829531599,0.8560883906179189,19199.655559908068,-34.3917826901902,0.002,-3.337900329333391,1.718919168925732,-0.9022338409421016,6.0,10.0,180.0,-0.405281009128716,-6.239189336042117,-0.1362184438973061,-3.221770541817873,654.0855708399904,372.4268887692291,167.02177557282252,752.6818856695523,563.7750000000001,-0.405281009128716,-0.7037562131881714,-0.6561900973320007,-0.6464776396751404,-0.62577223777771,-0.6031098365783691,-0.6165879964828491,-0.7498373985290527,-0.5254234671592712,-0.7067728042602539,-0.6169497966766357,-0.6128947734832764,-0.6162213087081909,-0.6064574718475342,-0.6223701238632202,-0.5613719820976257,-0.7136425971984863,-1.5893769264221191,-0.5988653898239136,-0.61722731590271,-0.6973252296447754,-0.7522444128990173,-0.8662527203559875,-0.6058313250541687,-0.7805976867675781,-0.6915340423583984,-0.7737542986869812,-0.7488283514976501,-0.762510359287262,-0.8184688091278076,-0.7589890956878662,-0.5352777242660522,-0.6042623519897461,-0.6253949403762817,-0.642735481262207,-0.009604871273040771,-0.5458627343177795,-0.6107870936393738,-0.7968912720680237,-0.7790500521659851,0.09960035979747772
4790.0,95.79900000000004,-28.64799042289139,213.2088966577168,386.5459773510575,140354.93877882246,-28.648024999761923,213.33354200477817,386.5459900000001,140450.77948400006,-0.0011581868262425,9.59484200567314,0.0004203970712136,19200.000000000007,-3.457802097312838e-05,-0.0001549520832115,1.2648978510414578e-05,0.0,-0.0027086609813685,-1.0933321452310971,9.598893935108528,-4.032027991087597,0.0007501030199507,1.7633484881332913,19200.01675247104,42.91993500490041,0.002,-3.293471791367962,1.75706084993033,-0.8899310911738412,6.0,10.0,180.0,-0.4013488548288365,-6.22660284609216,-0.1342812725162306,-3.204849059840034,654.2242854199952,372.88594438461456,167.10288778641126,753.0294428347761,565.5000000000001,-0.4013488548288365,-0.7137295007705688,-0.6583681702613831,-0.6905486583709717,-0.6229764223098755,-0.6246106028556824,-0.6327471733093262,-0.7474097609519958,-0.5086591243743896,-0.7081422209739685,-0.6318114995956421,-0.6191011667251587,-0.6240558624267578,-0.6101142168045044,-0.6255388259887695,-0.492703378200531,-0.705361545085907,-1.3594800233840942,-0.6827020645141602,-0.6220707893371582,-0.7238968014717102,-0.7704929709434509,-0.8712459206581116,-0.6121014952659607,-0.7944375276565552,-0.7106720209121704,-0.7765420079231262,-0.798906147480011,-0.8072019219398499,-0.8472764492034912,-0.7795052528381348,-0.4825837016105652,-0.6083996891975403,-0.6296631693840027,-0.6877054572105408,0.012521311640739441,-0.5186258554458618,-0.6183662414550781,-0.7966671586036682,-0.6546891331672668,0.07769060134887695
4791.0,95.81900000000002,-28.647940196710323,213.4005065998888,386.5460047926833,140738.9415635671,-28.64802500456168,213.52554321394328,386.5459900000001,140834.7794840001,-0.0028293787607064,9.60798015350731,-0.0005285459939345,19200.000000000007,-8.490237259405543e-05,0.0002353279707528,-1.4792679176421327e-05,0.0,-0.0017094330988182,-0.7322087238545031,9.591389038794784,10.202686723498411,0.0036363008805198,-0.7308358707036774,19200.050251414057,-8.553027277737295,0.002,-3.3401775228664987,1.7877223145937369,-0.91589201223129,6.0,10.0,180.0,-0.3920819015608229,-6.326283707207302,-0.13769347459594,-3.1833416476043483,654.2266427099976,372.9599721923073,167.11194389320565,753.068221417388,561.0000000000001,-0.3920819015608229,-0.7000823020935059,-0.6525196433067322,-0.641476035118103,-0.6239184141159058,-0.593377947807312,-0.6141861081123352,-0.7481493949890137,-0.5298162698745728,-0.704604983329773,-0.6136942505836487,-0.6075435280799866,-0.6122585535049438,-0.6026780605316162,-0.6189954280853271,-0.5818264484405518,-0.7135568857192993,-1.6502972841262817,-0.5761851072311401,-0.6134288311004639,-0.6888415813446045,-0.7404236197471619,-0.8657416701316833,-0.6041236519813538,-0.7767786979675293,-0.6868473887443542,-0.7759605050086975,-0.733027994632721,-0.751550555229187,-0.8156697750091553,-0.7475717067718506,-0.5192341804504395,-0.6009182333946228,-0.6226178407669067,-0.6270270347595215,-0.026108726859092712,-0.5484043955802917,-0.6056234836578369,-0.7923997640609741,-0.7994247674942017,0.10517437756061554
4792.0,95.83900000000004,-28.647963882376263,213.5927348213549,386.5460216294103,141122.9417515725,-28.648025649056848,213.7175464008266,386.5459900000001,141218.77948400003,-0.0021096533817371,9.600461365352045,-0.0010893498336944,19200.000000000007,-6.119563280429512e-05,9.244492294362585e-06,-3.162941218797705e-05,0.0,-0.011249068254448,-0.0109793921365714,9.597314440415971,4.142598494288872,-0.0029300952758558,-4.207712181814115,19199.89550831548,98.69592130871936,0.002,-3.309161232225503,1.762282247144227,-0.90323578255395,6.0,10.0,180.0,-0.3842696582928095,-6.282237683055907,-0.1396398284591742,-3.1710103686407844,654.1118213549987,373.4204860961536,167.14147194660282,753.196610708694,560.1000000000001,-0.3842696582928095,-0.7134349942207336,-0.6577972173690796,-0.6653198003768921,-0.6230840682983398,-0.6059883236885071,-0.6303552985191345,-0.7450892925262451,-0.5284878611564636,-0.7083871364593506,-0.6257389187812805,-0.6135640144348145,-0.6205495595932007,-0.6087832450866699,-0.6260141134262085,-0.561389684677124,-0.7152194380760193,-1.494757056236267,-0.6264626979827881,-0.6212092638015747,-0.7173141241073608,-0.7498617768287659,-0.8704593777656555,-0.6098162531852722,-0.7926157712936401,-0.704235315322876,-0.7870518565177917,-0.7532929182052612,-0.7777032256126404,-0.8338080048561096,-0.7599585056304932,-0.5669225454330444,-0.6059964895248413,-0.6337845325469971,-0.6427667140960693,-0.028970420360565186,-0.5315821170806885,-0.6114129424095154,-0.7942640781402588,-0.7452514171600342,0.1381351798772812
4793.0,95.85900000000002,-28.64802944897892,213.7847453744198,386.5459777183331,141506.94090422854,-28.64802783249608,213.90954811120213,386.5459900000001,141602.77948400003,1.1608488129088937e-06,9.600094714271744,0.0004126079277051,19200.000000000007,3.191413885716712e-06,1.7040537308320246e-06,1.228166647732192e-05,0.0,0.0023297395052306,1.4116257044852194,9.622601793656354,1.4710290057875688,-0.0075607098609839,0.180556357532685,19200.01615715037,-60.07667002535989,0.002,-3.27399826545355,1.785080852476376,-0.8944021637732658,6.0,10.0,180.0,-0.3901102925423783,-6.242223138415271,-0.1376968900937366,-3.198167805200246,654.6074106774993,373.5932430480768,167.26223597330142,753.712805354347,561.5250000000001,-0.3901102925423783,-0.7283453345298767,-0.6736072301864624,-0.6791167855262756,-0.6325321197509766,-0.6261534690856934,-0.6412650346755981,-0.7570537328720093,-0.5244924426078796,-0.7185138463973999,-0.6353597640991211,-0.6282618045806885,-0.6321538090705872,-0.6212975978851318,-0.6379812955856323,-0.5388503670692444,-0.7241653203964233,-1.4419766664505005,-0.6532706022262573,-0.6337527632713318,-0.735805094242096,-0.7808790802955627,-0.8752362132072449,-0.6163117289543152,-0.8035934567451477,-0.7178419828414917,-0.7865687608718872,-0.7830050587654114,-0.7926273345947266,-0.8403768539428711,-0.7852553725242615,-0.6548694968223572,-0.613871157169342,-0.640577495098114,-0.6731224060058594,-0.0514419823884964,-0.5331294536590576,-0.622933030128479,-0.8089923858642578,-0.7160680890083313,0.11259813606739044
4794.0,95.87900000000003,-28.64796550327095,213.97673739150417,386.5459765513216,141890.94163723718,-28.648030555253094,214.10154872944847,386.5459900000001,141986.77948400003,-0.0022487978142325,9.600390666128154,0.000452900902383,19200.000000000007,-6.328209167078909e-05,1.084889786980291e-05,1.344867811472028e-05,0.0,-0.0052210531742427,0.1191450957467592,9.592844347690818,-0.3076513080336504,-0.0014677718013644,2.0136884755066555,19200.290581126388,103.02956824669876,0.002,-3.267947625899604,1.834015363388804,-0.887904303218011,6.0,10.0,180.0,-0.3798512335344264,-6.27249387816718,-0.138684874469826,-3.177683237380151,654.3652053387497,373.4556215240384,167.1971179866507,753.4344026771735,564.0750000000002,-0.3798512335344264,-0.7177209854125977,-0.665054202079773,-0.6787770390510559,-0.6273678541183472,-0.6240483522415161,-0.6328746676445007,-0.7520754337310791,-0.5160371661186218,-0.7124634981155396,-0.6313258409500122,-0.6229320764541626,-0.6264711618423462,-0.6149038076400757,-0.6307837963104248,-0.517330527305603,-0.7147152423858643,-1.4188940525054932,-0.6596870422363281,-0.6265909671783447,-0.7255445122718811,-0.7754673361778259,-0.8723611831665039,-0.6130381226539612,-0.7955739498138428,-0.7109039425849915,-0.7776637673377991,-0.7896926403045654,-0.7958266735076904,-0.8395692706108093,-0.7813710570335388,-0.5542386174201965,-0.6096858382225037,-0.6328434348106384,-0.6785502433776855,-0.014639362692832947,-0.528556227684021,-0.6194652318954468,-0.8029016256332397,-0.694354236125946,0.0883273184299469
4795.0,95.89900000000004,-28.64796090633427,214.1684419444645,386.5459988766421,142274.9454642556,-28.64803328689757,214.29330594223296,386.5459900000001,142370.77948400003,-0.0024634082454917,9.468773852598684,-0.0002972508993894,19200.000000000007,-7.061366748582557e-05,0.000307045878953,-8.876643728371575e-06,0.0,-0.0018672154515321,0.6182723611716374,9.613353160424964,2.438273595052157,-0.0019583714182668,3.050580607259132,19200.05038758588,-21.49821105337537,0.002,-2.944983833302474,1.138653893388933,-0.7541281859978064,6.0,10.0,180.0,-0.3754388326772505,-6.354407914704389,-0.1416165018580369,-3.155629974042089,654.5466026693748,373.6043107620192,167.25105899332536,753.6657013385868,565.7250000000001,-0.3754388326772505,-0.719703197479248,-0.6687484979629517,-0.6668919920921326,-0.630972683429718,-0.6231768727302551,-0.6303204298019409,-0.7576798796653748,-0.5204467177391052,-0.7156758308410645,-0.6301239728927612,-0.6244780421257019,-0.6265276074409485,-0.6164547204971313,-0.6321475505828857,-0.5281872749328613,-0.7181919813156128,-1.4677786827087402,-0.6429688930511475,-0.6278440356254578,-0.7222827672958374,-0.7802184224128723,-0.871583878993988,-0.6133744120597839,-0.7946338653564453,-0.7081023454666138,-0.776909351348877,-0.7834052443504333,-0.7875485420227051,-0.8330610990524292,-0.7834610939025879,-0.6034004092216492,-0.6098827123641968,-0.6324597597122192,-0.6731589436531067,-0.01838602125644684,-0.5374835729598999,-0.6201016306877136,-0.8053330183029175,-0.725269079208374,0.09379619359970093
4796.0,95.91900000000004,-28.6479448592208,214.34583521460144,386.5460389131287,142658.94660384927,-28.64784172738168,214.44735750159893,386.5459900000001,142754.77948400006,0.1046963638265446,5.803561684086621,-0.0016677263915318,19200.000000000007,-8.939770226063152e-05,0.0108686647458226,-4.891312727630246e-05,0.0,0.009632544092995,5.24384388364344,6.914412700423709,-255.38422598726964,0.0212491443032145,2.14345961005443,19200.34254641905,158.8099077109713,0.002,-2.7094342466437378,0.7320422282013956,-0.6583007821631394,6.0,10.0,180.0,-0.3690600618049344,-5.096067527985673,-0.1430765653166705,-3.154588662474322,620.4188013346875,328.4991553810096,154.99152949666268,702.4283506692934,567.45,-0.3690600618049344,-0.8157663941383362,-0.7299128770828247,-1.1713201999664307,-0.6359378099441528,-0.7484996318817139,-0.8062731623649597,-0.6944625377655029,-0.7271404266357422,-0.9106531143188477,-0.6876412034034729,-0.6754554510116577,-0.7735848426818848,-0.635631799697876,-0.662851095199585,0.5612820982933044,-0.5445672273635864,-1.7724987268447876,-1.5205564498901367,-0.7250752449035645,-0.8521018028259277,-0.8072004914283752,-0.5967159271240234,-0.7126606106758118,-0.9973943829536438,-1.1567550897598267,-0.4340577721595764,-0.5400075316429138,-1.5520730018615723,-1.4141418933868408,-0.9159044027328491,1.9089024066925049,-0.6015621423721313,-0.5890986323356628,-1.1000922918319702,1.7069733142852783,0.06460823118686676,-0.6014906764030457,-0.82352614402771,1.3788169622421265,-0.027702122926712036
4797.0,95.939,-28.640628664055548,214.4555460115651,386.546261791757,143042.97178322484,-28.627610685876856,214.5398501620444,386.5459900000001,143138.77948400003,2.0842937808633777,5.797383980762118,-0.0090566222544031,19200.000000000007,-0.0048277644369339,0.0260385379358811,-0.0002717917293368,0.0,1.1947616525597096,122.93218583223772,5.229201306239068,51.5728267209545,0.0009805158612826,-0.0685761456697044,19202.298750190115,-29.992716064754017,0.002,-3.3594546431471803,0.930314895011066,-0.8169095731211081,6.0,10.0,180.0,-1.1933733912009186,-6.233473766538934,-0.1728583989617836,-2.9233823008587487,597.8909006673438,216.3525776905048,140.63776474833134,643.5756753346467,569.1750000000002,-1.1933733912009186,-1.1447546482086182,-1.3162044286727905,-0.7015489339828491,-1.0800509452819824,-1.3033299446105957,-1.1174436807632446,-0.9437806606292725,-0.9834749698638916,-1.0760524272918701,-1.1312437057495117,-1.3789438009262085,-1.2708396911621094,-1.2613378763198853,-1.3390100002288818,-0.9192482233047485,-1.3769123554229736,-1.9405840635299683,-1.0874027013778687,-1.3620080947875977,-1.0575711727142334,-1.2700666189193726,-0.9941390156745911,-0.8348000645637512,-1.3064846992492676,-0.9592332243919373,-1.008320689201355,-0.9751743078231812,-0.8006900548934937,-0.886494517326355,-1.08485746383667,-5.004292011260986,-1.2673145532608032,-1.3329641819000244,-1.149678349494934,-0.947044849395752,-0.9849936366081238,-1.2591092586517334,-1.7011387348175049,-2.1795265674591064,1.174450159072876
4798.0,95.95900000000005,-28.590960187818617,214.5853674933801,386.5462040371334,143426.9982145052,-28.55921844898216,214.6776428759244,386.5459900000001,143522.77948400006,3.6443557823395167,8.248099733561777,-0.0071343094665343,19200.000000000007,-0.0175375182834095,-0.0062838151989705,-0.0002140371240737,0.0,3.508867093789889,57.61641388203709,8.184739038384635,109.07437561702332,-0.009026305049533,1.8318155804989704,19200.049557331506,-98.74354495116572,0.002,-3.719118833950535,0.6243242567650774,-0.8770549398747978,6.0,10.0,180.0,-1.286230959402955,-6.673416234968014,-0.2045989156246634,-2.6644711025283216,661.0309503336719,143.1592888452524,150.94238237416567,685.5593376673233,564.6750000000002,-1.286230959402955,-1.1528799533843994,-1.1271921396255493,-0.5683850049972534,-1.1790075302124023,-1.1335666179656982,-1.0670034885406494,-0.9766298532485962,-0.8695791959762573,-1.0537898540496826,-1.1211552619934082,-1.2007601261138916,-1.1748526096343994,-1.0872197151184082,-1.1416137218475342,-1.2029117345809937,-1.1925959587097168,-1.757910966873169,-0.63103187084198,-1.1803454160690308,-0.9192692041397095,-1.172492265701294,-1.002310037612915,-0.8071921467781067,-1.1605966091156006,-0.8139901161193848,-0.9713966250419617,-0.6516647934913635,-0.5988835096359253,-0.7713677287101746,-0.9369006752967834,-5.146705150604248,-1.26469886302948,-1.172545075416565,-0.972735583782196,-1.8410100936889648,-1.3047200441360474,-1.2475016117095947,-1.5745372772216797,-2.417135715484619,0.07974378764629364
4799.0,95.97900000000004,-28.517577471636173,214.75034476447792,386.5460108011388,143810.9802731781,-28.47346220497001,214.849148994496,386.5459900000001,143906.77948400006,3.903435217474871,8.159131069676837,-0.0006906402498827,19200.000000000007,-0.0116988214270959,-0.0128202770650679,-2.080135690399012e-05,0.0,3.658792404626978,11.719975412194277,8.02657413516447,22.8308309345472,0.0058695069308917,-4.519295191089316,19198.711709788204,-68.72210831460426,0.002,-3.873690134216933,0.3955637910747189,-0.8927001583585426,6.0,10.0,180.0,-1.1905192773863051,-6.108333205839246,-0.1987351220177406,-2.832104137877706,691.8144751668359,97.4906444226262,155.72969118708284,705.0066688336617,563.7750000000001,-1.1905192773863051,-1.0127354860305786,-1.0748364925384521,-0.7660291194915771,-1.1659048795700073,-1.2465814352035522,-1.149278163909912,-0.9727813601493835,-0.7859079837799072,-0.9384990930557251,-1.2068331241607666,-1.1091850996017456,-1.1368509531021118,-1.0253046751022339,-1.0405409336090088,-1.0158648490905762,-1.0608546733856201,2.453494071960449,-0.9360924959182739,-1.0859270095825195,-0.9300436973571777,-1.070844292640686,-1.0073918104171753,-0.7583405375480652,-1.0801423788070679,-0.9331854581832886,-1.0228008031845093,-1.0007275342941284,-0.8890333771705627,-0.8685194253921509,-0.9572056531906128,-3.1854987144470215,-1.2645937204360962,-1.1673059463500977,-1.1256539821624756,-1.0641522407531738,-1.1438381671905518,-1.234147310256958,-1.4826384782791138,-1.538698434829712,-0.6205757856369019
4800.0,95.99900000000002,-28.43989237992296,214.9155659806556,386.545932797125,144194.95558310903,-28.38759447551472,215.020878325899,386.5459900000001,144290.77948400003,4.176192439216197,8.376075966238911,0.0019101992261513,19200.000000000007,-0.0035158804514207,-0.0063118415404848,5.720281810840585e-05,0.0,4.128530143827444,16.23103491676882,8.430384313184192,5.313653479843019,0.0072972940367295,-2.925712614901554,19199.02115606817,64.39254952908149,0.002,-3.899262049852788,0.2291437391098779,-0.9158312740533084,6.0,10.0,180.0,-1.4854099984116145,-6.057064426256301,-0.1870028688981457,-3.058711423991805,717.8732375834179,69.9043222113131,160.56434559354142,725.0703344168309,565.2,-1.4854099984116145,-1.1199886798858643,-1.2105786800384521,-0.8850846290588379,-1.2915959358215332,-1.3919930458068848,-1.2808425426483154,-1.026110291481018,-0.8677066564559937,-1.0294833183288574,-1.3345022201538086,-1.2098500728607178,-1.253839135169983,-1.1287426948547363,-1.14410400390625,-1.022010087966919,-1.1406538486480713,-1.425682544708252,-1.1079893112182617,-1.1912362575531006,-0.9927899837493896,-1.1936639547348022,-1.0444790124893188,-0.8273327946662903,-1.1625083684921265,-1.03556489944458,-1.126140832901001,-1.1539710760116577,-1.0263640880584717,-0.9661879539489746,-1.0502471923828125,-2.9703311920166016,-1.3692301511764526,-1.2803727388381958,-1.2740672826766968,-1.223421573638916,-1.188416600227356,-1.345225214958191,-1.605544924736023,-1.3982837200164795,-0.74200439453125
4801.0,96.01900000000003,-28.356559310491185,215.0844629243064,386.54591608891167,144578.94339486057,-28.30172675417577,215.19260887379187,386.5459900000001,144674.77948400003,4.260667560481232,8.47062260438393,0.0024638162212392,19200.000000000007,-0.0009815157642336,-0.003479510161289,7.391211357670564e-05,0.0,4.198902517164003,7.337962865318728,8.46732568613173,0.6776046981993928,-0.0121979197000366,-0.0003268730605292,19199.81020242491,-47.18403782043455,0.002,-3.729702312670295,0.0604463071714418,-0.92201448386656,6.0,10.0,180.0,-1.4453074994911674,-5.964917002947081,-0.1816292272248101,-3.181792826325508,732.126618791709,54.85066110565655,163.2526727967707,736.2551672084155,560.325,-1.4453074994911674,-1.1000239849090576,-1.1866791248321533,-0.8895925283432007,-1.3014631271362305,-1.390973687171936,-1.2739547491073608,-1.045536756515503,-0.8456653356552124,-1.0166287422180176,-1.3287512063980103,-1.1970160007476807,-1.2486207485198975,-1.1169062852859497,-1.1294981241226196,-1.0206749439239502,-1.1228859424591064,-1.4765965938568115,-1.1042356491088867,-1.178904414176941,-0.9797073602676392,-1.168366551399231,-1.0419474840164185,-0.822308361530304,-1.137324571609497,-1.0372815132141113,-1.1144171953201294,-1.157356858253479,-1.0448156595230103,-0.984693169593811,-1.0612190961837769,-2.636406183242798,-1.364060401916504,-1.2642343044281006,-1.280727744102478,-1.2815535068511963,-1.1902446746826172,-1.3462347984313965,-1.590564489364624,-1.2819453477859497,-0.9315928220748901
4802.0,96.03900000000004,-28.27125317520579,215.254314270368,386.5458749746909,144962.93678130128,-28.21585965814464,215.36434141368343,386.5459900000001,145058.77948400006,4.279323164554668,8.533303100343577,0.0038346219364401,19200.000000000007,-0.0004196940010515,-0.001599360404805,0.0001150267074553,0.0,4.303544236230746,-0.6768170675412531,8.50889491229633,0.9795800437843418,-0.0153957736714595,-0.6123883049664339,19199.449025294736,-68.64629072898211,0.002,-3.7090384738410407,0.0713489418664971,-0.8934178366695424,6.0,10.0,180.0,-1.36319868424337,-5.910692985012486,-0.1718765316496591,-3.253628389635165,740.8813093958545,45.13983055282827,164.95233639838534,743.3635836042077,561.9750000000001,-1.36319868424337,-1.0764248371124268,-1.15225088596344,-0.8747786283493042,-1.2991222143173218,-1.3668400049209595,-1.2544546127319336,-1.0591620206832886,-0.823752760887146,-1.0067073106765747,-1.3123459815979004,-1.1731256246566772,-1.229504108428955,-1.0949604511260986,-1.1057499647140503,-1.0287253856658936,-1.0977916717529297,-1.687972068786621,-1.0755659341812134,-1.1553349494934082,-0.9603211283683777,-1.1361138820648193,-1.043303370475769,-0.8093677759170532,-1.1162899732589722,-1.0281071662902832,-1.0998616218566895,-1.1354402303695679,-1.0451180934906006,-0.9940260648727417,-1.0611177682876587,-2.435960292816162,-1.3452832698822021,-1.2393845319747925,-1.2508188486099243,-1.2960844039916992,-1.1918609142303467,-1.3332901000976562,-1.5590602159500122,-1.2413140535354614,-1.020113229751587
4803.0,96.05900000000004,-28.1854109002693,215.42524266033723,386.5459365261519,145346.9323723761,-28.12999410229807,215.53607249552533,386.5459900000001,145442.77948400003,4.280065707991507,8.559998436840305,0.0017524397444806,19200.000000000007,-0.0003957104937087,-0.0007951764293657,5.357375805072525e-05,0.0,4.293946134213516,-4.883606097902447,8.554207831661584,-5.3728227461265865,0.006849443002077,-1.649627661468775,19200.376130640885,8.56809954485957,0.002,-3.745754844522653,0.0729658657822218,-0.903382499601562,6.0,10.0,180.0,-1.360330985231205,-5.937918924629161,-0.1572354045252644,-3.289532568950073,745.8286546979273,41.75391527641413,165.95216819919267,747.5597918021039,563.7000000000002,-1.360330985231205,-1.069573998451233,-1.1339561939239502,-0.8944453001022339,-1.299971103668213,-1.3531699180603027,-1.2616221904754639,-1.0660432577133179,-0.8246117234230042,-1.0026663541793823,-1.3111627101898193,-1.16220223903656,-1.2237939834594727,-1.0843015909194946,-1.0947855710983276,-1.006476640701294,-1.0799415111541748,-1.7146154642105103,-1.100846529006958,-1.1439096927642822,-0.955195963382721,-1.1289862394332886,-1.0428903102874756,-0.8099964261054993,-1.105075716972351,-1.0314092636108398,-1.100115418434143,-1.1414344310760498,-1.0718250274658203,-1.0132975578308105,-1.0718488693237305,-2.345461845397949,-1.3393263816833496,-1.2295114994049072,-1.2564668655395508,-1.2099013328552246,-1.1768940687179565,-1.3291139602661133,-1.5402801036834717,-1.1611353158950806,-1.0674738883972168
4804.0,96.07900000000002,-28.099734333386984,215.59641076341376,386.5459297128712,145730.94292802666,-28.044129099775585,215.7078025001942,386.5459900000001,145826.77948400006,4.286352774067542,8.578737310107915,0.0020089367757026,19200.000000000007,-0.0002070692415405,-0.0002329656221446,6.028567768478826e-05,0.0,4.282492967766909,0.96647452567459,8.552487838218962,3.655529175091709,-0.0012047501138981,4.156697090237921,19200.033406899394,-64.406689783536,0.002,-3.744403532689809,0.0449489967794702,-0.9095224853900632,6.0,10.0,180.0,-1.399014418411628,-5.976483663181673,-0.1533270529462025,-3.198723705321584,748.1693273489636,40.37345763820707,166.42458409959633,749.540895901052,565.4250000000001,-1.399014418411628,-1.0900723934173584,-1.1779322624206543,-0.8720165491104126,-1.3162511587142944,-1.37944757938385,-1.2603020668029785,-1.0694551467895508,-0.8212827444076538,-1.016137957572937,-1.3208165168762207,-1.19264554977417,-1.245751142501831,-1.1131982803344727,-1.1234164237976074,-1.0397837162017822,-1.118049144744873,-1.7148222923278809,-1.068589687347412,-1.1755750179290771,-0.9665082693099976,-1.15528404712677,-1.0481290817260742,-0.8176440596580505,-1.124833345413208,-1.0357582569122314,-1.1035710573196411,-1.150741696357727,-1.047585129737854,-0.9946038722991943,-1.0647307634353638,-2.501842498779297,-1.3594532012939453,-1.2526562213897705,-1.2700464725494385,-1.4205946922302246,-1.2182470560073853,-1.3511675596237183,-1.5847142934799194,-1.262499213218689,-1.0563876628875732
4805.0,96.09900000000005,-28.01393940151529,215.76852610830952,386.5459229667939,146114.94489068136,-27.95826409998796,215.87953249997744,386.5459900000001,146210.77948400003,4.288687318323182,8.565891075714928,0.0022044721368443,19200.000000000007,-0.0001368990353559,-0.0006183123573715,6.703229703265732e-05,0.0,4.289572834430913,-2.256934515192221,8.588628721857337,-2.6877613963578053,0.0039004704382009,2.7997998563481383,19199.776057707808,8.597668968771014,0.002,-3.721702133698443,0.0519867312484102,-0.9095513478192234,6.0,10.0,180.0,-1.4019107638617403,-5.884758395623206,-0.1484412606695547,-3.176114147768473,749.9426636744818,40.40022881910353,166.81079204979818,751.171447950526,560.9250000000001,-1.4019107638617403,-1.0816645622253418,-1.1612318754196167,-0.8914108276367188,-1.315232753753662,-1.3679497241973877,-1.2671637535095215,-1.0726524591445923,-0.8229630589485168,-1.0123332738876343,-1.3202786445617676,-1.1828439235687256,-1.2413980960845947,-1.1037414073944092,-1.114256739616394,-1.0216031074523926,-1.1032919883728027,-1.6821646690368652,-1.0929145812988281,-1.1654094457626343,-0.9634044170379639,-1.1452929973602295,-1.0448884963989258,-0.8180074095726013,-1.115195870399475,-1.0391055345535278,-1.104486346244812,-1.1582396030426025,-1.06951904296875,-1.0106837749481201,-1.074827790260315,-2.420766830444336,-1.3551485538482666,-1.2448123693466187,-1.278826355934143,-1.349205732345581,-1.1982911825180054,-1.3464380502700806,-1.570156216621399,-1.1811531782150269,-1.105804204940796
4806.0,96.11900000000004,-27.928041122802096,215.9396483993896,386.5459345225853,146498.9425991972,-27.87239910013746,216.05126250000777,386.5459900000001,146594.77948400006,4.287579776513995,8.586152162629094,0.0018483416759248,19200.000000000007,-0.0001701770581246,-1.0401713349400087e-05,5.547753609910212e-05,0.0,4.288837518682359,-2.806156486623208,8.545421091941915,11.107261735907338,0.0036523232669137,-0.9748922403300436,19199.98166494113,8.585111787853752,0.002,-3.7178230191858095,0.0838321402799467,-0.9037719261890558,6.0,10.0,180.0,-1.328589199005485,-5.907742336146124,-0.1440375731656204,-3.2007201592550905,750.1838318372409,39.31661440955176,166.8393960248991,751.284723975263,567.45,-1.328589199005485,-1.06791353225708,-1.1444623470306396,-0.8354001045227051,-1.2949143648147583,-1.3521071672439575,-1.2301528453826904,-1.0589011907577515,-0.8097926378250122,-1.0020289421081543,-1.2917141914367676,-1.1664526462554932,-1.220837116241455,-1.090592861175537,-1.1005796194076538,-1.0692718029022217,-1.103151798248291,-1.7995545864105225,-1.0083941221237183,-1.1506458520889282,-0.947838544845581,-1.1147867441177368,-1.0519341230392456,-0.7997884154319763,-1.111018180847168,-1.0169754028320312,-1.0867053270339966,-1.0971065759658813,-1.0149883031845093,-0.9798568487167358,-1.0447030067443848,-2.4763095378875732,-1.3368868827819824,-1.2310817241668701,-1.2054699659347534,-1.454519510269165,-1.227462649345398,-1.3293534517288208,-1.5496869087219238,-1.325360655784607,-1.0239765644073486
4807.0,96.13900000000002,-27.842324429878225,216.11132414508728,386.54594432653766,146882.94051584584,-27.786534099942344,216.22299250000705,386.5459900000001,146978.77948400003,4.292523385612508,8.587954515345162,0.0014898032911381,19200.000000000007,-2.1870639128324072e-05,4.355596087454209e-05,4.567365650901112e-05,0.0,4.286878938240099,1.093841292853018,8.591803461170933,-0.3068738537344245,0.003900387530391,-0.9127407450338112,19199.82726466557,115.87348465049816,0.002,-3.6541959677350606,0.1750725782863629,-0.907833539686096,6.0,10.0,180.0,-1.3261520903587574,-5.916553542147748,-0.1396347415727037,-3.212021028997776,750.9699159186205,40.03680720477588,167.02469801244956,752.0723619876314,568.8750000000001,-1.3261520903587574,-1.1022908687591553,-1.1831753253936768,-0.8962938189506531,-1.323519229888916,-1.3932456970214844,-1.2797417640686035,-1.0750383138656616,-0.843450665473938,-1.025681734085083,-1.3339698314666748,-1.1961448192596436,-1.254258155822754,-1.1190564632415771,-1.1303627490997314,-1.0368820428848267,-1.1210072040557861,-1.6186630725860596,-1.1018216609954834,-1.1797771453857422,-0.9751597046852112,-1.1626313924789429,-1.056207537651062,-0.8247831463813782,-1.1357533931732178,-1.0455803871154785,-1.1207798719406128,-1.1602063179016113,-1.0697507858276367,-1.0130672454833984,-1.0817341804504395,-2.474785804748535,-1.3676464557647705,-1.265795350074768,-1.2712806463241577,-1.3564448356628418,-1.214088797569275,-1.3575003147125244,-1.5836756229400635,-1.247546672821045,-1.0083667039871216
4808.0,96.15900000000003,-27.756353850580098,216.2826647799596,386.54597729088175,147266.94220901086,-27.70066909934538,216.3947225000001,386.5459900000001,147362.779484,4.288986311898484,8.60090725700945,0.0003833848806244,19200.000000000007,-0.000127747905781,0.0004329233277979,1.2709091718171232e-05,0.0,4.285144700100478,-0.9740998740553488,8.578614164022577,5.6252497520015705,-0.0034214237871234,-3.662909771859818,19199.75839935904,-102.97601711209352,0.002,-3.7663154983351776,0.1279206018870825,-0.912059000860575,6.0,10.0,180.0,-1.3627979808206976,-5.987366678376924,-0.1376877003645677,-3.211519880017188,751.1529579593102,40.11040360238794,167.0648490062248,752.2406809938157,564.0000000000001,-1.3627979808206976,-1.0835866928100586,-1.1636075973510742,-0.8649981021881104,-1.3058944940567017,-1.3745826482772827,-1.2559376955032349,-1.068224549293518,-0.8260194659233093,-1.0138543844223022,-1.3107690811157227,-1.1799659729003906,-1.2386670112609863,-1.1049792766571045,-1.1163957118988037,-1.0636115074157715,-1.1149144172668457,-1.7989038228988647,-1.0529022216796875,-1.1646242141723633,-0.9631401300430298,-1.1312614679336548,-1.0561619997024536,-0.8092352747917175,-1.12520170211792,-1.0307012796401978,-1.1062662601470947,-1.1239436864852905,-1.0417622327804565,-1.0007293224334717,-1.0626492500305176,-2.4724836349487305,-1.354000210762024,-1.2516887187957764,-1.2300595045089722,-1.4267315864562988,-1.2206425666809082,-1.3432683944702148,-1.5645471811294556,-1.2870961427688599,-1.009347677230835
4809.0,96.17900000000004,-27.67081733625849,216.45495865797807,386.5459775005739,147650.93759220353,-27.614804099389097,216.56645250000005,386.5459900000001,147746.77948400006,4.29997903081663,8.582139021565919,0.0004183649060861,19200.000000000007,0.0002012414175505,-0.0001308553638306,1.2499402751176033e-05,0.0,4.273683917005338,2.1998720819609714,8.636973161764619,-0.2481953516921116,-0.0075481113223109,-1.343624182603221,19200.341757078568,115.87479580578118,0.002,-3.7728597263176495,0.1335928543393311,-0.8975538452032179,6.0,10.0,180.0,-1.4072313980489874,-5.936470754713365,-0.1332990987156958,-3.2453303140898107,751.9829789796552,42.00570180119397,167.2814245031124,753.1663404969079,565.6500000000001,-1.4072313980489874,-1.10774564743042,-1.1909146308898926,-0.8999119997024536,-1.3272579908370972,-1.3970587253570557,-1.285330891609192,-1.075526475906372,-0.8471572399139404,-1.029210090637207,-1.336071491241455,-1.2018264532089233,-1.2608120441436768,-1.1250979900360107,-1.1371104717254639,-1.0428364276885986,-1.1292448043823242,-1.5821962356567383,-1.1043410301208496,-1.1861944198608398,-0.979181170463562,-1.1664694547653198,-1.0585452318191528,-0.8278620839118958,-1.1413109302520752,-1.049957513809204,-1.1260782480239868,-1.1643892526626587,-1.072313904762268,-1.0161197185516357,-1.0831091403961182,-2.5166966915130615,-1.3739447593688965,-1.2729443311691284,-1.276458978652954,-1.3916749954223633,-1.2170933485031128,-1.3625049591064453,-1.5911256074905396,-1.2482205629348755,-1.0064061880111694
4810.0,96.19900000000004,-27.584941159594827,216.62690731131565,386.5459334179888,148034.9391497924,-27.528938900292445,216.73818250000005,386.5459900000001,148130.77948400006,4.299584709951534,8.57485264834097,0.0018511729713081,19200.000000000007,0.0001900637284018,-0.0003495105021726,5.6582011237840256e-05,0.0,4.30612653379545,-0.3072383201183683,8.58517901093013,-0.5569245491316692,-0.0012303713959569,3.419264385333032,19199.86203076401,-4.3645111949369015,0.002,-3.849368004453994,0.1381986821090447,-0.9009362581246736,6.0,10.0,180.0,-1.3798692350215362,-5.877345030684401,-0.1308584541389644,-3.240168172039578,751.9579894898276,40.61385090059699,167.2567122515562,753.060670248454,567.3750000000001,-1.3798692350215362,-1.0948843955993652,-1.1771166324615479,-0.8908162117004395,-1.3231630325317383,-1.3832156658172607,-1.272527813911438,-1.0762736797332764,-0.8293249607086182,-1.0209293365478516,-1.3281716108322144,-1.1937861442565918,-1.2501318454742432,-1.114776372909546,-1.12540602684021,-1.0292638540267944,-1.115149974822998,-1.6771812438964844,-1.0928425788879395,-1.1766725778579712,-0.9696581363677979,-1.159993052482605,-1.0507513284683228,-0.823278546333313,-1.1258374452590942,-1.0426514148712158,-1.111030101776123,-1.1643584966659546,-1.0680253505706787,-1.0095939636230469,-1.0780861377716064,-2.450486183166504,-1.3627498149871826,-1.2561511993408203,-1.2808667421340942,-1.3669345378875732,-1.2127549648284912,-1.3552584648132324,-1.584093689918518,-1.2258967161178589,-1.0688849687576294
4811.0,96.21900000000002,-27.498902385660813,216.798492329614,386.5459794113829,148418.93979695294,-27.443073900771537,216.90991250000008,386.5459900000001,148514.77948400003,4.2937908401551095,8.579687152425702,0.0003496649610549,19200.000000000007,1.628334224326723e-05,-0.0002045300885546,1.0588618860615247e-05,0.0,4.283931647738506,1.2817595170083886,8.605967784465562,-1.52687966629148,-0.0002516336915758,2.56246573739002,19200.18845609218,64.43217226672229,0.002,-3.839585039275708,0.0870307011839176,-0.9189295696681024,6.0,10.0,180.0,-1.317835783328727,-5.949718470444543,-0.1303774328692977,-3.241750096427088,752.0329947449138,41.14142545029849,167.2803561257781,753.160835124227,569.1000000000001,-1.317835783328727,-1.1048952341079712,-1.1877713203430176,-0.9005395174026489,-1.327986478805542,-1.39329195022583,-1.282554030418396,-1.0773322582244873,-0.8397126793861389,-1.026946783065796,-1.3362478017807007,-1.2009305953979492,-1.2575937509536743,-1.122155785560608,-1.1331263780593872,-1.027208924293518,-1.1221129894256592,-1.6193891763687134,-1.1076208353042603,-1.1841000318527222,-0.9760357737541199,-1.170652151107788,-1.0536574125289917,-0.8284618854522705,-1.1344441175460815,-1.048586130142212,-1.1194792985916138,-1.1713827848434448,-1.0752196311950684,-1.0136468410491943,-1.084185242652893,-2.4841039180755615,-1.3699060678482056,-1.2655808925628662,-1.2887438535690308,-1.3588051795959473,-1.21418035030365,-1.361298680305481,-1.5914039611816406,-1.229843258857727,-1.0410465002059937
4812.0,96.23900000000005,-27.413184661865994,216.9702195587143,386.5459607908186,148802.94011773606,-27.35720890029221,217.0816425000001,386.5459900000001,148898.77948400006,4.298700985639361,8.57977825500009,0.000968526546263,19200.000000000007,0.0001634565053924,-0.0002018605790861,2.920918176864184e-05,0.0,4.290548560397086,2.5694664360804174,8.577152230511878,-3.223530872401453,0.0063545410068969,2.387405275013504,19200.221088613525,-21.37113651430016,0.002,-3.806949317257125,0.1073127665067636,-0.913420194059726,6.0,10.0,180.0,-1.342774636265126,-5.927272854614977,-0.128427338359457,-3.2392571828119223,751.7109973724569,40.45471272514925,167.19617806288903,752.8009175621135,564.6000000000001,-1.342774636265126,-1.109854817390442,-1.1970863342285156,-0.9113322496414185,-1.3333747386932373,-1.3981181383132935,-1.2917943000793457,-1.0761141777038574,-0.8479664325714111,-1.029954433441162,-1.3444527387619019,-1.209778070449829,-1.2676162719726562,-1.1309164762496948,-1.1426584720611572,-1.0282725095748901,-1.1309683322906494,-1.5423802137374878,-1.1221789121627808,-1.1931662559509277,-0.9817385673522949,-1.1763160228729248,-1.0527610778808594,-0.8328560590744019,-1.1391968727111816,-1.0554701089859009,-1.1254457235336304,-1.1805797815322876,-1.0830426216125488,-1.0179957151412964,-1.0885343551635742,-2.4940133094787598,-1.3793742656707764,-1.2759426832199097,-1.3032439947128296,-1.3743324279785156,-1.2132200002670288,-1.3691941499710083,-1.6040252447128296,-1.2151360511779785,-1.053239345550537
4813.0,96.25900000000004,-27.3272401940158,217.14174428081543,386.5459802312104,149186.93648379124,-27.271343899859858,217.2533724999999,386.5459900000001,149282.77948400006,4.296054256207456,8.58662367664822,0.0003197852359855,19200.000000000007,8.39928568992082e-05,3.816975540024876e-06,9.76878975471198e-06,0.0,4.292222474245107,0.1123618701350167,8.619856703833225,2.9314103914506418,0.0090253240637834,-0.7997014520051737,19199.75706984523,64.3429280850885,0.002,-3.814913854637516,0.0247977286785827,-0.9134052513950216,6.0,10.0,180.0,-1.3770219402417283,-5.950217928267565,-0.1245109980957611,-3.266942222152532,752.1974986862284,41.16535636257463,167.3185890314445,753.3244587810567,563.7000000000002,-1.3770219402417283,-1.0932888984680176,-1.176100492477417,-0.8794233202934265,-1.3182318210601807,-1.3823575973510742,-1.2676383256912231,-1.073839783668518,-0.8308546543121338,-1.020592451095581,-1.3223471641540527,-1.1906752586364746,-1.2488324642181396,-1.11409592628479,-1.125705599784851,-1.052773356437683,-1.1209213733673096,-1.7013132572174072,-1.0730563402175903,-1.1749396324157715,-0.9693558216094971,-1.1484215259552002,-1.055729627609253,-0.8179445862770081,-1.130561351776123,-1.0395292043685913,-1.1129547357559204,-1.1465147733688354,-1.0559428930282593,-1.0078247785568237,-1.071029543876648,-2.4871020317077637,-1.3629502058029175,-1.2589391469955444,-1.256792664527893,-1.425484538078308,-1.2200186252593994,-1.3529162406921387,-1.578833818435669,-1.2607251405715942,-1.0355066061019897
4814.0,96.27900000000004,-27.2415175695572,217.3140316515909,386.5459568602985,149570.9363379719,-27.18547889993173,217.4251024999991,386.5459900000001,149666.77948400006,4.3007753754551485,8.568047564963566,0.0011003395488051,19200.000000000007,0.000226371841331,-0.0005536520018311,3.3139701612491435e-05,0.0,4.308601401741996,4.037732849158351,8.588416499202122,-3.5464659718752456,0.0051228620002468,-2.068629782668963,19200.1020385406,-64.47014815757878,0.002,-3.807679389499418,0.0231058711926817,-0.9113630575397176,6.0,10.0,180.0,-1.3447685836057948,-5.873590320948976,-0.1215780599217068,-3.281249867437802,752.1347493431142,40.19967818128731,167.29179451572224,753.2092293905284,565.1250000000001,-1.3447685836057948,-1.119573712348938,-1.2068841457366943,-0.9215340614318848,-1.338346242904663,-1.4101649522781372,-1.3033769130706787,-1.0770995616912842,-0.8653351068496704,-1.0379295349121094,-1.3525296449661255,-1.2158186435699463,-1.2764554023742676,-1.1391384601593018,-1.1520617008209229,-1.0389152765274048,-1.140456199645996,-1.4871418476104736,-1.1355078220367432,-1.2001851797103882,-0.9887986779212952,-1.18169105052948,-1.0599005222320557,-0.8367838263511658,-1.1513943672180176,-1.061613917350769,-1.139128565788269,-1.1809886693954468,-1.0898778438568115,-1.025924563407898,-1.0967445373535156,-2.508466958999634,-1.3881642818450928,-1.2902802228927612,-1.2977981567382812,-1.369300365447998,-1.2161791324615479,-1.375497579574585,-1.609297275543213,-1.234144926071167,-0.9991934299468994
4815.0,96.29900000000002,-27.15554290517848,217.4858277983009,386.54598821846855,149954.9375326843,-27.099613900025048,217.59683250000057,386.5459900000001,150050.77948400003,4.297141705414046,8.565840369029168,5.672847601948666e-05,19200.000000000007,0.0001168055070894,-0.0006197959130855,1.7815315439168943e-06,0.0,4.286620711991416,0.3690278227565294,8.593786997232703,-1.2803040676532305,0.0009735374448266,-1.9565561228500483,19200.10327620514,25.728295118690102,0.002,-3.756352128140773,0.0391416617630567,-0.921366139471965,6.0,10.0,180.0,-1.3100326254442063,-5.8861863161429415,-0.1215815575545042,-3.260213372938113,751.969374671557,40.53633909064365,167.25739725786113,753.0616146952642,560.2500000000001,-1.3100326254442063,-1.0962823629379272,-1.1786668300628662,-0.8984001278877258,-1.32161283493042,-1.3866307735443115,-1.2801154851913452,-1.0732239484786987,-0.841632604598999,-1.0221495628356934,-1.329991102218628,-1.1949329376220703,-1.2559080123901367,-1.1184501647949219,-1.130665898323059,-1.0439897775650024,-1.122786521911621,-1.6008802652359009,-1.100210428237915,-1.1791425943374634,-0.9746856689453125,-1.152716040611267,-1.0546839237213135,-0.8230209946632385,-1.1325486898422241,-1.0466923713684082,-1.1199415922164917,-1.1588990688323975,-1.0722284317016602,-1.017393708229065,-1.0798718929290771,-2.462174415588379,-1.36960768699646,-1.266463279724121,-1.2722210884094238,-1.3929389715194702,-1.210453748703003,-1.3577910661697388,-1.5837405920028687,-1.2214664220809937,-1.0452327728271484
4816.0,96.31900000000002,-27.06956434024794,217.65726490397728,386.5459951835725,150338.9416040613,-27.013748900009936,217.76856250001453,386.5459900000001,150434.77948400003,4.29335595323481,8.575600030200167,-0.0001734394364442,19200.000000000007,3.038031140207524e-06,-0.00032720043051,-5.1835723780508425e-06,0.0,4.327376753343854,-1.469407373699932,8.536832237188936,-1.772695224388947,-0.0061039277132802,-2.0754489698925105,19200.18867662354,-68.61577733141765,0.002,-3.738066427880561,0.0819711433020524,-0.9119093124389052,6.0,10.0,180.0,-1.2958679897157268,-5.922716153193834,-0.1235292111920566,-3.226399219213536,751.4386873357785,37.96616954532183,167.10319862893056,752.401807347632,561.9000000000001,-1.2958679897157268,-1.0884026288986206,-1.1672836542129517,-0.8955503702163696,-1.3157672882080078,-1.3802317380905151,-1.2739962339401245,-1.0728230476379395,-0.8375758528709412,-1.0174729824066162,-1.3273311853408813,-1.1874957084655762,-1.2487764358520508,-1.1110877990722656,-1.1226799488067627,-1.0401074886322021,-1.1129956245422363,-1.6361323595046997,-1.0976392030715942,-1.171098232269287,-0.9693863391876221,-1.1447418928146362,-1.0523196458816528,-0.8190160393714905,-1.1253492832183838,-1.0422120094299316,-1.1142933368682861,-1.1535240411758423,-1.0710476636886597,-1.0164092779159546,-1.0790272951126099,-2.3962104320526123,-1.362358570098877,-1.2587016820907593,-1.2648292779922485,-1.355415940284729,-1.2055774927139282,-1.351931095123291,-1.574737787246704,-1.2133127450942993,-1.055932641029358
4817.0,96.33900000000004,-26.983684429811746,217.82882224463384,386.5459853040892,150722.94171291345,-26.92788390004236,217.94029250000293,386.5459900000001,150818.77948400006,4.292863122290747,8.58136165837918,0.0001522907986067,19200.000000000007,-1.167185496353504e-05,-0.0001543441966497,4.695910869648978e-06,0.0,4.275908407090344,-1.95652630941361,8.620333762251983,-0.3002016693873663,-0.0061007401183829,0.9748371577230472,19200.032753432035,-42.85629349246205,0.002,-3.737439390206892,0.1293240955659926,-0.903453314095107,6.0,10.0,180.0,-1.3676546025101406,-5.931152630871244,-0.1215696457857504,-3.239250609924369,751.9068436678892,40.43758477266091,167.24259931446528,752.999903673816,571.0500000000002,-1.3676546025101406,-1.0891233682632446,-1.1634502410888672,-0.8861098289489746,-1.3157520294189453,-1.3772950172424316,-1.2667887210845947,-1.0764179229736328,-0.8266527652740479,-1.0172761678695679,-1.3205124139785767,-1.181572675704956,-1.2390592098236084,-1.1036864519119263,-1.1137601137161255,-1.0265378952026367,-1.1036839485168457,-1.7530990839004517,-1.08699369430542,-1.164534330368042,-0.964129626750946,-1.150536060333252,-1.051983118057251,-0.8175294995307922,-1.1208014488220215,-1.0371650457382202,-1.1081241369247437,-1.1515508890151978,-1.0653067827224731,-1.0099170207977295,-1.0772290229797363,-2.436595916748047,-1.3528289794921875,-1.2464468479156494,-1.261818289756775,-1.3291029930114746,-1.2079874277114868,-1.3453727960586548,-1.56465744972229,-1.227386474609375,-1.041216254234314
4818.0,96.35900000000002,-26.897781465033365,218.00079456887,386.54598536273306,151106.94266971183,-26.84201890000516,218.11202249987272,386.5459900000001,151202.77948400006,4.291590191103112,8.57328463959734,0.000152972503334,19200.000000000007,-4.9834190752507625e-05,-0.0003965745973883,4.637266700915746e-06,0.0,4.310054464431071,-2.4373944189915946,8.548535895087642,-7.633945372009758,0.0039274641262635,2.319209945540698,19199.98057812193,-94.43636541529274,0.002,-3.79833854855675,0.2120115124318424,-0.8837888826215764,6.0,10.0,180.0,-1.3114784313061962,-5.878053846131332,-0.1220663922344645,-3.220271008241637,751.4159218339446,38.75829238633045,167.10729965723266,752.419951836908,572.7750000000001,-1.3114784313061962,-1.0936756134033203,-1.1645598411560059,-0.9159365296363831,-1.3231083154678345,-1.3769820928573608,-1.2837084531784058,-1.0790609121322632,-0.839087724685669,-1.0185858011245728,-1.3329906463623047,-1.1866637468338013,-1.2460743188858032,-1.1073195934295654,-1.117356300354004,-0.9965214729309082,-1.0979530811309814,-1.6588099002838135,-1.1324396133422852,-1.1682072877883911,-0.9693645238876343,-1.1628504991531372,-1.047683835029602,-0.8254331946372986,-1.119741678237915,-1.0467402935028076,-1.1136857271194458,-1.1707961559295654,-1.0934734344482422,-1.0229310989379883,-1.0955140590667725,-2.3779823780059814,-1.3581087589263916,-1.2507784366607666,-1.2927058935165405,-1.212124228477478,-1.1915693283081055,-1.351109504699707,-1.571020245552063,-1.1642775535583496,-1.0679538249969482
4819.0,96.37900000000003,-26.8119718856734,218.1717621296272,386.5460321551774,151490.9407383481,-26.756153899741008,218.283752499964,386.5459900000001,151586.7794840001,4.293438576048332,8.598699949057298,-0.0014093453193141,19200.000000000007,5.588204511984413e-06,0.0003659635485377,-4.215517905029113e-05,0.0,4.282471097857668,-0.6749176485126547,8.550572605592759,4.511724809433289,0.0041253694905748,-0.9748080161027918,19199.672481900005,-17.21562919432781,0.002,-3.922010130482244,0.1261815171208294,-0.9287605617117612,6.0,10.0,180.0,-1.2782948354575028,-5.897078437216284,-0.1254949828915621,-3.2458764660983355,750.9374609169722,38.82864619316523,166.9956498286163,751.9434759184539,575.7000000000002,-1.2782948354575028,-1.0909218788146973,-1.1678882837295532,-0.8703662157058716,-1.3124399185180664,-1.3829553127288818,-1.2592883110046387,-1.0729930400848389,-0.8280140161514282,-1.0177699327468872,-1.3180853128433228,-1.182483196258545,-1.2377140522003174,-1.1057684421539307,-1.1159782409667969,-1.0445847511291504,-1.1100072860717773,-1.817379117012024,-1.0670274496078491,-1.1658457517623901,-0.9642016291618347,-1.1481647491455078,-1.055888056755066,-0.8132074475288391,-1.1262807846069336,-1.0320744514465332,-1.1066420078277588,-1.1356803178787231,-1.04855477809906,-0.9999356269836426,-1.0696265697479248,-2.454249143600464,-1.352269172668457,-1.2502691745758057,-1.2398436069488525,-1.3531863689422607,-1.2212982177734375,-1.3446235656738281,-1.5658551454544067,-1.2949061393737793,-0.9865840673446655
4820.0,96.39900000000004,-26.72640932472831,218.34372544775945,386.54604395182525,151874.94043505102,-26.670288899945472,218.4554825005488,386.5459900000001,151970.77948400003,4.303519855617209,8.590924035689316,-0.0018000593178764,19200.000000000007,0.0003081257639088,0.0001327531049594,-5.395182397873337e-05,0.0,4.254143466240164,-3.725295293806146,8.591602079036738,-0.2991028469054114,-0.0085242273858501,-0.2441130596578968,19199.75907182851,38.60734447501255,0.002,-3.791019621702471,-0.0094542380957882,-0.9253813340460284,6.0,10.0,180.0,-1.314958230241419,-5.894053785184449,-0.1308679984818528,-3.2489477652780385,751.0262304584861,40.80432309658261,167.04082491430816,752.137737959227,573.6750000000002,-1.314958230241419,-1.0792951583862305,-1.146972417831421,-0.8799837827682495,-1.3062736988067627,-1.3667500019073486,-1.2583856582641602,-1.0723752975463867,-0.8205764889717102,-1.009511113166809,-1.311127781867981,-1.1691358089447021,-1.2269333600997925,-1.091597080230713,-1.1012061834335327,-1.020906925201416,-1.0908586978912354,-1.8259422779083252,-1.080004334449768,-1.1516079902648926,-0.9570075869560242,-1.1394611597061157,-1.0498077869415283,-0.8107429146766663,-1.1120457649230957,-1.0293728113174438,-1.1004403829574585,-1.1384161710739136,-1.060410976409912,-1.007027506828308,-1.073736310005188,-2.402411937713623,-1.341766595840454,-1.2349324226379395,-1.2461553812026978,-1.277491569519043,-1.2012919187545776,-1.3346651792526245,-1.547369122505188,-1.2261604070663452,-1.030418038368225
4821.0,96.41900000000004,-26.64077140610748,218.515482942858,386.545892568751,152258.93552740564,-26.58442390126329,218.62721250071195,386.5459900000001,152354.77948400003,4.311096074073154,8.590003959175494,0.0032481812516265,19200.000000000007,0.0005353037250074,0.0001050640007614,9.7431276615518e-05,0.0,4.333503121195946,3.2373411001632464,8.576140178601369,7.084169737431391,0.0009802362414369,2.375152992315898,19199.587119323456,-17.14645673467812,0.002,-3.875939054513519,0.0179905341452294,-0.9042928342454724,6.0,10.0,180.0,-1.3974759881586298,-5.929111872940249,-0.125499472867238,-3.2971413606800355,751.612615229243,38.93316154829131,167.15491245715407,752.6243689796136,580.2750000000001,-1.3974759881586298,-1.1123279333114624,-1.1959469318389893,-0.8722091913223267,-1.3282912969589233,-1.3954397439956665,-1.2693774700164795,-1.078345537185669,-0.8370618224143982,-1.0324870347976685,-1.333817720413208,-1.2045791149139404,-1.25555419921875,-1.1264655590057373,-1.1369078159332275,-1.052152156829834,-1.1313332319259644,-1.7441023588180542,-1.0710761547088623,-1.1882872581481934,-0.9748125672340393,-1.1763159036636353,-1.0615674257278442,-0.8246031403541565,-1.1437740325927734,-1.04423987865448,-1.1180214881896973,-1.1544986963272095,-1.0504653453826904,-0.9971812963485718,-1.0734522342681885,-2.5374441146850586,-1.3679697513580322,-1.2686954736709595,-1.259477972984314,-1.4106824398040771,-1.2401803731918335,-1.3616752624511719,-1.5963597297668457,-1.3424774408340454,-0.9620660543441772
4822.0,96.43900000000002,-26.554610424577568,218.68756843072896,386.5460320858193,152642.93309634953,-26.498558902371578,218.7989425998857,386.5459900000001,152738.77948400006,4.3012256437432885,8.578155554164823,-0.0014026369716173,19200.000000000007,0.0002393216030959,-0.0002504268671084,-4.208581007084518e-05,0.0,4.244372191716522,-2.5684360276051024,8.60715093332271,4.211736350609018,0.0051291941874636,-2.500086435949944,19200.15363694799,120.165620593031,0.002,-3.827323593947357,0.0807723691664662,-0.9153378987438632,6.0,10.0,180.0,-1.3613037851449292,-5.861263077330463,-0.1250123947149409,-3.314047061584344,751.4928076146216,41.55958077414566,167.16045622857703,752.6476844898068,580.4250000000002,-1.3613037851449292,-1.0849759578704834,-1.1515417098999023,-0.8667234182357788,-1.3042960166931152,-1.3749698400497437,-1.2537037134170532,-1.0722427368164062,-0.8227149248123169,-1.0125590562820435,-1.3089720010757446,-1.1688416004180908,-1.224900245666504,-1.0926733016967773,-1.1025638580322266,-1.0364844799041748,-1.095884084701538,-1.919580101966858,-1.0619112253189087,-1.1520228385925293,-0.957751989364624,-1.1396677494049072,-1.056546926498413,-0.8084505796432495,-1.11976158618927,-1.0266284942626953,-1.1023436784744263,-1.1251590251922607,-1.0470811128616333,-1.0010168552398682,-1.0693721771240234,-2.4417977333068848,-1.3405619859695435,-1.2376643419265747,-1.223492980003357,-1.294094443321228,-1.2148622274398804,-1.3334708213806152,-1.5447691679000854,-1.2919248342514038,-0.9644272923469543
4823.0,96.45900000000005,-26.46888087113565,218.85907635555176,386.5459989847726,153026.9356092166,-26.41269380171253,218.9706726992168,386.5459900000001,153122.77948400006,4.305744848583269,8.585561770863304,-0.0002963095578995,19200.000000000007,0.000374771525374,-2.795571570386652e-05,-8.9849907511528e-06,0.0,4.329822205334981,0.1248558017237483,8.587911237521384,2.4363973946687345,-0.0051280817221178,-1.2250501049707798,19199.98175851456,-64.34254810278637,0.002,-3.854389236649383,0.0676509791225376,-0.8970420057516789,6.0,10.0,180.0,-1.363261572042718,-5.902867190543303,-0.127441354253338,-3.3083991667732624,751.9804038073107,39.72779038707283,167.25122811428852,753.0348422449034,573.9000000000002,-1.363261572042718,-1.099937081336975,-1.177464485168457,-0.8841059803962708,-1.320444941520691,-1.3906110525131226,-1.2710952758789062,-1.0771442651748657,-0.837921142578125,-1.025276780128479,-1.3287972211837769,-1.1907858848571777,-1.24775230884552,-1.114306926727295,-1.1252286434173584,-1.0442447662353516,-1.1168664693832397,-1.712320327758789,-1.0844347476959229,-1.1744658946990967,-0.9707006216049194,-1.1581238508224487,-1.0588465929031372,-0.8203426599502563,-1.1339935064315796,-1.040655493736267,-1.1168028116226196,-1.1506233215332031,-1.0608127117156982,-1.0089062452316284,-1.0781121253967285,-2.451350212097168,-1.3610508441925049,-1.260290265083313,-1.253799557685852,-1.3522441387176514,-1.2205780744552612,-1.3528649806976318,-1.5768418312072754,-1.2807579040527344,-0.9893932342529297
4824.0,96.47900000000004,-26.382840822186303,219.0311679593044,386.5459978264029,153410.93538647942,-26.326828800236346,219.1424026996777,386.5459900000001,153506.77948400003,4.29990881641939,8.573511861220613,-0.0002669945669127,19200.000000000007,0.0001996246889927,-0.0003896589887363,-7.826459757276337e-06,0.0,4.275900715675169,2.2621353907614825,8.60451676497248,-3.599548906667799,-0.0010017487880637,-1.337905097649087,19200.27285736037,81.57014728049883,0.002,-3.829221526487404,0.1146063136988672,-0.91293443504286,6.0,10.0,180.0,-1.349144108080446,-5.869641726030814,-0.1284039486142776,-3.292476751960444,751.9442019036553,40.90939519353641,167.25711405714426,753.0599211224517,580.2750000000001,-1.349144108080446,-1.1167333126068115,-1.1928282976150513,-0.9166749715805054,-1.331343173980713,-1.4098362922668457,-1.2963507175445557,-1.0805773735046387,-0.8595844507217407,-1.0336484909057617,-1.3467440605163574,-1.202679991722107,-1.2605364322662354,-1.1253966093063354,-1.1364108324050903,-1.017545223236084,-1.1212809085845947,-1.591251015663147,-1.134725570678711,-1.1856787204742432,-0.9826390147209167,-1.1842290163040161,-1.0603654384613037,-0.833436906337738,-1.1446654796600342,-1.0541350841522217,-1.1324142217636108,-1.1732209920883179,-1.088362693786621,-1.0220154523849487,-1.0994365215301514,-2.4764065742492676,-1.3726325035095215,-1.274558424949646,-1.284008502960205,-1.2564687728881836,-1.2118782997131348,-1.3633569478988647,-1.5877128839492798,-1.248909592628479,-0.95200115442276
4825.0,96.49900000000002,-26.296776444399818,219.20254270172683,386.5459909047279,153794.93839832456,-26.240963799692537,219.3141327001608,386.5459900000001,153890.77948400003,4.293252483453971,8.585350258977261,-7.03154601475355e-05,19200.000000000007,4.446523951542327e-07,-3.440167427230657e-05,-9.03702672251442e-07,0.0,4.297837872420276,-3.175293430564044,8.578349973170651,2.1380158387543227,-0.004124433273059,1.900614255221764,19200.067122309723,8.538651980104675,0.002,-3.853714707516372,0.1450321325439664,-0.9062857439815966,6.0,10.0,180.0,-1.3652549025252965,-5.925758238921205,-0.1293873639475646,-3.274006802784812,751.7561009518276,40.14469759676821,167.20305702857212,752.8294605612259,582.9750000000001,-1.3652549025252965,-1.0862298011779785,-1.1536403894424438,-0.872746467590332,-1.3102054595947266,-1.3742504119873047,-1.2554285526275635,-1.0769550800323486,-0.8186120986938477,-1.0133857727050781,-1.3123359680175781,-1.1726354360580444,-1.2267060279846191,-1.094265341758728,-1.1031439304351807,-1.0206685066223145,-1.0920045375823975,-1.893268346786499,-1.0723623037338257,-1.1546907424926758,-0.9568672180175781,-1.1499969959259033,-1.0526047945022583,-0.812160074710846,-1.1158626079559326,-1.029171109199524,-1.0998929738998413,-1.1408435106277466,-1.054801106452942,-1.0015709400177002,-1.0738675594329834,-2.402601718902588,-1.3405380249023438,-1.2349052429199219,-1.2435921430587769,-1.2652500867843628,-1.2118831872940063,-1.3366092443466187,-1.5520685911178589,-1.2673157453536987,-1.0057460069656372
4826.0,96.51900000000003,-26.211118549715025,219.37422347648533,386.5459802579168,154178.93741533192,-26.1550987999342,219.485862699598,386.5459900000001,154274.77948400006,4.3001642114140095,8.586995520933325,0.0002556431815635,19200.000000000007,0.0002072477230149,1.492077012762076e-05,9.74348153539978e-06,0.0,4.2903040893023405,4.638194746738293,8.596205487817572,-4.456605683646147,0.00094460219998,1.7629795348641242,19199.981881595188,64.3702135828384,0.002,-3.850410986683155,0.034844586939828,-0.9133129176317334,6.0,10.0,180.0,-1.385705381217107,-5.906707926974209,-0.1284220636709263,-3.2920077706057085,751.8525504759139,40.457848798384106,167.22902851428606,752.9412302806129,577.0500000000001,-1.385705381217107,-1.1273139715194702,-1.2085282802581787,-0.9257891774177551,-1.3420268297195435,-1.418197751045227,-1.306417465209961,-1.0813770294189453,-0.8651217222213745,-1.0420994758605957,-1.3583176136016846,-1.218794822692871,-1.2752437591552734,-1.1400140523910522,-1.1512383222579956,-1.0161690711975098,-1.1354658603668213,-1.5058361291885376,-1.1473839282989502,-1.201889157295227,-0.9894991517066956,-1.200010061264038,-1.0587295293807983,-0.8416774868965149,-1.152348518371582,-1.0640180110931396,-1.1384567022323608,-1.1914113759994507,-1.0948349237442017,-1.022883415222168,-1.1035969257354736,-2.522632122039795,-1.3856277465820312,-1.2872511148452759,-1.3113199472427368,-1.3011980056762695,-1.2168587446212769,-1.3762729167938232,-1.6113592386245728,-1.2412283420562744,-0.977821946144104
4827.0,96.53900000000004,-26.12515744826605,219.54605167681584,386.54594348720593,154562.93642800284,-26.069233800047176,219.65759269922427,386.5459900000001,154658.77948400006,4.296966327680043,8.583721174544749,0.0015215560455221,19200.000000000007,0.0001113485922801,-8.327888247072492e-05,4.6612703959570846e-05,0.0,4.287345412865735,-0.6740534800548487,8.607634821307114,1.3446037745577932,-0.0039058907433283,3.5374827388204286,19200.11903047208,-17.154174429688652,0.002,-3.909620136370015,-0.0357793866038373,-0.9224101643248191,6.0,10.0,180.0,-1.3378476968289723,-5.860268842574095,-0.12792627499679,-3.302315673561315,752.0382752379569,41.00092439919205,167.27901425714305,753.1561151403064,580.9500000000002,-1.3378476968289723,-1.098497748374939,-1.1730207204818726,-0.88289475440979,-1.3197736740112305,-1.3865880966186523,-1.2671785354614258,-1.079657793045044,-0.8271613121032715,-1.0224215984344482,-1.3243436813354492,-1.1872577667236328,-1.2405643463134766,-1.1080700159072876,-1.1174033880233765,-1.0206406116485596,-1.1060782670974731,-1.797050952911377,-1.0864884853363037,-1.169600486755371,-0.9661753177642822,-1.1662601232528687,-1.0540578365325928,-0.8209265470504761,-1.1256141662597656,-1.038079023361206,-1.1087855100631714,-1.1578912734985352,-1.0625739097595215,-1.0043485164642334,-1.0790746212005615,-2.4547173976898193,-1.353408694267273,-1.248367428779602,-1.2655385732650757,-1.303262710571289,-1.2168527841567993,-1.3485513925552368,-1.5717600584030151,-1.264854073524475,-1.0093756914138794
4828.0,96.559,-26.03948359189282,219.7180774843711,386.5459961554692,154946.93578811298,-25.98336880001054,219.82932280000009,386.5459900000001,155042.77948400006,4.303337440969425,8.573834976007959,-0.0002069102415362,19200.000000000007,0.0003023944641311,-0.0003791822557467,-6.156920364805522e-06,0.0,4.294404994803125,5.1943335171610965,8.60451109265944,-1.0389180974822565,0.0061263571744902,0.0057805224359709,19199.91301850415,17.166720422155226,0.002,-3.84940253271242,-0.016406832802168,-0.9065023978524268,6.0,10.0,180.0,-1.330104173999223,-5.894989241435209,-0.1240148389860595,-3.3079396271074453,752.1556376189785,40.97396219959603,167.30600712857154,753.2715575701532,580.7250000000001,-1.330104173999223,-1.1292668581008911,-1.2121343612670898,-0.9147677421569824,-1.339971661567688,-1.4208526611328125,-1.30154287815094,-1.0813555717468262,-0.8656267523765564,-1.0436331033706665,-1.3560214042663574,-1.2176450490951538,-1.2730671167373657,-1.1399595737457275,-1.1514534950256348,-1.029689908027649,-1.138582468032837,-1.5201584100723267,-1.1319504976272583,-1.2011668682098389,-0.9891383051872253,-1.1987448930740356,-1.064030408859253,-0.8396273255348206,-1.1569904088974,-1.0603711605072021,-1.1394253969192505,-1.1824289560317993,-1.0851893424987793,-1.0183420181274414,-1.0980279445648193,-2.540513753890991,-1.3842679262161255,-1.2886213064193726,-1.293150544166565,-1.3193116188049316,-1.2263659238815308,-1.3748518228530884,-1.6088712215423584,-1.2875449657440186,-0.9354862570762634
4829.0,96.57900000000002,-25.95323014224756,219.88981656213937,386.54597475584507,155330.9363798297,-25.897503800028925,220.00105290077585,386.5459900000001,155426.77948400003,4.290399566107874,8.573561628711818,0.0005117242646534,19200.000000000007,-8.57576891299356e-05,-0.0003881593363293,1.5243245844751984e-05,0.0,4.322293434751861,-1.163708145039473,8.573249664735862,-0.4822112464690178,0.011982546517446,-0.7999804840488112,19200.29099879642,-38.63801364399742,0.002,-3.820148339734676,0.0566614898722142,-0.9021150121581876,6.0,10.0,180.0,-1.3398933715073709,-5.877044465892274,-0.1235378265489481,-3.307409570877175,752.0208188094892,39.28648109979801,167.25400356428577,753.0482787850766,580.7250000000001,-1.3398933715073709,-1.0988121032714844,-1.1695303916931152,-0.8931293487548828,-1.320122241973877,-1.3905775547027588,-1.2738888263702393,-1.0794239044189453,-0.8396997451782227,-1.0226975679397583,-1.3291345834732056,-1.1854482889175415,-1.2423750162124634,-1.1082509756088257,-1.1184989213943481,-1.0244066715240479,-1.1051595211029053,-1.734654426574707,-1.1004010438919067,-1.1680009365081787,-0.9689623117446899,-1.1620389223098755,-1.0573607683181763,-0.8214088082313538,-1.1294732093811035,-1.0401511192321777,-1.1160184144973755,-1.1545461416244507,-1.0707383155822754,-1.0130282640457153,-1.085250735282898,-2.4053122997283936,-1.355579137802124,-1.2539081573486328,-1.257491111755371,-1.260723352432251,-1.2119923830032349,-1.3489854335784912,-1.5673338174819946,-1.2597720623016357,-0.9830106496810913
4830.0,96.59900000000002,-25.86742831313769,220.06148704316465,386.54602236950063,155714.94005910924,-25.8116388000318,220.1727829004022,386.5459900000001,155810.77948400006,4.292497868949491,8.575548742635307,-0.0011129734752976,19200.000000000007,-2.26880751000704e-05,-0.0003287439212578,-3.236937908898956e-05,0.0,4.274913271334445,0.7366706126119753,8.605241378638585,-4.523133380271162,0.001451121858971,-3.5311966850005105,19200.08494244056,21.461200466441447,0.002,-3.8188221319554647,0.0554066528941729,-0.9057906915142416,6.0,10.0,180.0,-1.378909763207663,-5.882362337625365,-0.1254913873435818,-3.2658901395336826,751.9669094047447,40.738740549899006,167.25950178214288,753.0721393925382,574.2000000000002,-1.378909763207663,-1.107961893081665,-1.1811912059783936,-0.91646409034729,-1.3262757062911987,-1.4005240201950073,-1.2932888269424438,-1.0784125328063965,-0.8571966886520386,-1.0286465883255005,-1.3412253856658936,-1.1951884031295776,-1.2561321258544922,-1.1189048290252686,-1.13055419921875,-1.0219173431396484,-1.1161340475082397,-1.6020525693893433,-1.1316068172454834,-1.1785483360290527,-0.9794725179672241,-1.1700516939163208,-1.0589442253112793,-0.8288530111312866,-1.1388523578643799,-1.0517646074295044,-1.1299201250076294,-1.165160059928894,-1.089034914970398,-1.0254621505737305,-1.0973761081695557,-2.4449515342712402,-1.369157075881958,-1.26990807056427,-1.2755457162857056,-1.261411190032959,-1.2048147916793823,-1.35835599899292,-1.5780776739120483,-1.2252837419509888,-0.9725387096405029
4831.0,96.61900000000004,-25.78163782192077,220.2329940957673,386.54601963771626,156098.94174954895,-25.725773799793807,220.3445128998392,386.5459900000001,156194.77948400003,4.294944871110593,8.58297892127305,-0.0009860940221514,19200.000000000007,5.172526185885394e-05,-0.0001055987516755,-2.9637521816127005e-05,0.0,4.317143232894057,0.8447390667349051,8.538538421177922,-2.499622929062495,0.0007198112318882,-2.2628187889202964,19200.205002433333,-51.49124934733416,0.002,-3.86209026180996,0.0353581884728745,-0.9083594391628348,6.0,10.0,180.0,-1.3354077711726546,-5.837399651369898,-0.1298710038116931,-3.2592299294846514,751.3644547023723,38.4283702749495,167.09125089107144,752.3510696962692,580.3500000000001,-1.3354077711726546,-1.108340859413147,-1.1829094886779785,-0.9084671139717102,-1.326676368713379,-1.4035931825637817,-1.287818193435669,-1.0788770914077759,-0.8552223443984985,-1.028417706489563,-1.341221570968628,-1.1959559917449951,-1.254054307937622,-1.1192553043365479,-1.1300817728042603,-1.0232142210006714,-1.1153384447097778,-1.6241354942321777,-1.1236987113952637,-1.1787097454071045,-0.9778986573219299,-1.1733318567276,-1.0595964193344116,-0.8281674385070801,-1.1391620635986328,-1.0480127334594727,-1.1266356706619263,-1.1640409231185913,-1.0812335014343262,-1.0186846256256104,-1.0940861701965332,-2.4193272590637207,-1.3665728569030762,-1.268722414970398,-1.2702165842056274,-1.2467501163482666,-1.2113133668899536,-1.3579778671264648,-1.5802150964736938,-1.25725519657135,-0.9570101499557495
4832.0,96.63900000000004,-25.695923097402904,220.404398848576,386.5460215859165,156482.94364937645,-25.639908799813185,220.5162429003213,386.5459900000001,156578.77948400006,4.300014554173014,8.593820774119886,-0.0010525860419126,19200.000000000007,0.0002021027951345,0.0002196486079109,-3.1585941361556445e-05,0.0,4.265363951888064,-2.255277841733008,8.598621839597804,-0.6778614599051209,-0.0149005636303906,-0.3629680698502147,19199.93003795485,-60.07253446399288,0.002,-3.830613258291141,0.0461833022891022,-0.8921189136086354,6.0,10.0,180.0,-1.3237143568519738,-5.86874272153378,-0.1332940676524403,-3.2428270332125537,751.4507273511862,40.43618513747475,167.1356254455357,752.5425348481347,582.9750000000001,-1.3237143568519738,-1.0925718545913696,-1.1588516235351562,-0.888508677482605,-1.3132340908050537,-1.3812519311904907,-1.2678662538528442,-1.0774247646331787,-0.8319453597068787,-1.0163739919662476,-1.3210642337799072,-1.1763577461242676,-1.2326679229736328,-1.098766803741455,-1.108036756515503,-1.0144119262695312,-1.0950376987457275,-1.799803614616394,-1.0957815647125244,-1.1586132049560547,-0.9635862112045288,-1.156815528869629,-1.0548691749572754,-0.8171859979629517,-1.122119426727295,-1.0347143411636353,-1.1095353364944458,-1.1475213766098022,-1.0673952102661133,-1.0097076892852783,-1.0827744007110596,-2.41467022895813,-1.3465222120285034,-1.2433229684829712,-1.251250147819519,-1.23249089717865,-1.2060608863830566,-1.340457558631897,-1.5539518594741821,-1.2501403093338013,-0.9786721467971802
4833.0,96.65900000000003,-25.60999500537746,220.57615628062968,386.5459883358504,156866.94267138196,-25.554043800946825,220.68797290078527,386.5459900000001,156962.77948400006,4.29788486437473,8.59291764103872,5.6162028666199936e-05,19200.000000000007,0.0001390033089949,0.0001920170197256,1.6641260053203246e-06,0.0,4.326892708820123,-2.251281914773263,8.563501896090747,-1.7124534096916832,-0.0068238257441019,1.2131213451645055,19199.964082609768,-60.08562213897808,0.002,-3.895954068155547,0.0502567270277124,-0.9010973041971628,6.0,10.0,180.0,-1.3184133732264225,-5.903328810911123,-0.133315288977107,-3.2489741070068363,751.5713636755931,38.624092568737375,167.14181272276784,752.5677674240674,577.0500000000001,-1.3184133732264225,-1.0924321413040161,-1.163609504699707,-0.892863392829895,-1.31870698928833,-1.3808364868164062,-1.2703486680984497,-1.0786118507385254,-0.8321970701217651,-1.0187640190124512,-1.3254984617233276,-1.1825551986694336,-1.239516258239746,-1.1043821573257446,-1.1140387058258057,-1.0174627304077148,-1.0999226570129395,-1.7372041940689087,-1.0997998714447021,-1.16475510597229,-0.9651641845703125,-1.1570711135864258,-1.0524742603302002,-0.8200154900550842,-1.1217652559280396,-1.0387768745422363,-1.110134482383728,-1.1563187837600708,-1.071774959564209,-1.0120795965194702,-1.0834472179412842,-2.3891241550445557,-1.3523194789886475,-1.2475734949111938,-1.265084147453308,-1.2645134925842285,-1.2057968378067017,-1.346433401107788,-1.565595030784607,-1.229577898979187,-1.0260930061340332
4834.0,96.67900000000004,-25.52430952069249,220.7479135337961,386.5459951316653,157250.94189781806,-25.46817880226956,220.8597030001333,386.5459900000001,157346.77948400003,4.303866872607595,8.591990226749473,-0.0001713957491874,19200.000000000007,0.0003187115926781,0.0001647659558402,-5.131689005185436e-06,0.0,4.254154327421678,-1.04435573628403,8.60010034706544,-2.067134301629548,0.0007259131979177,4.281224730388281,19199.72420191284,-38.65852109899989,0.002,-3.9306952831902087,0.0573561729163251,-0.8992615784232907,6.0,10.0,180.0,-1.403390382928244,-5.886119420659218,-0.1347811630479918,-3.26485503060578,751.4681818377966,40.921046284368686,167.14640636138392,752.5873837120337,580.9500000000002,-1.403390382928244,-1.0977153778076172,-1.1704802513122559,-0.8946583271026611,-1.3197842836380005,-1.3827521800994873,-1.27290940284729,-1.0794833898544312,-0.8295844793319702,-1.0201051235198975,-1.32663094997406,-1.186598300933838,-1.2406506538391113,-1.1065821647644043,-1.1155669689178467,-1.0037288665771484,-1.100987434387207,-1.7520493268966675,-1.1048917770385742,-1.1682772636413574,-0.9670439958572388,-1.1689587831497192,-1.0506144762039185,-0.8235159516334534,-1.122190237045288,-1.0400091409683228,-1.1088980436325073,-1.1641439199447632,-1.0732104778289795,-1.0087320804595947,-1.0845770835876465,-2.4440836906433105,-1.353361964225769,-1.2466729879379272,-1.2788153886795044,-1.2566031217575073,-1.2070492506027222,-1.34828782081604,-1.5697938203811646,-1.22813081741333,-1.0244518518447876
4835.0,96.69900000000004,-25.43842978598756,220.91969714290303,386.5459962627582,157634.9396716323,-25.382313701975104,221.03143309926784,386.5459900000001,157730.77948400003,4.303379294367999,8.590212825763635,-0.0002010466995578,19200.000000000007,0.0003039811567632,0.0001112596568434,-6.262784263349993e-06,0.0,4.3305831353620245,-1.0308138810173528,8.545133678761877,4.149516280700141,0.0078319403478389,0.6623668800160342,19199.741781472017,38.624978062823686,0.002,-3.864301103161086,0.0312962082427872,-0.9008602936864342,6.0,10.0,180.0,-1.3681627285323326,-5.850556717262704,-0.1347679365096396,-3.2838243972192416,751.3455909188983,38.27702314218435,167.08570318069195,752.3276918560168,580.7250000000001,-1.3681627285323326,-1.0938321352005005,-1.1689817905426025,-0.8720353245735168,-1.3159379959106445,-1.3854670524597168,-1.259854793548584,-1.0768914222717285,-0.8279120922088623,-1.020459532737732,-1.3203016519546509,-1.1834912300109863,-1.237344741821289,-1.1059746742248535,-1.1157164573669434,-1.0377730131149292,-1.106917381286621,-1.8322060108184814,-1.0708322525024414,-1.1662817001342773,-0.9637131690979004,-1.1551374197006226,-1.0563138723373413,-0.8153486251831055,-1.1266193389892578,-1.0334337949752808,-1.1069788932800293,-1.1420739889144897,-1.0520291328430176,-1.0004044771194458,-1.073070764541626,-2.4257113933563232,-1.3509348630905151,-1.248645544052124,-1.244080901145935,-1.3215656280517578,-1.222215175628662,-1.345542311668396,-1.5673850774765015,-1.2984240055084229,-0.9868013858795166
4836.0,96.71900000000002,-25.35218365846981,221.09128313506835,386.5459871385317,158018.93758208412,-25.29644870049333,221.2031630993032,386.5459900000001,158114.77948400006,4.290676543161805,8.595013091841947,6.475141455311276e-05,19200.000000000007,-7.723722114083101e-05,0.0002554659730397,2.8616611305028376e-06,0.0,4.299069813039595,-1.412443572419806,8.593747945656666,4.332470341591569,0.0021774806978797,-0.8493742832029716,19199.87883895448,0.0050752224277118,0.002,-3.853565934241062,0.0649048372541827,-0.8857488320392437,6.0,10.0,180.0,-1.295370765308737,-5.846678688064007,-0.1376915005794242,-3.3094337722009266,751.6967954594492,39.18951157109217,167.177851590346,752.7218459280084,574.1250000000001,-1.295370765308737,-1.089416265487671,-1.1650421619415283,-0.8698450326919556,-1.312395453453064,-1.3804855346679688,-1.2582063674926758,-1.074544906616211,-0.8254249095916748,-1.0178136825561523,-1.3163089752197266,-1.1803078651428223,-1.236368179321289,-1.1037261486053467,-1.1139273643493652,-1.0453486442565918,-1.107797384262085,-1.830826759338379,-1.0641329288482666,-1.1638736724853516,-0.9624254107475281,-1.1451401710510254,-1.056148648262024,-0.8126865029335022,-1.12467360496521,-1.0325558185577393,-1.1065047979354858,-1.1352185010910034,-1.0494840145111084,-1.0021603107452393,-1.0697953701019287,-2.4497079849243164,-1.3507353067398071,-1.2474108934402466,-1.239208459854126,-1.3637137413024902,-1.2200993299484253,-1.3434467315673828,-1.5630651712417603,-1.284463882446289,-1.0011436939239502
4837.0,96.73900000000005,-25.266270456498056,221.26317888846043,386.5460057272522,158402.93893153677,-25.210583699704564,221.37489310009067,386.5459900000001,158498.7794840001,4.289070239621688,8.589487765871253,-0.0005584058060264,19200.000000000007,-0.0001254373785533,8.960973501475563e-05,-1.572711751860482e-05,0.0,4.265119853464702,-2.6875234519086546,8.574207639739093,1.8319269689312592,0.0056156118142808,-0.6122002562096501,19200.1876345364,107.31341115486084,0.002,-3.8907862668060735,0.1220051613679188,-0.9039487814813288,6.0,10.0,180.0,-1.3080870401794056,-5.883236113689433,-0.1371987297712938,-3.287863681685978,751.2538977297246,40.19225578554608,167.086425795173,752.3309229640042,574.0500000000002,-1.3080870401794056,-1.0827889442443848,-1.1540182828903198,-0.8748170137405396,-1.30803644657135,-1.3736774921417236,-1.2576377391815186,-1.072366714477539,-0.8224269151687622,-1.0126005411148071,-1.3126845359802246,-1.1737065315246582,-1.230591058731079,-1.0965652465820312,-1.1065421104431152,-1.0319221019744873,-1.098228096961975,-1.8332878351211548,-1.0722401142120361,-1.1565451622009277,-0.9592853784561157,-1.1411833763122559,-1.0521349906921387,-0.8108941316604614,-1.1170141696929932,-1.029728651046753,-1.1019865274429321,-1.1361159086227417,-1.0543065071105957,-1.004089593887329,-1.07114839553833,-2.4184842109680176,-1.3454768657684326,-1.2402516603469849,-1.2420070171356201,-1.3118400573730469,-1.2098196744918823,-1.3381801843643188,-1.5539222955703735,-1.2543085813522339,-1.0169519186019897
4838.0,96.75900000000004,-25.1808484746188,221.43461101954773,386.5460547482888,158786.9435132463,-25.1247186998765,221.54662310078305,386.5459900000001,158882.77948400003,4.3038382379775255,8.599422032310082,-0.0021613119793831,19200.000000000007,0.0003176752964017,0.0003875812208008,-6.474915853829481e-05,0.0,4.27904239323134,1.2248173836144312,8.60329056623563,9.94307716312355,-0.0026812255391622,-4.820032622655215,19200.05000703836,-72.94121138253111,0.002,-3.905413073134851,0.0721302301848555,-0.8998745909131911,6.0,10.0,180.0,-1.3759725602341242,-5.977580581825409,-0.1420861018876619,-3.2617228917557832,751.5954488648623,41.01362789277304,167.17621289758648,752.7154614820022,570.6000000000001,-1.3759725602341242,-1.0949194431304932,-1.1745100021362305,-0.8552556037902832,-1.3087241649627686,-1.3702898025512695,-1.2555829286575317,-1.0692615509033203,-0.8354257345199585,-1.0209906101226807,-1.3120355606079102,-1.1858222484588623,-1.2421294450759888,-1.1117188930511475,-1.1234153509140015,-1.0770845413208008,-1.1251648664474487,-1.8604085445404053,-1.0405069589614868,-1.171274185180664,-0.9669888019561768,-1.1392747163772583,-1.063381552696228,-0.8124021291732788,-1.1363106966018677,-1.0316052436828613,-1.1114823818206787,-1.1160341501235962,-1.032426118850708,-0.9932659864425659,-1.0603985786437988,-2.5543196201324463,-1.3575886487960815,-1.2593395709991455,-1.2170838117599487,-1.4517573118209839,-1.2362979650497437,-1.3467788696289062,-1.5705639123916626,-1.3535276651382446,-0.9434996247291565
4839.0,96.77900000000004,-25.095012651096336,221.606993663518,386.545973679555,159170.94006627207,-25.03885370004452,221.7183531006069,386.5459900000001,159266.77948400006,4.304806049296462,8.577663356198425,0.0005425768616755,19200.000000000007,0.0003466481853407,-0.0002650605994177,1.6318880594497968e-05,0.0,4.296656411326778,2.261967294229948,8.603770647798815,-6.526473910900824,-0.0063656420827202,1.1556580453913,19200.03271681277,85.82404107533928,0.002,-3.829038001301463,-0.0096551552459881,-0.9170479969730296,6.0,10.0,180.0,-1.3715957246281003,-5.859512654845535,-0.1411302874037549,-3.2766170762410334,751.9442244324312,40.89081394638652,167.25610644879325,753.0562307410012,571.2000000000002,-1.3715957246281003,-1.115954875946045,-1.1946725845336914,-0.9269501566886902,-1.336493968963623,-1.4051620960235596,-1.3020038604736328,-1.0801211595535278,-0.8582031726837158,-1.0350474119186401,-1.3508236408233643,-1.208743691444397,-1.2679554224014282,-1.130177617073059,-1.1415834426879883,-1.0118547677993774,-1.124882698059082,-1.5457416772842407,-1.146507740020752,-1.1917556524276733,-0.9843927621841431,-1.1853235960006714,-1.0543824434280396,-0.8368353247642517,-1.1419764757156372,-1.0601215362548828,-1.1325583457946777,-1.1863130331039429,-1.0983891487121582,-1.0267317295074463,-1.1024129390716553,-2.4767167568206787,-1.3789175748825073,-1.277303695678711,-1.308282732963562,-1.285691499710083,-1.205297827720642,-1.369080662727356,-1.599040150642395,-1.199509620666504,-1.019335389137268
4840.0,96.79900000000004,-25.00902056388587,221.77855662801653,386.54595697057545,159554.9411444605,-24.952988700039366,221.8900832996765,386.5459900000001,159650.77948400006,4.300573396467074,8.58323207433563,0.001103595518932,19200.000000000007,0.0002196632571811,-9.80296558842492e-05,3.312909215678158e-05,0.0,4.284911428862415,1.5252734920514128,8.612075601738793,7.0137927197856005,-0.0073208817049756,1.2199518503660844,19199.89622623956,-30.09436408710286,0.002,-3.8181897573023047,-0.0068855462971749,-0.8977924780880885,6.0,10.0,180.0,-1.336954025549855,-5.87700553622554,-0.1416238238683951,-3.280220770514941,752.1276122162155,41.40840697319327,167.30555322439662,753.2671153705005,562.2000000000002,-1.336954025549855,-1.0937522649765015,-1.1807551383972168,-0.8642438650131226,-1.3191993236541748,-1.3812311887741089,-1.2603685855865479,-1.0713163614273071,-0.825552225112915,-1.0200543403625488,-1.316679835319519,-1.1959072351455688,-1.2510676383972168,-1.1188236474990845,-1.1302446126937866,-1.065958023071289,-1.1301648616790771,-1.761242151260376,-1.0508862733840942,-1.1806001663208008,-0.968891441822052,-1.1489505767822266,-1.0557948350906372,-0.8163222670555115,-1.131972074508667,-1.03810453414917,-1.1087154150009155,-1.1406985521316528,-1.0420225858688354,-0.9966284036636353,-1.0618261098861694,-2.5509629249572754,-1.3649473190307617,-1.2609840631484985,-1.2539969682693481,-1.5007617473602295,-1.2323322296142578,-1.3553545475006104,-1.5885323286056519,-1.296907901763916,-1.0387070178985596
4841.0,96.819,-24.92305001439216,221.95083754171705,386.54596653497504,159938.93994166798,-24.86712370004621,222.0618132992292,386.5459900000001,160034.77948400006,4.2970781316791165,8.564867284503105,0.0007762684019673,19200.000000000007,0.0001141170692177,-0.0006490464844453,2.3466943553460355e-05,0.0,4.308098898879275,0.794930268235581,8.594499124823422,-11.711895055543769,-0.0051342645097311,2.7507423418243264,19200.154007393845,111.61164729343604,0.002,-3.801012627562812,0.0192571395694952,-0.9023845813244008,6.0,10.0,180.0,-1.3344893912008338,-5.846149781265432,-0.1367155352308736,-3.298182416073656,752.1838061081078,40.49370348659663,167.3072766121983,753.2735576852502,566.9250000000002,-1.3344893912008338,-1.1121529340744019,-1.1862998008728027,-0.9435743093490601,-1.3388161659240723,-1.3936429023742676,-1.3035516738891602,-1.0813205242156982,-0.8582754135131836,-1.0322551727294922,-1.35330331325531,-1.207364797592163,-1.2689805030822754,-1.1276073455810547,-1.139075756072998,-0.9920021295547485,-1.117316722869873,-1.5612398386001587,-1.1687932014465332,-1.189789056777954,-0.9838224053382874,-1.184217095375061,-1.049185872077942,-0.8379274010658264,-1.1346263885498047,-1.0633056163787842,-1.131555199623108,-1.196921467781067,-1.1162447929382324,-1.0360291004180908,-1.1132054328918457,-2.4501147270202637,-1.3789753913879395,-1.2733911275863647,-1.329060673713684,-1.235702633857727,-1.1904882192611694,-1.3692119121551514,-1.5981179475784302,-1.1328836679458618,-1.0755308866500854
4842.0,96.83900000000004,-24.83711511782238,222.1217647043683,386.54598351767777,160322.9451331847,-24.781258699852792,222.23354329983528,386.5459900000001,160418.77948400006,4.2947300663175065,8.591633399543586,0.0002161674763884,19200.000000000007,4.431956253718565e-05,0.0001537944815723,6.484797442684925e-06,0.0,4.279788295732919,0.662460657973859,8.565626334111277,4.025335231974401,0.0056455512956166,3.168205954115501,19200.53070915129,-42.86691837556749,0.002,-3.829077186921328,0.0341961424238065,-0.8944147449820399,6.0,10.0,180.0,-1.3618096203293322,-5.925781413932112,-0.1367006647470832,-3.25203175490078,751.5099030540539,40.16535174329832,167.14563830609916,752.5827788426252,565.2,-1.3618096203293322,-1.0915826559066772,-1.179137945175171,-0.872754693031311,-1.3190720081329346,-1.3801201581954956,-1.2626011371612549,-1.07234525680542,-0.8226990699768066,-1.0179611444473267,-1.3215882778167725,-1.1943881511688232,-1.2488620281219482,-1.1158478260040283,-1.126613974571228,-1.0478181838989258,-1.1222622394561768,-1.7344162464141846,-1.0662992000579834,-1.177889108657837,-0.9677934646606445,-1.1538857221603394,-1.0513880252838135,-0.8181116580963135,-1.1266365051269531,-1.0374553203582764,-1.1058200597763062,-1.1501022577285767,-1.0500901937484741,-0.9991735219955444,-1.0665665864944458,-2.497939109802246,-1.362441897392273,-1.2565444707870483,-1.266481876373291,-1.4424238204956055,-1.2241981029510498,-1.354301929473877,-1.5863966941833496,-1.2671937942504883,-1.0597038269042969
4843.0,96.859,-24.7514363959082,222.29382835427435,386.5459932819709,160706.94773314893,-24.69539369973291,222.4052733001216,386.5459900000001,160802.77948400006,4.30093543802934,8.58050601822338,-0.0001406470196695,19200.000000000007,0.0002304952507093,-0.0001798518028673,-3.18117267497619e-06,0.0,4.308578058878906,4.2745714651567495,8.593495472035885,-5.983619427395444,0.0100078047513969,-0.1817099572201691,19199.94652473216,38.63050948028653,0.002,-3.816533399515884,0.0085844023511588,-0.9167376687730314,6.0,10.0,180.0,-1.372557112247922,-5.890715236786599,-0.1381792625327113,-3.225355576841082,751.8664515270269,39.83217587164916,167.22481915304957,752.9213894213126,563.4000000000001,-1.372557112247922,-1.121995449066162,-1.2083207368850708,-0.9312723875045776,-1.3424550294876099,-1.4114973545074463,-1.3074685335159302,-1.078130841255188,-0.8670340776443481,-1.0392796993255615,-1.358306884765625,-1.220088243484497,-1.2808027267456055,-1.1422436237335205,-1.1550363302230835,-1.0281593799591064,-1.1409506797790527,-1.4833805561065674,-1.1495388746261597,-1.2041325569152832,-0.9906461834907532,-1.1880508661270142,-1.056564450263977,-0.840533435344696,-1.1508715152740479,-1.0658667087554932,-1.1406646966934204,-1.1914606094360352,-1.0992822647094727,-1.0293285846710205,-1.1022586822509766,-2.5127487182617188,-1.3916785717010498,-1.291861891746521,-1.315742015838623,-1.3597759008407593,-1.211283564567566,-1.3792414665222168,-1.6154228448867798,-1.2040934562683105,-1.0268669128417969
4844.0,96.87900000000003,-24.66538580221305,222.4651777549312,386.5459988986154,161090.9499877634,-24.60952870064225,222.5770032994507,386.5459900000001,161186.7794840001,4.294745889641878,8.593195626243794,-0.0003296585836345,19200.000000000007,4.480151297171752e-05,0.0002007474705528,-8.899822999649398e-06,0.0,4.285905150828525,-1.218646302030076,8.58110100050473,2.993793480430804,0.0068335534354648,-0.9119792813710692,19200.11884265789,-73.01210096559787,0.002,-3.798110648976523,-0.0068950249564817,-0.914188213185199,6.0,10.0,180.0,-1.319297320397401,-5.84628702983422,-0.1406333541642598,-3.2120440741408194,751.6417257635135,40.04708793582458,167.17490957652478,752.7081947106562,561.6000000000001,-1.319297320397401,-1.0834927558898926,-1.1656371355056763,-0.8739012479782104,-1.31167733669281,-1.374029278755188,-1.2604892253875732,-1.070801854133606,-0.8241201639175415,-1.0138695240020752,-1.3154969215393066,-1.1837129592895508,-1.242272138595581,-1.1071765422821045,-1.1184673309326172,-1.0524773597717285,-1.1143426895141602,-1.7421177625656128,-1.0651249885559082,-1.1677308082580566,-0.9641988277435303,-1.1374566555023193,-1.052354097366333,-0.8128175735473633,-1.1226977109909058,-1.0341312885284424,-1.1058071851730347,-1.1378109455108643,-1.0513484477996826,-1.0051054954528809,-1.066458821296692,-2.4561665058135986,-1.3569437265396118,-1.2515357732772827,-1.249954342842102,-1.4228684902191162,-1.2159007787704468,-1.3470340967178345,-1.570743441581726,-1.2502121925354004,-1.0548611879348755
4845.0,96.89900000000004,-24.57950594488902,222.63716084169064,386.5460057661767,161474.94776395248,-24.52366370209746,222.7487332992848,386.5459900000001,161570.77948400006,4.294251351630007,8.584765119170978,-0.000523163303027,19200.000000000007,2.994438637579105e-05,-5.224041003698285e-05,-1.5768425950200928e-05,0.0,4.315174452054975,-0.2435714973430224,8.61353849280448,-1.092711848128512,-0.0002288962277856,-5.068608515987561,19199.99938517408,38.602190895529375,0.002,-3.783049655803053,0.0179906941499932,-0.9059254277427112,6.0,10.0,180.0,-1.3094964584136672,-5.893022467789004,-0.1381849936487399,-3.2253959066518503,752.2903628817567,40.08704396791229,167.3264547882624,753.3575973553282,566.1000000000001,-1.3094964584136672,-1.099047303199768,-1.1743577718734741,-0.8998289108276367,-1.318198323249817,-1.3911798000335693,-1.2813897132873535,-1.0755060911178589,-0.8484816551208496,-1.0254933834075928,-1.3319227695465088,-1.1900221109390259,-1.2523332834243774,-1.1150761842727661,-1.1273608207702637,-1.0455600023269653,-1.1180528402328491,-1.623792052268982,-1.1030590534210205,-1.1744155883789062,-0.974481463432312,-1.1520826816558838,-1.0597609281539917,-0.8222575187683105,-1.135872483253479,-1.0465137958526611,-1.1247190237045288,-1.1513468027114868,-1.0742501020431519,-1.0212445259094238,-1.0842047929763794,-2.435126781463623,-1.3661975860595703,-1.2661100625991821,-1.2568644285202026,-1.3457832336425781,-1.2101023197174072,-1.3545010089874268,-1.574127435684204,-1.2398078441619873,-0.9967355728149414
4846.0,96.91900000000004,-24.493764609935845,222.8089372876785,386.545999038757,161858.95033824976,-24.437798602211625,222.92046340015213,386.5459900000001,161954.77948400006,4.298376599563769,8.583215545609328,-0.0003006314111382,19200.000000000007,0.0001538091278618,-9.858803188772849e-05,-9.040386425642353e-06,0.0,4.283697484328172,0.3625649238677704,8.562957831423635,-4.887361490941529,-0.00148414400244,-1.9006817278638304,19200.32564386884,-55.78077769868455,0.002,-3.806517177326664,0.0804078651272426,-0.898502525233841,6.0,10.0,180.0,-1.3369040569215869,-5.887593174385785,-0.1371974811527967,-3.206946366421891,751.5636814408783,39.77252198395615,167.1527273941312,752.6152986776641,567.0000000000001,-1.3369040569215869,-1.1017730236053467,-1.1795077323913574,-0.9144203662872314,-1.3256229162216187,-1.3936970233917236,-1.2899702787399292,-1.0754398107528687,-0.8509073257446289,-1.025504231452942,-1.3388512134552002,-1.1962890625,-1.257465124130249,-1.1192646026611328,-1.1310398578643799,-1.0243687629699707,-1.1176631450653076,-1.5860110521316528,-1.1272029876708984,-1.179614782333374,-0.9777978658676147,-1.1637030839920044,-1.0540592670440674,-0.8272749781608582,-1.1335022449493408,-1.050810694694519,-1.1246031522750854,-1.1673086881637573,-1.0869665145874023,-1.0234239101409912,-1.092423439025879,-2.4328105449676514,-1.3703712224960327,-1.268560528755188,-1.2834689617156982,-1.3001375198364258,-1.2027356624603271,-1.3592640161514282,-1.5830670595169067,-1.2033400535583496,-1.0237178802490234
4847.0,96.93900000000002,-24.407981581526816,222.9804393342816,386.5460040098197,162242.95216208047,-24.35193360085676,223.0921935007194,386.5459900000001,162338.77948400006,4.30110674876323,8.590812992747635,-0.0004671854526987,19200.000000000007,0.0002357813102482,0.000129463144474,-1.3909404805908156e-05,0.0,4.282947829998097,-3.3437703016437803,8.584968556436428,-4.026049072602607,-0.0036736664123488,0.011975178314989,19199.93016627405,-60.04435496528333,0.002,-3.856363852764415,0.0109411381808889,-0.9120892232540324,6.0,10.0,180.0,-1.354578429267348,-5.909660419359207,-0.1371970649804198,-3.1926083687038886,751.5203407204392,40.20976099197807,167.1483636970656,752.595149338832,565.5750000000002,-1.354578429267348,-1.0821287631988525,-1.1537806987762451,-0.8973157405853271,-1.313696265220642,-1.3684884309768677,-1.27040433883667,-1.0739063024520874,-0.828436017036438,-1.0129201412200928,-1.3201278448104858,-1.177469253540039,-1.2381298542022705,-1.0996384620666504,-1.110266089439392,-1.0181440114974976,-1.0974615812301636,-1.7082310914993286,-1.1016919612884521,-1.160085916519165,-0.9630998969078064,-1.1430718898773193,-1.04827082157135,-0.8169118165969849,-1.1150628328323364,-1.0389097929000854,-1.107177972793579,-1.153043270111084,-1.0762484073638916,-1.017110824584961,-1.080681562423706,-2.387878179550171,-1.352064847946167,-1.2441216707229614,-1.2684675455093384,-1.2910984754562378,-1.1950018405914307,-1.3433396816253662,-1.559981346130371,-1.1804134845733643,-1.0745855569839478
4848.0,96.95900000000002,-24.322361347536862,223.1521346626405,386.5459833981351,162626.95022325643,-24.26606859975262,223.2639235005365,386.5459900000001,162722.77948400006,4.309268788146989,8.591968337391412,0.0002195339086446,19200.000000000007,0.0004805477670019,0.0001638350858615,6.603279727644655e-06,0.0,4.30835227837518,1.0929441524751176,8.575923696793978,-1.162281977131446,-0.0041453959212642,2.681987282083123,19199.80946037864,-60.0825682403102,0.002,-3.843217733017271,0.0539549198553057,-0.8944667714329733,6.0,10.0,180.0,-1.3575045369645966,-5.881823982035289,-0.1411121232147604,-3.2094917101673857,751.6121703602196,39.40738049598903,167.1601818485328,752.6450746694161,570.4500000000002,-1.3575045369645966,-1.1042978763580322,-1.1874921321868896,-0.8988111019134521,-1.3282678127288818,-1.3930953741073608,-1.2808449268341064,-1.0774226188659668,-0.8396767377853394,-1.0266799926757812,-1.336592674255371,-1.2007105350494385,-1.2569009065628052,-1.1219372749328613,-1.1325788497924805,-1.0278303623199463,-1.1211323738098145,-1.6198807954788208,-1.106377124786377,-1.1837084293365479,-0.9752365946769714,-1.170336127281189,-1.053499698638916,-0.8279456496238708,-1.1339597702026367,-1.0476588010787964,-1.1186319589614868,-1.1706308126449585,-1.0734981298446655,-1.012139081954956,-1.0839173793792725,-2.4652395248413086,-1.3689601421356201,-1.265165090560913,-1.2867869138717651,-1.3531526327133179,-1.2149978876113892,-1.3610031604766846,-1.5915924310684204,-1.2356799840927124,-1.0388638973236084
4849.0,96.979,-24.236139660889044,223.3237167827141,386.5460146827535,163010.947667655,-24.180203599108115,223.43565350117188,386.5459900000001,163106.77948400006,4.297371165500893,8.596901722188898,-0.0008213757204696,19200.000000000007,0.0001239608180628,0.0003118188927885,-2.4682902489331533e-05,0.0,4.292984527669245,-2.38157028591071,8.561524090979331,2.987003068489147,0.0014738345979121,-0.3124566015865106,19199.724001560226,-34.368248377664976,0.002,-3.845864082263863,0.0214900019185975,-0.9032562110786722,6.0,10.0,180.0,-1.3183484257159386,-5.871483502802317,-0.1396541922050533,-3.242749058336244,751.2985851801097,39.11019024799452,167.0830909242664,752.316037334708,568.8000000000002,-1.3183484257159386,-1.0810520648956299,-1.1577022075653076,-0.8706946969032288,-1.309073805809021,-1.3727535009384155,-1.2556750774383545,-1.0714691877365112,-0.8205323219299316,-1.0120630264282227,-1.3124442100524902,-1.1770806312561035,-1.2342252731323242,-1.1001372337341309,-1.1104249954223633,-1.0426759719848633,-1.1041650772094727,-1.814935564994812,-1.0640439987182617,-1.1603708267211914,-0.9596120715141296,-1.1374024152755737,-1.0516669750213623,-0.8103256821632385,-1.1177189350128174,-1.030272126197815,-1.1014375686645508,-1.1342980861663818,-1.049870491027832,-1.0025078058242798,-1.067331075668335,-2.423258066177368,-1.3488214015960693,-1.243316888809204,-1.2431031465530396,-1.3668782711029053,-1.2136098146438599,-1.3410521745681763,-1.5607967376708984,-1.2565361261367798,-1.0392309427261353
4850.0,96.99900000000004,-24.15018481272348,223.4954364243616,386.54598727562,163394.94791730354,-24.094338194164926,223.60738430959805,386.5459900000001,163490.77948400003,4.294412978721008,8.597342617086476,5.906688475700048e-05,19200.000000000007,3.3936840257912547e-05,0.000322130963381,2.722994562639389e-06,0.0,4.308874187525789,-1.820394854130996,8.574264868914202,2.514306806137468,-0.0009714913477136,1.962260582720488,19199.86176152701,30.0428216797034,0.002,-3.8148298058746,0.0536986688466522,-0.894143327016519,6.0,10.0,180.0,-1.327567906270705,-5.917920511156484,-0.1416036626888833,-3.23967874431862,751.4812925900549,38.79809512399726,167.1220454621332,752.482518667354,559.6500000000001,-1.327567906270705,-1.0798159837722778,-1.1650183200836182,-0.8724629878997803,-1.3137776851654053,-1.368910551071167,-1.2574717998504639,-1.071650505065918,-0.8171460628509521,-1.011649250984192,-1.3147286176681519,-1.184255838394165,-1.2417027950286865,-1.1064186096191406,-1.1170841455459595,-1.0473843812942505,-1.1120610237121582,-1.7449724674224854,-1.0630005598068237,-1.1678000688552856,-0.9615288972854614,-1.137872576713562,-1.0485246181488037,-0.8131461143493652,-1.1176565885543823,-1.0339230298995972,-1.1013776063919067,-1.1425775289535522,-1.0515248775482178,-1.0031275749206543,-1.065103530883789,-2.442107915878296,-1.3556488752365112,-1.247350811958313,-1.2599366903305054,-1.4384560585021973,-1.2142254114151,-1.3472695350646973,-1.5737699270248413,-1.231030821800232,-1.09621000289917
4851.0,97.01900000000003,-24.064464467498546,223.6673224482389,386.5459978560248,163778.94713316826,-24.00847137355337,223.77911688552223,386.5459900000001,163874.77948400006,4.299358127514848,8.592211410298077,-0.0002624450047839,19200.000000000007,0.0001795389037228,0.0001678159902812,-7.755946401170043e-06,0.0,4.265680222227967,0.0526972772742222,8.613404893030175,6.712088120638464,-0.0009715020364525,-0.0556861347255907,19199.793039354023,-8.598851770058342,0.002,-3.902505189575847,0.099719365041261,-0.8747036514477395,6.0,10.0,180.0,-1.377904083057386,-5.897935772893844,-0.1415945714529666,-3.24844820182596,751.7296462950274,40.99304756199863,167.2075227310666,752.849759333677,557.9250000000001,-1.377904083057386,-1.083643913269043,-1.1707839965820312,-0.8603753447532654,-1.3120672702789307,-1.372460126876831,-1.2545068264007568,-1.0683417320251465,-0.8212332725524902,-1.0135984420776367,-1.3083404302597046,-1.187369465827942,-1.2442967891693115,-1.11090087890625,-1.122284173965454,-1.0674115419387817,-1.1233692169189453,-1.7951005697250366,-1.0435218811035156,-1.1721742153167725,-0.964015007019043,-1.1350301504135132,-1.0532686710357666,-0.8110437393188477,-1.124855399131775,-1.0331462621688843,-1.103530764579773,-1.1305221319198608,-1.0382111072540283,-0.9963634014129639,-1.0576597452163696,-2.5300676822662354,-1.3591800928115845,-1.2534255981445312,-1.2451835870742798,-1.506564736366272,-1.2262012958526611,-1.3486723899841309,-1.5773335695266724,-1.2783437967300415,-1.0576671361923218
4852.0,97.03900000000004,-23.978486316576856,223.8392785788148,386.5460242977712,164162.94483653147,-23.92260366805589,223.950848001639,386.5459900000001,164258.77948400003,4.295676812430393,8.5846289095166,-0.0011435064306474,19200.000000000007,6.88680186751254e-05,-5.587321746090077e-05,-3.4296279492193846e-05,0.0,4.298719148791643,-3.357671235259464,8.583977502450121,2.124260487881853,0.0048663371497256,-3.299713083798133,19200.067767100765,128.7653349960047,0.002,-3.9100007219419375,0.0689545289744777,-0.9259256618930144,6.0,10.0,180.0,-1.292053307417591,-5.891600297853577,-0.1435453515079451,-3.2643647340340265,751.7403231475137,40.30452378099932,167.2012613655333,752.8218796668384,562.4250000000002,-1.292053307417591,-1.0756038427352905,-1.149488091468811,-0.8729281425476074,-1.302944540977478,-1.3678783178329468,-1.2559986114501953,-1.0688307285308838,-0.8220735788345337,-1.0091755390167236,-1.3098807334899902,-1.1719179153442383,-1.232764482498169,-1.0964434146881104,-1.107753872871399,-1.0501362085342407,-1.1024702787399292,-1.792353868484497,-1.0629446506500244,-1.1558661460876465,-0.9585490226745605,-1.12494957447052,-1.0523501634597778,-0.8075465559959412,-1.1161255836486816,-1.0297541618347168,-1.1027365922927856,-1.127388596534729,-1.0521552562713623,-1.0082378387451172,-1.0665816068649292,-2.4045567512512207,-1.348071813583374,-1.242601990699768,-1.2347360849380493,-1.3757835626602173,-1.2080812454223633,-1.3381315469741821,-1.5538829565048218,-1.239275336265564,-1.0479755401611328
4853.0,97.05900000000004,-23.89293812024656,224.01089850256523,386.54602064688,164546.9476266765,-23.83673591413186,224.1225774259016,386.5459900000001,164642.77948400006,4.306350083805643,8.58832364798869,-0.0010209240245031,19200.000000000007,0.0003884129447955,5.470407225645971e-05,-3.0646063918176264e-05,0.0,4.272343935558084,4.644245982579996,8.598156196117328,4.155671887873654,-0.0088109284713128,-1.2821559795472055,19200.015821306435,-60.04530521784828,0.002,-3.8057286494537768,-0.0126199629479991,-0.913306165734084,6.0,10.0,180.0,-1.2954634403436915,-5.922380865285311,-0.1479453541392024,-3.260760084075553,751.6986615737569,41.14526189049965,167.20213068276666,752.8254398334192,563.3250000000002,-1.2954634403436915,-1.1126093864440918,-1.2052000761032104,-0.8878026008605957,-1.3297091722488403,-1.3994694948196411,-1.282536268234253,-1.0722883939743042,-0.8478630781173706,-1.0314587354660034,-1.3344860076904297,-1.2117397785186768,-1.2685848474502563,-1.1353868246078491,-1.1479012966156006,-1.063856840133667,-1.1454267501831055,-1.5415319204330444,-1.0866481065750122,-1.196899175643921,-0.9825490713119507,-1.1693967580795288,-1.0611075162887573,-0.8279028534889221,-1.1496573686599731,-1.0503299236297607,-1.1270161867141724,-1.159714937210083,-1.0590888261795044,-1.0075322389602661,-1.075181245803833,-2.5898756980895996,-1.3817381858825684,-1.2834190130233765,-1.2718231678009033,-1.477448582649231,-1.2327970266342163,-1.3693175315856934,-1.6064598560333252,-1.2981806993484497,-0.9898256659507751
4854.0,97.07900000000002,-23.806833280573088,224.18297902209704,386.54595728032734,164930.9460359971,-23.750886568675995,224.294269752179,386.5459900000001,165026.77948400006,4.281400615122008,8.542493532871028,0.0010928065910652,19200.000000000007,0.0001512117532176,-0.0002965587563144,3.271950038469798e-05,0.0,4.311917872900144,-0.4305412869866448,8.593485705362127,-0.4304019910902223,-0.0043681081762529,0.1181748191785628,19200.20426789277,85.82805239503728,0.002,-3.2747953758707435,-0.4521909980250574,-0.7871058419475285,6.0,10.0,180.0,-1.3222150242925608,-5.896965302398402,-0.1445388809262455,-3.255591718358354,751.9908307868784,40.21763094524982,167.25856534138333,753.0667199167096,561.9000000000001,-1.3222150242925608,-1.0927708148956299,-1.1750006675720215,-0.8916797637939453,-1.321151614189148,-1.3820198774337769,-1.2737623453140259,-1.0744354724884033,-0.8338674902915955,-1.0202560424804688,-1.327913522720337,-1.1922303438186646,-1.251570701599121,-1.1149442195892334,-1.1264536380767822,-1.0413792133331299,-1.1181930303573608,-1.6436997652053833,-1.0911535024642944,-1.1759917736053467,-0.9706712961196899,-1.1513687372207642,-1.0528314113616943,-0.8214507102966309,-1.1283527612686157,-1.043588399887085,-1.1144920587539673,-1.158401608467102,-1.067786455154419,-1.0134156942367554,-1.0770734548568726,-2.447596549987793,-1.3648738861083984,-1.2598973512649536,-1.271628975868225,-1.3932979106903076,-1.2114806175231934,-1.3550209999084473,-1.5816200971603394,-1.223524570465088,-1.0624529123306274
4855.0,97.09900000000002,-23.724001769948263,224.3462650401513,386.5459659768861,165314.95103215138,-23.67783937113473,224.4404362112713,386.5459900000001,165410.77948400006,2.720296279647005,5.57000080643312,0.0008065897168137,19200.000000000007,0.0023276763835944,0.0064272685768863,2.4022944356668807e-05,0.0,3.545022518305862,-112.249931789057,6.748394432174992,-239.0839144090659,0.0087845647065634,3.1133724342808207,19200.376903275966,47.14550227221871,0.002,-2.426607668636641,-0.2325634565962604,-0.5595654565115086,6.0,10.0,180.0,-0.7557637681343627,-4.911632878187522,-0.1430867053505609,-3.219185534531764,715.4269153934392,15.241315472624912,158.43078267069166,715.9998599583548,566.7750000000002,-0.7557637681343627,-0.6962058544158936,-0.7169812917709351,-1.017259120941162,-0.7247958183288574,-0.6054006814956665,-0.7972344160079956,-0.7734979391098022,-0.5671803951263428,-0.8966689705848694,-0.7483681440353394,-0.5779779553413391,-0.781760036945343,-0.49743884801864624,-0.4970727562904358,0.8657412528991699,-0.34691140055656433,-1.7324868440628052,-1.4307198524475098,-0.5713360905647278,-0.36337581276893616,-0.5619192719459534,-0.6308737397193909,-0.5204324722290039,-0.6951681971549988,-0.5919798612594604,-0.29390016198158264,-0.5887094736099243,-1.4508962631225586,-0.9493652582168579,-0.945993959903717,-0.5087003707885742,-0.8313026428222656,-0.6106833219528198,-1.1592795848846436,1.6855640411376953,-0.22759413719177246,-0.7114738821983337,-0.8426535725593567,1.1043438911437988,-1.551755428314209
4856.0,97.11900000000004,-23.6774933351575,224.4512251928033,386.54624895629775,165698.97495890415,-23.64915010920811,224.53148112484035,386.5459900000001,165794.77948400006,0.8699636130549049,5.540719398742286,-0.0086326876769348,19200.000000000007,0.0149978717742677,0.0227713584205287,-0.0002589562692828,0.0,1.2242740843979651,-78.18658508197225,5.032700071169666,69.58395634211828,0.008798136945245,-0.6059027922803558,19202.2143921178,145.95345953403327,0.002,-2.4724928274998312,1.2101873314467615,-0.6033374824563498,6.0,10.0,180.0,-0.675282514387018,-5.97525191075807,-0.1679853000641749,-3.0079997411314165,642.2514576967196,53.22315773631246,141.30089133534582,646.1689299791774,565.1250000000001,-0.675282514387018,-0.15165403485298157,-0.16594436764717102,-0.13218265771865845,-0.41565874218940735,-0.5415437817573547,-0.17734511196613312,0.01724679209291935,-0.23918642103672028,-0.01088770478963852,-0.4274504780769348,-0.407185435295105,-0.4297250807285309,-0.315887987613678,-0.2817869484424591,-0.6677358746528625,-0.40869686007499695,-2.101759433746338,-0.003138003870844841,-0.341880202293396,0.12319346517324448,-0.12534098327159882,-0.17392632365226746,-0.3585352599620819,-0.14226798713207245,-0.042614102363586426,-0.15154193341732025,0.047714509069919586,-0.2474357634782791,-0.2964083254337311,0.11446208506822586,0.0844363123178482,-0.597782552242279,-0.4185897707939148,-0.3629137873649597,-0.005776345729827881,-0.834894597530365,-0.5618150234222412,-0.6510733962059021,-1.3494257926940918,-1.1604585647583008
4857.0,97.13900000000004,-23.66347747405857,224.5739546967544,386.5464727588754,166083.02224227885,-23.648016274664776,224.668575745786,386.5459900000001,166178.77948400006,0.5141511325568591,8.880763599587926,-0.0160902831419991,19200.000000000007,0.0154294974050702,-0.0047790651930085,-0.0004827588554237,0.0,0.4696217336139422,0.7243305764581933,8.004092248485954,198.3758152305128,-0.0024288608339706,2.437084849920436,19202.2644913708,-107.22135752819564,0.002,-3.000577592014209,1.677690285375562,-0.7997286282377212,6.0,10.0,180.0,-0.9863904753510498,-6.848673959563544,-0.2202011659100134,-2.5614143959043068,637.9187288483598,168.9110788681562,147.2919456676729,670.3699649895887,563.4000000000001,-0.9863904753510498,-0.8657244443893433,-0.5642263889312744,-0.035707809031009674,-0.647117018699646,-0.6663267612457275,-0.47859668731689453,-0.25918668508529663,-0.4692873954772949,-0.4822482168674469,-0.4444196820259094,-0.653273344039917,-0.5656286478042603,-0.5167657732963562,-0.532658040523529,-1.1017632484436035,-0.734423041343689,-1.532335638999939,0.29743704199790955,-0.5865243077278137,0.0921638160943985,-0.5277705788612366,-0.2903643548488617,-0.3031143844127655,-0.5047891736030579,-0.07993996888399124,-0.21308352053165436,0.40841275453567505,-0.19558416306972504,-0.21848136186599731,-0.2653321623802185,-5.341640949249268,-0.7647771239280701,-0.5826473236083984,-0.3774239718914032,-2.684500217437744,-1.0885623693466187,-0.717607319355011,-0.9172670245170593,-2.480318307876587,-0.029774442315101624
4858.0,97.15900000000003,-23.655424324168283,224.75164300921787,386.546182792176,166467.03460158245,-23.648018991829005,224.859038928006,386.5459900000001,166562.7794840001,0.2467587558755871,9.02106478418981,-0.0064201674632128,19200.000000000007,0.0074071167789918,-0.0173692423751706,-0.0001927921765228,0.0,0.2533195818926008,-18.3073284657109,8.843727838498443,-10.137607551842242,0.0153816029361152,-0.368789094899207,19199.070480765546,-85.84169984526234,0.002,-3.27655532676575,1.6806274490663338,-0.8795244904862615,6.0,10.0,180.0,-0.9795044063165652,-6.133568103983765,-0.2431227715155261,-2.431634879900497,642.1653644241799,249.6165394340781,154.01847283383646,698.1454824947944,561.6750000000002,-0.9795044063165652,-0.6192395687103271,-0.6090432405471802,-0.6209993362426758,-0.6426257491111755,-0.6840874552726746,-0.6068525910377502,-0.6976748108863831,-0.4431755840778351,-0.6116971969604492,-0.6480821371078491,-0.6230906248092651,-0.6364454030990601,-0.5774589776992798,-0.5733943581581116,-0.4235535264015198,-0.6343041062355042,-1.51885986328125,-0.7575675845146179,-0.6011044383049011,-0.5429982542991638,-0.7028902173042297,-0.8205873370170593,-0.5739713907241821,-0.7084875106811523,-0.6060731410980225,-0.7238886952400208,-0.7549950480461121,-0.7719113826751709,-0.7818336486816406,-0.685968279838562,-0.4175887107849121,-0.7401381731033325,-0.643989086151123,-0.7944111824035645,0.17412206530570984,-0.6132448315620422,-0.7074170708656311,-0.824661135673523,-0.6107345819473267,-0.34551823139190674
4859.0,97.17900000000004,-23.652653527684286,224.9333566281691,386.5458669678595,166851.00856983836,-23.648021717377294,225.0510395420953,386.5459900000001,166946.77948400003,0.1543208013106327,9.362779128087572,0.0040980948443551,19200.000000000007,0.0046335850464408,-0.007118016811225,0.0001230321391849,0.0,0.1392689474669667,8.670162976452936,9.303744425527167,14.224904496802004,-0.0065964410492313,-1.2120799043945645,19198.625370869493,-55.864081233533625,0.002,-3.371465069867495,1.7134146574420654,-0.8879667306013477,6.0,10.0,180.0,-1.1840493864217403,-6.342134008353528,-0.2270245875391655,-2.680842364973725,647.5826822120899,301.7577697170391,159.35973641691822,720.4397412473973,566.1750000000002,-1.1840493864217403,-0.7876291275024414,-0.7590912580490112,-0.6362794637680054,-0.707940936088562,-0.7308225631713867,-0.6859343647956848,-0.7895526885986328,-0.5604827404022217,-0.7489625215530396,-0.6905121803283691,-0.717703104019165,-0.7072694301605225,-0.6893436908721924,-0.6984786987304688,-0.6193209886550903,-0.7868866920471191,-1.8767112493515015,-0.6844993829727173,-0.7138016223907471,-0.760267972946167,-0.8389315605163574,-0.8867129683494568,-0.6211578249931335,-0.8450359106063843,-0.7304933667182922,-0.8182121515274048,-0.7764438986778259,-0.7592880725860596,-0.7883946299552917,-0.8295087218284607,-1.8019745349884033,-0.7393435835838318,-0.7262662053108215,-0.7502920627593994,-0.26993411779403687,-0.6562694907188416,-0.7321375012397766,-0.9168919920921326,-0.9449613690376282,0.11828695237636566
4860.0,97.199,-23.650254412878507,225.1214811945335,386.5458407063866,167234.9807235967,-23.64802405074153,225.24304096985944,386.5459900000001,167330.77948400006,0.0743137078778081,9.492076151230124,0.0049757875683811,19200.000000000007,0.002231759439414,-0.0032418924736399,0.0001492936133182,0.0,0.0843640351971246,-5.128638433978226,9.48544166141586,2.5710524742368377,-0.0175818303223802,-0.97509096640419,19198.918491442484,60.03525150169062,0.002,-3.396185378778962,1.7236816713204397,-0.9123402321215716,6.0,10.0,180.0,-1.1601484783564886,-6.269594529834864,-0.2080150063748687,-2.9382900223105417,651.350841106045,332.7258848585195,162.79836820845912,734.8708706236987,567.0750000000002,-1.1601484783564886,-0.6949613094329834,-0.6523987054824829,-0.6396254301071167,-0.6388410925865173,-0.63299959897995,-0.6222385764122009,-0.7456549406051636,-0.5078954696655273,-0.6886809468269348,-0.6310049891471863,-0.6221872568130493,-0.6277680397033691,-0.603318452835083,-0.6121930480003357,-0.5229193568229675,-0.6937997341156006,-1.552964687347412,-0.6595698595046997,-0.6193655729293823,-0.6630914211273193,-0.749921441078186,-0.8631126284599304,-0.6006811261177063,-0.7747532725334167,-0.6750073432922363,-0.7750247716903687,-0.7579879760742188,-0.7768778800964355,-0.8132003545761108,-0.7551246881484985,-0.5854065418243408,-0.6525957584381104,-0.6385804414749146,-0.6931545734405518,0.0014143586158752441,-0.5717801451683044,-0.6469060778617859,-0.8075960874557495,-0.7429870963096619,0.004069074988365173
4861.0,97.21900000000002,-23.64920042835903,225.3116588617732,386.54586430876105,167618.9656371058,-23.64802496674137,225.4350441994416,386.5459900000001,167714.77948400006,0.0391836774959197,9.55291559402733,0.0041911827806291,19200.000000000007,0.0011758867291183,-0.0014171147529837,0.0001256912390533,0.0,0.0522004868554743,-3.047699219465455,9.52599925555472,1.0293263152983223,-0.0027041991418877,-2.8131437257849847,19199.58773817188,-60.03736530596986,0.002,-3.3351525007266254,1.7451409233869704,-0.8985855590651572,6.0,10.0,180.0,-1.185561774433862,-6.215923575109169,-0.1850735937782887,-3.0869642719389225,653.0804205530225,349.97444242925974,164.68618410422957,742.8114353118493,565.6500000000001,-1.185561774433862,-0.7060592174530029,-0.6553338766098022,-0.6607300639152527,-0.6326315999031067,-0.6267592906951904,-0.6295883655548096,-0.7458240389823914,-0.5151100158691406,-0.6979765892028809,-0.6304458975791931,-0.6209874153137207,-0.6275161504745483,-0.6075482368469238,-0.6201852560043335,-0.5283800363540649,-0.7021034359931946,-1.478400707244873,-0.6639600396156311,-0.6223272085189819,-0.6938328742980957,-0.7536832094192505,-0.8687376379966736,-0.6068543791770935,-0.7863706946372986,-0.6908308267593384,-0.7817320227622986,-0.7646716237068176,-0.7878771424293518,-0.8288177847862244,-0.7605828046798706,-0.5749163031578064,-0.6349867582321167,-0.6397408843040466,-0.679360032081604,0.003407105803489685,-0.5510367751121521,-0.63487708568573,-0.8031359910964966,-0.7285086512565613,0.06465975940227509
4862.0,97.23900000000005,-23.64839243881463,225.50271589980247,386.5458095762254,168002.95420883835,-23.648025000280683,225.62704595667543,386.5459900000001,168098.77948400006,0.0122438769930988,9.584312593353658,0.0060151486995952,19200.000000000007,0.0003674392511262,-0.000471057980701,0.0001804237747249,0.0,0.0363605920411957,-3.724581296577951,9.544964610746458,-1.7636708081634986,0.0124535142933685,2.325275633220305,19199.397408739045,-17.096690945431185,0.002,-3.4122862593692327,1.6810342417362012,-0.9185401584857902,6.0,10.0,180.0,-1.1591786802170794,-6.255861624636137,-0.1660237821242012,-3.204365565758264,653.8597102765112,359.4532212146299,165.7100920521148,747.1262176559246,563.9250000000002,-1.1591786802170794,-0.6967360377311707,-0.6485740542411804,-0.6679692268371582,-0.6249568462371826,-0.6199897527694702,-0.6235073804855347,-0.7432390451431274,-0.5026577115058899,-0.6953514814376831,-0.6284398436546326,-0.615007221698761,-0.6208657026290894,-0.602674126625061,-0.6156926155090332,-0.500312089920044,-0.6964443325996399,-1.4224295616149902,-0.664741039276123,-0.6150975227355957,-0.6909117698669434,-0.754577100276947,-0.8658897280693054,-0.6047858595848083,-0.7792073488235474,-0.6920071244239807,-0.7673284411430359,-0.785652756690979,-0.7930655479431152,-0.8319869041442871,-0.7617056369781494,-0.4148535132408142,-0.6198956966400146,-0.6257345676422119,-0.6892701387405396,0.015417352318763733,-0.5361131429672241,-0.6242579221725464,-0.7966716289520264,-0.6737722754478455,0.01184852421283722
4863.0,97.25900000000004,-23.64815022425566,225.69409322167056,386.5458584662747,168386.95063629549,-23.64802500002944,225.81904600047824,386.5459900000001,168482.77948400006,0.004204482319288,9.605050518942525,0.0043877572856177,19200.000000000007,0.0001252242013632,0.0001523795213775,0.0001315337253821,0.0,-0.0080445550311206,-1.7057870899887426,9.589853050964368,-1.4122850311667214,-0.0085267192671285,0.6066250875426775,19199.963226880223,-42.91656915666024,0.002,-3.4397199588861427,1.6533056267645698,-0.9168368749410506,6.0,10.0,180.0,-1.1372113871378065,-6.272362560115029,-0.1567467424512683,-3.235143442426131,653.9043551382556,366.43661060731495,166.4090460260574,750.0906088279623,561.3000000000001,-1.1372113871378065,-0.7076215147972107,-0.6562201380729675,-0.6765897274017334,-0.6236880421638489,-0.6183638572692871,-0.6301696300506592,-0.7444580793380737,-0.509777843952179,-0.7028104662895203,-0.628426194190979,-0.6169031262397766,-0.6227000951766968,-0.6077830791473389,-0.6223178505897522,-0.5126223564147949,-0.705753743648529,-1.4110051393508911,-0.6635620594024658,-0.6202210187911987,-0.7106913328170776,-0.7595247030258179,-0.8704524636268616,-0.6083414554595947,-0.7889080047607422,-0.7037963271141052,-0.7759204506874084,-0.7838760614395142,-0.795864462852478,-0.8380215764045715,-0.7688575983047485,-0.4731243848800659,-0.6133577823638916,-0.6296461224555969,-0.6801724433898926,-0.018579423427581787,-0.5270916819572449,-0.6194334626197815,-0.7966750860214233,-0.672423779964447,0.06073640286922455
4864.0,97.27900000000002,-23.64811197988911,225.88644909286472,386.5458633405406,168770.95056246108,-23.64802500000821,226.01104600001395,386.5459900000001,168866.77948400006,0.0029334757384619,9.593217682302914,0.0042225153764051,19200.000000000007,8.69798518306331e-05,-0.0002035899947422,0.0001266594595088,0.0,0.001943297700234,-2.62567231291904,9.624055046830591,1.2809346976699754,-0.0039284420085089,1.2812071973295367,19199.68977105045,-68.75737510257943,0.002,-3.4373539772701887,1.651153981377276,-0.8987213140879148,6.0,10.0,180.0,-1.1479510589226911,-6.271423077213997,-0.1425863010654317,-3.247431343870632,654.5146775691278,370.14030530365744,166.9025230130287,752.1888044139812,559.6500000000001,-1.1479510589226911,-0.6980065107345581,-0.6479547023773193,-0.6616219282150269,-0.6201125979423523,-0.6054097414016724,-0.6223446130752563,-0.7434651851654053,-0.5103132724761963,-0.6989705562591553,-0.6206367015838623,-0.6078004837036133,-0.6145959496498108,-0.6003437042236328,-0.615254282951355,-0.5266841650009155,-0.7018390893936157,-1.454534888267517,-0.6326488852500916,-0.611696720123291,-0.6948933601379395,-0.7474505305290222,-0.8678222894668579,-0.6046419739723206,-0.7793160080909729,-0.695723831653595,-0.7713976502418518,-0.7713155746459961,-0.7838101983070374,-0.8312380313873291,-0.756305992603302,-0.3942010998725891,-0.6044267416000366,-0.6202148795127869,-0.6641833782196045,-0.01840519905090332,-0.5291178822517395,-0.6101080775260925,-0.7889575958251953,-0.6893630027770996,0.04404595494270325
4865.0,97.29900000000004,-23.648101359176263,226.07853426118928,386.54591497581225,169154.95039077208,-23.648025000005152,226.20304600000708,386.5459900000001,169250.77948400006,0.0025440861783873,9.590383983934476,0.0024960752097167,19200.000000000007,7.635915330415772e-05,-0.0002885655106809,7.502418785985729e-05,0.0,0.0033890547164059,0.1191289954264799,9.559051871473226,3.056132183851468,0.0031758423520079,-0.1815380616008202,19199.93130610349,51.48697852752467,0.002,-3.5282737885868025,1.6701054585278556,-0.9012840375119068,6.0,10.0,180.0,-1.1523527660707504,-6.20274350074676,-0.1342805393159571,-3.249479811066935,654.0988387845639,370.8916526518288,166.87626150651437,752.0664022069906,557.9250000000001,-1.1523527660707504,-0.7135157585144043,-0.6632654666900635,-0.665215253829956,-0.6274513602256775,-0.6163197159767151,-0.6324588060379028,-0.748198390007019,-0.5212460160255432,-0.7088915109634399,-0.6281587481498718,-0.6209686994552612,-0.6259223222732544,-0.6142014265060425,-0.6306357979774475,-0.5498161315917969,-0.7190632820129395,-1.4881887435913086,-0.633463978767395,-0.626129150390625,-0.7180074453353882,-0.7618698477745056,-0.8700289130210876,-0.6100237369537354,-0.792068362236023,-0.7075452208518982,-0.7799598574638367,-0.7675007581710815,-0.780637264251709,-0.8311463594436646,-0.7679600715637207,-0.554126501083374,-0.6118289232254028,-0.6346791386604309,-0.6633913516998291,-0.051237404346466064,-0.5352113842964172,-0.6181377172470093,-0.8044490814208984,-0.7239213585853577,0.08407457172870636
4866.0,97.31900000000005,-23.648021144858856,226.2704697216392,386.5459746620495,169538.94952475527,-23.648025000000224,226.3950460000106,386.5459900000001,169634.77948400006,-0.0001285386860822,9.59252922512638,0.0005111435259266,19200.000000000007,-3.855180759861215e-06,-0.0002242296693775,1.5337950698877846e-05,0.0,-0.0083023381871185,-2.0701059263382744,9.59913386842732,5.188041917892479,0.000725978124959,-1.7124197626644964,19199.827831168102,-25.711729316417767,0.002,-3.4344231049108584,1.641719932658041,-0.9242702824997576,6.0,10.0,180.0,-1.1382222421546726,-6.2242164632476245,-0.1328166683901088,-3.2546221059159883,654.126419392282,372.3153263259144,167.0316307532572,752.7287011034953,562.4250000000002,-1.1382222421546726,-0.6964343786239624,-0.645053505897522,-0.651556670665741,-0.6180698871612549,-0.5943324565887451,-0.615592360496521,-0.7415486574172974,-0.5211334824562073,-0.6995754837989807,-0.6153183579444885,-0.6032636761665344,-0.6100143194198608,-0.597602128982544,-0.6134860515594482,-0.5521536469459534,-0.7030543088912964,-1.5294181108474731,-0.6084293127059937,-0.6088312864303589,-0.6908431053161621,-0.7376648783683777,-0.8648686408996582,-0.6034356951713562,-0.7770580053329468,-0.6882199048995972,-0.7749294638633728,-0.7457346320152283,-0.7696534991264343,-0.8248621821403503,-0.747801661491394,-0.43709832429885864,-0.5996796488761902,-0.6204633712768555,-0.6381807327270508,0.004454523324966431,-0.5345390439033508,-0.6045723557472229,-0.7844768762588501,-0.7466594576835632,0.09929549694061279
4867.0,97.33900000000004,-23.648139426954497,226.46218446202187,386.545970757037,169922.9427696829,-23.648025,226.5870460000004,386.5459900000001,170018.77948400006,0.0038193869186355,9.602036482364998,0.0006418497668828,19200.000000000007,0.0001144269772222,6.103652291271218e-05,1.9242963041963707e-05,0.0,0.0017219215005714,3.2937946019675635,9.591327224647715,4.819217848953045,-0.0034002977086246,-2.194324638532604,19199.70671273688,145.96184623134505,0.002,-3.3373190909115564,1.6265525448098497,-0.9071609224103389,6.0,10.0,180.0,-1.1533427454470837,-6.311486402205153,-0.1337935448953107,-3.309958066623674,654.245209696141,372.5591631629572,167.0768153766286,752.9193505517476,563.4000000000001,-1.1533427454470837,-0.7392049431800842,-0.6835545301437378,-0.672042191028595,-0.63861083984375,-0.6292589902877808,-0.6447839736938477,-0.7618778944015503,-0.5374739170074463,-0.725862979888916,-0.6373151540756226,-0.6356198191642761,-0.6380685567855835,-0.6291323900222778,-0.6466507315635681,-0.5641857385635376,-0.7350471019744873,-1.5030441284179688,-0.6435736417770386,-0.6423097848892212,-0.7460386157035828,-0.7860944867134094,-0.8767109513282776,-0.6198027729988098,-0.8112244606018066,-0.7201698422431946,-0.7954298257827759,-0.7730189561843872,-0.7838860750198364,-0.8352845907211304,-0.7902623414993286,-0.8213790655136108,-0.6196187734603882,-0.6508627533912659,-0.6620873212814331,-0.05788598954677582,-0.5438265800476074,-0.6282773017883301,-0.8173226714134216,-0.7720164656639099,0.16635142266750336
4868.0,97.35900000000002,-23.647833186591946,226.65415416590025,386.54591412705525,170306.94825242815,-23.648025,226.77904600000005,386.5459900000001,170402.77948400006,-0.0063905966176413,9.603045709787455,0.0025296028861789,19200.000000000007,-0.0001918131529911,9.14401215411035e-05,7.587294486259647e-05,0.0,0.0053834431808409,-3.236171504961668,9.597648943749713,2.5004551979166694,-0.0007242631295454,2.318939858665371,19200.39295544135,-64.37352004244232,0.002,-3.368156366998796,1.6738015694442248,-0.9030492642865384,6.0,10.0,180.0,-1.1259338411664277,-6.238250471554158,-0.1274364759485133,-3.2791423623824314,654.4441048480705,372.65208158147857,167.1244076883143,753.1216752758737,561.9750000000001,-1.1259338411664277,-0.6894450187683105,-0.641027569770813,-0.6527122259140015,-0.6166291832923889,-0.5986325144767761,-0.6129432320594788,-0.7411186099052429,-0.5091159343719482,-0.6958131790161133,-0.6148136258125305,-0.6021720767021179,-0.6083942651748657,-0.5950084924697876,-0.6099894642829895,-0.5262965559959412,-0.6970947980880737,-1.4810874462127686,-0.61858069896698,-0.6053317785263062,-0.6839420795440674,-0.7411794066429138,-0.8643550872802734,-0.6019914746284485,-0.7712188363075256,-0.6873841285705566,-0.7646827101707458,-0.765468955039978,-0.776696503162384,-0.825647234916687,-0.7497826218605042,-0.3369147777557373,-0.5979417562484741,-0.6135227084159851,-0.6557124853134155,0.012517541646957397,-0.5300096869468689,-0.604326069355011,-0.7839934825897217,-0.704296886920929,0.04104036092758179
4869.0,97.37900000000003,-23.64782257964567,226.84611443941503,386.5459826284117,170690.95174548484,-23.648025,226.9710460000001,386.5459900000001,170786.77948400006,-0.0067207401388356,9.604377724216404,0.0002194078234101,19200.000000000007,-0.0002024204610687,0.0001313647492699,7.371588413013476e-06,0.0,-0.0114903014586903,0.8564754086162549,9.623767959738036,0.6692983558486869,0.000249357375331,-0.7936716941440494,19200.27303392237,64.3457323525151,0.002,-3.343345095407236,1.7389471407469024,-0.8983423170587115,6.0,10.0,180.0,-1.1015380273363895,-6.2202816935103735,-0.126943319548959,-3.227856694308044,654.5175524240353,373.69754079073925,167.25820384415715,753.6953376379369,560.2500000000001,-1.1015380273363895,-0.724035382270813,-0.6687881946563721,-0.6809384822845459,-0.6283813118934631,-0.6217084527015686,-0.6398701667785645,-0.7523097991943359,-0.5225915908813477,-0.7149057388305664,-0.6340874433517456,-0.6240004301071167,-0.6291375160217285,-0.6175562143325806,-0.6343123912811279,-0.5364474058151245,-0.7203508615493774,-1.4269028902053833,-0.6548153758049011,-0.6300545930862427,-0.7329223155975342,-0.7724452614784241,-0.8745757937431335,-0.6145330667495728,-0.8012892007827759,-0.7163459658622742,-0.7861596345901489,-0.7805769443511963,-0.7938184142112732,-0.8421058654785156,-0.7795485854148865,-0.6049891710281372,-0.6112486124038696,-0.6380065679550171,-0.6702395677566528,-0.04963822662830353,-0.5281011462211609,-0.6195810437202454,-0.8038289546966553,-0.7025622725486755,0.11048118770122528
4870.0,97.39900000000004,-23.64791206106496,227.03830097205628,386.5459337082568,171074.95206740758,-23.648025,227.16304600000004,386.5459900000001,171170.77948400006,-0.0037653906981144,9.598152274905472,0.0018487260907476,19200.000000000007,-0.0001129401671198,-5.557433122876203e-05,5.629174332144797e-05,0.0,0.0063436143858899,2.318291203049984,9.611817462885895,-2.194867725119951,-0.0102729802591112,4.75655496007303,19199.87905553726,12.841284016496658,0.002,-3.341215967735784,1.7904209061318694,-0.9135156406117736,6.0,10.0,180.0,-1.0976830662605186,-6.262298514482238,-0.1259638987075335,-3.2345414430528825,654.7647762120176,373.42177039536966,167.27560192207858,753.7691688189684,565.0500000000001,-1.0976830662605186,-0.7380012273788452,-0.6848393678665161,-0.6965592503547668,-0.638725996017456,-0.6469175219535828,-0.6474354863166809,-0.7649750709533691,-0.517166256904602,-0.7254241704940796,-0.6461700201034546,-0.6403138637542725,-0.640925407409668,-0.6305876970291138,-0.6464666128158569,-0.5057613253593445,-0.728230357170105,-1.386305332183838,-0.6858203411102295,-0.6429330110549927,-0.7498071193695068,-0.8074142932891846,-0.876772940158844,-0.6207877993583679,-0.8109244704246521,-0.7275686264038086,-0.7860748171806335,-0.8137513399124146,-0.8091001510620117,-0.8465530872344971,-0.8060221076011658,-0.7018693685531616,-0.619816780090332,-0.6446024775505066,-0.7046142816543579,-0.0470583438873291,-0.5316689610481262,-0.6326867938041687,-0.8205369710922241,-0.6801164746284485,0.08688807487487793
4871.0,97.41900000000004,-23.64794420981531,227.2301047004506,386.5459872433085,171458.95306226035,-23.648025,227.35504600000004,386.5459900000001,171554.77948400006,-0.0026915279951471,9.604697896956722,9.238290691140905e-05,19200.000000000007,-8.079141039123194e-05,0.0001409982529453,2.756691686303176e-06,0.0,-0.0124522610374781,3.475430971607827,9.605489225922504,0.1176592712344408,0.0063536980056041,1.4691423047888876,19200.17116357273,60.10417396061374,0.002,-3.4892333254988923,1.7380308376143256,-0.9207772709239276,6.0,10.0,180.0,-1.084967480671663,-6.327688973477555,-0.1254755216767657,-3.2335741322543337,654.4498881060088,373.8218851976848,167.25730096103928,753.6915844094842,563.4000000000001,-1.084967480671663,-0.7433403134346008,-0.6886000037193298,-0.6916818022727966,-0.6389725804328918,-0.6428558826446533,-0.6503654718399048,-0.7641127109527588,-0.5271557569503784,-0.7282612323760986,-0.6443246006965637,-0.6413931846618652,-0.6425495147705078,-0.6333900094032288,-0.6503517031669617,-0.5299983024597168,-0.7348430752754211,-1.4180222749710083,-0.6747300624847412,-0.6462778449058533,-0.7564392685890198,-0.8032546639442444,-0.8775548338890076,-0.6220682859420776,-0.8154106736183167,-0.7295022010803223,-0.7917904257774353,-0.7987614870071411,-0.8020346164703369,-0.8449569344520569,-0.8053486347198486,-0.7811428904533386,-0.6204865574836731,-0.6502994894981384,-0.6896259188652039,-0.06588700413703918,-0.5342857241630554,-0.6321471333503723,-0.8214754462242126,-0.7110429406166077,0.12878774106502533
4872.0,97.43900000000004,-23.647971505098404,227.42237282900783,386.5459647268944,171842.95152274257,-23.648025,227.54704600000005,386.5459900000001,171938.7794840001,-0.0017805004316465,9.595758745883767,0.0008406827985559,19200.000000000007,-5.359443344908955e-05,-0.0001273229083148,2.527310575373248e-05,0.0,-0.0121971376880949,-2.075797235639378,9.601820606745154,-2.2496457034952746,0.0136748043191889,1.9627633064619587,19200.0331369719,-38.59795122858063,0.002,-3.5023672925007787,1.6500839199925736,-0.928011585267224,6.0,10.0,180.0,-1.078602616649095,-6.215814251900034,-0.1240277251347145,-3.2525930194665165,654.2559440530044,373.9554425988424,167.23315048051964,753.5882922047422,561.6750000000002,-1.078602616649095,-0.7020384073257446,-0.6497336626052856,-0.678363561630249,-0.6175845861434937,-0.6129124760627747,-0.625508189201355,-0.7420472502708435,-0.5067834854125977,-0.7015748023986816,-0.6249546408653259,-0.6104708909988403,-0.6166524887084961,-0.6028411388397217,-0.6183873414993286,-0.5038557052612305,-0.7012795805931091,-1.3867563009262085,-0.6584017276763916,-0.6140112280845642,-0.7089158296585083,-0.7553156018257141,-0.8695386052131653,-0.6073731184005737,-0.7847280502319336,-0.7025995850563049,-0.7700797915458679,-0.7884232401847839,-0.7967998385429382,-0.8404434323310852,-0.7655357718467712,-0.3886357545852661,-0.6016876101493835,-0.6212869882583618,-0.675670862197876,0.0020050108432769775,-0.5181726217269897,-0.6102529764175415,-0.7894333600997925,-0.6570032835006714,0.05279254913330078
4873.0,97.45900000000005,-23.64822178500097,227.6143032902111,386.54595313555234,172226.94752129543,-23.648025,227.7390460000001,386.5459900000001,172322.77948400006,0.0065588329500001,9.598053305347964,0.0012308386831607,19200.000000000007,0.0001967864908052,-5.758232390805601e-05,3.686444775437661e-05,0.0,0.0129342385989171,3.300813347026197,9.61597884453165,-1.955124857070789,0.008051794506805,-1.1690040932305454,19199.80972088194,64.38910277506021,0.002,-3.409560519944624,1.676041564118393,-0.9092839355469556,6.0,10.0,180.0,-1.1108341217160358,-6.240218872465788,-0.120625709321403,-3.288973563883391,654.8099720265022,373.3932212994212,167.28057524025982,753.7901461023711,566.1750000000002,-1.1108341217160358,-0.7494757175445557,-0.6884187459945679,-0.7053713798522949,-0.6401362419128418,-0.6459411382675171,-0.6567184329032898,-0.7646777033805847,-0.529498815536499,-0.7300360202789307,-0.6480368375778198,-0.6427637338638306,-0.6455637216567993,-0.6343245506286621,-0.6517726182937622,-0.5244085192680359,-0.7327404618263245,-1.3796236515045166,-0.6951606273651123,-0.6482267379760742,-0.7642703652381897,-0.8049793243408203,-0.8802652955055237,-0.6251869797706604,-0.8218228816986084,-0.7334401607513428,-0.8003579378128052,-0.8023226261138916,-0.8124605417251587,-0.8542802333831787,-0.80790114402771,-0.8124723434448242,-0.6241190433502197,-0.6559529900550842,-0.6914533376693726,-0.0448855459690094,-0.5311611890792847,-0.6356588006019592,-0.8208187818527222,-0.706627607345581,0.1558518260717392
4874.0,97.47900000000004,-23.64808607140341,227.80601725998025,386.5459960112798,172610.94880830473,-23.648025,227.93104600000007,386.5459900000001,172706.77948400006,0.002033544154299,9.607609225708792,-0.0002318611348601,19200.000000000007,6.107206926158665e-05,0.0002281403378057,-6.011279656679594e-06,0.0,0.0085629943334678,3.295176312844672,9.5605066621943,-0.7309208510328403,0.0024505107835225,-3.1187793374059023,19200.29046629865,-55.80076333288814,0.002,-3.380480546624001,1.7021583705362338,-0.9174314602733576,6.0,10.0,180.0,-1.1044883659555984,-6.249006922488532,-0.1186579217640188,-3.2838100680436533,654.3609860132511,372.3611106497106,167.07028762012993,752.8890730511855,567.1500000000002,-1.1044883659555984,-0.7460805773735046,-0.6851590871810913,-0.6985949277877808,-0.638338565826416,-0.6414431929588318,-0.6527975797653198,-0.7602489590644836,-0.5327295660972595,-0.7277066707611084,-0.6451780200004578,-0.6408061385154724,-0.6437696218490601,-0.6327368021011353,-0.6504766941070557,-0.5343120098114014,-0.732223629951477,-1.4017939567565918,-0.6891348361968994,-0.646728515625,-0.7619013786315918,-0.7970780730247498,-0.8788482546806335,-0.6240937113761902,-0.8199399709701538,-0.7288071513175964,-0.7996195554733276,-0.790360152721405,-0.8062739372253418,-0.8507015109062195,-0.8014644980430603,-0.8212641477584839,-0.6241580247879028,-0.6574809551239014,-0.6809588670730591,-0.02703768014907837,-0.5330950021743774,-0.6344841122627258,-0.8194459676742554,-0.7302064299583435,0.17965473234653473
4875.0,97.49900000000002,-23.64788350308867,227.998045919301,386.5460233958884,172994.95174207966,-23.648025,228.12304600000007,386.5459900000001,173090.7794840001,-0.0047168333144589,9.606653180033058,-0.0011141265413226,19200.000000000007,-0.0001414971250309,0.0001995743825609,-3.339588821927844e-05,0.0,0.0104619060366969,-1.7076024983438902,9.651108191787234,2.5686674438684705,0.0021924511164884,-3.5378017696002404,19200.11895649283,-8.61113148409387,0.002,-3.4189478413507057,1.6625123723818416,-0.9277877017964404,6.0,10.0,180.0,-1.0840198085277173,-6.271928726048113,-0.1230280890872893,-3.2443330519211635,655.2154930066256,373.24505532485534,167.34564381006498,754.0690365255928,558.3000000000001,-1.0840198085277173,-0.7070399522781372,-0.6503288745880127,-0.6678139567375183,-0.620885968208313,-0.6007922887802124,-0.6303980350494385,-0.7440550327301025,-0.5220208168029785,-0.7033915519714355,-0.625583291053772,-0.6078271865844727,-0.617117702960968,-0.6028348207473755,-0.6196830868721008,-0.5525937080383301,-0.7076271772384644,-1.4585835933685303,-0.6278189420700073,-0.6151658296585083,-0.7072957754135132,-0.7427555918693542,-0.8712547421455383,-0.6079496741294861,-0.7877148389816284,-0.7014399170875549,-0.7849363684654236,-0.7564052939414978,-0.7825725078582764,-0.8373517990112305,-0.7533718347549438,-0.46740084886550903,-0.6041824817657471,-0.6277431845664978,-0.6467344760894775,-0.030052706599235535,-0.5282009243965149,-0.6088336110115051,-0.7881743907928467,-0.716051459312439,0.09795598685741425
4876.0,97.51900000000003,-23.647999741861952,228.19064312000145,386.5460021303676,173378.95288094,-23.648025,228.31504600000008,386.5459900000001,173474.77948400006,-0.0008419626241551,9.586753925774932,-0.0004028015649425,19200.000000000007,-2.5258279098240675e-05,-0.000397423325232,-1.2130367437152931e-05,0.0,0.0024689456705303,-0.7324581377848556,9.60084738920793,-6.6647337650691485,-0.0119792314091336,-1.825758796096379,19199.89650194777,-77.28962467703056,0.002,-3.3780040964890903,1.6987804972405487,-0.9079122236392722,6.0,10.0,180.0,-1.0874363905782585,-6.222142907002981,-0.1235150269160309,-3.235117372057578,654.9127465033127,373.1505276624276,167.2733219050325,753.7590182627964,563.1750000000001,-1.0874363905782585,-0.721910834312439,-0.660715639591217,-0.7085844278335571,-0.6233705878257751,-0.6284154057502747,-0.6445633172988892,-0.7452206611633301,-0.510887861251831,-0.7099934816360474,-0.6408547163009644,-0.6220157146453857,-0.6296066045761108,-0.6138413548469543,-0.6303613781929016,-0.49495047330856323,-0.7083234190940857,-1.3139114379882812,-0.7050572633743286,-0.6270856857299805,-0.7392809391021729,-0.7658796906471252,-0.8733058571815491,-0.6159195899963379,-0.8027156591415405,-0.7199828624725342,-0.786536693572998,-0.8008716702461243,-0.8184699416160583,-0.8598004579544067,-0.7795660495758057,-0.511381983757019,-0.6126085519790649,-0.6384925246238708,-0.6897556781768799,-0.0030371248722076416,-0.5108432769775391,-0.62149578332901,-0.7983517646789551,-0.6341944336891174,0.10243166983127594
4877.0,97.53900000000004,-23.64789853769299,228.38250901992984,386.5459796527888,173762.950236129,-23.648025,228.5070460000001,386.5459900000001,173858.7794840001,-0.0042153899658717,9.59122366221715,0.0003478677248257,19200.000000000007,-0.0001264622658806,-0.0002633167736545,1.0347211342761892e-05,0.0,0.0041653329074289,-2.01137722250631,9.58840361925748,-3.663410164352186,-0.0038920510709153,1.268676773498001,19200.20520991812,-12.81624672828595,0.002,-3.361521809988553,1.727256533205604,-0.9036945731142096,6.0,10.0,180.0,-1.0741719903974825,-6.252962779883367,-0.122060166418877,-3.2720643898635915,654.6493732516564,372.8417638312138,167.1841609525163,753.3770091313982,561.5250000000001,-1.0741719903974825,-0.7059743404388428,-0.6518256664276123,-0.6864787340164185,-0.6199207901954651,-0.6180757284164429,-0.6308292150497437,-0.7426249384880066,-0.5061137080192566,-0.7026752233505249,-0.6292208433151245,-0.6139891743659973,-0.6207384467124939,-0.605853259563446,-0.6215014457702637,-0.5008626580238342,-0.7028216123580933,-1.3637638092041016,-0.671912431716919,-0.6175647974014282,-0.7154440879821777,-0.7579249739646912,-0.8710309863090515,-0.6091806292533875,-0.7889054417610168,-0.7068516612052917,-0.7733511328697205,-0.7934945821762085,-0.8028930425643921,-0.8453105688095093,-0.7691153287887573,-0.40992140769958496,-0.6062528491020203,-0.6262384653091431,-0.6819583177566528,0.0011986196041107178,-0.5171498656272888,-0.6144768595695496,-0.7932030558586121,-0.6483402252197266,0.05497920513153076
4878.0,97.55900000000004,-23.647965884481543,228.5744273291322,386.54602433584415,174146.9558510442,-23.648025,228.6990460000001,386.5459900000001,174242.779484,-0.0019665327518134,9.593960639145218,-0.0011760321286958,19200.000000000007,-5.9115502097733086e-05,-0.0001817273902343,-3.433584400235971e-05,0.0,0.0019426138464492,-1.399757017783296,9.561754499109878,-4.022791378686222,0.0009762135555113,0.3759134203405484,19200.118097643783,-64.33103505195986,0.002,-3.3265490030526,1.7524613528679265,-0.91506751011734,6.0,10.0,180.0,-1.0731870990353256,-6.256802879920149,-0.1249969733548301,-3.2156795994913687,654.1681866258282,372.3338819156069,167.02758047625815,752.7075045656991,569.4750000000001,-1.0731870990353256,-0.7116226553916931,-0.6547030806541443,-0.6888930201530457,-0.6217488050460815,-0.6225100755691528,-0.6292078495025635,-0.7451616525650024,-0.5103695392608643,-0.706807017326355,-0.6296614408493042,-0.6174453496932983,-0.6224597096443176,-0.6080952882766724,-0.6236048936843872,-0.49106961488723755,-0.7019901275634766,-1.3620061874389648,-0.686201810836792,-0.6201333999633789,-0.722194254398346,-0.7667505145072937,-0.8705040812492371,-0.6120957732200623,-0.7932682633399963,-0.7058237791061401,-0.776487410068512,-0.7938601970672607,-0.8072030544281006,-0.8474631309509277,-0.776591956615448,-0.487490713596344,-0.6085373163223267,-0.6305748820304871,-0.6823028922080994,0.050037115812301636,-0.5197218656539917,-0.6183353066444397,-0.794278085231781,-0.6707257032394409,0.10106416046619415
4879.0,97.57900000000002,-23.64789942139544,228.7659100024914,386.5459677128307,174530.95509066168,-23.648025,228.89104600000005,386.5459900000001,174626.7794840001,-0.0041854407553154,9.611185431488249,0.0007411911867232,19200.000000000007,-0.000125578605753,0.0003354923279192,2.228716939858218e-05,0.0,0.0051188214502757,-2.506850417323471,9.599593075405226,3.600960071200366,-0.0024561192661959,3.7188683364006137,19199.50053215596,-42.99394151635664,0.002,-3.3920804439809915,1.7638707862857204,-0.901948522682253,6.0,10.0,180.0,-1.0586103748671136,-6.302185145613656,-0.1235476147782964,-3.231525217027325,654.4280933129141,372.5874409578034,167.10979023812908,753.0587522828496,569.7750000000001,-1.0586103748671136,-0.6949748396873474,-0.6465438604354858,-0.6473687887191772,-0.6211599707603455,-0.6037582755088806,-0.6095453500747681,-0.7484615445137024,-0.5128669738769531,-0.7016027569770813,-0.6156764030456543,-0.606699526309967,-0.6099992990493774,-0.5981534719467163,-0.6125625371932983,-0.5191017389297485,-0.6984606981277466,-1.501474142074585,-0.6209783554077148,-0.6083584427833557,-0.6866916418075562,-0.7546113133430481,-0.8642828464508057,-0.6044507622718811,-0.7732618451118469,-0.6854179501533508,-0.7638474106788635,-0.7678350210189819,-0.7763022184371948,-0.8228746056556702,-0.7607723474502563,-0.4208001494407654,-0.5998044013977051,-0.6152872443199158,-0.6576235294342041,0.047394439578056335,-0.5380712151527405,-0.6083700656890869,-0.7872680425643921,-0.7342277765274048,0.06791004538536072
4880.0,97.59900000000002,-23.64794924308396,228.95821840139024,386.5460028477453,174914.9542375317,-23.648025,229.08304600000005,386.5459900000001,175010.77948400006,-0.0025283186255802,9.600911377142832,-0.0004955271322214,19200.000000000007,-7.575691733778791e-05,2.729165230266189e-05,-1.2847745077257132e-05,0.0,-0.0119814761899846,-0.7374419200091236,9.587636164485488,2.678766405121867,0.0039039435825013,-0.8506144903493091,19200.068450876974,51.45126987104866,0.002,-3.505035841736585,1.776992692625112,-0.9071575176456372,6.0,10.0,180.0,-1.0566849611117548,-6.230494388742559,-0.1260080218548923,-3.234568936488833,654.086046656457,373.1017204789017,167.09939511906452,753.0163761414249,577.3500000000001,-1.0566849611117548,-0.7112864255905151,-0.6549538373947144,-0.6592088341712952,-0.6239210367202759,-0.610670804977417,-0.616865873336792,-0.7512208223342896,-0.5246881246566772,-0.710600733757019,-0.6197571158409119,-0.6134681105613708,-0.6162445545196533,-0.6050353050231934,-0.6204897165298462,-0.5190744400024414,-0.7032573223114014,-1.4709484577178955,-0.6470587849617004,-0.6167144775390625,-0.7106895446777344,-0.764297604560852,-0.8685978055000305,-0.6114333271980286,-0.7884448170661926,-0.6924636363983154,-0.7774376273155212,-0.7653395533561707,-0.7865756750106812,-0.8331786394119263,-0.7729544639587402,-0.5891352295875549,-0.6044458150863647,-0.6283137202262878,-0.6528346538543701,0.08502930402755737,-0.536952555179596,-0.61426842212677,-0.7896385788917542,-0.7614137530326843,0.16216318309307098
4881.0,97.61900000000004,-23.648064447420943,229.150381898108,386.54600961321177,175298.95474377685,-23.648025,229.2750460000001,386.5459900000001,175394.77948400006,0.0013093552239179,9.59542846667512,-0.0006544652983744,19200.000000000007,3.944742079668984e-05,-0.0001364013005642,-1.96132102956434e-05,0.0,-0.0109760196216995,-2.9260267308803,9.612585619267229,6.105964311277406,0.0005066615957154,-1.7749108124087123,19199.724978752965,-34.28973984537818,0.002,-3.5244939901500616,1.7378016376954537,-0.9367054484312008,6.0,10.0,180.0,-1.0639921289952838,-6.275911586205666,-0.1274786090983731,-3.2402194937914643,654.2235233282286,373.7293602394509,167.19969755953227,753.4466880707124,577.5000000000001,-1.0639921289952838,-0.6921243667602539,-0.6374058127403259,-0.6402555704116821,-0.615959644317627,-0.589910626411438,-0.600934624671936,-0.7444213032722473,-0.5243070125579834,-0.7000157833099365,-0.6069498658180237,-0.5964944362640381,-0.6013479828834534,-0.5894497036933899,-0.604533851146698,-0.5339694619178772,-0.6907306909561157,-1.5392000675201416,-0.6094068288803101,-0.6003358364105225,-0.6792948246002197,-0.7362512946128845,-0.8622673153877258,-0.6034092307090759,-0.7707237005233765,-0.6721450090408325,-0.7712205648422241,-0.7399555444717407,-0.7692217826843262,-0.8237478733062744,-0.748763918876648,-0.4586367607116699,-0.5938102006912231,-0.6141935586929321,-0.6265568137168884,0.1106271743774414,-0.539823591709137,-0.6009948253631592,-0.7732577323913574,-0.7883510589599609,0.15250493586063385
4882.0,97.63900000000004,-23.648251068028564,229.34220949275087,386.54599201139104,175682.946473906,-23.648025,229.46704600000007,386.5459900000001,175778.77948400006,0.0075656384169883,9.601206077602209,-6.990461794837289e-05,19200.000000000007,0.0002260680285589,3.620787206123238e-05,-2.011389769855151e-06,0.0,-0.0041316847456234,0.6121700283163929,9.57594845154328,3.852077877589347,-0.0053822952059264,-0.6682159236220656,19199.62102519928,133.09220931870294,0.002,-3.5929377991366747,1.690529232637774,-0.9453681513148186,6.0,10.0,180.0,-1.0893346809938136,-6.333491389007138,-0.1279482337340215,-3.302753047529857,654.0037616641143,373.2191801197255,167.09634877976612,753.0028440353562,577.5750000000002,-1.0893346809938136,-0.7201919555664062,-0.6639976501464844,-0.6590876579284668,-0.6295397877693176,-0.6175675392150879,-0.6216818690299988,-0.7566547393798828,-0.5297774076461792,-0.7168243527412415,-0.6234655380249023,-0.6208704710006714,-0.6221720576286316,-0.6123631000518799,-0.6282006502151489,-0.5286288857460022,-0.7118673920631409,-1.4915133714675903,-0.6463713645935059,-0.6242841482162476,-0.7207505702972412,-0.7753592133522034,-0.8702126145362854,-0.6145245432853699,-0.7947604656219482,-0.6977149248123169,-0.7811695337295532,-0.7672107815742493,-0.7848708629608154,-0.831878662109375,-0.7814244627952576,-0.6842562556266785,-0.608768880367279,-0.6349522471427917,-0.6546729803085327,0.06918975710868835,-0.5423606038093567,-0.6192687153816223,-0.7982345223426819,-0.7813189625740051,0.1784355193376541
4883.0,97.65900000000003,-23.64819086982647,229.5345521078828,386.5459600084136,176066.9457751126,-23.648025,229.65904600000007,386.5459900000001,176162.7794840001,0.0055581537843984,9.58978338483015,0.0009972158275741,19200.000000000007,0.0001658698264589,-0.0003065031988562,2.99915701853904e-05,0.0,-0.0124465188398215,0.4203834288941504,9.636215138451282,-5.374030246890113,-0.0068348931856069,-2.9819226505841234,19199.99792782088,-64.34850816976402,0.002,-3.4631228409953945,1.6417685463975522,-0.9231230955359028,6.0,10.0,180.0,-1.0970790435689772,-6.256375567062516,-0.1235188997640827,-3.3283736746465182,654.4233808320571,374.2160900598627,167.2966743898831,753.8624220176781,577.6500000000001,-1.0970790435689772,-0.7329366207122803,-0.6664496064186096,-0.706943154335022,-0.6269321441650391,-0.6302924156188965,-0.6398323774337769,-0.7541182637214661,-0.5215998888015747,-0.719367265701294,-0.6381910443305969,-0.6248595714569092,-0.6292724609375,-0.6155623197555542,-0.6316803693771362,-0.4848584532737732,-0.7067078948020935,-1.333898663520813,-0.7139695882797241,-0.629120945930481,-0.7466116547584534,-0.7827659249305725,-0.8750705122947693,-0.6204249262809753,-0.8105517625808716,-0.7170981168746948,-0.7937446236610413,-0.7966213226318359,-0.8204265236854553,-0.8605620861053467,-0.7918751239776611,-0.6631602048873901,-0.6121373176574707,-0.6419700980186462,-0.6822885274887085,0.07186929881572723,-0.5178684592247009,-0.6243171691894531,-0.795828104019165,-0.6858072876930237,0.19015301764011383
4884.0,97.67900000000004,-23.64824825280086,229.72634159002183,386.5459141235875,176450.9420643369,-23.648025,229.85104600000008,386.5459900000001,176546.77948400006,0.0074409799816434,9.596818575206331,0.0024956594712093,19200.000000000007,0.0002232528008559,-9.588291003988236e-05,7.58763714795758e-05,0.0,0.0134042575500547,2.994181187832736,9.593978615962447,4.150446264811559,-0.0041684708803766,1.6995270045846596,19199.929323409244,68.63458154389085,0.002,-3.4046861539481923,1.6883742713734269,-0.8992316074469308,6.0,10.0,180.0,-1.1259405806753062,-6.210410019617667,-0.1171536816928445,-3.350946143369279,654.6491904160285,373.1505450299313,167.21983719494153,753.530711008839,577.7250000000001,-1.1259405806753062,-0.7400752305984497,-0.6843679547309875,-0.6680147647857666,-0.6422464847564697,-0.6363687515258789,-0.6351548433303833,-0.7702893018722534,-0.5349471569061279,-0.7302556037902832,-0.636703610420227,-0.638103187084198,-0.636452317237854,-0.6284713745117188,-0.6446214914321899,-0.5320037603378296,-0.7281346321105957,-1.4914854764938354,-0.6571524143218994,-0.6408655643463135,-0.7423793077468872,-0.8033099174499512,-0.8759773969650269,-0.622105062007904,-0.8089698553085327,-0.7122654318809509,-0.7874923348426819,-0.785917341709137,-0.790219247341156,-0.8337178230285645,-0.803573489189148,-0.8557688593864441,-0.6191657781600952,-0.6470933556556702,-0.6727343797683716,0.028509661555290222,-0.5513833165168762,-0.6321435570716858,-0.8169726729393005,-0.790765106678009,0.17949117720127106
4885.0,97.69900000000004,-23.647891289274902,229.91787805602985,386.54598132962514,176834.94513630803,-23.648025,230.0430460000001,386.5459900000001,176930.77948400003,-0.0044532914925593,9.612250610756425,0.0002882628390904,19200.000000000007,-0.0001337107251048,0.0003674456747833,8.670516038757368e-06,0.0,-0.0063586847887908,0.0614715516330392,9.596186480370612,1.6489853022146534,-0.0038665651470731,3.725723469756863,19200.480077464144,29.964634337694964,0.002,-3.4739575756253824,1.7240175497871535,-0.9190854906327336,6.0,10.0,180.0,-1.096764908618885,-6.270343417242367,-0.1161967507589805,-3.334042506846421,654.4015952080142,373.32527251496566,167.18941859747076,753.4018555044195,577.7250000000001,-1.096764908618885,-0.717443585395813,-0.6647005081176758,-0.6644999980926514,-0.6300286650657654,-0.6236377954483032,-0.6205219030380249,-0.759341299533844,-0.5197755098342896,-0.7161146402359009,-0.6271805167198181,-0.6225194334983826,-0.6224443912506104,-0.6124709844589233,-0.6271871328353882,-0.5035998821258545,-0.7090426683425903,-1.455533742904663,-0.6563079357147217,-0.6236295700073242,-0.7177686095237732,-0.7852045893669128,-0.8703092932701111,-0.6141472458839417,-0.7918792366981506,-0.698905348777771,-0.7736325263977051,-0.7862862944602966,-0.7923734188079834,-0.8331468105316162,-0.7866426706314087,-0.6207957863807678,-0.6081737279891968,-0.6294847130775452,-0.6738133430480957,0.06707029044628143,-0.5398982763290405,-0.6206361651420593,-0.7998700141906738,-0.7432502508163452,0.12750910222530365
4886.0,97.71900000000002,-23.648004711773204,230.10999155098244,386.5459460947648,177218.95099873396,-23.648025,230.23504600000007,386.5459900000001,177314.77948400006,-0.000676965088035,9.608471551020063,0.0014617647909941,19200.000000000007,-2.028822675342841e-05,0.0002542427139584,4.39054490583202e-05,0.0,-0.0068189097095556,1.9502300092822256,9.610353846640756,-4.02641316487532,0.0033952383559243,7.207619131793107,19199.84539098898,55.8256844917464,0.002,-3.4326965868333623,1.689373354507904,-0.9198904323112462,6.0,10.0,180.0,-1.0957914356780667,-6.305588280028638,-0.119159633618979,-3.285874091608227,654.4352976040071,373.66213625748287,167.23520929873538,753.5979277522097,577.7250000000001,-1.0957914356780667,-0.7373616695404053,-0.6833222508430481,-0.6995029449462891,-0.6380940675735474,-0.6519154906272888,-0.6381344795227051,-0.7686920166015625,-0.5137277245521545,-0.7266425490379333,-0.645402193069458,-0.6402597427368164,-0.6377459764480591,-0.6278485655784607,-0.642402172088623,-0.4689628481864929,-0.7188478708267212,-1.3640185594558716,-0.7057812213897705,-0.6397277116775513,-0.7475167512893677,-0.8182322382926941,-0.8723249435424805,-0.6224300265312195,-0.8092410564422607,-0.7204694747924805,-0.7819491028785706,-0.8227020502090454,-0.8162714242935181,-0.8479338884353638,-0.8103325963020325,-0.7167121767997742,-0.617458701133728,-0.6398901343345642,-0.7142913341522217,0.03789018094539642,-0.5321264863014221,-0.6340397596359253,-0.8162239789962769,-0.6822924613952637,0.10814529657363892
4887.0,97.73900000000002,-23.648012625706947,230.30230186747485,386.5460224771607,177602.94945641272,-23.648025,230.4270460000001,386.5459900000001,177698.77948400006,-0.0004123500281706,9.598143939652712,-0.00111677668643,19200.000000000007,-1.2374292264525033e-05,-5.60730634271677e-05,-3.2477826414190614e-05,0.0,0.0112318191597109,1.9501580296146688,9.599613981460422,-0.2497241250154228,0.0131928252015188,-0.7943600798618341,19200.547962143195,-17.100537557595693,0.002,-3.438513497427861,1.6620501773372205,-0.9021405506286472,6.0,10.0,180.0,-1.0986463177698067,-6.241293437873003,-0.1216087069742748,-3.298712429019344,654.6741488020036,373.0340681287414,167.2116046493677,753.4944638761049,577.7250000000001,-1.0986463177698067,-0.7385783791542053,-0.6775226593017578,-0.6877345442771912,-0.6365201473236084,-0.6360686421394348,-0.6392843127250671,-0.7638764977455139,-0.5301738977432251,-0.7260643839836121,-0.6379947662353516,-0.6340957880020142,-0.6353092193603516,-0.6243829131126404,-0.6407943367958069,-0.5127488970756531,-0.719904899597168,-1.4127393960952759,-0.6853470802307129,-0.637464165687561,-0.7467926740646362,-0.7979982495307922,-0.8770525455474854,-0.6223060488700867,-0.8112715482711792,-0.715316653251648,-0.7923832535743713,-0.7910663485527039,-0.8058913350105286,-0.8469592332839966,-0.7998925447463989,-0.7843254804611206,-0.6183322668075562,-0.647235095500946,-0.6785233020782471,0.048591554164886475,-0.5379253029823303,-0.6309020519256592,-0.8097171783447266,-0.7470936179161072,0.18391136825084686
4888.0,97.75900000000004,-23.64796206017977,230.4944109035349,386.5460363908463,177986.95342823342,-23.648025,230.61904600000005,386.5459900000001,178082.77948400006,-0.0021003817678855,9.59448673543572,-0.0015413849575405,19200.000000000007,-6.293981823814528e-05,-0.000165402597843,-4.639233606998922e-05,0.0,0.0024333757546632,2.018722282180907,9.631825504087152,2.995409159665821,0.0131828268670287,-3.488091927674776,19200.03260378784,34.3118154166408,0.002,-3.414948971817616,1.7310563512039003,-0.9008086203795972,6.0,10.0,180.0,-1.0883501087609515,-6.246182666501573,-0.1254921075145171,-3.2561319016559347,654.9965744010018,373.5450340643707,167.33580232468387,754.0272319380524,570.3000000000001,-1.0883501087609515,-0.7361286878585815,-0.6754819750785828,-0.6765257716178894,-0.634770929813385,-0.6258848905563354,-0.6407636404037476,-0.7608903646469116,-0.5364406108856201,-0.7237198948860168,-0.6356003880500793,-0.6290913820266724,-0.6328293085098267,-0.6221696138381958,-0.6394768357276917,-0.5468285083770752,-0.724083662033081,-1.4578100442886353,-0.6562607884407043,-0.6355047225952148,-0.7417929768562317,-0.7827312350273132,-0.8768643736839294,-0.6199972033500671,-0.8092031478881836,-0.7147434949874878,-0.7958654761314392,-0.7735871076583862,-0.7924431562423706,-0.8420879244804382,-0.7880381941795349,-0.778813362121582,-0.6158854365348816,-0.6467278599739075,-0.658940851688385,-0.0008257180452346802,-0.539970338344574,-0.625365674495697,-0.8066453337669373,-0.7662691473960876,0.18643783032894135
4889.0,97.77900000000002,-23.647986470272382,230.68665641183435,386.5460388944808,178370.956432197,-23.648025,230.8110460000001,386.5459900000001,178466.77948400012,-0.0012522459885628,9.586308958277495,-0.0016627939946568,19200.000000000007,-3.852973559406161e-05,-0.0004107087833632,-4.879494878838176e-05,0.0,2.53471639742861e-05,1.0382679072710108,9.574710814235443,-9.701159355692065,0.0017352650791298,-3.53755340871883,19200.13622520078,-60.09264455423611,0.002,-3.4036886035487326,1.767906894408088,-0.909885945696959,6.0,10.0,180.0,-1.0819794245595742,-6.223186266483434,-0.1308376322168817,-3.2376617220501656,654.4537872005009,372.96051703218535,167.15790116234194,753.2661159690263,570.3000000000001,-1.0819794245595742,-0.7397319078445435,-0.6724891662597656,-0.7332077026367188,-0.6284443736076355,-0.6445760726928711,-0.6546584367752075,-0.7503144145011902,-0.5162818431854248,-0.719983696937561,-0.6534096598625183,-0.6337186694145203,-0.6396159529685974,-0.6239569187164307,-0.6410028338432312,-0.4779045581817627,-0.7135640978813171,-1.2801190614700317,-0.7445768713951111,-0.6384066343307495,-0.763825535774231,-0.7846190333366394,-0.8726699352264404,-0.6256802678108215,-0.8160461783409119,-0.7332006692886353,-0.7972254753112793,-0.8119008541107178,-0.8349313735961914,-0.8721174001693726,-0.7920727729797363,-0.6495946645736694,-0.6201170682907104,-0.6514785885810852,-0.7028446197509766,0.025576382875442505,-0.5080904364585876,-0.6316251158714294,-0.8065774440765381,-0.6337624192237854,0.16191644966602325
4890.0,97.79900000000004,-23.647926786190663,230.87794941513803,386.5460270391383,178754.95627327124,-23.648025,231.0030460000001,386.5459900000001,178850.77948400006,-0.0032737414491225,9.609872990368368,-0.0012709135295553,19200.000000000007,-9.821385379160097e-05,0.0002960857286594,-3.703791242054048e-05,0.0,0.0156181898049764,-1.831216563077374,9.605951703004752,8.42469737798554,0.0019454542673792,0.5504301526053403,19200.06731758714,-4.284141249786012,0.002,-3.408484669054367,1.7174899651476625,-0.9176327165272594,6.0,10.0,180.0,-1.0736815088707354,-6.329145134749561,-0.1327943600828379,-3.233589227627936,654.8438936002505,372.6397585160927,167.20045058117097,753.4465579845131,570.3000000000001,-1.0736815088707354,-0.6979652643203735,-0.6480923891067505,-0.6397097110748291,-0.6241428852081299,-0.5957227945327759,-0.6085987687110901,-0.7512452602386475,-0.526098370552063,-0.7043116092681885,-0.6117650270462036,-0.6056902408599854,-0.6095703840255737,-0.5987564325332642,-0.6141371726989746,-0.5560664534568787,-0.7040845155715942,-1.5951086282730103,-0.5923718810081482,-0.6093894243240356,-0.6835863590240479,-0.74431973695755,-0.8646719455718994,-0.6042995452880859,-0.7740128636360168,-0.6803434491157532,-0.7721356749534607,-0.7423091530799866,-0.7607609629631042,-0.8184446096420288,-0.752748966217041,-0.5039714574813843,-0.60067218542099,-0.6193193197250366,-0.6335810422897339,0.04035197198390961,-0.5498348474502563,-0.6072356104850769,-0.7877317070960999,-0.7984486222267151,0.11041589081287384
4891.0,97.81900000000005,-23.64797353805761,231.070429005282,386.54603631956513,179138.95817693754,-23.648025,231.19504600000005,386.5459900000001,179234.77948400006,-0.0017145406672217,9.593893364467965,-0.0015377223659509,19200.000000000007,-5.146187370514967e-05,-0.0001831046782762,-4.6318332930170194e-05,0.0,-3.822741698582266e-06,-0.1191860281891244,9.60256309632403,-4.463008122844644,-0.0119874885389284,-5.80058926597481,19200.23916578401,-47.25647016940332,0.002,-3.398497820044338,1.729774452771719,-0.9051945470232938,6.0,10.0,180.0,-1.0712797141713586,-6.2505199844428025,-0.1367300807953413,-3.2212996202924664,654.6969468001253,372.95737925804633,167.20722529058548,753.4757789922566,571.4250000000002,-1.0712797141713586,-0.7278491258621216,-0.661226212978363,-0.703444242477417,-0.6246349215507507,-0.6255555152893066,-0.6417965292930603,-0.7474111318588257,-0.5231221914291382,-0.714108407497406,-0.6375054121017456,-0.6212353110313416,-0.6285009384155273,-0.6133555173873901,-0.6303448677062988,-0.5067428350448608,-0.7077192664146423,-1.3438034057617188,-0.7026385068893433,-0.6273605823516846,-0.7427597045898438,-0.76621013879776,-0.8767167925834656,-0.618146538734436,-0.8082618713378906,-0.7155521512031555,-0.7959723472595215,-0.7846772074699402,-0.8150807619094849,-0.8594710826873779,-0.7817869782447815,-0.6180227994918823,-0.6132140159606934,-0.6437815427780151,-0.6712466478347778,0.046134769916534424,-0.5172116160392761,-0.6221299767494202,-0.7946653366088867,-0.6901755928993225,0.18327711522579193
4892.0,97.83900000000004,-23.647920723969225,231.262375855596,386.5459963739193,179522.95931495092,-23.648025,231.38704600000003,386.5459900000001,179618.77948400003,-0.0034726696124313,9.59565994658082,-0.0002087943411156,19200.000000000007,-0.0001042757642231,-0.0001302543028451,-6.373812443443387e-06,0.0,0.0024525209139773,-3.363004038147293,9.600336191054884,-4.450205418125778,-0.0036533907218905,2.0183350472809414,19199.93068843045,-60.075140385177576,0.002,-3.394571731184372,1.7693991804594384,-0.9002874589535993,6.0,10.0,180.0,-1.0615438954904903,-6.233923272404216,-0.1367431004874543,-3.2136235873991965,654.6469734000626,372.9986896290232,167.20211264529274,753.4528894961283,563.7750000000001,-1.0615438954904903,-0.6969541311264038,-0.6430354118347168,-0.6825169920921326,-0.615383505821228,-0.6120826005935669,-0.623502254486084,-0.7393163442611694,-0.5008903741836548,-0.6974210739135742,-0.6241546273231506,-0.6068626642227173,-0.6141326427459717,-0.5982942581176758,-0.6132705211639404,-0.48730504512786865,-0.6932659149169922,-1.35201096534729,-0.6713718175888062,-0.6095380783081055,-0.7032976150512695,-0.7489290833473206,-0.8682413697242737,-0.6062779426574707,-0.7804379463195801,-0.6983311772346497,-0.7660149335861206,-0.7932038307189941,-0.8025203347206116,-0.8444737195968628,-0.7627419233322144,-0.33388978242874146,-0.6014375686645508,-0.6184201836585999,-0.6807570457458496,0.03266152739524841,-0.5139998197555542,-0.6097434759140015,-0.7848632335662842,-0.6366835236549377,0.041577890515327454
4893.0,97.85900000000002,-23.64799702538389,231.45437873218984,386.546009007878,179906.95955993747,-23.648025,231.5790460000001,386.5459900000001,180002.77948400006,-0.0009299672565966,9.59556634150842,-0.0006296564652263,19200.000000000007,-2.797492709767179e-05,-0.000133032103402,-1.9008132952334887e-05,0.0,0.0007307345326237,-0.7314871758788435,9.577394632453537,-2.74960946337594,0.0031591518794798,1.0310669359678273,19200.03327972472,-51.47934911157004,0.002,-3.421369172783844,1.7619035800683365,-0.9064096863761824,6.0,10.0,180.0,-1.062037170683169,-6.262211901395847,-0.1377014931235036,-3.2095264013817784,654.3239867000314,372.70734481451154,167.10255632264636,753.0279447480641,565.2,-1.062037170683169,-0.7147064805030823,-0.659716010093689,-0.6872894763946533,-0.6242432594299316,-0.6240227222442627,-0.6329700350761414,-0.7477010488510132,-0.5121378898620605,-0.7090001106262207,-0.6315369009971619,-0.6203674674034119,-0.6252039670944214,-0.6117500066757202,-0.6275614500045776,-0.5038540363311768,-0.7085423469543457,-1.3796600103378296,-0.6757529377937317,-0.6237363815307617,-0.7249633073806763,-0.7703534960746765,-0.872468888759613,-0.6124856472015381,-0.7950897216796875,-0.7103833556175232,-0.7785945534706116,-0.7936184406280518,-0.8035025596618652,-0.8450245261192322,-0.7786813974380493,-0.5085539817810059,-0.609718918800354,-0.6321750283241272,-0.682539701461792,0.00881098210811615,-0.5223937630653381,-0.6192007660865784,-0.7989673614501953,-0.6731477379798889,0.08710522949695587
4894.0,97.87900000000003,-23.64798051547689,231.64618745830617,386.5460018221837,180290.95960682348,-23.648025,231.77104600000007,386.5459900000001,180386.7794840001,-0.0014804114548762,9.601929321866823,-0.0004277163979928,19200.000000000007,-4.44859115938456e-05,5.8341404356591256e-05,-1.1822206318229512e-05,0.0,-0.0058734351443438,-2.5059230807197777,9.616438881352094,6.038455390958259,-0.0065943439172393,2.263486234830576,19199.621116974147,-38.64181681601569,0.002,-3.4375007631574364,1.763889882938229,-0.8912096993806973,6.0,10.0,180.0,-1.0571453253877745,-6.337839549245738,-0.1401256906825506,-3.2181864716097124,654.4859933500156,373.4206724072558,167.21777816132317,753.521972374032,566.8500000000001,-1.0571453253877745,-0.691922664642334,-0.6440680623054504,-0.6429401636123657,-0.6192806959152222,-0.5945155620574951,-0.6073601245880127,-0.7464646697044373,-0.517022430896759,-0.6999350786209106,-0.6108753681182861,-0.6022431254386902,-0.6065688729286194,-0.595414400100708,-0.6102426052093506,-0.5393600463867188,-0.6996581554412842,-1.5499775409698486,-0.5998609066009521,-0.605515718460083,-0.680546760559082,-0.7434885501861572,-0.8629708290100098,-0.6023482084274292,-0.7702749967575073,-0.6819047331809998,-0.7660360336303711,-0.7506584525108337,-0.7666345834732056,-0.8192814588546753,-0.7519329190254211,-0.4080524444580078,-0.5964020490646362,-0.6133332848548889,-0.642693281173706,0.027888447046279907,-0.5398098230361938,-0.6033726930618286,-0.7836712002754211,-0.7528365254402161,0.07644142210483551
4895.0,97.89900000000004,-23.648065515413737,231.83862308847569,386.5460048461044,180674.9576571156,-23.648025,231.96304600000008,386.5459900000001,180770.7794840001,0.0013481860485859,9.587412794376084,-0.0004948283498178,19200.000000000007,4.05144415441095e-05,-0.0003775863192733,-1.4846068375578894e-05,0.0,-0.0005129854830814,-0.1807720278946273,9.563457297600308,-3.781698655526181,0.0036917622217242,0.0003656232285216,19199.86190444631,51.49428758987803,0.002,-3.4225752509262795,1.7963299230637937,-0.8945772065328798,6.0,10.0,180.0,-1.0673834120270191,-6.2255407788159545,-0.1401260185646766,-3.233516913614552,654.0599966750078,372.7373362036279,167.05238908066158,752.812986187016,562.0500000000002,-1.0673834120270191,-0.7188703417778015,-0.6628412008285522,-0.6951801776885986,-0.6245766282081604,-0.6275307536125183,-0.6390768885612488,-0.7462158203125,-0.5126681327819824,-0.7101783156394958,-0.635108470916748,-0.6233477592468262,-0.6288533210754395,-0.6151248216629028,-0.6315066814422607,-0.5067219138145447,-0.7123757600784302,-1.3627046346664429,-0.6842207908630371,-0.6275879740715027,-0.7335270643234253,-0.7708017230033875,-0.8730199337005615,-0.6137045621871948,-0.7997605800628662,-0.7167309522628784,-0.7824528813362122,-0.7962875366210938,-0.80722576379776,-0.8489259481430054,-0.7804591655731201,-0.523576021194458,-0.6119231581687927,-0.6365675330162048,-0.6858685612678528,-0.013674721121788025,-0.5184040665626526,-0.6209975481033325,-0.8022792935371399,-0.6603012681007385,0.09008465707302094
4896.0,97.91900000000004,-23.648044856120528,232.0298402687208,386.54600695599567,181058.95687425192,-23.648025,232.15504600000003,386.5459900000001,181154.7794840001,0.0006561165700854,9.613513688011858,-0.0005656955259825,19200.000000000007,1.975693364292025e-05,0.0004054334682915,-1.6955991502730524e-05,0.0,-0.0065836180660618,-0.6073148896131532,9.582265806761203,6.781428623667121,-0.002233285782033,-1.4629541118694689,19199.792762926147,-12.843448042583542,0.002,-3.4337697190921403,1.821519182802412,-0.9119741593070092,6.0,10.0,180.0,-1.0678664212292468,-6.276406993671226,-0.1435454025068991,-3.247874108660324,653.946498337504,372.9076681018139,167.0486945403308,752.798493093508,563.7000000000002,-1.0678664212292468,-0.704861044883728,-0.653916597366333,-0.6507930755615234,-0.6231786012649536,-0.6004533767700195,-0.6185342669487,-0.7469388246536255,-0.5271351933479309,-0.7060601115226746,-0.6177316904067993,-0.6102428436279297,-0.6150839924812317,-0.6045739650726318,-0.6208601593971252,-0.5617506504058838,-0.7114784717559814,-1.562742829322815,-0.605373203754425,-0.6158860921859741,-0.7005594968795776,-0.7476094365119934,-0.8663858771324158,-0.6063290238380432,-0.7828097343444824,-0.6927832961082458,-0.7781324982643127,-0.7462373971939087,-0.7663094997406006,-0.8229843378067017,-0.756247341632843,-0.5361056923866272,-0.6029136180877686,-0.626415491104126,-0.6378655433654785,-0.00406976044178009,-0.5406193137168884,-0.6088210344314575,-0.7924184203147888,-0.773102343082428,0.12170824408531189
4897.0,97.93900000000004,-23.648017330437057,232.2215686854488,386.5460127871895,181442.95431613,-23.648025,232.3470460000001,386.5459900000001,181538.7794840001,-0.0002530778997258,9.622562732022905,-0.0007619091115583,19200.000000000007,-7.668121057342925e-06,0.0006769110347757,-2.278719134510036e-05,0.0,-0.0029111185170559,-1.16306361152526,9.59350686082879,6.468361771464447,0.0039320343414701,-0.9135563199420648,19199.998403909336,120.1796815250414,0.002,-3.433742241074146,1.7599320520386963,-0.9148750292055412,6.0,10.0,180.0,-1.065900817837141,-6.295985261490444,-0.146477177397242,-3.26430464207912,654.088749168752,373.0468340509069,167.09384727016538,752.9912465467539,563.0250000000001,-1.065900817837141,-0.7014368772506714,-0.6509274244308472,-0.6501420736312866,-0.6217659711837769,-0.5978070497512817,-0.6170716881752014,-0.7460018396377563,-0.5246241092681885,-0.7039273381233215,-0.616593062877655,-0.6078077554702759,-0.6131302118301392,-0.6020839214324951,-0.6182094812393188,-0.5585817098617554,-0.7086639404296875,-1.5566407442092896,-0.6034299731254578,-0.6131767630577087,-0.6957330107688904,-0.7448238730430603,-0.865617573261261,-0.6051161885261536,-0.7799636125564575,-0.6909843683242798,-0.7758943438529968,-0.7467398643493652,-0.766606867313385,-0.8227568864822388,-0.7533847093582153,-0.4944261312484741,-0.6013306379318237,-0.6232839226722717,-0.6386325359344482,-0.003679409623146057,-0.5394436717033386,-0.6071256995201111,-0.7900146842002869,-0.7641838788986206,0.10602851212024689
4898.0,97.95900000000002,-23.64807531256132,232.41420630914465,386.5459560685427,181826.95450831816,-23.648025,232.5390459999921,386.5459900000001,181922.7794840001,0.0016768926273177,9.601315056240834,0.0011335457467954,19200.000000000007,5.031298617428863e-05,3.948428573465512e-05,3.393145690565475e-05,0.0,-0.0036666104039639,2.138590799952905,9.64479997301724,-4.0378016713298255,-0.0051155611257457,0.5503531732166931,19199.80966383196,-64.38601443998145,0.002,-3.3977818655976963,1.6900341674914223,-0.910154704676276,6.0,10.0,180.0,-1.0702810418605535,-6.251995453601514,-0.1435664649941857,-3.278178380096075,654.735874584376,373.9704170254535,167.3319236350827,754.0111232733769,557.7750000000002,-1.0702810418605535,-0.7398844957351685,-0.6819651126861572,-0.7101962566375732,-0.6341360807418823,-0.6416280269622803,-0.6567120552062988,-0.7579460144042969,-0.5183780193328857,-0.7226807475090027,-0.6469859480857849,-0.6365827918052673,-0.6412956714630127,-0.6289152503013611,-0.6459208726882935,-0.515601634979248,-0.7282091975212097,-1.3480654954910278,-0.6940404772758484,-0.6423935294151306,-0.7566441297531128,-0.7935155034065247,-0.8788415789604187,-0.621133029460907,-0.8152449727058411,-0.7353188991546631,-0.794620931148529,-0.8092477321624756,-0.8149548768997192,-0.8559339642524719,-0.7988116145133972,-0.6665440797805786,-0.6190712451934814,-0.647603452205658,-0.6988115906715393,-0.08796629309654236,-0.5198392868041992,-0.6294175982475281,-0.8155418634414673,-0.6493468880653381,0.09609679877758026
4899.0,97.979,-23.648033381381776,232.60624878778657,386.5459735534881,182210.95256805955,-23.648025000004445,232.7310459999572,386.5459900000001,182306.77948400003,0.0002760181392773,9.599893738210296,0.0005504232842107,19200.000000000007,8.381123193753088e-06,-3.1898951766211483e-06,1.644651200066374e-05,0.0,-0.0041589660258003,0.131595292552358,9.60400624767218,3.1201654067849374,-0.0078254760747702,-1.955876196447876,19200.324942023064,81.51820694820454,0.002,-3.37254890867132,1.701852862714885,-0.9051651369848834,6.0,10.0,180.0,-1.070797958868973,-6.237221538652127,-0.1430925932490427,-3.280740528388664,654.578437292188,373.7872085127267,167.27896181754136,753.7835616366885,559.4250000000002,-1.070797958868973,-0.7155702114105225,-0.661425769329071,-0.668095588684082,-0.6256519556045532,-0.6109036207199097,-0.6330984830856323,-0.7484426498413086,-0.5247179865837097,-0.7102219462394714,-0.6286623477935791,-0.6174160242080688,-0.6235509514808655,-0.6119756698608398,-0.628930389881134,-0.5527988076210022,-0.7174317836761475,-1.4746884107589722,-0.6326717138290405,-0.6240886449813843,-0.7206094861030579,-0.7585688233375549,-0.8717585206031799,-0.6110693216323853,-0.7940391898155212,-0.708165168762207,-0.7845606207847595,-0.7634176015853882,-0.7821801900863647,-0.8353434801101685,-0.7667030096054077,-0.5629239678382874,-0.6077208518981934,-0.6340884566307068,-0.6542723178863525,-0.04048009216785431,-0.5316798686981201,-0.6142805218696594,-0.7988460659980774,-0.7285059690475464,0.11311601102352142
4900.0,97.99900000000002,-23.6479891287853,232.79837096587545,386.5459617926202,182594.95775744968,-23.64802500002773,232.92304599993275,386.5459900000001,182690.77948400003,-0.001195152257853,9.59582201832166,0.0009070506631098,19200.000000000007,-3.587131171152424e-05,-0.0001252629591695,2.8207379860022787e-05,0.0,-0.0002295819383743,1.268310498083163,9.617442379335204,-1.7686046886309916,-0.0058520475731413,3.9689702686887136,19200.18844543081,-4.328251467981199,0.002,-3.3562242986603774,1.7276472891673529,-0.8974757322826844,6.0,10.0,180.0,-1.066417166632304,-6.282573246570722,-0.1401426862406847,-3.242244855174796,654.730718646094,373.7791042563633,167.30898090877068,753.9122808183442,561.1500000000001,-1.066417166632304,-0.7284773588180542,-0.6763031482696533,-0.6911671161651611,-0.6332054138183594,-0.6369357705116272,-0.6433667540550232,-0.7585757970809937,-0.514602541923523,-0.7188544273376465,-0.6406066417694092,-0.6323846578598022,-0.6349356770515442,-0.6238274574279785,-0.6398122310638428,-0.5121111273765564,-0.7232987880706787,-1.3918248414993286,-0.6730149388313293,-0.6358505487442017,-0.739454984664917,-0.7923639416694641,-0.8752430081367493,-0.616643488407135,-0.8040787577629089,-0.722859263420105,-0.7820324301719666,-0.8057389855384827,-0.8040051460266113,-0.8444786071777344,-0.7952836751937866,-0.6108715534210205,-0.6148999929428101,-0.6385262608528137,-0.6957640647888184,-0.056125491857528687,-0.5278403162956238,-0.6260566711425781,-0.8131458163261414,-0.6708565950393677,0.06885215640068054
4901.0,98.01900000000003,-23.64797761446481,232.99037403753616,386.5459657969144,182978.96114994035,-23.64802500006494,233.1150460000925,386.5459900000001,183074.7794840001,-0.001584689903212,9.59571887402766,0.0007779522750684,19200.000000000007,-4.738552805427983e-05,-0.0001285324473869,2.420308565148973e-05,0.0,-0.0007482901599827,1.8313032975875907,9.592271639929267,-1.338558023376093,0.0066018817382501,4.144376008528947,19200.222802911383,103.0422235752294,0.002,-3.394665538858388,1.7335642445355703,-0.9066992870140996,6.0,10.0,180.0,-1.061023155296201,-6.276806178945358,-0.1396263157492984,-3.217131277742773,654.507359323047,373.3865521281817,167.21849045438535,753.5236404091721,562.8750000000001,-1.061023155296201,-0.7312851548194885,-0.679612398147583,-0.6900010704994202,-0.6350393891334534,-0.6405080556869507,-0.6434732675552368,-0.7602015733718872,-0.5168231725692749,-0.7211529016494751,-0.6419870257377625,-0.6357508897781372,-0.6371710300445557,-0.6267237663269043,-0.6428213715553284,-0.5129152536392212,-0.7259843349456787,-1.401578426361084,-0.6745993494987488,-0.6387611627578735,-0.7429258823394775,-0.7970755696296692,-0.8750093579292297,-0.6178380250930786,-0.8059457540512085,-0.7232339978218079,-0.782451331615448,-0.8060775995254517,-0.8033453226089478,-0.8431361317634583,-0.7985608577728271,-0.6521009802818298,-0.6169179081916809,-0.6412054896354675,-0.6970109939575195,-0.04948848485946655,-0.5309873223304749,-0.6286909580230713,-0.8167086243629456,-0.6833136677742004,0.07872427999973297
4902.0,98.03900000000004,-23.647971811681085,233.1824543018159,386.5459913099285,183362.96380393303,-23.6480249999974,233.30704600077587,386.5459900000001,183458.7794840001,-0.0017766545872353,9.593052485061154,-3.5873127532203006e-05,19200.000000000007,-5.3188391751046e-05,-0.0002083947817219,-1.3099284040567843e-06,0.0,-0.0021655674495264,1.1621924302606397,9.610854744329885,-3.612787834162249,0.0068228789901768,1.5875878484293922,19200.27276094649,-64.29084892564563,0.002,-3.4161231987900744,1.7137304262400914,-0.9119291974532296,6.0,10.0,180.0,-1.055183802833684,-6.254459034410441,-0.1401195399485724,-3.1941121066145035,654.5816796615235,373.5382760640909,167.25074522719268,753.6633202045861,558.3000000000001,-1.055183802833684,-0.7298535108566284,-0.6747275590896606,-0.7018340229988098,-0.6306602358818054,-0.636806845664978,-0.6488214135169983,-0.7539234161376953,-0.514502763748169,-0.7172572016716003,-0.6420530676841736,-0.6316595077514648,-0.6362729072570801,-0.6236621141433716,-0.6403123140335083,-0.5121816396713257,-0.7226787805557251,-1.3596980571746826,-0.6852928996086121,-0.6363982558250427,-0.7452582120895386,-0.7861177921295166,-0.8760797381401062,-0.6173580884933472,-0.8071906566619873,-0.7274348139762878,-0.7870926856994629,-0.8060240745544434,-0.8100811243057251,-0.8510259389877319,-0.7919337749481201,-0.5941244959831238,-0.6159063577651978,-0.6415167450904846,-0.6960992813110352,-0.06716503202915192,-0.5206685662269592,-0.6259592771530151,-0.8115450143814087,-0.6508516669273376,0.07532651722431183
4903.0,98.05900000000004,-23.648060775891008,233.37412516668456,386.5459841646507,183746.9607152752,-23.64802499938335,233.49904687033896,386.5459900000001,183842.7794840001,0.0011953029980535,9.60414854448607,0.0001587452403375,19200.000000000007,3.577596718040777e-05,0.0001204902790797,5.835349462967062e-06,0.0,0.0004872303789797,2.13811513567195,9.580638600354728,2.5091328053318183,0.0109734014147186,-0.9690418273851052,19199.79154242928,60.05321573440481,0.002,-3.391059043370328,1.747043422419864,-0.9053063209189832,6.0,10.0,180.0,-1.0591046464540108,-6.253529087994043,-0.1386781972918367,-3.21820506681794,654.3253398307618,373.0396380320455,167.14137261359633,753.193660102293,567.3750000000001,-1.0591046464540108,-0.7324029207229614,-0.676446795463562,-0.6754825115203857,-0.6345047354698181,-0.628523588180542,-0.6391807794570923,-0.7589172124862671,-0.5307677984237671,-0.7219454646110535,-0.6348384022712708,-0.6314749121665955,-0.6338659524917603,-0.6238927841186523,-0.6408652067184448,-0.5412168502807617,-0.725926399230957,-1.4616072177886963,-0.6560983657836914,-0.6365605592727661,-0.7403113842010498,-0.7853701710700989,-0.8747664093971252,-0.6184502243995667,-0.8063682317733765,-0.7153873443603516,-0.7887988686561584,-0.7786811590194702,-0.7910484075546265,-0.8385832905769348,-0.7892956733703613,-0.7381908297538757,-0.616273045539856,-0.6451446413993835,-0.668328046798706,-0.01627272367477417,-0.5389363169670105,-0.6261489987373352,-0.8113315105438232,-0.7504923939704895,0.15268628299236298
4904.0,98.07900000000002,-23.648016922295213,233.56618611587243,386.54600878498206,184130.96153064,-23.648024538784032,233.6910499733128,386.5459900000001,184226.7794840001,-0.0002170589506865,9.60219937091776,-0.0006577953282614,19200.000000000007,-8.041730700260308e-06,6.131307399838609e-05,-1.878498193506363e-05,0.0,0.0122139228799269,-0.0514683977678424,9.61122800025701,-3.657701396921445,0.0068494086232901,-2.8123135122966945,19200.153302649065,-68.73503919729998,0.002,-3.376367812092745,1.786954881714638,-0.9060215852604154,6.0,10.0,180.0,-1.0571397234934523,-6.270035122770145,-0.1396590891141482,-3.2222878535786075,654.7741699153809,372.8803190160227,167.21418630679818,753.5043300511466,566.7000000000002,-1.0571397234934523,-0.7263721823692322,-0.6642014980316162,-0.699495792388916,-0.6269104480743408,-0.6266080141067505,-0.6428820490837097,-0.750248908996582,-0.5197892785072327,-0.7141255140304565,-0.6377182602882385,-0.6236774921417236,-0.6302311420440674,-0.6155902147293091,-0.632378101348877,-0.51042640209198,-0.7116028070449829,-1.35653555393219,-0.6910400390625,-0.6289666891098022,-0.7390837073326111,-0.7717007994651794,-0.876433789730072,-0.6170119047164917,-0.805692195892334,-0.717735767364502,-0.7911747097969055,-0.7916737198829651,-0.8116037845611572,-0.8547389507293701,-0.7829948663711548,-0.5941060185432434,-0.6139894127845764,-0.6411961913108826,-0.678984522819519,0.008395612239837646,-0.5207167267799377,-0.6230928897857666,-0.7999227046966553,-0.6805513501167297,0.13395725190639496
4905.0,98.09900000000005,-23.648002547293565,233.75790330093827,386.5460264432405,184514.9618382725,-23.64802262136024,233.88305217656816,386.5459900000001,184610.7794840001,-0.0005943738613685,9.61163059509632,-0.0012138620345886,19200.000000000007,-2.148932026099686e-05,0.0003474223350677,-3.6443240454646974e-05,0.0,0.0054571304766301,1.040016264652455,9.59258971644113,3.107662944596926,-0.0004795648679423,-3.119186913401916,19200.119890641326,12.858629079994673,0.002,-3.375618186308146,1.752256066651713,-0.9134874139861532,6.0,10.0,180.0,-1.0537463715935815,-6.335851434923032,-0.14208522340769,-3.2105326298206824,654.6535849576904,372.7306595080114,167.17259315339908,753.3256650255732,561.4500000000002,-1.0537463715935815,-0.7244417667388916,-0.6680710315704346,-0.6719402074813843,-0.6300617456436157,-0.6182060241699219,-0.638651967048645,-0.7522093057632446,-0.5297861695289612,-0.7152142524719238,-0.6328399777412415,-0.6237485408782959,-0.6293384432792664,-0.6177928447723389,-0.6351284980773926,-0.5562025308609009,-0.7225337028503418,-1.4705113172531128,-0.6422680020332336,-0.6306211352348328,-0.7310912609100342,-0.767112672328949,-0.8739314675331116,-0.6147014498710632,-0.8012603521347046,-0.7127112150192261,-0.7903808355331421,-0.7666031718254089,-0.7854124307632446,-0.8380879163742065,-0.7739663124084473,-0.6543509364128113,-0.6134017109870911,-0.6417596936225891,-0.6567825078964233,-0.038415566086769104,-0.5353379845619202,-0.6202963590621948,-0.8048487901687622,-0.7433212399482727,0.13814039528369904
4906.0,98.11900000000004,-23.647967617718955,233.950550868958,386.5460276347183,184898.9636528347,-23.64801990289529,234.07505287836048,386.5459900000001,184994.7794840001,-0.001661514912537,9.59012471413436,-0.0012806635577159,19200.000000000007,-5.406411986520604e-05,-0.0002989392824896,-3.763471823534137e-05,0.0,0.0040231280638718,-1.289272552858329,9.630890551011854,-2.374984926131367,-0.0092769895539525,-5.369558659259537,19200.136707087982,-72.91851373966837,0.002,-3.332358135310804,1.7323817167329787,-0.9020286235440268,6.0,10.0,180.0,-1.047427607431516,-6.271888454443686,-0.1430489724802205,-3.200815799557469,655.0057924788453,373.3233297540057,167.31229657669954,753.9248325127867,563.1000000000001,-1.047427607431516,-0.7161857485771179,-0.6532750129699707,-0.6910863518714905,-0.6205780506134033,-0.6122473478317261,-0.6380641460418701,-0.7427381277084351,-0.5201029777526855,-0.7067410945892334,-0.632801353931427,-0.6127844452857971,-0.6223335266113281,-0.6066311597824097,-0.6237001419067383,-0.5255200862884521,-0.7056246995925903,-1.3698985576629639,-0.6725801825523376,-0.6200345754623413,-0.726386547088623,-0.7493644952774048,-0.8754820227622986,-0.6128135323524475,-0.7985144853591919,-0.7094394564628601,-0.7901304960250854,-0.7745519876480103,-0.8035049438476562,-0.8524556756019592,-0.7655936479568481,-0.5088935494422913,-0.6080247163772583,-0.6353933215141296,-0.6607460379600525,0.0034211724996566772,-0.517252504825592,-0.6143227815628052,-0.7891445755958557,-0.6837369203567505,0.13535292446613312
4907.0,98.13900000000004,-23.64794673947345,234.1427284867883,386.5459765624077,185282.9644530305,-23.6480171509023,234.2670228004471,386.5459900000001,185378.7794840001,-0.0022463920223891,9.553589979147027,0.0004139215567547,19200.000000000007,-7.23052268820188e-05,-0.000476205373543,1.3437592470744652e-05,0.0,0.0084452699507344,-2.1933393839205046,9.595518742659072,-4.58304723722894,-0.0080921824717974,2.324835731966276,19200.05004488675,-34.29703178569552,0.002,-3.133317110004897,1.156296949004875,-0.7909734206213282,6.0,10.0,180.0,-1.0439752053559312,-6.2279354489335415,-0.1435373733423737,-3.19157403110382,654.8613962394227,372.8981648770029,167.2341482883498,753.5889162563933,564.8250000000002,-1.0439752053559312,-0.7067120671272278,-0.6520680785179138,-0.6887357234954834,-0.6208312511444092,-0.6211704015731812,-0.6298011541366577,-0.7448471784591675,-0.5041133165359497,-0.7036795020103455,-0.6301687955856323,-0.614877462387085,-0.6208841800689697,-0.6058387756347656,-0.621042013168335,-0.4885355532169342,-0.7005050182342529,-1.3499724864959717,-0.6801897287368774,-0.6174436807632446,-0.715672492980957,-0.7630057334899902,-0.8700539469718933,-0.6100009679794312,-0.7886444926261902,-0.7063289284706116,-0.7716509699821472,-0.7991647720336914,-0.8065938949584961,-0.8470406532287598,-0.7732963562011719,-0.4158790111541748,-0.606572687625885,-0.6254433989524841,-0.6877778768539429,0.022190317511558533,-0.5172824859619141,-0.6159301400184631,-0.7931532859802246,-0.6437457203865051,0.05432210862636566
4908.0,98.15900000000003,-23.64785847292624,234.32588900820664,386.5460086211124,185666.96815055152,-23.648040407830337,234.431528945348,386.5459900000001,185762.7794840001,-0.0306621844382126,6.265312589095596,-0.0006242034915038,19200.000000000007,-0.0001577350415106,0.0066362070532899,-1.8621112325707444e-05,0.0,0.0020911994654368,-1.649525165007859,7.606360135868587,-271.19766739016114,0.0097792761784994,4.08836288863805,19200.29017900064,-4.324215249831411,0.002,-2.382077354580845,0.8596573124466504,-0.579137308149377,6.0,10.0,180.0,-1.0282866640940542,-5.140922580613538,-0.1430598454464731,-3.160785062623331,630.0011981197113,340.1785824385014,158.3405741441749,716.1789581281967,566.5500000000002,-1.0282866640940542,-0.8519988656044006,-0.7288153171539307,-1.2014782428741455,-0.6479768753051758,-0.7026526927947998,-0.8047761917114258,-0.7291339635848999,-0.7388715744018555,-0.9607046842575073,-0.7028262615203857,-0.6310094594955444,-0.745686948299408,-0.5948939323425293,-0.6224328279495239,0.6400762796401978,-0.511986494064331,-1.7852591276168823,-1.5120785236358643,-0.6917489767074585,-0.8151884078979492,-0.7907236218452454,-0.5876138210296631,-0.7027003169059753,-0.9989573955535889,-1.1746689081192017,-0.4210037291049957,-0.5335381031036377,-1.6116361618041992,-1.4488270282745361,-0.9384446740150452,2.0889298915863037,-0.5732803344726562,-0.5578508377075195,-1.0742006301879883,1.6119319200515747,0.10271820425987244,-0.5566238164901733,-0.7762939929962158,1.505327582359314,-0.04360966384410858
4909.0,98.17900000000004,-23.65097814941462,234.4413937533185,386.5462578898977,186050.98639724657,-23.662590721442875,234.52636000434376,386.5459900000001,186146.77948400003,-1.7228955394550889,5.361859559999488,-0.0089272282586805,19200.000000000007,0.0017655970821002,0.0274041543479609,-0.0002678898976169,0.0,-0.7396380155121899,-108.77508307935928,5.07709781559205,29.90859676746722,0.0102675694933273,-2.993727459339344,19201.355424968508,21.410819222953727,0.002,-1.7238966273293028,2.153512347690165,-0.6101756504029335,6.0,10.0,180.0,-0.1933036442021448,-6.137643605136314,-0.1679767136485701,-3.0079745115172334,561.1875990598556,318.1772912192507,140.97478707208745,645.3839790640984,561.9750000000001,-0.1933036442021448,0.4088263511657715,0.31038331985473633,0.1458251178264618,0.15829455852508545,0.05977565050125122,0.3686988353729248,0.35817164182662964,0.1778203248977661,0.4088766872882843,0.2583687901496887,0.1644863337278366,0.1343580186367035,0.2094411849975586,0.21921312808990479,0.021657034754753113,0.10921357572078705,-1.9345088005065918,0.24852028489112854,0.23631244897842407,0.2862657308578491,0.4815273880958557,0.2694786787033081,0.0728757455945015,0.4247193932533264,0.54313725233078,0.27775341272354126,0.2998937964439392,-0.005646910518407822,-0.02545424923300743,0.6163043975830078,4.7288360595703125,0.009096190333366394,0.10907036066055298,0.1133243590593338,2.2707273960113525,-0.19890761375427246,0.08583355695009232,-0.005958497524261475,-0.5781044363975525,-0.6944985389709473
4910.0,98.19900000000004,-23.69153035002513,234.55816701804912,386.54646603392086,186435.0289371819,-23.722768448271864,234.6495162230198,386.5459900000001,186530.7794840001,-3.6037594481830872,8.166479980689832,-0.0158651851583834,19200.000000000007,0.0131773731999076,0.0024262564988216,-0.000476033920665,0.0,-3.234207572838045,-91.18716672218254,7.431046664781213,187.38472747961407,-0.0105031545805338,0.3683219185539993,19201.99090830176,-42.89903749975834,0.002,-1.92678649662612,2.834419480906396,-0.8117541485106293,6.0,10.0,180.0,0.3237649409532857,-7.092982167339899,-0.2226710281890935,-2.6054843487386203,499.5062995299278,431.4981456096253,147.52689353604373,672.1624895320492,563.6250000000001,0.3237649409532857,0.22150574624538422,0.46629345417022705,0.38748881220817566,0.33811792731285095,0.2908077538013458,0.5813937783241272,1.0846664905548096,0.2140425145626068,0.6725111603736877,0.4240531027317047,0.37125879526138306,0.5416669249534607,0.4603962302207947,0.4525009095668793,-0.46515870094299316,0.11757650226354599,-1.8133975267410278,1.143867015838623,0.47688496112823486,0.5435615181922913,0.7542343735694885,0.5367794632911682,0.3795282542705536,0.5563117265701294,0.7409300208091736,0.7507503628730774,0.8743006587028503,0.31310734152793884,0.5811539888381958,0.9010701179504395,-3.0336697101593018,0.37795495986938477,0.39300960302352905,0.6570649743080139,-1.714480996131897,-0.13640904426574707,0.4770577549934387,0.28285080194473267,-1.4555137157440186,0.18423812091350555
4911.0,98.21900000000002,-23.76609470094016,234.7209612934667,386.5461680708272,186819.04415195403,-23.807948637473864,234.8198705161296,386.5459900000001,186914.7794840001,-3.82858427467778,8.16369145447808,-0.005934706293858,19200.000000000007,0.0139445625454703,-0.0126834903556533,-0.0001780708270464,0.0,-3.8619401902967474,8.793749109746306,7.989234201276038,-12.62584638103098,-0.0082948050693077,-2.44387247460563,19199.22631461591,-133.01969794401003,0.002,-2.106917164986569,2.9684687772657243,-0.8924521035259159,6.0,10.0,180.0,-0.0053831768731261,-6.2980272937979285,-0.2417117528568317,-2.454215447183484,460.8521497649639,512.3065728048127,154.25094676802186,700.0997447660246,562.95,-0.0053831768731261,-0.10127245634794235,-0.12136708945035934,-0.23174789547920227,-0.026716899126768112,-0.022255271673202515,-0.01502390205860138,-0.21014539897441864,-0.16175809502601624,-0.23592408001422882,-0.1055406928062439,-0.13076245784759521,-0.11809588223695755,-0.14817288517951965,-0.14173926413059235,0.0881459191441536,-0.3034971356391907,-1.897279143333435,-0.38273561000823975,-0.14774954319000244,-0.3003532290458679,0.037995390594005585,-0.33956027030944824,-0.12195947021245956,-0.20771822333335876,-0.0646652802824974,-0.14025689661502838,-0.13205431401729584,-0.08535073697566986,-0.4162631034851074,-0.2576671540737152,-0.07857994735240936,-0.07122941315174103,-0.14251722395420074,-0.2722642123699188,0.7239577770233154,0.02349628135561943,-0.06321632117033005,-0.21485653519630432,-0.08894716948270798,0.9632405042648315
4912.0,98.23900000000005,-23.843818644199093,234.8846776694673,386.5458115947103,187203.017144839,-23.893816452704684,234.99159994428788,386.5459900000001,187298.7794840001,-4.099501616078795,8.429751637951707,0.0059492219770435,19200.000000000007,0.0058163784199044,-0.0047021160020004,0.0001784052898534,0.0,-4.053842634942213,-22.838715330353107,8.385185906156666,18.73475893133928,-0.0056280822853559,1.100222632409936,19198.436452871105,128.74624684347515,0.002,-2.174722659197335,3.001872900839205,-0.8974160025304061,6.0,10.0,180.0,0.1816420246151898,-6.571789496756685,-0.2163193162000761,-2.6905630969183765,443.127574882482,561.4702864024064,159.51447338401093,722.1523723830123,557.7000000000002,0.1816420246151898,0.16198322176933289,0.0774926245212555,-0.008831143379211426,0.17053979635238647,0.15463729202747345,0.14464876055717468,-0.046941183507442474,-0.12068946659564972,0.06034940853714943,0.059819430112838745,0.13674962520599365,0.13984118402004242,0.11897298693656921,0.11058312654495239,0.13967426121234894,-0.0660623237490654,-1.834623098373413,0.15974175930023193,0.10483288764953613,0.07388494163751602,0.3664909303188324,-0.062260836362838745,0.01745193637907505,0.20210173726081848,0.17979776859283447,0.037392325699329376,0.2332964390516281,0.13390448689460754,-0.1404438614845276,0.15516804158687592,0.8919729590415955,0.17158779501914978,0.11938312649726868,0.0475119985640049,0.9614459276199341,0.07448162883520126,0.1518097221851349,0.08356770873069763,-0.13895127177238464,0.7987183928489685
4913.0,98.25900000000004,-23.92676203451802,235.0538627945149,386.5457431758076,187586.9915786052,-23.97968418096592,235.1633302449441,386.5459900000001,187682.7794840001,-4.196993438271768,8.514659081523172,0.0082256136569185,19200.000000000007,0.0028916305377613,-0.0021578416243029,0.0002468241925047,0.0,-4.1266027735973605,2.081678814187863,8.502473848450057,4.710005182413166,-0.0139310438767945,1.2873046300907711,19199.02031565985,-21.460882483983347,0.002,-2.260132379610464,3.072773989345964,-0.9079536543066028,6.0,10.0,180.0,0.0839993221382186,-6.550253686221143,-0.1928804892809723,-2.955653886697578,434.273287441241,589.0756432012032,162.72773669200546,735.6681861915062,559.3500000000001,0.0839993221382186,-0.0094241201877594,0.012074977159500122,-0.12726308405399323,0.04602429270744324,0.08463094383478165,0.03633333742618561,-0.14226146042346954,-0.1712496131658554,-0.1331678181886673,-0.04449710249900818,0.005300203338265419,0.0023202034644782543,-0.015424772165715694,-0.024679340422153473,0.0841064304113388,-0.2024785280227661,-1.8781896829605103,-0.06840033084154129,-0.025988459587097168,-0.12563571333885193,0.2620505690574646,-0.2537761926651001,-0.044773168861866,0.020437613129615784,0.07916257530450821,-0.0733988881111145,0.039224233478307724,0.09600459039211273,-0.28077566623687744,-0.08648020774126053,0.3092557191848755,0.04603930562734604,-0.017609644681215286,-0.11811035871505737,0.7241790294647217,0.037725284695625305,0.04415682703256607,-0.07776153087615967,-0.17128682136535645,0.969947099685669
4914.0,98.27900000000004,-24.010784794172515,235.2241268510037,386.54583694447217,187970.9748694904,-24.06555146160064,235.33506270589905,386.5459900000001,188066.7794840001,-4.258430770719272,8.563612689541387,0.0051019857390218,19200.000000000007,0.0010468811060021,-0.0006905717932118,0.0001530555279663,0.0,-4.312590685584562,-3.297470939037022,8.548412933344801,5.310781656811132,-0.0119686868881258,2.312567549542726,19199.43219195192,107.30367258780171,0.002,-2.303223342475792,3.0678238225022665,-0.9225476069991296,6.0,10.0,180.0,0.0957142774104228,-6.613749916648736,-0.1743201013978938,-3.0992099934631674,425.4746437206205,608.5513216006016,164.8553683460027,744.6755930957531,561.0750000000002,0.0957142774104228,0.06355109810829163,0.05055452883243561,-0.07138051837682724,0.0922088548541069,0.134547159075737,0.0720784068107605,-0.09266866743564606,-0.1355716586112976,-0.07031112909317017,-0.0002897977828979492,0.06304627656936646,0.054128676652908325,0.04453381150960922,0.03181358054280281,0.1306861788034439,-0.14609356224536896,-1.8746167421340942,0.00829373300075531,0.028020262718200684,-0.06244844198226929,0.34059110283851624,-0.191259503364563,0.00995018519461155,0.10166173428297043,0.14661112427711487,-0.01633739098906517,0.11011951416730881,0.14629483222961426,-0.22440308332443237,-0.0006380891427397728,0.558142900466919,0.09430667012929916,0.037285398691892624,-0.0712522566318512,0.8266247510910034,0.06048258766531944,0.08829817920923233,-0.01513708382844925,-0.13513249158859253,0.9399054050445557
4915.0,98.29900000000004,-24.09633122750048,235.3955877763563,386.54582507389216,188354.96749931207,-24.151417281033112,235.5067942610376,386.5459900000001,188450.7794840001,-4.269036951494046,8.572552618592738,0.0054971348487541,19200.000000000007,0.0007265028181977,-0.0004189408668746,0.0001649261079118,0.0,-4.237322555296219,0.4281039700319821,8.571813960455946,0.8428185819251176,0.0056317709324232,2.2007855085708146,19199.724081110573,8.58210743205766,0.002,-2.317532965685953,3.024949831307598,-0.9189540833365716,6.0,10.0,180.0,-0.0004825972190864,-6.543461470078922,-0.1581992658896568,-3.182762320951689,423.5718218603103,616.3276608003008,165.86518417300135,748.9377965478766,570.2250000000001,-0.0004825972190864,0.033708348870277405,0.035714805126190186,-0.09007565677165985,0.07501278072595596,0.12302666902542114,0.05047418177127838,-0.11069972813129425,-0.1425350457429886,-0.11199973523616791,-0.013900279998779297,0.04281718656420708,0.03174279257655144,0.023538868874311447,0.010886944830417633,0.13720493018627167,-0.16210965812206268,-1.887830138206482,-0.05258852615952492,0.0077066123485565186,-0.10818591713905334,0.32604047656059265,-0.22845953702926636,0.001627746969461441,0.03602156788110733,0.1230522021651268,-0.033968646079301834,0.06425260752439499,0.1342502236366272,-0.2595604658126831,-0.04295308142900467,0.4903966784477234,0.07445590943098068,0.014659848995506763,-0.09996333718299866,0.8508623838424683,0.058627065271139145,0.07169453054666519,-0.04107622057199478,-0.14463216066360474,0.9925949573516846
4916.0,98.31900000000005,-24.1816852263968,235.56735918787163,386.5457869009337,188738.96301469463,-24.23728230019968,235.67852430073043,386.5459900000001,188834.7794840001,-4.286078159777254,8.571180036204016,0.0067343751371927,19200.000000000007,0.000215025983961,-0.000459690134248,0.00020309906642,0.0,-4.286414112674104,2.450308986282673,8.608690718815566,-4.75649616350901,0.0126946015465089,4.763200649189444,19200.1015963538,103.02863450806284,0.002,-2.230327986229652,3.061605717456976,-0.9065155992174352,6.0,10.0,180.0,0.0708202812728697,-6.50395980604281,-0.138173162065632,-3.228444576210106,421.8959109301552,621.8943304001505,166.59959208650068,752.0573982739384,565.6500000000001,0.0708202812728697,0.02967415750026703,0.030713289976119995,-0.09295333921909332,0.07224719226360321,0.11522100865840912,0.029247760772705078,-0.12000301480293274,-0.13028565049171448,-0.12595683336257935,-0.018748462200164795,0.02927004173398018,0.015541445463895798,0.012214386835694313,-0.0003890693187713623,0.14780975878238678,-0.17121261358261108,-1.8939917087554932,-0.09555066376924515,-0.005589023232460022,-0.14108608663082123,0.3266468048095703,-0.24468255043029785,0.01270967349410057,0.00018074363470077515,0.09806206077337265,-0.03061354160308838,0.024759415537118912,0.11709378659725189,-0.2859932780265808,-0.06461887806653976,0.4235445261001587,0.059237025678157806,0.0030630575492978096,-0.1391359567642212,0.8160065412521362,0.06481758505105972,0.060915179550647736,-0.06264911592006683,-0.08896098285913467,0.9509071111679077
4917.0,98.33900000000004,-24.26712771017275,235.7391825435064,386.5458867328804,189122.9648570013,-24.323147299983045,235.8502543007849,386.5459900000001,189218.7794840001,-4.300159051765471,8.568076581971301,0.0034420872398663,19200.000000000007,-0.0002073881327369,-0.0005528442110619,0.000103267119777,0.0,-4.272956213573745,-2.081231067513144,8.593524642424079,-2.6310392751479617,0.0224742941027079,2.499612707323249,19200.2729215215,-47.20361622932037,0.002,-2.238865870079275,3.047318969105282,-0.9286859042710552,6.0,10.0,180.0,0.0595521233624985,-6.543957655711159,-0.1313325033902823,-3.213644673584569,421.1689554650776,624.1766652000751,166.88429604325034,753.2626991369691,567.3000000000001,0.0595521233624985,0.06290271878242493,0.04861535131931305,-0.06988425552845001,0.08894272893667221,0.14062166213989258,0.05461268126964569,-0.09631135314702988,-0.11906939744949341,-0.0920892208814621,0.0032379627227783203,0.06116049736738205,0.04485277459025383,0.0430278442800045,0.028373997658491135,0.1609003245830536,-0.14090490341186523,-1.8927079439163208,-0.04888327419757843,0.02432086691260338,-0.09540684521198273,0.3599708676338196,-0.21422982215881348,0.03103680908679962,0.05163707584142685,0.1382356882095337,-0.01097818836569786,0.069246307015419,0.14474168419837952,-0.2657555341720581,-0.01613932102918625,0.6007437109947205,0.08655298501253128,0.03144137188792229,-0.09782026708126068,0.8876068592071533,0.07373413443565369,0.08404872566461563,-0.023821502923965454,-0.0927174910902977,0.9470195770263672
4918.0,98.35900000000002,-24.35292011910132,235.9105356888097,386.5459657038099,189506.96436415205,-24.40901230000137,236.0219844001168,386.5459900000001,189602.7794840001,-4.302585745187928,8.580627972595405,0.0008062906287959,19200.000000000007,-0.0002798823167358,-0.0001761882978982,2.429619025215626e-05,0.0,-4.299295621467022,1.7126634050640348,8.566897686831817,0.8005180329528384,0.0053558573562015,-5.431825793687301,19199.998759263464,60.03375192920671,0.002,-2.2482600087539315,3.039709623502269,-0.9274533265908298,6.0,10.0,180.0,0.030731769266631,-6.569817092505116,-0.1318305471314348,-3.2126008948055023,419.6129777325388,625.8618326000376,166.97664802162518,753.6548495684846,566.6250000000001,0.030731769266631,0.03128792345523834,0.051401570439338684,-0.10245919972658157,0.08044536411762238,0.12307029962539673,0.04952055215835571,-0.10136676579713821,-0.1413198858499527,-0.09869366139173508,-0.017433613538742065,0.05097099766135216,0.03037131391465664,0.028941281139850616,0.011446855962276459,0.10624684393405914,-0.16565349698066711,-1.8892381191253662,-0.04523889720439911,0.013711642473936081,-0.11133386194705963,0.35797256231307983,-0.22350472211837769,0.015674667432904243,0.051109977066516876,0.13551661372184753,-0.03558001294732094,0.0974644348025322,0.14465729892253876,-0.26705411076545715,-0.037293799221515656,0.521806001663208,0.0730423554778099,0.008059007115662098,-0.07650135457515717,0.8103806972503662,0.05837712064385414,0.07406670600175858,-0.031361281871795654,-0.1689525842666626,1.0560652017593384
4919.0,98.37900000000002,-24.43883609017708,236.08222653124216,386.5459636268491,189890.9674247813,-24.494877299951725,236.1937144992974,386.5459900000001,189986.7794840001,-4.300879520074789,8.581945176482186,0.0008747425369728,19200.000000000007,-0.0002290110315912,-0.0001366308974733,2.637315108227557e-05,0.0,-4.28052589305691,2.807509888943123,8.612050097156429,-0.1880589101743158,0.0002520811259791,-3.2314702242512565,19200.222762185625,-103.01722685081972,0.002,-2.261588204800033,3.056791064652274,-0.9265037397054188,6.0,10.0,180.0,0.0004726607459418,-6.539092441989164,-0.1269719054012448,-3.196147693252128,420.1374888662694,626.5189163000189,167.15682401081258,754.4209247842423,561.3750000000001,0.0004726607459418,0.019968241453170776,0.0440748929977417,-0.11024872958660126,0.07309377938508987,0.11275103688240051,0.03362929821014404,-0.11178690195083618,-0.1454283446073532,-0.10871133208274841,-0.02597588300704956,0.03983435034751892,0.019924195483326912,0.01878618448972702,0.0010826513171195984,0.09911666810512543,-0.17573171854019165,-1.8905398845672607,-0.054334841668605804,0.0029889680445194244,-0.12694808840751648,0.347394198179245,-0.23934820294380188,0.006984081119298935,0.035742051899433136,0.11468064039945602,-0.042959097772836685,0.07587648928165436,0.1316102296113968,-0.2761878967285156,-0.05368330329656601,0.4595891833305359,0.0635211244225502,0.00031380821019411087,-0.09643217921257019,0.7585208415985107,0.05611000955104828,0.06568575650453568,-0.04744575917720795,-0.15047448873519897,1.02134108543396
4920.0,98.39900000000004,-24.52448441419301,236.2541855393964,386.54597451806745,190274.96697389573,-24.58074230003509,236.36544449945163,386.5459900000001,190370.77948400003,-4.308104279638966,8.574313109550284,0.000516384073264,19200.000000000007,-0.0004457832667155,-0.0003658397199798,1.5481932704111092e-05,0.0,-4.288837992492117,-0.3627583975349999,8.578878494843256,-3.962926755346526,-0.001700878647043,-4.275201057777059,19199.965337007783,-4.28508941305657,0.002,-2.2549985822312784,3.087333497665634,-0.9238024386345834,6.0,10.0,180.0,0.0664146169902343,-6.5019274506840485,-0.1225793841225743,-3.1879416808676466,419.59574443313466,626.8289581500094,167.13841200540628,754.3409623921211,563.0250000000001,0.0664146169902343,0.049792587757110596,0.05589604377746582,-0.08925173431634903,0.08427297323942184,0.13409113883972168,0.048401400446891785,-0.09848472476005554,-0.11895515769720078,-0.08892734348773956,-0.006409823894500732,0.057699769735336304,0.03384513407945633,0.03684940189123154,0.019579235464334488,0.1313331127166748,-0.15259450674057007,-1.8940857648849487,-0.06658157706260681,0.019789118319749832,-0.11040244996547699,0.3740173280239105,-0.2204129695892334,0.03715101629495621,0.045299045741558075,0.13570016622543335,-0.02017228677868843,0.0796625167131424,0.13833777606487274,-0.2825770974159241,-0.027600131928920746,0.5937949419021606,0.07643534988164902,0.015857931226491928,-0.09001050889492035,0.8340660333633423,0.07373902201652527,0.07849966734647751,-0.02655995637178421,-0.10403578728437424,1.0006450414657593
4921.0,98.41900000000004,-24.61051272032044,236.4259529251824,386.5459716596756,190658.9665959132,-24.66660730029384,236.5371745000361,386.5459900000001,190754.7794840001,-4.302663663256547,8.573061026346071,0.0005798709292367,19200.000000000007,-0.0002823768061772,-0.000403224096689,1.8340324531359574e-05,0.0,-4.289299616691457,0.9181867915993948,8.600322240669197,-2.7499070090231044,-0.0031798325388183,-0.6186034906654839,19200.050655268493,-55.75526131082975,0.002,-2.253664124073191,3.081519984166964,-0.92037316341731,6.0,10.0,180.0,0.0747308678762782,-6.505730521208635,-0.1215829711466977,-3.1956540900262795,419.68337221656736,627.1619790750046,167.21020600270316,754.6484811960606,564.7500000000001,0.0747308678762782,0.040379270911216736,0.04637141525745392,-0.09055060148239136,0.08044185489416122,0.12709838151931763,0.041070759296417236,-0.10480958968400955,-0.12856392562389374,-0.10332738608121872,-0.011991530656814575,0.04883129149675369,0.02943539246916771,0.029299966990947723,0.01324581541121006,0.13257533311843872,-0.1595342457294464,-1.893337607383728,-0.06351307034492493,0.011849891394376755,-0.11810889840126038,0.3561703562736511,-0.22941964864730835,0.02364449016749859,0.03458481281995773,0.12406627088785172,-0.025667864829301834,0.06725920736789703,0.13567613065242767,-0.27530789375305176,-0.03908307105302811,0.5262144804000854,0.0724501684308052,0.01283977646380663,-0.10245512425899506,0.8237258195877075,0.0671011209487915,0.07349472492933273,-0.0384979248046875,-0.1144598051905632,0.9909257888793945
4922.0,98.43900000000004,-24.6963914946211,236.5974157999881,386.545974682348,191042.9661664281,-24.75247229986905,236.70890450012743,386.5459900000001,191138.7794840001,-4.302169339871729,8.58196204684399,0.0004768083120907,19200.000000000007,-0.0002685060201193,-0.000136196538948,1.5317652242279808e-05,0.0,-4.299048489022775,-2.568228800234148,8.54221687825377,-2.625390027626446,-0.0068581255686711,0.918675027734548,19199.843392499875,-42.85960532507121,0.002,-2.263205357053927,3.092637896837192,-0.919819993333178,6.0,10.0,180.0,0.0498362598700114,-6.5639248792768345,-0.1225543349585576,-3.210549392686476,418.4476861082837,627.1589895375023,167.04660300135157,753.9507405980303,566.4750000000001,0.0498362598700114,0.07461830973625183,0.05786140263080597,-0.06483561545610428,0.09533974528312683,0.14587879180908203,0.06131774187088013,-0.08648371696472168,-0.11108529567718506,-0.07925286889076233,0.009772330522537231,0.07038257271051407,0.05198984593153,0.05204496532678604,0.03641835227608681,0.16103406250476837,-0.13384965062141418,-1.8923178911209106,-0.03913678601384163,0.033033646643161774,-0.08660438656806946,0.3772260546684265,-0.202937513589859,0.04297003149986267,0.06763110309839249,0.15241369605064392,-0.0018557123839855194,0.0871429443359375,0.15664003789424896,-0.2579590082168579,-0.0014058565720915794,0.6476016044616699,0.09321846812963486,0.03667253628373146,-0.0860590934753418,0.9002630710601807,0.07843199372291565,0.09112351387739182,-0.014330059289932251,-0.09463947266340256,0.9599320888519287
4923.0,98.45900000000005,-24.78253704319906,236.76890540213645,386.545975750765,191426.96658076733,-24.83833729842716,236.8806344999972,386.5459900000001,191522.7794840001,-4.292848436175963,8.589983548894306,0.0004427972629338,19200.000000000007,1.1940656089054473e-05,0.0001046015066511,1.424923513179617e-05,0.0,-4.2983580065918,-1.5812845864858596,8.597194213214754,-1.0372872595586244,-0.0026731740826623,2.680939742351382,19200.04910496589,-38.66741343957166,0.002,-2.267820522557114,3.071947225138508,-0.9172289941837848,6.0,10.0,180.0,0.0004807692867521,-6.532830222860719,-0.1201169432727169,-3.2007854331772427,418.80384305414185,627.5594947687512,167.1698015006758,754.4768702990152,561.9000000000001,0.0004807692867521,0.06358902156352997,0.05328655242919922,-0.07228097319602966,0.09109940379858017,0.1402025818824768,0.05062171816825867,-0.09329838305711746,-0.12203774601221085,-0.08503756672143936,0.0014103055000305176,0.06321386992931366,0.04666662961244583,0.04551415517926216,0.029288161545991898,0.14614799618721008,-0.14292633533477783,-1.8900648355484009,-0.02660742588341236,0.026170626282691956,-0.09085917472839355,0.3661912679672241,-0.21309365332126617,0.02928999811410904,0.06843312829732895,0.1390153467655182,-0.010114569216966629,0.08214173465967178,0.15171989798545837,-0.2540629804134369,-0.011581948958337307,0.5856693387031555,0.08825146406888962,0.03285640850663185,-0.09341156482696533,0.841895580291748,0.07159844040870667,0.08594632893800735,-0.024101316928863525,-0.09865213185548782,0.9385185241699219
4924.0,98.47900000000004,-24.86836501894422,236.94081863422565,386.5459704972799,191810.96656680663,-24.924202397614035,237.0523644999856,386.5459900000001,191906.7794840001,-4.294081862187122,8.583873118060122,0.0006131898335719,19200.000000000007,-2.488324812750712e-05,-7.89327720205837e-05,1.9502720248512765e-05,0.0,-4.281500744630975,-1.1072431758586905,8.571012820006157,1.343591289552745,0.0014611561394974,0.8625856508174319,19199.65606996708,-38.728201801623584,0.002,-2.252065633669899,3.081494062115396,-0.9228980170693668,6.0,10.0,180.0,0.0746748696794215,-6.519649300221791,-0.119132894077953,-3.2104802910412795,418.9964215270709,627.0832473843756,167.1019007503379,754.1854351495076,563.5500000000001,0.0746748696794215,0.05714303255081177,0.05355022847652435,-0.08002162724733353,0.09059949964284897,0.13679160177707672,0.05404290556907654,-0.09247096627950668,-0.1318788081407547,-0.08551611006259918,-0.0024328529834747314,0.06301242113113403,0.046976540237665176,0.044093262404203415,0.027077142149209976,0.13068261742591858,-0.14710742235183716,-1.8867257833480835,-0.013841908425092697,0.026045557111501694,-0.08734172582626343,0.3633807301521301,-0.21180373430252075,0.0203848946839571,0.07590677589178085,0.14256489276885986,-0.016627062112092972,0.09616262465715408,0.15333421528339386,-0.24537163972854614,-0.012614644132554531,0.5824049711227417,0.08854877203702927,0.030071701854467392,-0.08002908527851105,0.8370769023895264,0.06517960131168365,0.08563638478517532,-0.022570542991161346,-0.1340268850326538,0.9706871509552002
4925.0,98.49900000000004,-24.953958972122983,237.1125060847245,386.54599595484615,192194.9665868905,-25.010067398586227,237.2240944999996,386.5459900000001,192290.7794840001,-4.303124207632922,8.585289874505934,-0.0001974993507217,19200.000000000007,-0.0002962294926103,-3.6285439871389945e-05,-5.954846030015659e-06,0.0,-4.293944327792704,-3.36268943846103,8.579605890830342,5.68085207681474,-0.0016983481662611,-0.8556420619444045,19199.9489932758,34.33977637779691,0.002,-2.2570910131441178,3.038888379673109,-0.9285711006994476,6.0,10.0,180.0,0.1240161910236461,-6.551310134114907,-0.1196171641006695,-3.209468636029748,418.89621076353546,627.2616236921879,167.12295037516895,754.2767175747538,562.8750000000001,0.1240161910236461,0.07257348299026489,0.06475181877613068,-0.07342348992824554,0.11081673204898834,0.14123010635375977,0.06997042894363403,-0.07810035347938538,-0.1356968730688095,-0.06285285949707031,0.0059542059898376465,0.08159955590963364,0.06563414633274078,0.0618123859167099,0.04310477897524834,0.12081550061702728,-0.13387610018253326,-1.877661943435669,0.036383286118507385,0.04362517595291138,-0.05507480353116989,0.3769630789756775,-0.18452231585979462,0.020645746961236,0.11636423319578171,0.15387678146362305,-0.01012936607003212,0.13663998246192932,0.16198156774044037,-0.22054028511047363,0.015343495644629002,0.6388541460037231,0.10606927424669266,0.04676481708884239,-0.04557402804493904,0.8427889347076416,0.06347797811031342,0.09989980608224869,0.0015125423669815063,-0.16084536910057068,0.9793040752410889
4926.0,98.51900000000003,-25.039839952583,237.2844630136645,386.5459687177884,192578.96667884727,-25.095932399974707,237.39582450000103,386.5459900000001,192674.7794840001,-4.302594781820765,8.577733249378408,0.0007115963694152,19200.000000000007,-0.0002801475005407,-0.0002629165460407,2.128221172262123e-05,0.0,-4.292721142317038,-1.156409797468526,8.585965403291821,3.5943453998479447,0.0012185118519458,-1.593856565492667,19199.964890143696,-4.206543230396266,0.002,-2.219148258897994,3.0363853402225827,-0.9182202076174762,6.0,10.0,180.0,0.0908320999471544,-6.533664066766489,-0.1186516723014865,-3.211028276453154,418.99010538176776,627.365311846094,167.15547518758447,754.4143587873768,557.6250000000001,0.0908320999471544,0.05471774935722351,0.059205710887908936,-0.08791708201169968,0.09293495118618011,0.13480761647224426,0.05369691550731659,-0.090118408203125,-0.13827046751976013,-0.07436174154281616,-0.006382197141647339,0.06602507084608078,0.04816669598221779,0.04613582044839859,0.026820795610547066,0.10559985041618347,-0.1507081389427185,-1.8820055723190308,0.009880248457193375,0.02854912355542183,-0.07904326915740967,0.37008023262023926,-0.20965735614299774,0.01617760770022869,0.09695040434598923,0.14148959517478943,-0.021052654832601547,0.11643321067094803,0.15501195192337036,-0.2401641607284546,-0.007951668463647366,0.5755980014801025,0.08949287980794907,0.029689494520425797,-0.06603887677192688,0.7854491472244263,0.060922183096408844,0.08684966713190079,-0.018328920006752014,-0.14881497621536255,0.9739787578582764
4927.0,98.53900000000004,-25.12583596179437,237.4560682233911,386.5459822344321,192962.96652634343,-25.18179740028553,237.56755450000023,386.5459900000001,193058.7794840001,-4.298221312280885,8.581890561834701,0.0002199512288255,19200.000000000007,-0.0001491368860607,-0.0001383276747604,7.765568054784507e-06,0.0,-4.316870070832499,-0.0562254427895505,8.595675185315283,5.557815481614592,-0.0068297339589062,-1.6379698295144736,19199.98073404305,103.03645489617163,0.002,-2.2078561235126526,3.0864042879254425,-0.9076155774394822,6.0,10.0,180.0,0.0390730398377717,-6.561999143092807,-0.1157296843535648,-3.202783180549494,418.5355526908839,628.175655923047,167.25323759379222,754.8361793936884,559.2750000000001,0.0390730398377717,0.047202274203300476,0.057629719376564026,-0.09219896793365479,0.09343332052230835,0.13094015419483185,0.05273659527301788,-0.09087428450584412,-0.14725561439990997,-0.07927442342042923,-0.011264264583587646,0.0633247122168541,0.04678560420870781,0.043192632496356964,0.02396310120820999,0.09646891057491302,-0.15617306530475616,-1.8785514831542969,0.019412346184253693,0.026003744453191757,-0.07990188896656036,0.3631760776042938,-0.2085096836090088,0.00832684151828289,0.09766753762960434,0.13838079571723938,-0.02707267552614212,0.1233055368065834,0.1545332372188568,-0.2350504994392395,-0.01295448001474142,0.526099443435669,0.08829059451818466,0.02684982493519783,-0.061811912804841995,0.7722188234329224,0.05442340672016144,0.08529847115278244,-0.020614638924598694,-0.17413648962974548,0.9977595806121826
4928.0,98.55900000000004,-25.21159977708553,237.62770027318084,386.5459863594841,193346.9693395695,-25.26766240001816,237.73928450000008,386.5459900000001,193442.7794840001,-4.301595254645688,8.585157991559964,0.0001208087768987,19200.000000000007,-0.0002505213228407,-4.027566043954869e-05,3.640516040004851e-06,0.0,-4.279319605332035,-1.099801852312248,8.567389756590654,-0.0003448673368097,-0.0048995030227266,0.6685893300238057,19200.032247223186,-51.534149078316055,0.002,-2.2206924798447365,3.115018559412023,-0.9226283842477684,6.0,10.0,180.0,0.065941738238787,-6.473201698049084,-0.1186595392009293,-3.191981124424618,418.859776345442,627.2978279615235,167.12511879689612,754.2855896968442,568.4250000000001,0.065941738238787,0.058057934045791626,0.05208791792392731,-0.07711665332317352,0.09068400412797928,0.13846643269062042,0.0565362423658371,-0.09251554310321808,-0.1278892159461975,-0.09082779288291931,-8.13901424407959e-05,0.0635187029838562,0.04701006039977074,0.04435708373785019,0.028467640280723572,0.14378292858600616,-0.1440824568271637,-1.889678955078125,-0.029761550948023796,0.02639305777847767,-0.09147001802921295,0.3629559278488159,-0.21167206764221191,0.02520940639078617,0.06372956186532974,0.14493659138679504,-0.014796242117881775,0.08982856571674347,0.15319637954235077,-0.2515140175819397,-0.01464886125177145,0.5940600633621216,0.08885809034109116,0.029852118343114853,-0.08213217556476593,0.8742953538894653,0.06823137402534485,0.08612208813428879,-0.021028369665145874,-0.1317177712917328,0.9891796112060547
4929.0,98.57900000000004,-25.297516905538764,237.79885053362403,386.5459815122852,193730.9678842788,-25.3535273999509,237.91101450000005,386.5459900000001,193826.7794840001,-4.299861329970828,8.604476533867773,0.0002852459873374,19200.000000000007,-0.0001981926539088,0.0005392675135818,8.487714960014686e-06,0.0,-4.306128862338822,4.888109624480449,8.58834868024603,2.200166439737586,-0.0085231280606105,3.294189049657541,19200.119127636663,72.91062932314165,0.002,-2.249828321098408,3.1065424147931417,-0.921728783797928,6.0,10.0,180.0,0.0839857791022923,-6.542009231787572,-0.1196277719752717,-3.1899395906154853,418.640888172721,627.7804139807618,167.19005939844806,754.5652948484221,570.1500000000001,0.0839857791022923,0.01234695315361023,0.03206929564476013,-0.10325377434492111,0.0727786272764206,0.10633571445941925,0.031256988644599915,-0.11532256752252579,-0.1575407236814499,-0.13193067908287048,-0.02859210968017578,0.02975023351609707,0.01885354332625866,0.011228684335947037,-0.0033107660710811615,0.11422336101531982,-0.18108338117599487,-1.8873780965805054,-0.04809868335723877,-0.005165126174688339,-0.13403168320655823,0.32036882638931274,-0.24187085032463074,-0.009486302733421326,0.02060370147228241,0.10763517767190933,-0.04598474130034447,0.0636114627122879,0.1380845308303833,-0.2569708526134491,-0.06652263551950455,0.359174907207489,0.06264904886484146,-3.981404006481171e-06,-0.11074425280094147,0.791417121887207,0.04655980318784714,0.06229371577501297,-0.06138457730412483,-0.18114927411079407,1.0295860767364502
4930.0,98.59900000000002,-25.383334081557365,237.9709864213507,386.5459531946447,194114.9668194232,-25.439392400009336,238.08274450000008,386.5459900000001,194210.7794840001,-4.301447538358776,8.590924255637209,0.0012294161525563,19200.000000000007,-0.0002460159444208,0.0001333815665267,3.680535545293148e-05,0.0,-4.307912352626725,-1.774549878826535,8.595975533079534,-6.044686002703965,0.0068243514109213,4.325703209830474,19199.87963711691,21.446222614474934,0.002,-2.252674110342564,3.1253513468735976,-0.9178269013307352,6.0,10.0,180.0,0.1015426151846019,-6.541907194233768,-0.1181486970097679,-3.2115086468167986,418.6149440863605,628.1332069903808,167.25502969922402,754.8441474242111,573.0000000000001,0.1015426151846019,0.07126770913600922,0.04825375974178314,-0.060914233326911926,0.09187351912260056,0.14489629864692688,0.0543169230222702,-0.09442975372076035,-0.10583901405334473,-0.09964652359485626,0.01029205322265625,0.06267917156219482,0.045694563537836075,0.045837730169296265,0.0329645536839962,0.19078534841537476,-0.13338907063007355,-1.8953436613082886,-0.07552748173475266,0.02568625472486019,-0.10451941192150116,0.3649056553840637,-0.21343517303466797,0.04228466749191284,0.031044013798236847,0.13861599564552307,2.292916178703308e-05,0.051710095256567,0.1447841078042984,-0.2740367650985718,-0.01687294989824295,0.5919619798660278,0.08761539310216904,0.034215543419122696,-0.11165764927864075,0.9404522180557251,0.08264414966106415,0.08620899170637131,-0.023938074707984924,-0.0672898218035698,0.9520537853240967
4931.0,98.61900000000004,-25.46960731986892,238.14261910408203,386.5459717359496,194498.96637064093,-25.525257400005763,238.25447450000007,386.5459900000001,194594.7794840001,-4.287869660418533,8.594196118501518,0.0006093824063703,19200.000000000007,0.0001622234759383,0.0002307977834267,1.826405057945924e-05,0.0,-4.290764164914063,5.062531814388717,8.611335946195023,3.4247438206613907,0.0078244383040504,2.393761673561892,19200.136276935467,90.21324339369052,0.002,-2.257150588136549,3.115034341251618,-0.931935879044931,6.0,10.0,180.0,0.0224699357829551,-6.589322531546022,-0.1191283783575315,-3.2248959257117407,419.3429720431803,627.9401034951904,167.312514849612,755.0880737121056,573.5250000000001,0.0224699357829551,0.006657615303993225,0.030345186591148376,-0.10736571252346039,0.07118102163076401,0.10386234521865845,0.03280681371688843,-0.11634757369756699,-0.16512325406074524,-0.13623502850532532,-0.030987709760665894,0.029976459220051765,0.019249817356467247,0.010526929050683975,-0.004211908206343651,0.11012564599514008,-0.18218013644218445,-1.8866000175476074,-0.04390978813171387,-0.0052376799285411835,-0.13317447900772095,0.3157344460487366,-0.2415771186351776,-0.015991032123565674,0.019836746156215668,0.10859230905771255,-0.051951680332422256,0.06790430843830109,0.13563469052314758,-0.25857359170913696,-0.06955093890428543,0.34686219692230225,0.06319283694028854,-0.0006552888080477715,-0.10325673222541809,0.8003790378570557,0.04243924096226692,0.06200797110795975,-0.05900685489177704,-0.202052503824234,1.0533164739608765
4932.0,98.63900000000004,-25.55530234946658,238.3149236465154,386.54599421338673,194882.96745812663,-25.6111223998735,238.42620450000004,386.5459900000001,194978.7794840001,-4.293480576997561,8.575045128618742,-0.0001377194037475,19200.000000000007,-7.746587493811722e-06,-0.0003436457231659,-4.21338663440088e-06,0.0,-4.2966228690361286,-1.2822545578468647,8.593503232391779,-4.280291780436534,0.0114541040296734,0.5438813493773906,19200.27255493104,-47.20707353443047,0.002,-2.268732354610472,3.0590460549294813,-0.9381002020847596,6.0,10.0,180.0,0.0429916193228357,-6.519058063391346,-0.118167323672421,-3.2167020718942667,419.2354860215901,627.8705517475953,167.285257424806,754.9705368560528,580.5000000000001,0.0429916193228357,0.06185282766819,0.049201592803001404,-0.06590306013822556,0.0909334123134613,0.14377309381961823,0.062031328678131104,-0.09319906681776047,-0.11526740342378616,-0.10451038181781769,0.00706520676612854,0.06473761796951294,0.04650592803955078,0.04547811299562454,0.03244885802268982,0.18256747722625732,-0.13512298464775085,-1.8953900337219238,-0.07516610622406006,0.02715349942445755,-0.10324525833129883,0.36287498474121094,-0.2116016149520874,0.04068624973297119,0.029464051127433777,0.14729589223861694,-0.009195227175951004,0.06881384551525116,0.14779113233089447,-0.27157413959503174,-0.019825167953968048,0.6112476587295532,0.08869517594575882,0.03050066903233528,-0.09219367802143097,0.9686191082000732,0.07720853388309479,0.08676708489656448,-0.016466043889522552,-0.11166860908269882,1.0228049755096436
4933.0,98.65900000000003,-25.641015538738586,238.4865831708428,386.54600099777207,195266.9659370409,-25.696987399963824,238.5979345000001,386.5459900000001,195362.7794840001,-4.298551316186818,8.577408829120142,-0.0003656307279339,19200.000000000007,-0.0001596610515541,-0.000273068876064,-1.0997771994537488e-05,0.0,-4.272710402656355,0.8563078430365472,8.594953217235872,1.7192357602607236,0.0107489200125248,-3.412554781403668,19199.964447901115,60.02147977564605,0.002,-2.2557035906049165,3.0287659785558683,-0.9342003328774676,6.0,10.0,180.0,0.1201105057914447,-6.465774106787518,-0.117195536908075,-3.2233091567585426,419.8707430107951,627.1717758737976,167.232628712403,754.7427684280265,573.8250000000002,0.1201105057914447,0.035842880606651306,0.04833739995956421,-0.09511226415634155,0.0837564468383789,0.12846648693084717,0.054872557520866394,-0.09889774024486542,-0.14430080354213715,-0.10447841137647629,-0.012249559164047241,0.056467074900865555,0.0383216068148613,0.03467008098959923,0.018243540078401566,0.12282173335552216,-0.15676544606685638,-1.8892295360565186,-0.0374593660235405,0.018890760838985443,-0.10296991467475891,0.35285764932632446,-0.21979841589927673,0.012230437248945236,0.05066951364278793,0.14096564054489136,-0.033354468643665314,0.09681887179613113,0.14674094319343567,-0.2602218687534332,-0.032826922833919525,0.5406250357627869,0.08100699633359909,0.0168326236307621,-0.07131320238113403,0.8630083799362183,0.05808383226394653,0.07919657975435257,-0.024297937750816345,-0.18014612793922424,1.0635790824890137
4934.0,98.67900000000004,-25.726937770430983,238.65826589768625,386.5460010813312,195650.9693414028,-25.78285240054787,238.769664500001,386.5459900000001,195746.7794840001,-4.296669211864804,8.578966867076376,-0.0003682017328897,19200.000000000007,-0.0001025360377254,-0.0002260956021776,-1.1081331134513296e-05,0.0,-4.296119963773871,3.844780180817227,8.575427873254089,-3.4275324002591354,0.0007466501635299,-4.088356199058114,19200.205253198044,-98.68387324433012,0.002,-2.234995424877145,3.034467980958519,-0.9285027378394172,6.0,10.0,180.0,0.0942107202621359,-6.52828551483646,-0.11670707868527,-3.20636283489817,419.1998715053976,627.3328879368988,167.1763143562015,754.5038842140132,573.8250000000002,0.0942107202621359,0.01777985692024231,0.040943652391433716,-0.10516928881406784,0.07216566801071167,0.11195999383926392,0.03892779350280762,-0.11274358630180359,-0.13742610812187195,-0.12518514692783356,-0.0226995050907135,0.03673958033323288,0.016078080981969833,0.015314983204007149,0.00025779567658901215,0.12583519518375397,-0.17351792752742767,-1.8946198225021362,-0.09802567958831787,9.381026029586792e-05,-0.1446492075920105,0.3435595631599426,-0.23825636506080627,0.014034176245331764,0.000988297164440155,0.11499177664518356,-0.0405767522752285,0.06039446219801903,0.12733830511569977,-0.2862694561481476,-0.06348741799592972,0.4629098176956177,0.06019306927919388,-0.005190501920878887,-0.10399992763996124,0.8407989740371704,0.06120089441537857,0.06382054835557938,-0.048517435789108276,-0.15361115336418152,1.0787721872329712
4935.0,98.69900000000004,-25.81255671150005,238.82949890532143,386.546020659655,196034.9702092476,-25.86871740071182,238.9413945000001,386.5459900000001,196130.7794840001,-4.304866068998822,8.595536691095452,-0.0010506264584198,19200.000000000007,-0.0003485962338749,0.0002710927824275,-3.065965488416388e-05,0.0,-4.288578480948923,-2.862617978267351,8.56400842508899,0.612529752472083,-0.0036695718920538,-4.275762673277793,19200.101739697184,4.302465030919126,0.002,-2.2357481377606137,3.062165743237358,-0.9290107490160944,6.0,10.0,180.0,0.0898288108869647,-6.565970355759028,-0.1181734248330316,-3.185366188585021,418.8759357526988,627.1124439684495,167.09115717810073,754.1404421070066,580.3500000000001,0.0898288108869647,0.06984145939350128,0.0620441734790802,-0.06944989413022995,0.10655586421489716,0.14690223336219788,0.07956711947917938,-0.07987086474895477,-0.12310987710952759,-0.0820864588022232,0.011191785335540771,0.0816669911146164,0.061784811317920685,0.059802573174238205,0.044473662972450256,0.15975168347358704,-0.12716957926750183,-1.8905205726623535,-0.0288996584713459,0.042821913957595825,-0.07345923781394958,0.3778145909309387,-0.1930007040500641,0.038635335862636566,0.07510831207036972,0.17222663760185242,-0.008325014263391495,0.11779940873384476,0.1602371335029602,-0.2475655972957611,0.004286536015570164,0.6878403425216675,0.10308677703142166,0.040226783603429794,-0.049065280705690384,0.9683312177658081,0.07310333102941513,0.09870163351297379,0.00728260725736618,-0.16078850626945496,1.068605661392212
4936.0,98.71900000000002,-25.89875378661205,239.0016254299001,386.5459980150777,196418.972522622,-25.95458249989799,239.1131244999877,386.5459900000001,196514.7794840001,-4.293791403496753,8.582320752089348,-0.0002655387447384,19200.000000000007,-1.6215135714033154e-05,-0.0001254335953629,-8.015077590741002e-06,0.0,-4.284421596714313,3.5370540251565687,8.626483731480683,-5.735925449662121,-0.0073209052395268,0.0629970211704506,19200.15352582247,-64.42237362222708,0.002,-2.228986734078325,3.062008197664017,-0.9269884643574906,6.0,10.0,180.0,0.0473805068729876,-6.5303279997441965,-0.1191469594766645,-3.17001662847192,419.9104678763493,627.3677219842248,167.27557858905038,754.9277210535033,580.4250000000002,0.0473805068729876,0.021591514348983765,0.03226400911808014,-0.0982590913772583,0.0716526135802269,0.11449344456195831,0.03626801073551178,-0.1174720823764801,-0.1322392374277115,-0.14006856083869934,-0.018710196018218994,0.03415624052286148,0.01621403731405735,0.014338242821395397,0.0021822936832904816,0.15740454196929932,-0.16749662160873413,-1.8945237398147583,-0.12021974474191666,-0.002224486321210861,-0.15172356367111206,0.3289629817008972,-0.24224993586540222,0.013830959796905518,-0.021625764667987823,0.10550833493471146,-0.03641029819846153,0.03233082965016365,0.11986801028251648,-0.29606789350509644,-0.06988022476434708,0.43972790241241455,0.06100211292505264,-0.0011614290997385979,-0.12254586815834045,0.8919909000396729,0.06608816981315613,0.06357986479997635,-0.052189990878105164,-0.12856614589691162,1.0619792938232422
4937.0,98.73900000000005,-25.98449248029512,239.1734674616198,386.5459969238046,196802.9724247761,-26.040447599234305,239.2848544999825,386.5459900000001,196898.7794840001,-4.298016550953841,8.578590590024003,-0.0002331794717798,19200.000000000007,-0.0001430163290329,-0.0002371605791274,-6.923804419671362e-06,0.0,-4.306148350666667,-3.6557211690900218,8.568826771484437,-1.7626343683096852,-0.005880527363293,0.4816254315259618,19199.878878916177,-51.466967490309386,0.002,-2.250591926161374,3.055951436988164,-0.9295881367848124,6.0,10.0,180.0,0.1211401773733622,-6.491223868785788,-0.1181676161323047,-3.178257457484224,418.8272339381747,627.6673609921124,167.1927892945252,754.5753605267516,576.5250000000002,0.1211401773733622,0.08193287253379822,0.05936771631240845,-0.055694106966257095,0.10019906610250473,0.15226545929908752,0.07411374151706696,-0.07988470047712326,-0.1110057383775711,-0.08049358427524567,0.01724568009376526,0.08053528517484665,0.06262972950935364,0.06141987442970276,0.047165848314762115,0.1806207150220871,-0.12189707905054092,-1.8926503658294678,-0.03493877500295639,0.042373426258563995,-0.07537421584129333,0.3782249689102173,-0.19368904829025269,0.04661334306001663,0.07097316533327103,0.1694214642047882,0.002527538686990738,0.09784460812807083,0.1613326370716095,-0.25119200348854065,0.008320429362356663,0.6876944303512573,0.1036623939871788,0.0462435819208622,-0.07074922323226929,0.9728484153747559,0.07961782813072205,0.0991215631365776,0.0013341903686523438,-0.11302442103624344,0.9989259243011475
4938.0,98.75900000000004,-26.07043944237192,239.34538202916147,386.5459765194143,197186.9722672513,-26.126312599576853,239.45658450010083,386.5459900000001,197282.7794840001,-4.29527569563678,8.572442860948367,0.0004151983759372,19200.000000000007,-6.065501748288836e-05,-0.0004217261422767,1.3480585786848797e-05,0.0,-4.259278684577756,-0.3750280498455247,8.594964054787226,-3.1197693076654893,-0.0036527207685828,2.999926385172958,19199.964096733973,-25.740364772407705,0.002,-2.234542223357181,3.0479713756106688,-0.921744190592618,6.0,10.0,180.0,0.1313596119946928,-6.501433204854227,-0.116699793310192,-3.1720833060103404,420.0391169690873,626.6881804960562,167.1613946472626,754.4361802633758,583.4250000000002,0.1313596119946928,0.05140367150306702,0.03969162702560425,-0.07090269029140472,0.08460882306098938,0.13622355461120605,0.05711284279823303,-0.10014861822128296,-0.12519299983978271,-0.11873896420001984,0.001347959041595459,0.05649077519774437,0.0422334149479866,0.03768813610076904,0.025906328111886978,0.18226464092731476,-0.14156073331832886,-1.8949832916259766,-0.07610372453927994,0.019712135195732117,-0.10993772745132446,0.3445475995540619,-0.22059693932533264,0.02607433684170246,0.01761820912361145,0.13742589950561523,-0.0167611725628376,0.05669977888464928,0.14318345487117767,-0.2682396173477173,-0.032550327479839325,0.5658420324325562,0.08523186296224594,0.02638857439160347,-0.09988126158714294,0.9704335927963257,0.07139435410499573,0.08207694441080093,-0.02668990194797516,-0.12836170196533203,1.0257408618927002
4939.0,98.77900000000004,-26.156101673815584,239.5167307252552,386.5459725924193,197570.97204429063,-26.21217760010128,239.62831450005933,386.5459900000001,197666.7794840001,-4.302041058322795,8.58513281635094,0.0005781415644614,19200.000000000007,-0.0002636272984545,-4.052807815594809e-05,1.7407580826367428e-05,0.0,-4.31152336817494,-3.782489926051946,8.53976734411738,1.831564211357685,0.002453350673209,1.7127050480588646,19199.672723997726,-42.968951559864536,0.002,-2.229743569168018,3.055907103503323,-0.9267802970253468,6.0,10.0,180.0,0.106400797748784,-6.573673823552609,-0.1176691190508955,-3.1873922212706685,418.23605848454366,627.2585902480281,167.0371973236313,753.909590131688,581.1000000000001,0.106400797748784,0.08466017246246338,0.05917659401893616,-0.051090795546770096,0.10753645747900009,0.1506439447402954,0.08366881310939789,-0.0742451399564743,-0.12005853652954102,-0.07973427325487137,0.02009272575378418,0.08498980104923248,0.0712861567735672,0.06613373756408691,0.05238430202007294,0.18059808015823364,-0.11852343380451202,-1.8870550394058228,-0.007668469101190567,0.047386735677719116,-0.06203693151473999,0.3724004030227661,-0.1808588206768036,0.037946369498968124,0.08759688585996628,0.17526757717132568,0.003768444061279297,0.11547373980283737,0.16474781930446625,-0.226148784160614,0.016873277723789215,0.689887523651123,0.11157586425542831,0.0530783049762249,-0.05627023056149483,0.9951190948486328,0.07340110838413239,0.10417617112398148,0.007743582129478455,-0.14970850944519043,1.0173344612121582
4940.0,98.79900000000004,-26.24212317320364,239.6883586098133,386.54599699321454,197954.97208013487,-26.298042600097183,239.8000444994995,386.5459900000001,198050.7794840001,-4.296821510994398,8.588559946989246,-0.0002350739854157,19200.000000000007,-0.0001070285127968,6.138263154380417e-05,-6.99321441134449e-06,0.0,-4.29957331087332,-3.605985860363909,8.591574448286101,2.743522612359032,-0.0002533114134439,-0.8559765995814855,19199.930956580058,38.62349271809145,0.002,-2.1753238687964886,3.057010898057818,-0.9207472231440362,6.0,10.0,180.0,0.0717393860938767,-6.550775509034385,-0.1171825963535493,-3.18226432437274,418.5675292422718,627.6017951240141,167.14609866181564,754.377295065844,580.8000000000002,0.0717393860938767,0.07691504061222076,0.0606350302696228,-0.06012658402323723,0.11053847521543503,0.14854682981967926,0.08233864605426788,-0.07635586708784103,-0.1266985982656479,-0.0798039585351944,0.015521883964538574,0.0862857773900032,0.07027555257081985,0.06585411727428436,0.051129791885614395,0.16754376888275146,-0.12097448110580444,-1.8864970207214355,-0.0035852454602718353,0.0477602556347847,-0.06125238537788391,0.3731212019920349,-0.1848767250776291,0.03351214528083801,0.09008055180311203,0.17352688312530518,-0.003727596253156662,0.12309572845697403,0.16232046484947205,-0.22951555252075195,0.013635494746267796,0.6786532998085022,0.11101236194372177,0.050728004425764084,-0.04665514454245567,0.9728034734725952,0.071021169424057,0.10390502959489822,0.011557355523109436,-0.16344735026359558,1.0427995920181274
4941.0,98.81900000000005,-26.32816712866985,239.86007823662527,386.5459951777497,198338.97074114543,-26.3839075999794,239.9717744992421,386.5459900000001,198434.7794840001,-4.290858015644056,8.588896428597934,-0.0002046489737446,19200.000000000007,7.182997712539379e-05,7.195785085121745e-05,-5.177749585664764e-06,0.0,-4.290032571813899,2.150309933278837,8.578603325761684,3.544179826073763,0.0007228573645202,-2.1445398462754577,19199.707251492764,-8.540312861689188,0.002,-2.167927253416836,3.0666399784966294,-0.9393593034502782,6.0,10.0,180.0,0.0537103266639227,-6.517133698337038,-0.1176831885293257,-3.1961603560715863,418.7732646211359,627.404897562007,167.13454933090782,754.3266475329219,574.2000000000002,0.0537103266639227,0.028964444994926453,0.04532518982887268,-0.09801667928695679,0.08295515179634094,0.12307549268007278,0.05260731279850006,-0.10065935552120209,-0.15228697657585144,-0.11019106954336166,-0.016646653413772583,0.05144425854086876,0.03611445426940918,0.030165499076247215,0.014161596074700356,0.11554968357086182,-0.16318906843662262,-1.8857946395874023,-0.028426393866539,0.014646153897047043,-0.10559132695198059,0.343834787607193,-0.21994051337242126,0.0032553579658269882,0.05124533921480179,0.1376079022884369,-0.03789033368229866,0.09958808124065399,0.14668215811252594,-0.25281083583831787,-0.03821171075105667,0.4821586012840271,0.07882874459028244,0.013720323331654072,-0.07286728918552399,0.845449686050415,0.05214832350611687,0.07673833519220352,-0.03083786368370056,-0.20058923959732056,1.0734549760818481
4942.0,98.83900000000004,-26.41376550158784,240.03154504108247,386.5460039195608,198722.9681115094,-26.469772600000105,240.1435046000104,386.5459900000001,198818.7794840001,-4.299741207493703,8.59766958669034,-0.0004644341237534,19200.000000000007,-0.0001949955556403,0.0003352590527121,-1.3919560687993086e-05,0.0,-4.309100822696479,-3.2443650962102524,8.572748776384618,7.6262078072532,-0.0065687409406312,-2.1379138858260527,19200.084221844783,94.4420200661991,0.002,-2.1847965250388763,3.069419554999485,-0.920907461451497,6.0,10.0,180.0,0.0893677173201574,-6.536668487479654,-0.1176835394537258,-3.215637385452181,418.244632310568,627.7979487810035,167.1417746654539,754.360323766461,580.4250000000002,0.0893677173201574,0.07297009229660034,0.06336069107055664,-0.06661933660507202,0.12083739787340164,0.1430428922176361,0.08783170580863953,-0.0714075118303299,-0.14167356491088867,-0.07264140248298645,0.011638492345809937,0.08972180634737015,0.07560122013092041,0.06834995746612549,0.05226370319724083,0.14202183485031128,-0.12466457486152649,-1.8766387701034546,0.0344783291220665,0.051180340349674225,-0.047353021800518036,0.369619756937027,-0.17038774490356445,0.01903863251209259,0.1119060143828392,0.17010453343391418,-0.011463712900876999,0.1498711258172989,0.16447240114212036,-0.21194161474704742,0.020323224365711212,0.6479091644287109,0.11601939052343369,0.05244571343064308,-0.024111013859510422,0.9445390701293945,0.06065059080719948,0.10710573941469193,0.016962721943855286,-0.2127794325351715,1.070953369140625
4943.0,98.85900000000002,-26.499659177685817,240.20337405620504,386.5459608776224,199106.968580702,-26.555637600049987,240.31523470077545,386.5459900000001,199202.7794840001,-4.298786967505376,8.594370111993939,0.0009722119226455,19200.000000000007,-0.0001661223632834,0.0002357477507397,2.9122377718716083e-05,0.0,-4.280492269968523,0.4934564941193605,8.599345263504812,0.2433912823736207,-0.0036459917059114,-0.3620486264008976,19199.98112237396,-25.763556746925463,0.002,-2.1576668882467693,3.111666775049615,-0.919841931371562,6.0,10.0,180.0,0.0683703688297108,-6.527369059128037,-0.115713372137081,-3.230981831531229,419.235316155284,627.3899743905017,167.19188733272694,754.5711618832305,580.5000000000001,0.0683703688297108,0.04292529821395874,0.044685155153274536,-0.08247852325439453,0.0863303542137146,0.1338626593351364,0.05840015411376953,-0.09802001714706421,-0.13736455142498016,-0.11220629513263702,-0.005321979522705078,0.0580182783305645,0.042362771928310394,0.03753746300935745,0.023726975545287132,0.15239331126213074,-0.1485486477613449,-1.891629695892334,-0.05107136815786362,0.0207795612514019,-0.10385213792324066,0.3477931022644043,-0.21856531500816345,0.0179509948939085,0.03712349385023117,0.14465972781181335,-0.025465670973062515,0.08334548026323318,0.1476091742515564,-0.25548601150512695,-0.03143610805273056,0.5479787588119507,0.08510953933000565,0.022786926478147507,-0.08065252006053925,0.920805811882019,0.0632002204656601,0.08217508345842361,-0.02286110818386078,-0.16627568006515503,1.0609815120697021
4944.0,98.87900000000002,-26.585509832494512,240.37511335686503,386.54596198217695,199490.9693896758,-26.64150259993541,240.48696470040144,386.5459900000001,199586.7794840001,-4.299262348571797,8.594061481989392,0.0009397078974469,19200.000000000007,-0.0001803709071598,0.0002266440527265,2.8017823144507444e-05,0.0,-4.306170862408113,5.60714574626248,8.610858638590337,1.2810717565333904,-0.0088050014858979,4.513191533322536,19200.153287681715,47.16675366773967,0.002,-2.194003208820739,3.157098037528878,-0.913396868958277,6.0,10.0,180.0,0.0424694425213356,-6.621568189716975,-0.1156982082197725,-3.2084054215699,419.217658077642,628.0009871952509,167.30794366636349,755.0690809416153,576.6000000000001,0.0424694425213356,0.006414175033569336,0.025488510727882385,-0.10229229182004929,0.06891092658042908,0.10279548168182373,0.029481813311576843,-0.11968468874692917,-0.1592554748058319,-0.1463039368391037,-0.03026232123374939,0.02490726299583912,0.01529148779809475,0.006561946123838425,-0.00628020241856575,0.12704449892044067,-0.18262869119644165,-1.8901134729385376,-0.06607577204704285,-0.00982428714632988,-0.14462025463581085,0.3088057339191437,-0.24792423844337463,-0.01189287006855011,0.0005625709891319275,0.1031499132514,-0.049140386283397675,0.04957551881670952,0.13309665024280548,-0.2616208791732788,-0.07702548056840897,0.3324059844017029,0.05976676195859909,-0.0030833659693598747,-0.11921635270118713,0.8235616683959961,0.045622922480106354,0.05926189571619034,-0.06600260734558105,-0.1845417618751526,1.0480010509490967
4945.0,98.89900000000004,-26.67130182657015,240.5471104469585,386.5459884114201,199874.96647329035,-26.72736759969264,240.6586946998394,386.5459900000001,199970.7794840001,-4.301695890640561,8.585162569342724,5.675927466579963e-05,19200.000000000007,-0.0002532763107822,-4.005221312408847e-05,1.58858002885173e-06,0.0,-4.299054972017299,-1.1558881875440086,8.585231720242197,-1.887713885995062,0.0034182125693551,4.150434755763771,19199.845299765337,30.024460696700828,0.002,-2.259593580630453,3.1570669149947723,-0.935059976542334,6.0,10.0,180.0,0.0795671088647078,-6.533676524927772,-0.1181458221313097,-3.247383643846004,418.962829038821,627.9099935976254,167.25697183318175,754.8515404708077,583.5000000000001,0.0795671088647078,0.06319321691989899,0.04426002502441406,-0.06020618602633476,0.09019215404987335,0.14386743307113647,0.06398910284042358,-0.09192081540822983,-0.12229561060667038,-0.10946754366159439,0.008179306983947754,0.06429636478424072,0.05122426897287369,0.04632743448019028,0.03448016196489334,0.18869748711585999,-0.13392381370067596,-1.8937064409255981,-0.05615713447332382,0.027504414319992065,-0.09659548103809357,0.3514283001422882,-0.20976108312606812,0.0308805201202631,0.03579939156770706,0.1508566439151764,-0.007871497422456741,0.07076868414878845,0.15252745151519775,-0.2530416250228882,-0.018043644726276398,0.5928100943565369,0.09322557598352432,0.03583277389407158,-0.09237360954284668,0.983681321144104,0.07205736637115479,0.08867307752370834,-0.018153488636016846,-0.12924301624298096,1.0143733024597168
4946.0,98.91900000000004,-26.75717573602439,240.71886715920647,386.5459884075159,200258.96739671883,-26.813232600236347,240.8304247003232,386.5459900000001,200354.7794840001,-4.301398086257786,8.584274442196838,2.192404191317717e-05,19200.000000000007,-0.0002443630710792,-6.686212935182292e-05,1.5924842249710953e-06,0.0,-4.27659993598754,1.8932181492448408,8.612312428697411,-2.0813202250665137,0.0092733403127171,3.1124066241914425,19200.119254656453,94.49693432621712,0.002,-2.260433717730957,3.083631508054297,-0.9362657131211536,6.0,10.0,180.0,0.0932729896662708,-6.576246426264495,-0.1196390861090035,-3.2448525524234406,419.9259145194105,627.4349967988128,167.29048591659088,754.9922702354038,581.1000000000001,0.0932729896662708,0.033562734723091125,0.03405950963497162,-0.08311977982521057,0.07864642143249512,0.12463893741369247,0.04595497250556946,-0.10835836082696915,-0.1371629685163498,-0.13021014630794525,-0.01069033145904541,0.044238414615392685,0.030851436778903008,0.02544800564646721,0.013091275468468666,0.1621781438589096,-0.15712852776050568,-1.8943281173706055,-0.07776444405317307,0.00810219720005989,-0.12513481080532074,0.3325793445110321,-0.23287150263786316,0.013522926717996597,0.007440142333507538,0.1230442002415657,-0.029226426035165787,0.0514138862490654,0.13719846308231354,-0.2679407000541687,-0.05071856826543808,0.4855748414993286,0.0743599608540535,0.01435737032443285,-0.10855412483215332,0.9154922962188721,0.062399279326200485,0.07265197485685349,-0.041487544775009155,-0.1455092430114746,1.0348188877105713
4947.0,98.93900000000004,-26.84308509099933,240.8908649908533,386.54598049955393,200642.96786540133,-26.899097601712526,241.00215470078405,386.5459900000001,200738.7794840001,-4.2999236038863184,8.575328669048822,0.0003148385126624,19200.000000000007,-0.0002002039143178,-0.0003346839388981,9.500446161337136e-06,0.0,-4.318623732946618,0.7317388329423661,8.564696692024667,-1.4616372660959789,0.0156292126718708,7.436029975691483e-05,19200.23799710701,-34.29672233807934,0.002,-2.189579533696514,3.0870251099358748,-0.924219746672402,6.0,10.0,180.0,0.0879277902605767,-6.550838907800928,-0.1196559704629433,-3.239208574047401,418.4159572597053,628.0194983994064,167.20724295829544,754.6411351177019,580.8000000000002,0.0879277902605767,0.048266321420669556,0.04644230008125305,-0.07570908963680267,0.08826320618391037,0.13541120290756226,0.05966717004776001,-0.09567589312791824,-0.1290978193283081,-0.11117206513881683,-0.0018119215965270996,0.057251155376434326,0.04111412912607193,0.037618428468704224,0.024151096120476723,0.16155433654785156,-0.14742249250411987,-1.8932828903198242,-0.06334228068590164,0.020475607365369797,-0.10837763547897339,0.3530574440956116,-0.21512341499328613,0.02783084660768509,0.03155221790075302,0.14590412378311157,-0.01871952787041664,0.07883726805448532,0.1508847177028656,-0.2579801082611084,-0.029568590223789215,0.55726557970047,0.08329523354768753,0.022128578275442123,-0.08802597224712372,0.9353440999984741,0.06655604392290115,0.08162619918584824,-0.02457951009273529,-0.15157362818717957,1.0536837577819824
4948.0,98.95900000000005,-26.92896006728436,241.0621229107097,386.5460039508513,201026.96498231293,-26.98496270237157,241.17388480010595,386.5459900000001,201122.7794840001,-4.299598229516489,8.591074299153796,-0.0004649050091472,19200.000000000007,-0.0001902266905519,0.0001372988559896,-1.3950851222325544e-05,0.0,-4.279781550417468,0.0631691921920509,8.602256793060564,2.812356403062485,0.0056032351211855,-3.350260628702771,19199.877884395723,38.56384331914802,0.002,-2.1747569690621127,3.1456802946722857,-0.932969544372399,6.0,10.0,180.0,0.0605779570391188,-6.573189974468238,-0.1186587000764008,-3.2622540571038896,419.3909786298526,627.5042491997033,167.23462147914773,754.7535675588509,574.2000000000002,0.0605779570391188,0.04246889054775238,0.05171819031238556,-0.09048236906528473,0.08995893597602844,0.13318420946598053,0.0601707398891449,-0.09404002130031586,-0.14387595653533936,-0.09783968329429626,-0.008080720901489258,0.06315497308969498,0.04532785341143608,0.04135720059275627,0.024801867082715034,0.1250675916671753,-0.15068688988685608,-1.887223482131958,-0.02284754067659378,0.025253046303987503,-0.09181992709636688,0.35729846358299255,-0.21262091398239136,0.01389438658952713,0.06416786462068558,0.14727643132209778,-0.029312144964933395,0.10776728391647339,0.1501878798007965,-0.25254181027412415,-0.022672854363918304,0.5603882670402527,0.08760187774896622,0.023747224360704422,-0.062252145260572433,0.8716343641281128,0.058913830667734146,0.0845898911356926,-0.016082920134067535,-0.1841622292995453,1.0634421110153198
4949.0,98.979,-27.015128795371744,241.2341652182998,386.5460372078038,201410.96750171616,-27.07082770126329,241.34561489925863,386.5459900000001,201506.7794840001,-4.289468606096165,8.580673753422046,-0.0015699993041657,19200.000000000007,0.0001133974596081,-0.0001748172300235,-4.720780363514632e-05,0.0,-4.304959445329677,4.331094498815092,8.574987911963467,-2.514526787785926,0.0005026895147856,-4.338191177856515,19200.274094367087,-85.8867013856994,0.002,-2.165152695577479,3.1501301875246406,-0.9367630675784742,6.0,10.0,180.0,0.0571326655221301,-6.544374022348097,-0.1210714090660846,-3.248969633433739,418.7069893149263,627.7456245998517,167.19231073957388,754.5737837794254,574.0500000000002,0.0571326655221301,0.014659017324447632,0.04090878367424011,-0.10738952457904816,0.07183950394392014,0.11012153327465057,0.038764819502830505,-0.11276782304048538,-0.14130783081054688,-0.12626433372497559,-0.024635493755340576,0.03594503551721573,0.015670711174607277,0.014361179433763027,-0.0008857864886522293,0.1206238865852356,-0.17586484551429749,-1.8941905498504639,-0.09270250797271729,-0.0006235912442207336,-0.14486397802829742,0.34231212735176086,-0.23889389634132385,0.011340482160449028,0.0030170902609825134,0.11625834554433823,-0.043040137737989426,0.06499877572059631,0.12969934940338135,-0.2829873561859131,-0.06485357135534286,0.4464709758758545,0.059747256338596344,-0.006396862678229809,-0.10127682983875275,0.8325293064117432,0.058523550629615784,0.06334046274423599,-0.04916141927242279,-0.1652783453464508,1.0893523693084717
4950.0,98.99900000000002,-27.100705869550147,241.405744853286,386.54598723558126,201794.9638915565,-27.15669269994548,241.51734489952145,386.5459900000001,201890.7794840001,-4.299068827717659,8.585687730855394,9.176475491556415e-05,19200.000000000007,-0.0001745335860509,-2.466054959705074e-05,2.7644188781171745e-06,0.0,-4.2746488322797385,-2.257034599476666,8.59814634265093,-2.867347711835065,0.001954535811283,-3.600432455285843,19199.48479035563,0.0100149271175212,0.002,-2.223491996627448,3.186741725653629,-0.9216676898181704,6.0,10.0,180.0,0.1513444248141041,-6.525861565778347,-0.1191146799086156,-3.270555531560934,419.6084946574632,627.1933122999258,167.20265536978695,754.6158918897127,571.2000000000002,0.1513444248141041,0.0630507618188858,0.058573052287101746,-0.07642347365617752,0.09165816009044647,0.14435678720474243,0.062454938888549805,-0.09007043391466141,-0.11699756979942322,-0.08530525118112564,0.004730194807052612,0.07113714516162872,0.04867052659392357,0.050070133060216904,0.03390698879957199,0.15346357226371765,-0.1361372172832489,-1.8940848112106323,-0.05315178260207176,0.03249285742640495,-0.0917893797159195,0.37768006324768066,-0.2079208791255951,0.0411669984459877,0.056490324437618256,0.15425586700439453,-0.011869501322507858,0.09089400619268417,0.14976508915424347,-0.2720162868499756,-0.009876868687570095,0.6532182693481445,0.09068653732538223,0.030758332461118698,-0.07418480515480042,0.9083458185195923,0.07706239819526672,0.08945316821336746,-0.008496508002281189,-0.11451708525419235,1.0173625946044922
4951.0,99.01900000000003,-27.186763587903148,241.57757491705533,386.5459851672168,202178.9637857221,-27.24255769974101,241.68907490014743,386.5459900000001,202274.7794840001,-4.292644373699991,8.582349671631638,0.000159618853235,19200.000000000007,1.828359869607937e-05,-0.0001245226800828,4.832783387499561e-06,0.0,-4.280740926401969,3.412880308159683,8.582749458903711,-5.729836557380642,-0.0046503741483549,1.769221303753851,19200.49710006476,-68.62657945320406,0.002,-2.221298353005877,3.192305279413445,-0.9207363047467348,6.0,10.0,180.0,0.0903268549356297,-6.584947210183898,-0.1181586377045209,-3.282821889162959,419.6222473287316,626.9611561499629,167.15932768489347,754.4299459448564,564.2250000000001,0.0903268549356297,0.025781258940696716,0.03493128716945648,-0.10143241286277771,0.07051711529493332,0.11125953495502472,0.024663373827934265,-0.11875505745410919,-0.12895739078521729,-0.12520895898342133,-0.021937966346740723,0.029311412945389748,0.011390012688934803,0.011141185648739338,-0.0035340525209903717,0.1344453990459442,-0.17502076923847198,-1.894516944885254,-0.10240360349416733,-0.006289232522249222,-0.15059199929237366,0.3360973000526428,-0.2453913688659668,0.014933543279767036,-0.00391879677772522,0.09574674069881439,-0.032594624906778336,0.030307333916425705,0.11707101762294769,-0.2930569648742676,-0.06891775876283646,0.4315371513366699,0.0556655153632164,-0.0036396486684679985,-0.1348074972629547,0.7989516258239746,0.06589347124099731,0.05963096767663956,-0.06436508893966675,-0.09708621352910995,0.9785645008087158
4952.0,99.03900000000004,-27.272374840740905,241.74897592684565,386.5460409250633,202562.96740465955,-27.328422700004904,241.8608048997564,386.5459900000001,202658.7794840001,-4.301086182665332,8.593306514567923,-0.0016976819076684,19200.000000000007,-0.0002353604385598,0.0002045750176446,-5.092506222530928e-05,0.0,-4.304449918023332,-4.943713476412839,8.548796052788504,-1.1648653919165912,-0.0051303673581074,-2.556210394542036,19199.99818421818,-30.00208533042652,0.002,-2.2446346330888725,3.13682748980188,-0.9283538967982996,6.0,10.0,180.0,0.0913538371572141,-6.595263102597677,-0.1225799597042842,-3.249454105541215,418.3816236643658,627.2605780749814,167.05566384244673,753.9904729724283,569.2500000000001,0.0913538371572141,0.09082809090614319,0.07002158463001251,-0.057206038385629654,0.10956817120313644,0.15464824438095093,0.07879902422428131,-0.07321765273809433,-0.10636065900325775,-0.05993213504552841,0.020649224519729614,0.08938026428222656,0.06808886677026749,0.0693836659193039,0.0527147501707077,0.164837047457695,-0.11770378053188324,-1.8907654285430908,-0.01683194190263748,0.05053873732686043,-0.06249305605888367,0.39518025517463684,-0.18430671095848083,0.053731098771095276,0.09709083288908005,0.17618483304977417,0.006711103022098541,0.11818218976259232,0.16723503172397614,-0.24800005555152893,0.023223303258419037,0.7398062348365784,0.10842274874448776,0.050561968237161636,-0.055592406541109085,0.9410719871520996,0.08294744789600372,0.1044742539525032,0.011675253510475159,-0.1067708358168602,0.9872653484344482
4953.0,99.05900000000004,-27.358405343031656,241.920964261044,386.5459717164925,202946.9657518592,-27.41428770004047,242.03253489920888,386.5459900000001,203042.7794840001,-4.295589286885784,8.584705984521472,0.0005785977144722,19200.000000000007,-7.025483136198949e-05,-5.385658795313984e-05,1.82835095199631e-05,0.0,-4.26807122702852,-1.5881022985815867,8.627222489180241,-2.870447306384838,-0.0100296968029752,2.737697716810497,19199.843465733124,-38.66561913494725,0.002,-2.2185786223881703,3.1301719620198964,-0.9156333051290364,6.0,10.0,180.0,0.0566556710938742,-6.550852482427828,-0.1221025027975836,-3.264838739363495,420.1293118321829,626.9867890374907,167.23083192122337,754.7347364862142,567.45,0.0566556710938742,0.05912402272224426,0.04777921736240387,-0.07331503927707672,0.08797954022884369,0.13919086754322052,0.04914700984954834,-0.09828123450279236,-0.12062147259712219,-0.09651784598827362,0.0007030367851257324,0.060498181730508804,0.043418511748313904,0.042248256504535675,0.027475832030177116,0.15984654426574707,-0.14201587438583374,-1.8935267925262451,-0.05046067386865616,0.023111216723918915,-0.09975776076316833,0.35940903425216675,-0.2197282910346985,0.02955576404929161,0.046298302710056305,0.13420924544334412,-0.013005275279283524,0.06595143675804138,0.14325319230556488,-0.2685878276824951,-0.02086951583623886,0.5817883014678955,0.08591610938310623,0.03019101545214653,-0.1001216471195221,0.8779098987579346,0.07401304692029953,0.08368773013353348,-0.025839030742645264,-0.09269075840711594,0.9544022083282471
4954.0,99.07900000000004,-27.44428818166374,242.0927314321213,386.54600107870255,203330.96683282108,-27.500152700008226,242.2042649997903,386.5459900000001,203426.7794840001,-4.294990926052668,8.58346783205685,-0.0003688890151593,19200.000000000007,-5.221587489659031e-05,-9.10311422195978e-05,-1.1078712878242309e-05,0.0,-4.3139664911940585,-0.1815150666118946,8.546882984421735,2.8084134226380373,-0.0009524367978054,1.7126345326139922,19199.72459572337,-60.14249916938794,0.002,-2.089292306370748,3.1299859782151733,-0.931613712447025,6.0,10.0,180.0,0.0878472529150875,-6.540509119019326,-0.1225735161676686,-3.271513678222428,418.3371559160914,627.5313945187454,167.10291596061168,754.1928682431071,565.6500000000001,0.0878472529150875,0.05455717444419861,0.05220150947570801,-0.07918211817741394,0.090802863240242,0.13500967621803284,0.05537158250808716,-0.09121430665254593,-0.13669037818908691,-0.08912159502506256,-0.004182934761047363,0.06052442640066147,0.04670535773038864,0.042022839188575745,0.02553473599255085,0.1282108575105667,-0.15064868330955505,-1.88398277759552,-0.0066928863525390625,0.024156620725989342,-0.08763289451599121,0.35793536901474,-0.21050864458084106,0.016070261597633362,0.0777767077088356,0.14320343732833862,-0.018041491508483887,0.10187097638845444,0.15484389662742615,-0.23546090722084045,-0.014336145482957363,0.5517145395278931,0.08808615058660507,0.028629470616579056,-0.07892630994319916,0.8385157585144043,0.06025641784071922,0.08473972231149673,-0.025412455201148987,-0.1534038782119751,0.984935998916626
4955.0,99.09900000000002,-27.52981959263254,242.264459049956,386.5459660080446,203714.96555691632,-27.58601770004686,242.3759951007072,386.5459900000001,203810.7794840001,-4.30610941189265,8.583547777368715,0.0008018397445181,19200.000000000007,-0.0003860078144588,-8.86522582799273e-05,2.399190701435324e-05,0.0,-4.2619507848441325,-3.474298681488174,8.586885343856279,-0.3621682765296203,-0.0058496471210438,1.0309397523850357,19199.48485002762,12.885903822406345,0.002,-2.1605656749083795,3.203371605806173,-0.922993119610378,6.0,10.0,180.0,0.1347300174603987,-6.5536653993468645,-0.1215691160405739,-3.270489013732283,419.58107795804574,626.6381972593726,167.09195798030584,754.1409341215535,563.8500000000001,0.1347300174603987,0.07381588220596313,0.05822396278381348,-0.06871981918811798,0.09588122367858887,0.14556708931922913,0.06104615330696106,-0.08661283552646637,-0.11920005083084106,-0.0745517835021019,0.008402228355407715,0.07415788620710373,0.056469764560461044,0.05537012219429016,0.03864593058824539,0.15003401041030884,-0.13229697942733765,-1.889353632926941,-0.015054095536470413,0.036319807171821594,-0.07589918375015259,0.3754332363605499,-0.20323298871517181,0.03330688178539276,0.0836281105875969,0.15260636806488037,-0.005785029381513596,0.09589261561632156,0.15607251226902008,-0.2511545717716217,0.0029308730736374855,0.6553338766098022,0.09775280207395554,0.041570406407117844,-0.07612532377243042,0.8768786191940308,0.07503080368041992,0.09379086643457413,-0.009561151266098022,-0.10433227568864822,0.9470598697662354
4956.0,99.11900000000004,-27.61593270675389,242.4355831976185,386.54600290186863,204098.9574872589,-27.6718826999802,242.5477251005504,386.5459900000001,204194.7794840001,-4.297842324900786,8.60374406098255,-0.0004312067704283,19200.000000000007,-0.0001375964243939,0.00051729956294,-1.29017780193904e-05,0.0,-4.34791734652332,-3.050185862778187,8.550548478115823,7.749523146670813,0.0099843583947743,-1.8318067319077684,19200.067659887427,47.25277207263557,0.002,-2.21443186041088,3.153229695187748,-0.9413136837315256,6.0,10.0,180.0,0.071286254594409,-6.63135497926133,-0.1220536985326762,-3.358668856663856,417.1820389790229,628.3420986296863,167.11097899015292,754.2319670607767,568.3500000000001,0.071286254594409,0.0767684131860733,0.06902912259101868,-0.06734202057123184,0.12022248655557632,0.14254099130630493,0.08122390508651733,-0.06990393996238708,-0.13821031153202057,-0.059510260820388794,0.01003071665763855,0.08779427409172058,0.07282666862010956,0.06773406267166138,0.04938255250453949,0.12305662035942078,-0.1299276351928711,-1.8732236623764038,0.05008120834827423,0.049899160861968994,-0.045764654874801636,0.37901657819747925,-0.1675521731376648,0.02215414308011532,0.12604576349258423,0.16374951601028442,-0.0072056204080581665,0.15475799143314362,0.1692832112312317,-0.20581550896167755,0.025013528764247894,0.634316086769104,0.11235570162534714,0.05127924308180809,-0.03014552965760231,0.8706783056259155,0.06060909479856491,0.10527201741933823,0.011177554726600647,-0.19115915894508362,1.0199559926986694
4957.0,99.13900000000004,-27.702370811100288,242.60780576321872,386.54598527597625,204482.96248035843,-27.75774769971209,242.71945509987447,386.5459900000001,204578.7794840001,-4.2787328482478175,8.587326507402224,0.0001591948641485,19200.000000000007,0.0004357084416159,2.483635294565912e-05,4.724283692179959e-06,0.0,-4.295631333934637,3.4121364841516395,8.653341830113508,4.206627572783477,-0.0097506072516508,-2.686835797253156,19200.06714295136,55.80182542109648,0.002,-2.248625282106768,3.0987428520832574,-0.926136550844376,6.0,10.0,180.0,-0.0195402998819859,-6.579108551569158,-0.1230479046766029,-3.293550612634134,419.2160194895114,628.5095493148432,167.40698949507646,755.4959835303883,566.7000000000002,-0.0195402998819859,0.01413215696811676,0.04318453371524811,-0.11215229332447052,0.07577643543481827,0.11242526024580002,0.03783957660198212,-0.10908525437116623,-0.16164317727088928,-0.11349831521511078,-0.028622359037399292,0.043485019356012344,0.026601387187838554,0.021894192323088646,0.004326226189732552,0.09154708683490753,-0.1756698042154312,-1.8847700357437134,-0.02341052144765854,0.0063513219356536865,-0.11574342846870422,0.33847013115882874,-0.2331261932849884,-0.0071519166231155396,0.0498257651925087,0.11995743960142136,-0.04968501999974251,0.09547564387321472,0.14055466651916504,-0.26165080070495605,-0.05201660841703415,0.4078711271286011,0.07020585983991623,0.005145554430782795,-0.07949121296405792,0.763940691947937,0.046546194702386856,0.06962002068758011,-0.04118172079324722,-0.19827723503112793,1.060615062713623
4958.0,99.15900000000003,-27.787977336651423,242.77988556105865,386.5459726129676,204866.96459549875,-27.84361270000436,242.891185100132,386.5459900000001,204962.7794840001,-4.28735048911801,8.575664037549537,0.0005775727213499,19200.000000000007,0.0001770368180567,-0.0003249577034697,1.7386609725246698e-05,0.0,-4.287615898179444,-1.2196342700197875,8.581033345329752,1.350046403894946,-0.0022117082988869,0.2501616604170714,19200.20435753168,-0.001241560107077,0.002,-2.187573370965517,3.0605444228563528,-0.9338130316428496,6.0,10.0,180.0,0.0566413940635634,-6.511199118532227,-0.1215850894921673,-3.297155470009925,419.20600974475576,627.8037746574216,167.26849474753823,754.9009917651942,567.3750000000001,0.0566413940635634,0.057819664478302,0.05353845655918121,-0.07865288108587265,0.09153135120868683,0.13843238353729248,0.057144150137901306,-0.090773805975914,-0.13193365931510925,-0.08752067387104034,-0.0012682080268859863,0.06540939211845398,0.0488458126783371,0.04595359414815903,0.029313549399375916,0.13570748269557953,-0.14460797607898712,-1.8876911401748657,-0.016383465379476547,0.02802463062107563,-0.08638118207454681,0.36392727494239807,-0.21038243174552917,0.022031109780073166,0.07372023910284042,0.14667785167694092,-0.016488846391439438,0.09902186691761017,0.15356053411960602,-0.24577945470809937,-0.011963567696511745,0.5933787226676941,0.0905860885977745,0.03121320530772209,-0.07539220154285431,0.8613483905792236,0.06515668332576752,0.08725196868181229,-0.018406622111797333,-0.14167729020118713,0.9905773401260376
4959.0,99.17900000000004,-27.87366794187978,242.95158264690576,386.54594444538645,205250.9675340143,-27.9294777013447,243.06291510069127,386.5459900000001,205346.7794840001,-4.293159481667281,8.576738632548174,0.0015174331772844,19200.000000000007,2.743540933340881e-06,-0.0002920433221253,4.555316925901828e-05,0.0,-4.284634154613569,2.5633182713885616,8.602559093255785,0.4823272124910712,-0.0087737766663956,3.5430883068053745,19200.11885937161,34.31162587197089,0.002,-2.154674261261334,3.1232331211014213,-0.9012840229281442,6.0,10.0,180.0,0.0600747368659452,-6.570246234627265,-0.1205930454524256,-3.2535476627179465,419.6565048723779,627.5338873287108,167.27474737376912,754.9259958825971,565.2,0.0600747368659452,0.02813751995563507,0.03739215433597565,-0.09521139413118362,0.07698386907577515,0.11708661168813705,0.033201128244400024,-0.11069849133491516,-0.14524537324905396,-0.11720377206802368,-0.02039515972137451,0.03859691321849823,0.02545853517949581,0.020462801679968834,0.005073258653283119,0.12275367975234985,-0.17012985050678253,-1.8893393278121948,-0.04429037868976593,0.0028841830790042877,-0.12219445407390594,0.3342626094818115,-0.2384035289287567,0.0018791966140270233,0.032986246049404144,0.11115989834070206,-0.03524472936987877,0.06251095235347748,0.13774971663951874,-0.25816160440444946,-0.05135943740606308,0.4412515163421631,0.06886690109968185,0.009296943433582783,-0.11040224134922028,0.795956015586853,0.05522310733795166,0.06804310530424118,-0.052719660103321075,-0.1431170403957367,0.9812881946563721
4960.0,99.19900000000004,-27.959269766581787,243.1231783222544,386.5459971625049,205634.9686060411,-28.01534270233828,243.23464510031727,386.5459900000001,205730.7794840001,-4.301936684620733,8.5812336555028,-0.0002338160714959,19200.000000000007,-0.0002607321871249,-0.0001579228568127,-7.063349445913028e-06,0.0,-4.297127423745301,-0.3615960187822882,8.55442411196144,-1.823726662382344,0.0088146118601321,4.331679327761206,19200.188264929373,38.59736388079697,0.002,-2.194258803987573,3.154873648704453,-0.9155647623867876,6.0,10.0,180.0,0.0698538771572617,-6.562400958075644,-0.1201065890115781,-3.256067303930517,418.699752436189,627.3809436643553,167.12037368688456,754.2669979412985,563.5500000000001,0.0698538771572617,0.05774664878845215,0.047514334321022034,-0.073272205889225,0.08781276643276215,0.13429269194602966,0.046244069933891296,-0.09761806577444077,-0.12314865738153458,-0.09580150246620178,-0.0017332732677459717,0.05422721430659294,0.03975450247526169,0.03738456964492798,0.021996665745973587,0.14903295040130615,-0.14965572953224182,-1.8910859823226929,-0.040975868701934814,0.01823284476995468,-0.10300630331039429,0.35717618465423584,-0.2186993956565857,0.02578158490359783,0.05166109651327133,0.12962624430656433,-0.012104075402021408,0.068189337849617,0.14777131378650665,-0.2560338079929352,-0.02310476452112198,0.553754985332489,0.08152591437101364,0.026081662625074387,-0.1067168116569519,0.8478052616119385,0.06927108019590378,0.07994655519723892,-0.0361388623714447,-0.10048157721757889,0.9361329078674316
4961.0,99.21900000000002,-28.04544632572189,243.2945356268752,386.5459917620996,206018.97200485464,-28.101207801990427,243.40637530004764,386.5459900000001,206114.7794840001,-4.291528289371056,8.593652037553978,-9.592159070982622e-05,19200.000000000007,5.082723979356789e-05,0.000214869756622,-1.761128534493887e-06,0.0,-4.30422114624322,2.688226805099157,8.615448105257796,0.5425821824396284,0.0048527732686451,4.213781109630828,19200.153720130795,111.6325184151032,0.002,-2.169651481550756,3.161518822295027,-0.8990550055630554,6.0,10.0,180.0,0.0039186189499446,-6.621049068713946,-0.1250114090596787,-3.2294240682985764,419.0833762180945,627.9769718321777,167.28568684344228,754.9749989706493,561.8250000000002,0.0039186189499446,0.029021620750427246,0.038651272654533386,-0.09380503743886948,0.07733926922082901,0.11776157468557358,0.0306071937084198,-0.11081015318632126,-0.14472508430480957,-0.11435075104236603,-0.020525336265563965,0.03807363286614418,0.02505696564912796,0.020643873140215874,0.004783617332577705,0.1200646311044693,-0.171046644449234,-1.8885713815689087,-0.039064809679985046,0.0025423243641853333,-0.12163172662258148,0.33597129583358765,-0.23832768201828003,0.00261881947517395,0.03757547587156296,0.10946426540613174,-0.03369247168302536,0.062422771006822586,0.13852520287036896,-0.2553766369819641,-0.05028022080659866,0.42766356468200684,0.06805773824453354,0.010053900070488453,-0.11400796473026276,0.7718981504440308,0.055207885801792145,0.06760754436254501,-0.05435992777347565,-0.13395708799362183,0.9623923301696777
4962.0,99.23900000000005,-28.13126908267937,243.4665935073586,386.54602726699727,206402.9736332432,-28.18707304932218,243.578105797148,386.5459900000001,206498.7794840001,-4.29299990168506,8.58281997297823,-0.001241261716278,19200.000000000007,8.678264885999429e-06,-0.0001128979715319,-3.726536954462892e-05,0.0,-4.292022610427044,-0.8043507270675878,8.579147006256992,-2.3083060504814314,0.0158649059931191,0.1818809791728806,19200.29008250536,-77.22109348772308,0.002,-2.0836575155841435,3.175012048732717,-0.908684587016643,6.0,10.0,180.0,0.0375783041328425,-6.518101604722249,-0.1274514566348205,-3.217672842229128,418.9846881090473,627.6474859160888,167.20884342172116,754.6454994853246,560.1000000000001,0.0375783041328425,0.05655853450298309,0.053532302379608154,-0.08060034364461899,0.0871659517288208,0.13600802421569824,0.04674066603183746,-0.09653504937887192,-0.1215858906507492,-0.08668685704469681,-0.0031690895557403564,0.05848586931824684,0.039097920060157776,0.039856404066085815,0.022548817098140717,0.13534146547317505,-0.14966775476932526,-1.891966700553894,-0.04194916412234306,0.021396301686763763,-0.1012456864118576,0.36963003873825073,-0.21772044897079468,0.03112625703215599,0.058769725263118744,0.13346081972122192,-0.014631342142820358,0.07862889021635056,0.14575542509555817,-0.26595133543014526,-0.020647548139095306,0.5816559791564941,0.08087854832410812,0.024024877697229385,-0.09578706324100494,0.8232934474945068,0.07134999334812164,0.0808120146393776,-0.029180817306041718,-0.0982033833861351,0.9509408473968506
4963.0,99.25900000000004,-28.217032161655503,243.6381825153676,386.5460615997228,206786.9725924595,-28.27293961590496,243.74983825015607,386.5459900000001,206882.7794840001,-4.296504252537184,8.58760813218095,-0.00239141675542,19200.000000000007,-9.406230614675826e-05,2.9206799121670347e-05,-7.159943084355849e-05,0.0,-4.267651480092977,3.540301344203138,8.608335986173277,2.685906013159544,0.0105078354847083,-4.763328593821862,19200.06701869165,64.3369833890138,0.002,-2.030239977790496,3.220408518195905,-0.922941808071815,6.0,10.0,180.0,0.0907817613231587,-6.58106281644843,-0.1337682240082011,-3.220762929996836,420.11634405452367,627.0192429580444,167.2349217108606,754.7532497426623,564.6750000000002,0.0907817613231587,0.011117741465568542,0.0432886928319931,-0.11825487017631531,0.07232189178466797,0.1077120453119278,0.0364886075258255,-0.11152161657810211,-0.15855900943279266,-0.11266925185918808,-0.03067675232887268,0.039597731083631516,0.02059187926352024,0.017291173338890076,-0.0011444687843322754,0.08465763181447983,-0.1800570785999298,-1.8872191905975342,-0.03912253677845001,0.0026387088000774384,-0.12401507794857025,0.34208253026008606,-0.2364283800125122,-0.004505522549152374,0.041909344494342804,0.11682417243719101,-0.052092548459768295,0.09025921672582626,0.13723228871822357,-0.272851824760437,-0.056672222912311554,0.43156689405441284,0.0642363652586937,-0.0019073961302638054,-0.08224785327911377,0.7580279111862183,0.048003822565078735,0.06538666039705276,-0.045576781034469604,-0.19285395741462708,1.0613625049591064
4964.0,99.27900000000002,-28.30224833438756,243.8102844595516,386.5460209186609,207170.9654989447,-28.358807262341696,243.9215696312255,386.5459900000001,207266.7794840001,-4.31821617194146,8.575146072354913,-0.001062347551432,19200.000000000007,-0.0007450647526022,-0.0003399034751315,-3.09200609857124e-05,0.0,-4.281357388977343,-5.618753452023689,8.562038468311714,-4.099096653518119,-0.0027006404834939,-4.458007648714751,19199.277839289312,-68.66125927194962,0.002,-1.9852672515550416,3.206425597430187,-0.9958047742314736,6.0,10.0,180.0,0.1532877208343564,-6.576208544995954,-0.1357072886445663,-3.293593559097784,419.50167202726186,626.7436214790222,167.10146085543028,754.1816248713312,563.0250000000001,0.1532877208343564,0.09220696985721588,0.07289226353168488,-0.061538174748420715,0.1042691320180893,0.15633153915405273,0.07280038297176361,-0.07618898898363113,-0.09715393930673599,-0.05367978662252426,0.019917309284210205,0.08855809271335602,0.06282530725002289,0.06799883395433426,0.05006251111626625,0.1605837643146515,-0.1184764951467514,-1.8939684629440308,-0.03459853678941727,0.04906352609395981,-0.0685955137014389,0.4031751751899719,-0.18891271948814392,0.058242421597242355,0.09134840220212936,0.17186865210533142,0.007035944610834122,0.10787895321846008,0.1607995182275772,-0.27036795020103455,0.019942782819271088,0.7594600915908813,0.10355932265520096,0.046725135296583176,-0.06270354986190796,0.9164847135543823,0.08942154049873352,0.10185221582651138,0.009766250848770142,-0.07187151163816452,0.9612866640090942
4965.0,99.29900000000004,-28.38877454182304,243.9813729757212,386.5459904986609,207554.9599799234,-28.444675017605817,244.09329909460865,386.5459900000001,207650.7794840001,-4.29625878196258,8.59651407293747,-1.391703815385066e-05,19200.000000000007,-8.658259638608095e-05,0.0003018208583882,-5.000522064371347e-07,0.0,-4.320680722524249,9.461905603126024,8.594707530125724,2.8766829580370072,-0.0009546746902631,-4.026097244167405,19200.136504282065,-21.4803016945906,0.002,-1.9142273543726085,3.2229065944682813,-0.9191589571118112,6.0,10.0,180.0,0.0610395047497999,-6.620260944670418,-0.133292138999687,-3.339210884423588,418.6683360136309,627.963810739511,167.22973042771514,754.7343124356656,563.7000000000002,0.0610395047497999,-0.028964877128601074,0.028689250349998474,-0.14259907603263855,0.056105613708496094,0.0751250833272934,0.01100100576877594,-0.13128343224525452,-0.17758645117282867,-0.14981362223625183,-0.051143109798431396,0.007813939824700356,-0.008719570934772491,-0.013918513432145119,-0.03155200555920601,0.058115214109420776,-0.2154817283153534,-1.8872123956680298,-0.06974438577890396,-0.02707734704017639,-0.17489036917686462,0.3100874722003937,-0.26063093543052673,-0.02778598666191101,-0.0012999624013900757,0.08259664475917816,-0.07702238857746124,0.06445043534040451,0.1206909716129303,-0.28633296489715576,-0.10467026382684708,0.20254169404506683,0.03668685257434845,-0.03353102132678032,-0.11206850409507751,0.6742700338363647,0.03246175870299339,0.04236767441034317,-0.08418318629264832,-0.22429847717285156,1.102713942527771
4966.0,99.31900000000005,-28.47418177254485,244.1537890840665,386.54590128588416,207938.9580954368,-28.53054277172276,244.26502847024267,386.5459900000001,208034.7794840001,-4.311570306823602,8.573567041286344,0.0029616158972952,19200.000000000007,-0.0005470833265512,-0.000384930126124,8.881445494720878e-05,0.0,-4.256687083608907,-4.455564284130367,8.607616704252859,-9.344640097996583,0.0068390769159801,-1.9551253344830664,19199.93072623329,-55.79763071828277,0.002,-1.9897339596816064,2.8756443549288417,-0.8329536009966262,6.0,10.0,180.0,0.1099572838261108,-6.560590628591555,-0.1206262331932348,-3.3632766566723094,420.24966800681545,626.8614053697555,167.22286521385757,754.6986562178329,568.9500000000002,0.1099572838261108,0.08215680718421936,0.06090380251407623,-0.06949488073587418,0.09557618200778961,0.1535293161869049,0.060874149203300476,-0.08963155746459961,-0.08992238342761993,-0.07938392460346222,0.017151206731796265,0.0755937397480011,0.049809712916612625,0.05599069595336914,0.04096480458974838,0.18945518136024475,-0.12211045622825623,-1.8909357786178589,-0.09153186529874802,0.036463167518377304,-0.09663473069667816,0.38510969281196594,-0.2095623016357422,0.053837236016988754,0.03857942670583725,0.14675283432006836,0.005589485168457031,0.05995994806289673,0.13876047730445862,-0.3029734194278717,-0.004946387372910976,0.6832878589630127,0.09184103459119797,0.037518460303545,-0.0960395336151123,0.9518952369689941,0.0957794040441513,0.09224314242601395,-0.006133243441581726,-0.03438814729452133,0.9553804397583008
4967.0,99.33900000000004,-28.558790682845324,244.321978187406,386.5459908313823,208322.96150012533,-28.60851298357374,244.4209624116376,386.5459900000001,208418.7794840001,-3.0936972931451225,6.1719781784685415,-3.146781007322442e-05,19200.000000000007,-0.0015862938421164,0.0027165903255818,-8.298924391507173e-07,0.0,-3.8844210836509454,87.71560464237758,7.518925161214829,-212.6566117213677,-0.0268588566997353,3.544746908978967,19200.2219838753,-8.542075494807886,0.002,-2.13478109378024,1.981627149958315,-0.7178561593596453,6.0,10.0,180.0,-0.2474614387889718,-5.66777629367744,-0.1279553565157143,-3.3397324117401963,411.8868340034077,607.1882026848778,162.27993260692878,733.7218281089165,567.3000000000001,-0.2474614387889718,-0.6876647472381592,-0.4433453679084778,-0.9952325820922852,-0.5284532308578491,-0.49334093928337097,-0.547713041305542,-0.49311739206314087,-0.5871840119361877,-0.5610430240631104,-0.49446314573287964,-0.5891798138618469,-0.66505366563797,-0.5087774991989136,-0.5332465171813965,0.2676500678062439,-0.5830211639404297,0.3921992778778076,-1.315999984741211,-0.5910446047782898,-1.0089566707611084,-0.5873698592185974,-0.3697260022163391,-0.5851066708564758,-0.9939635992050171,-1.132604956626892,-0.37548211216926575,-0.31983548402786255,-1.264052152633667,-1.3419809341430664,-0.7007008194923401,0.957553505897522,-0.38443732261657715,-0.5158266425132751,-1.0045084953308105,-0.020246893167495728,0.1897260546684265,-0.4678749442100525,-0.7981523275375366,1.2728111743927002,0.7652255892753601
4968.0,99.359,-28.61275293010296,244.4348302593968,386.5461933282064,208706.97686804453,-28.645116439503944,244.51589563525408,386.5459900000001,208802.7794840001,-1.1566934270583027,5.333637504516667,-0.0067762909895118,19200.000000000007,-0.0140786467783797,0.0236043487491107,-0.0002033274198799,0.0,-1.452407405362432,101.02407716031954,4.829514982693199,52.48988768801264,0.0080425842436584,5.612995695557542,19201.3887022106,8.583722063816271,0.002,-2.145309907188423,2.215388228997763,-0.801183802539998,6.0,10.0,180.0,-0.4869341424043799,-6.493516245019379,-0.1425988347962213,-3.194158613799182,426.7569170017039,484.4241013424389,142.4339663034644,652.2694140544583,565.5750000000002,-0.4869341424043799,-0.6815056800842285,-0.6304775476455688,-0.42160463333129883,-0.4265073537826538,-0.6918370127677917,-0.4358249604701996,-0.6520770788192749,-0.6344677805900574,-0.7230870723724365,-0.501502513885498,-0.7133956551551819,-0.5819889307022095,-0.6993809342384338,-0.7624143958091736,-0.5372355580329895,-0.8878141045570374,-2.0288474559783936,-0.5397320985794067,-0.7097405791282654,-0.9549466371536255,-0.6580244302749634,-0.6768741011619568,-0.5804818272590637,-0.7033438682556152,-0.5758048295974731,-0.4745037853717804,-0.41968655586242676,-0.15674562752246857,-0.42662885785102844,-0.7573317885398865,-3.127878427505493,-0.49731120467185974,-0.6503579020500183,-0.4929390847682953,-0.02328929305076599,-0.3296911418437958,-0.4660496413707733,-0.9162041544914246,-1.5302497148513794,1.816051721572876
4969.0,99.37900000000003,-28.629032530319684,244.55359309348847,386.5463007594079,209091.00521321545,-28.64803418177619,244.6443835997727,386.5459900000001,209186.7794840001,-0.6236595055217459,8.611797239845748,-0.0103613501930863,19200.000000000007,-0.0187134454987954,-0.002556974699772,-0.0003107595832281,0.0,-0.5023406306327637,-3.2436322036244776,7.705268128011572,216.67934532562808,-0.0046559583918987,-1.9562528734144529,19200.70284118485,-98.76733494180372,0.002,-2.63696977572375,2.3115868464000515,-0.9185352553502462,6.0,10.0,180.0,0.0407374049879035,-7.242303104690765,-0.1792160770545869,-2.937236471246456,506.702458500852,417.47405067121946,146.48348315173217,667.8302070272291,563.8500000000001,0.0407374049879035,-0.562381386756897,-0.16838255524635315,0.14195787906646729,-0.148650124669075,-0.2742360830307007,-0.08905448019504547,0.01600050926208496,-0.32045698165893555,-0.24816599488258362,0.021901428699493408,-0.24404002726078033,-0.07981117814779282,-0.12814560532569885,-0.16770145297050476,-0.9861518144607544,-0.3993896245956421,-1.5676404237747192,0.716259241104126,-0.1360446810722351,0.30683013796806335,-0.06734102219343185,0.023496128618717194,-0.08068303763866425,0.015197761356830597,0.2363753616809845,0.16378149390220642,0.6755650639533997,0.04314441233873367,0.0675535723567009,0.23427827656269073,-4.779825687408447,-0.18662245571613312,-0.17200389504432678,0.11309196054935455,-2.4340834617614746,-0.6048270463943481,-0.191408172249794,-0.45616209506988525,-2.3393337726593018,0.7550669312477112
4970.0,99.39900000000004,-28.639546205515472,244.7301515608602,386.54599318508656,209475.00229620456,-28.648031469816555,244.8333969560984,386.5459900000001,209570.7794840001,-0.282769373012545,8.88673195296445,-0.0001116764304357,19200.000000000007,-0.0084870545079989,-0.021398978549491,-3.1852558597993203e-06,0.0,-0.4949232428443698,14.348988890981076,8.885795839772427,-32.40955605844142,0.011243801018162,1.9620823750985563,19198.849285792257,-47.20557475744086,0.002,-2.847859603117588,2.093537163874139,-0.9609922570658042,6.0,10.0,180.0,-0.0401539085322133,-6.30969967358075,-0.1762697228959493,-2.955155642742497,562.1407292504259,401.5015253356097,153.8432415758661,697.9331035136145,568.4250000000001,-0.0401539085322133,-0.6795710325241089,-0.6197665929794312,-0.7378923892974854,-0.4851190447807312,-0.5930602550506592,-0.539233922958374,-0.6063401699066162,-0.4480551481246948,-0.644774317741394,-0.5164772868156433,-0.5586923360824585,-0.5317267179489136,-0.5418619513511658,-0.5511327981948853,-0.18237550556659698,-0.6069326996803284,-1.3566536903381348,-0.8830184936523438,-0.5520853996276855,-0.7653390169143677,-0.7253804802894592,-0.7358274459838867,-0.5867902636528015,-0.7724497318267822,-0.6921415328979492,-0.6899874806404114,-0.7178370356559753,-0.7842139005661011,-0.8107343912124634,-0.7343071103096008,0.07985289394855499,-0.4700721204280853,-0.5356225371360779,-0.7038407325744629,0.303225040435791,-0.2529526352882385,-0.49546152353286743,-0.6995600461959839,-0.28852254152297974,0.570913553237915
4971.0,99.41900000000004,-28.64505721117151,244.910765733372,386.54578928015445,209858.9770636081,-28.64802874939779,245.02539762821152,386.5459900000001,209954.7794840001,-0.0989690564772972,9.261067053496705,0.006691836427183,19200.000000000007,-0.0029733129578547,-0.010168710153012,0.000200719887584,0.0,-0.1204227778507305,4.44921586853919,9.240999062241636,20.754815393605085,-0.0112437207666262,-6.113685949102106,19198.488261485283,-64.34577787282343,0.002,-3.0730186447641605,2.1058621653986966,-0.891674855109976,6.0,10.0,180.0,-0.1262996750311114,-6.408699683350733,-0.1523322479993533,-3.189984155988897,601.7788646252129,385.77176266780486,159.00312078793306,719.2185517568073,559.3500000000001,-0.1262996750311114,-0.6456974744796753,-0.5757997035980225,-0.5499699115753174,-0.5417807102203369,-0.4946516752243042,-0.5160654783248901,-0.6703613996505737,-0.5388844013214111,-0.6764222979545593,-0.5193994641304016,-0.5372902154922485,-0.5253399610519409,-0.532998263835907,-0.5481125116348267,-0.5521796345710754,-0.6500937938690186,-1.9619901180267334,-0.48915135860443115,-0.5412921905517578,-0.6069107055664062,-0.6273893713951111,-0.8181467652320862,-0.5654491782188416,-0.7069314122200012,-0.6123054623603821,-0.7078391909599304,-0.629218339920044,-0.6209136247634888,-0.7350869178771973,-0.6649267077445984,-0.41233372688293457,-0.5021206140518188,-0.547056257724762,-0.5177668333053589,0.06675869226455688,-0.4564637243747711,-0.5110747814178467,-0.7098438739776611,-0.8760198354721069,0.4437422752380371
4972.0,99.43900000000004,-28.64680090624412,245.09745824404163,386.545936343277,210242.95685227145,-28.64802625959276,245.2173987856985,386.5459900000001,210338.7794840001,-0.0408019672785957,9.438089640668222,0.001784287810555,19200.000000000007,-0.0012268873700798,-0.0048608632016778,5.3656782096619234e-05,0.0,-0.0668250570575324,0.1249132353380529,9.393111464033424,13.44108496761935,-0.0038865978894808,-2.6187065472239155,19200.01600844427,223.15950795419204,0.002,-3.2093597924316426,2.0003004224792287,-0.9081162008553644,6.0,10.0,180.0,-0.1321341938387796,-6.371583541852168,-0.1371993425000648,-3.3812012029727327,624.4349323126064,378.4578813339024,162.22606039396652,732.5952758784036,560.0250000000002,-0.1321341938387796,-0.6566399931907654,-0.6127281188964844,-0.5904345512390137,-0.5735751390457153,-0.5342919826507568,-0.5518571138381958,-0.6969971656799316,-0.5236461162567139,-0.679961085319519,-0.5533751845359802,-0.5600395202636719,-0.556658923625946,-0.554578423500061,-0.5689550638198853,-0.5422655344009399,-0.6651207208633423,-1.8978105783462524,-0.536620557308197,-0.5634311437606812,-0.6282893419265747,-0.6743336915969849,-0.8366162180900574,-0.5803349018096924,-0.7306891679763794,-0.6361615657806396,-0.7356687784194946,-0.6851948499679565,-0.6949456930160522,-0.7693849802017212,-0.6937726736068726,-0.2883532643318176,-0.5415071249008179,-0.5713816285133362,-0.5717213749885559,0.05988986790180206,-0.4885360896587372,-0.5481093525886536,-0.7369456887245178,-0.8030018210411072,0.2582470774650574
4973.0,99.45900000000005,-28.64814272538619,245.2869867119324,386.5459823210334,210626.9650004261,-28.64802508957239,245.4094018842036,386.5459900000001,210722.7794840001,0.0039266090707995,9.52059060701906,0.0002583887825889,19200.000000000007,0.0001170526349719,-0.0023871860874407,7.678851237116893e-06,0.0,-0.0549273527792664,3.9636417233297614,9.519390991910196,3.353804135036876,-0.0139026735411576,-3.5436313666460366,19200.05018919178,-81.5201415404743,0.002,-3.3646551537547627,1.8906835600019287,-0.9167716302001132,6.0,10.0,180.0,-0.2216450855970337,-6.356009557758146,-0.1386649505344979,-3.321200722648329,637.4654661563031,376.4139406669513,164.37103019698327,741.5636379392018,565.2750000000001,-0.2216450855970337,-0.7207607626914978,-0.6633782386779785,-0.6549689769744873,-0.6095829010009766,-0.6025195121765137,-0.6141554713249207,-0.7336639761924744,-0.5313014984130859,-0.7145963907241821,-0.6039588451385498,-0.6106321811676025,-0.6086771488189697,-0.60355544090271,-0.6196248531341553,-0.5206857323646545,-0.7056981325149536,-1.563224196434021,-0.6484125852584839,-0.6159945726394653,-0.7268835306167603,-0.7575432658195496,-0.8626759648323059,-0.6080147624015808,-0.7956170439720154,-0.6994365453720093,-0.7745072245597839,-0.7578304409980774,-0.7695417404174805,-0.8199461698532104,-0.7718234062194824,-0.6894290447235107,-0.5863494277000427,-0.6237149834632874,-0.6414462924003601,0.005253911018371582,-0.5012133717536926,-0.5974670052528381,-0.784205436706543,-0.7414551973342896,0.26700472831726074
4974.0,99.47900000000004,-28.648340317687843,245.4778174903043,386.5459137946224,211010.9633365929,-28.648024999570254,245.6014039094915,386.5459900000001,211106.7794840001,0.0105049332495524,9.559535431342086,0.0025348276181097,19200.000000000007,0.0003153099744795,-0.0012147890858539,7.620513410446228e-05,0.0,-0.0144083832234294,-0.0014762015089555,9.594051924623662,1.5169256895723024,0.0004707424152714,5.006385376155819,19200.255732380123,103.01596308402138,0.002,-3.442212503537071,1.773714721609723,-0.9048910621256006,6.0,10.0,180.0,-0.2534653510705366,-6.315888863411439,-0.1332874603441248,-3.3217213877675897,645.6302330781516,375.1999703334756,165.75651509849163,747.382818969601,563.6250000000001,-0.2534653510705366,-0.703015923500061,-0.6542953848838806,-0.6539488434791565,-0.6147198677062988,-0.6081487536430359,-0.6113143563270569,-0.7426104545593262,-0.5104905366897583,-0.7058279514312744,-0.6125417351722717,-0.6084344387054443,-0.6083194613456726,-0.5994888544082642,-0.6137714385986328,-0.49904412031173706,-0.6989530324935913,-1.4974901676177979,-0.6373338103294373,-0.609909176826477,-0.7004207968711853,-0.7619292736053467,-0.8624368906021118,-0.6041970252990723,-0.7797704339027405,-0.6942751407623291,-0.7589232325553894,-0.7819730043411255,-0.7767354846000671,-0.8209376335144043,-0.7695250511169434,-0.45062094926834106,-0.5904035568237305,-0.6112086772918701,-0.668481707572937,0.0021519362926483154,-0.5148407816886902,-0.6018165349960327,-0.7866855263710022,-0.6896176934242249,0.09622405469417572
4975.0,99.49900000000002,-28.648622394756927,245.66952778415424,386.5459080000625,211394.96888410725,-28.64802499995721,245.793403999644,386.5459900000001,211490.7794840001,0.0199088088877905,9.569197793618052,0.0027300280419727,19200.000000000007,0.0005973959610401,-0.0009238871480577,8.200048123460678e-05,0.0,0.0090777981709498,3.662752781173892,9.588413821604346,-0.606103126704,0.0041786330676794,7.694103616405586,19200.204867617027,17.123804514803844,0.002,-3.448816007058605,1.6700017594011307,-0.9206864526899676,6.0,10.0,180.0,-0.3247233436685115,-6.250891448746448,-0.1298745372925454,-3.283262604498546,650.1031165390758,373.6984851667378,166.42575754924582,750.1884094848006,561.9000000000001,-0.3247233436685115,-0.7386736273765564,-0.6899969577789307,-0.6855016350746155,-0.6381063461303711,-0.6490789651870728,-0.643086314201355,-0.7650377750396729,-0.5165663957595825,-0.7273725271224976,-0.6430642604827881,-0.6423323154449463,-0.6394374370574951,-0.631672739982605,-0.6471689939498901,-0.5043641328811646,-0.7306760549545288,-1.4356473684310913,-0.6745650768280029,-0.6435369253158569,-0.7475322484970093,-0.8123626112937927,-0.8732005953788757,-0.6193045973777771,-0.8086606860160828,-0.7265712022781372,-0.778075635433197,-0.8165804147720337,-0.79888916015625,-0.8351484537124634,-0.8091880083084106,-0.7226932048797607,-0.6156842112541199,-0.639924943447113,-0.7085191607475281,-0.07560715079307556,-0.529497504234314,-0.6300444602966309,-0.8240646123886108,-0.6824150681495667,0.07911919057369232
4976.0,99.51900000000003,-28.64857818042058,245.86134713471247,386.5459736563452,211778.9689936952,-28.64802499999676,245.98540400008133,386.5459900000001,211874.7794840001,0.0184402655624991,9.575221951524892,0.0005503884832488,19200.000000000007,0.0005531817881552,-0.0007432299663723,1.6345131121823814e-05,0.0,-0.0102766672821143,1.7694214000038797,9.601106862373964,-5.2502384825446144,0.0041495781239772,2.444949453148623,19199.79329343196,60.09898074515304,0.002,-3.3383456403785075,1.6839817995427684,-0.8954157545535598,6.0,10.0,180.0,-0.3603343722973019,-6.249960046815268,-0.1303701116820148,-3.285858969263979,652.113058269538,373.8182425833689,166.8148787746229,751.8257047424003,560.1750000000001,-0.3603343722973019,-0.7327256798744202,-0.6769402027130127,-0.7071674466133118,-0.6290745139122009,-0.6409960389137268,-0.6479111909866333,-0.7530072331428528,-0.5122573375701904,-0.7190374732017517,-0.6420806050300598,-0.6331146955490112,-0.6360079050064087,-0.6240695714950562,-0.6402584314346313,-0.4945331811904907,-0.7204484939575195,-1.3448889255523682,-0.7004868984222412,-0.636898398399353,-0.7497626543045044,-0.7920905351638794,-0.8727438449859619,-0.6187612414360046,-0.8092142343521118,-0.7292121052742004,-0.7860107421875,-0.8128279447555542,-0.8146086931228638,-0.852088212966919,-0.7963768839836121,-0.608481764793396,-0.614038348197937,-0.640510618686676,-0.7040824890136719,-0.05584651231765747,-0.5136552453041077,-0.6257117986679077,-0.8112168312072754,-0.6349585652351379,0.08987943828105927
4977.0,99.53900000000004,-28.648203967854368,246.0531312110937,386.5459931470836,212162.96594744464,-28.648024999994696,246.1774040000765,386.5459900000001,212258.7794840001,0.0059643658582483,9.582433988216412,-0.0001039444514767,19200.000000000007,0.0001788673459913,-0.0005275115881065,-3.0464234774125445e-06,0.0,0.0312495261350344,-1.2260008080578433,9.5710462219806,-0.4925589432709308,0.0102202995303932,0.7188267129228528,19200.410679199435,-34.3009339947661,0.002,-3.2401211365474363,1.8405977065319368,-0.8973657503354939,6.0,10.0,180.0,-0.3637514712225152,-6.221633802436992,-0.1308604276275694,-3.319217959917811,653.572029134769,371.9656212916845,166.88193938731146,752.0938523712001,564.7500000000001,-0.3637514712225152,-0.7100515365600586,-0.6555659770965576,-0.6754806041717529,-0.6241977214813232,-0.6178396940231323,-0.6285069584846497,-0.7473111152648926,-0.5144945383071899,-0.7066507339477539,-0.6271765828132629,-0.6167606711387634,-0.6219044327735901,-0.6081217527389526,-0.6239778995513916,-0.5165016651153564,-0.706301212310791,-1.4220205545425415,-0.657638669013977,-0.6199250221252441,-0.7141423225402832,-0.7629666328430176,-0.8705715537071228,-0.6105566024780273,-0.7898029088973999,-0.7037156224250793,-0.7752853035926819,-0.783903956413269,-0.7937479019165039,-0.8381916284561157,-0.7700713872909546,-0.49330002069473267,-0.608538806438446,-0.6292833685874939,-0.6727969646453857,0.013266026973724365,-0.5276929140090942,-0.6169165968894958,-0.7970219850540161,-0.6984980702400208,0.08337840437889099
4978.0,99.55900000000004,-28.648033196252687,246.2445700299372,386.5460059358587,212546.96627680035,-28.64802499999947,246.36940400002163,386.5459900000001,212642.7794840001,0.0002686648086492,9.601123542942556,-0.0005300422939243,19200.000000000007,8.19479743560378e-06,3.3866372199305194e-05,-1.5936964979477392e-05,0.0,0.0112636817049139,2.450064871539854,9.610339397935595,0.1866922556028676,0.0078242728394135,-0.7252287866902731,19199.6378860765,60.06943070359826,0.002,-3.289351988119429,1.9323508166046848,-0.902862558892192,6.0,10.0,180.0,-0.3593627182725102,-6.24987993185033,-0.133794514194512,-3.30687066265083,654.3720145673844,372.3653106458422,167.08196969365574,752.9434261856001,563.1000000000001,-0.3593627182725102,-0.7391482591629028,-0.6817244291305542,-0.6902647018432617,-0.6369159817695618,-0.6363862752914429,-0.6493183970451355,-0.7606581449508667,-0.5278816223144531,-0.724114179611206,-0.6412765383720398,-0.6362955570220947,-0.6395758390426636,-0.628409743309021,-0.6454684734344482,-0.5352303981781006,-0.7293728590011597,-1.4182435274124146,-0.6723263263702393,-0.6417384147644043,-0.7497223615646362,-0.7922611832618713,-0.8776323199272156,-0.6205708384513855,-0.8127541542053223,-0.7253144383430481,-0.7930569052696228,-0.7913098335266113,-0.8006334900856018,-0.8457186222076416,-0.7956292033195496,-0.7447063326835632,-0.6204913854598999,-0.649217426776886,-0.6819367408752441,-0.0538148432970047,-0.5337805151939392,-0.6303335428237915,-0.8161816596984863,-0.7160925269126892,0.1330939680337906
4979.0,99.57900000000004,-28.647873077573955,246.43647053166168,386.5460255490083,212930.96728699817,-28.64802500000001,246.5614040000008,386.5459900000001,213026.7794840001,-0.0050624550069341,9.604437122035602,-0.0011812685137429,19200.000000000007,-0.0001519220942499,0.0001331686199497,-3.555033647353692e-05,0.0,-0.0039210139412444,-0.2492011684951267,9.56931861877046,0.4877702611505102,0.007325807133282,-3.356831449329089,19200.445307983424,-55.81400956428028,0.002,-3.3004406767867995,1.936692551272952,-0.8935125964182882,6.0,10.0,180.0,-0.3330035858258257,-6.227967266562267,-0.1357429111887655,-3.308381857514447,654.0010072836922,372.4161553229211,167.00798484682787,752.6247130928,563.7750000000001,-0.3330035858258257,-0.7157120108604431,-0.65839684009552,-0.677142858505249,-0.6232750415802002,-0.6144391894340515,-0.6327863931655884,-0.7448273301124573,-0.522990345954895,-0.7088639736175537,-0.62911057472229,-0.6172538995742798,-0.6236506104469299,-0.6105787754058838,-0.6274505853652954,-0.5351508855819702,-0.7117446660995483,-1.4287729263305664,-0.6563366651535034,-0.6232267618179321,-0.7243730425834656,-0.7576746344566345,-0.8721795678138733,-0.6121760010719299,-0.7959301471710205,-0.7072800397872925,-0.7851549386978149,-0.7697932124137878,-0.7919038534164429,-0.8414222002029419,-0.7683819532394409,-0.5586662292480469,-0.609318733215332,-0.6360472440719604,-0.6593629121780396,0.00018860399723052979,-0.5265669822692871,-0.6163282990455627,-0.796188473701477,-0.7166966795921326,0.1332251876592636
4980.0,99.59900000000005,-28.648044003552048,246.6282140994261,386.5460020440319,213314.9680817304,-28.64802500000001,246.75340400000005,386.5459900000001,213410.7794840001,0.0006317534426458,9.612977946663989,-0.0003992991636536,19200.000000000007,1.900500796322481e-05,0.0003899022755599,-1.2044284688091532e-05,0.0,0.0048912307969798,-0.6690545454478739,9.59228771989584,-5.069063035227887,0.0058514534249047,-1.2192808098459644,19199.74181462852,-12.887702082108,0.002,-3.3912009953636306,1.980832097260613,-0.9092171192234668,6.0,10.0,180.0,-0.3442725961833722,-6.261330538998619,-0.135245678599496,-3.294059829830575,654.2550036418461,372.5160776614605,167.06899242341393,752.8838565464,562.3500000000001,-0.3442725961833722,-0.7195011377334595,-0.6604670286178589,-0.7005628347396851,-0.623351514339447,-0.6263105869293213,-0.641331136226654,-0.7452734708786011,-0.512060821056366,-0.7092485427856445,-0.6362787485122681,-0.6213210821151733,-0.6282369494438171,-0.6130809783935547,-0.6295024156570435,-0.5017108917236328,-0.7088793516159058,-1.3400113582611084,-0.6928036212921143,-0.6260299682617188,-0.7340413331985474,-0.7657470703125,-0.8731482625007629,-0.6141915917396545,-0.800729513168335,-0.7171317338943481,-0.784426748752594,-0.7974488139152527,-0.8124982714653015,-0.8538383841514587,-0.7782527804374695,-0.5091188549995422,-0.6119134426116943,-0.6365188956260681,-0.6862719655036926,-0.008402928709983826,-0.5146432518959045,-0.6205863356590271,-0.7987058162689209,-0.6478104591369629,0.09489372372627258
4981.0,99.61900000000004,-28.64812772822982,246.81970542470373,386.546070509964,213698.9656457392,-28.64802500000001,246.9454040000001,386.5459900000001,213794.7794840001,0.0034286401474907,9.62994528449412,-0.0026769234871167,19200.000000000007,0.0001026282169099,0.0008983748735213,-8.05096086990306e-05,0.0,-0.0070949808953725,-0.4945237000020593,9.600318748871322,2.6867451993371887,-0.0085254391016069,-5.193990495756068,19200.18812723396,-64.36612104983968,0.002,-3.285797238678437,1.9319440490429955,-0.9409776689629392,6.0,10.0,180.0,-0.3520696248634728,-6.358578714263539,-0.1445357193767077,-3.3202335565821506,654.2395018209231,373.1025388307303,167.13199621170696,753.1554282732,567.2250000000001,-0.3520696248634728,-0.7142627239227295,-0.654784083366394,-0.6670210361480713,-0.6223778128623962,-0.608123779296875,-0.6278669834136963,-0.7454985976219177,-0.528679370880127,-0.7087595462799072,-0.6250938773155212,-0.612133264541626,-0.6190134286880493,-0.6063181757926941,-0.6232173442840576,-0.5460431575775146,-0.7088448405265808,-1.462235927581787,-0.6426054239273071,-0.6190990209579468,-0.7180303931236267,-0.7510673999786377,-0.8713768720626831,-0.6113995909690857,-0.7936608195304871,-0.7008116245269775,-0.7882372736930847,-0.7555839419364929,-0.7850781679153442,-0.8385699391365051,-0.7629458904266357,-0.5814356803894043,-0.6060981750488281,-0.6341915726661682,-0.6432408094406128,0.023249730467796326,-0.5303856730461121,-0.6124370694160461,-0.7898712158203125,-0.7491124272346497,0.16761420667171478
4982.0,99.63900000000004,-28.64814184934938,247.01270824615327,386.5459618158936,214082.96205126407,-28.64802500000001,247.1374040000001,386.5459900000001,214178.7794840001,0.0038918024383553,9.596516491086684,0.0009041991019822,19200.000000000007,0.0001168480973833,-0.0001045462301665,2.818440356191467e-05,0.0,0.0139357390016599,4.282049370523532,9.641397759738666,-10.557870562069102,-0.0151543817279401,0.4878435443435256,19199.38034847468,-132.99143496077903,0.002,-3.342746562831445,1.907882968787346,-0.906260811638072,6.0,10.0,180.0,-0.3666379197570604,-6.277449311971745,-0.1430871029116213,-3.358720643378347,655.1152509104616,373.3467694153652,167.33749810585348,754.0342141366,565.5750000000002,-0.3666379197570604,-0.7676485776901245,-0.7015645503997803,-0.7518976926803589,-0.6448087692260742,-0.6723777055740356,-0.6771684885025024,-0.7690707445144653,-0.5194435119628906,-0.737762451171875,-0.6717401742935181,-0.656775951385498,-0.6594376564025879,-0.645970344543457,-0.6631633043289185,-0.4793124198913574,-0.7365147471427917,-1.2699106931686401,-0.7624262571334839,-0.6613095998764038,-0.7918447256088257,-0.8251827359199524,-0.8785318732261658,-0.6374785304069519,-0.8351401090621948,-0.7594770193099976,-0.8101211190223694,-0.8353578448295593,-0.8466787338256836,-0.8782442808151245,-0.8195293545722961,-0.8417333364486694,-0.6331268548965454,-0.6664294600486755,-0.7342752814292908,-0.07097361981868744,-0.5138924717903137,-0.6474654078483582,-0.8318629860877991,-0.6140428185462952,0.1398080438375473
4983.0,99.65900000000002,-28.64788579353897,247.2048515278981,386.5459620090172,214466.9515389957,-28.64802500000001,247.32940400000007,386.5459900000001,214562.7794840001,-0.0046369726174385,9.591741844988684,0.0009314540702323,19200.000000000007,-0.0001392077720287,-0.0002477275969617,2.7990517874727468e-05,0.0,-0.003681413607546,-7.699742304972294,9.568354505419158,3.964157708880224,0.0004964092463205,2.2062288161173043,19200.10088261099,72.94553547354562,0.002,-3.364055645493787,1.806191374284449,-0.924414099043178,6.0,10.0,180.0,-0.3466465745968527,-6.21040149937267,-0.1357517724934726,-3.453605391900001,654.3681254552307,372.8858847076826,167.13224905292674,753.1556070683,563.8500000000001,-0.3466465745968527,-0.6512853503227234,-0.6067830920219421,-0.6293321847915649,-0.5988620519638062,-0.5666152834892273,-0.5840689539909363,-0.7230704426765442,-0.4978853762149811,-0.6678160429000854,-0.5940811634063721,-0.5738002061843872,-0.5831276178359985,-0.5673362612724304,-0.5811985731124878,-0.5199407339096069,-0.6695258617401123,-1.5256074666976929,-0.5826651453971863,-0.5758959054946899,-0.630502462387085,-0.6912643313407898,-0.853836178779602,-0.5886183381080627,-0.7390060424804688,-0.6503440141677856,-0.7467326521873474,-0.7383912801742554,-0.7586996555328369,-0.8149504065513611,-0.7110496759414673,-0.05398796498775482,-0.5800278782844543,-0.5879923701286316,-0.6282198429107666,0.08924606442451477,-0.5252468585968018,-0.5831897854804993,-0.7556042671203613,-0.7056202292442322,0.0022063851356506348
4984.0,99.67900000000004,-28.648118209054104,247.3968993701663,386.5459395091934,214850.9618937876,-28.64802500000001,247.52140400000013,386.5459900000001,214946.7794840001,0.0031056750643207,9.590142081451727,0.001649100491324,19200.000000000007,9.3207610610259e-05,-0.0002955708012374,5.04893590300525e-05,0.0,0.0139414135332511,1.224581561106111,9.60153649608266,-5.975699504134644,-0.0097717298105723,3.72494283643366,19199.82754033864,-98.81338494983324,0.002,-3.279732743281836,1.7790181230697166,-0.9338248032661226,6.0,10.0,180.0,-0.3657980314233882,-6.283102186745291,-0.134263526035921,-3.371519570104547,654.7195627276153,372.5904423538413,167.16962452646337,753.31430353415,561.0000000000001,-0.3657980314233882,-0.7339129447937012,-0.6786938905715942,-0.7117433547973633,-0.6341888904571533,-0.6474897861480713,-0.6517699360847473,-0.7576876878738403,-0.5095078945159912,-0.7197673320770264,-0.6485069394111633,-0.6372600793838501,-0.640553891658783,-0.6273876428604126,-0.6433818340301514,-0.49199214577674866,-0.7225176692008972,-1.330204963684082,-0.7059220671653748,-0.6402264833450317,-0.7504962682723999,-0.7980467677116394,-0.8741000294685364,-0.6204825639724731,-0.8102203607559204,-0.7314778566360474,-0.7864416837692261,-0.8201547861099243,-0.819048285484314,-0.8551802635192871,-0.7985374927520752,-0.6109080910682678,-0.6200599670410156,-0.6436994671821594,-0.7134854793548584,-0.05386003851890564,-0.5198415517807007,-0.6316983103752136,-0.8169758915901184,-0.6310568451881409,0.061713218688964844
4985.0,99.69900000000004,-28.64804879376401,247.5883878386445,386.5459706669011,215234.9610263757,-28.64802500000001,247.71340400000005,386.5459900000001,215330.7794840001,0.0007908824466938,9.607197318238706,0.0006128027963829,19200.000000000007,2.3693058643218453e-05,0.0002158626630313,1.943228792195741e-05,0.0,-0.0066017139975686,1.9559031778269744,9.566432303979685,8.968471579926673,-0.0024175440950907,-2.4437884718602647,19199.77700948851,12.89441196045684,0.002,-3.301890851914585,1.8012728481162066,-0.925307900341312,6.0,10.0,180.0,-0.359926971317057,-6.315417369973057,-0.1298668697274955,-3.3714562594269863,654.0932813638076,372.5797211769207,167.0408122632317,752.7646517670751,559.3500000000001,-0.359926971317057,-0.7211737632751465,-0.6707963943481445,-0.655851423740387,-0.6321228742599487,-0.6110554933547974,-0.6311743259429932,-0.754048228263855,-0.5373426079750061,-0.7160381078720093,-0.6262109279632568,-0.6233301758766174,-0.6269502639770508,-0.6185325384140015,-0.6359630823135376,-0.5880622267723083,-0.729694664478302,-1.6120880842208862,-0.6008806228637695,-0.6306126713752747,-0.7209949493408203,-0.7601356506347656,-0.8718042969703674,-0.6116975545883179,-0.7955427169799805,-0.7056220769882202,-0.7883802056312561,-0.7461466789245605,-0.7618996500968933,-0.8223816752433777,-0.7674921751022339,-0.7057256698608398,-0.6115394830703735,-0.6398885250091553,-0.6389278173446655,-0.0624171644449234,-0.5482986569404602,-0.617283046245575,-0.8081851601600647,-0.8000310659408569,0.1441049724817276
4986.0,99.71900000000002,-28.64793173685748,247.78050672968544,386.5459637882968,215618.9572101697,-28.64802500000001,247.9054040000001,386.5459900000001,215714.7794840001,-0.003113611126995,9.603236305267457,0.0008754589872805,19200.000000000007,-9.326139441297556e-05,9.717289123550472e-05,2.6212676215053576e-05,0.0,-0.0100179639898265,-6.038372113097529,9.588393078256852,3.175975072810566,0.0097495399708681,0.9755860012989296,19200.016143865658,34.40581894361571,0.002,-3.3679677716119025,1.817319038999276,-0.9167108428640308,6.0,10.0,180.0,-0.3510579680913807,-6.229538493388176,-0.1264596561445794,-3.4160634788656097,653.9656406819038,373.0433605884604,167.06840613161586,752.8833258835375,560.1000000000001,-0.3510579680913807,-0.6649136543273926,-0.6181577444076538,-0.6404266357421875,-0.6029306054115295,-0.5754082202911377,-0.5965131521224976,-0.7265232801437378,-0.502554178237915,-0.6801466941833496,-0.6018161773681641,-0.5822833776473999,-0.5916072726249695,-0.5764014720916748,-0.5910515189170837,-0.527012288570404,-0.6796161532402039,-1.5039407014846802,-0.5950990319252014,-0.5858455896377563,-0.6516189575195312,-0.7067121863365173,-0.8574652671813965,-0.5928620100021362,-0.7518267631530762,-0.6650611758232117,-0.7554212212562561,-0.7451992034912109,-0.7654070258140564,-0.8197145462036133,-0.7212696671485901,-0.13887058198451996,-0.5851650238037109,-0.5971795916557312,-0.6351220607757568,0.04460665583610535,-0.5227023959159851,-0.588721752166748,-0.7637090682983398,-0.6957557797431946,0.01872207224369049
4987.0,99.73900000000002,-28.64805466797217,247.9724937661371,386.5459794791975,216002.9606299968,-28.64802500000001,248.0974040000001,386.5459900000001,216098.7794840001,0.0009955172616976,9.603654561890629,0.0003514780924218,19200.000000000007,2.967079165824544e-05,0.0001099315475075,1.0522191185831267e-05,0.0,-0.0007119220052202,-0.5000319302061268,9.626943125317633,7.514464419315876,0.0031705396666778,-1.0940240890463693,19200.238342346627,128.77607253553103,0.002,-3.391535997187986,1.7644149355372212,-0.912270510452474,6.0,10.0,180.0,-0.3578532071250556,-6.266635331754201,-0.1245055769561735,-3.375064696648484,654.5238203409519,373.5766802942302,167.24320306580793,753.6321629417687,558.6750000000001,-0.3578532071250556,-0.7065443396568298,-0.6562511920928955,-0.6529121994972229,-0.6246664524078369,-0.5989915132522583,-0.6231288909912109,-0.7491322159767151,-0.5276278257369995,-0.7068279981613159,-0.6199865937232971,-0.6106479167938232,-0.6164746284484863,-0.6058918237686157,-0.6224735975265503,-0.5725177526473999,-0.7152144312858582,-1.5764846801757812,-0.5951929092407227,-0.6171965599060059,-0.7006560564041138,-0.7469083070755005,-0.8683332800865173,-0.6061422228813171,-0.7836289405822754,-0.6968631744384766,-0.7802894711494446,-0.745634913444519,-0.7639675736427307,-0.8231454491615295,-0.7548418045043945,-0.5274370312690735,-0.6029623746871948,-0.6260356903076172,-0.6377490758895874,-0.045170992612838745,-0.5412710309028625,-0.6082183122634888,-0.7941123843193054,-0.7656720876693726,0.09942023456096649
4988.0,99.75900000000004,-28.64816842704647,248.16483692340307,386.5460090644256,216386.967489926,-28.64802500000001,248.28940400000005,386.5459900000001,216482.7794840001,0.0048072714317592,9.592226403612056,-0.0006286357192268,19200.000000000007,0.0001433277209196,-0.0002331286866753,-1.9064114521008025e-05,0.0,-0.0156320243861529,1.1081215110895688,9.589574615130823,-1.1001409032245164,-0.006828970761377,-1.900388929673352,19200.22150794,-81.58364219091048,0.002,-3.36099904935632,1.8189004804719264,-0.8963952804981407,6.0,10.0,180.0,-0.3729914703529273,-6.237799444349018,-0.1269435117916742,-3.327385773861279,654.084410170476,373.7513401471151,167.17410153290396,753.3370814708844,563.5500000000001,-0.3729914703529273,-0.7267748117446899,-0.6690495014190674,-0.6895700097084045,-0.6275703310966492,-0.6251874566078186,-0.6408647894859314,-0.7504501342773438,-0.5226353406906128,-0.7159212231636047,-0.6357492208480835,-0.6256946325302124,-0.6305609941482544,-0.6187185049057007,-0.6356123685836792,-0.5257899761199951,-0.7190185785293579,-1.3984858989715576,-0.6728740930557251,-0.6315668821334839,-0.7401455640792847,-0.7750086784362793,-0.875027596950531,-0.6161953210830688,-0.8050118684768677,-0.7181107997894287,-0.7880734205245972,-0.7848818302154541,-0.8008967638015747,-0.8469184637069702,-0.783757209777832,-0.6266966462135315,-0.6123596429824829,-0.6414358615875244,-0.6733897924423218,-0.022774815559387207,-0.5239291787147522,-0.6213971376419067,-0.8039377927780151,-0.6979332566261292,0.13669459521770477
4989.0,99.77900000000004,-28.64809355052668,248.35633730860613,386.5459934784458,216770.96568518723,-28.64802500000001,248.48140400000003,386.5459900000001,216866.7794840001,0.0022881867963218,9.608911329178929,-0.000107970683391,19200.000000000007,6.854879864430055e-05,0.0002663898360408,-3.4787122312127377e-06,0.0,0.0004744222583511,1.6436395412375917,9.62181216785655,3.71871100829954,-0.0048984931618332,-0.4877376084739418,19199.89606181108,94.37729682606118,0.002,-3.380738425487716,1.8874367079310703,-0.8974625431029202,6.0,10.0,180.0,-0.3784305494586119,-6.285183754943793,-0.1284203566335846,-3.326855441528964,654.549205085238,373.8101700735576,167.275550766452,753.7700407354422,568.2750000000001,-0.3784305494586119,-0.7291029691696167,-0.6733536124229431,-0.6680110096931458,-0.6337315440177917,-0.6225247979164124,-0.634988009929657,-0.7601985335350037,-0.5308043360710144,-0.7208703756332397,-0.6313678026199341,-0.6271825432777405,-0.6296950578689575,-0.6199885010719299,-0.6365459561347961,-0.5435333251953125,-0.722808301448822,-1.4816299676895142,-0.6443145871162415,-0.6323415040969849,-0.7323611974716187,-0.7814237475395203,-0.8740657567977905,-0.6167847514152527,-0.8023742437362671,-0.710949182510376,-0.7874483466148376,-0.7742215394973755,-0.7866206169128418,-0.8356250524520874,-0.7858704924583435,-0.7158510684967041,-0.6127408742904663,-0.6403982639312744,-0.6621075868606567,-0.011161014437675476,-0.54066401720047,-0.6224873661994934,-0.8067126274108887,-0.7585550546646118,0.15119589865207672
4990.0,99.79900000000004,-28.64807781590624,248.54834930254847,386.54601460095137,217154.96633370337,-28.64802500000001,248.6734040000001,386.5459900000001,217250.7794840001,0.0017578476922996,9.608487720543582,-0.0008213029495887,19200.000000000007,5.281465607406061e-05,0.0002546987920732,-2.4601019899126005e-05,0.0,0.0014471167423132,1.473225466483994,9.57448593373312,-3.971103689577704,-0.0029190036617009,4.881657421995958,19200.051568300594,8.568052045609766,0.002,-3.556363024033093,1.8715077568616645,-0.8951551879818994,6.0,10.0,180.0,-0.3814222643740648,-6.246671378988045,-0.133810424305348,-3.33449815727831,654.255602542619,373.0410850367788,167.127275383226,753.1340203677212,569.4750000000001,-0.3814222643740648,-0.7318205237388611,-0.6781353950500488,-0.6989638805389404,-0.6344988346099854,-0.6457660794258118,-0.6411752700805664,-0.7604271769523621,-0.5127910375595093,-0.7215712070465088,-0.6435992121696472,-0.6366367340087891,-0.6369950771331787,-0.6258575916290283,-0.6412585377693176,-0.4868888258934021,-0.7199465036392212,-1.3649290800094604,-0.6979568004608154,-0.6379410028457642,-0.7452313899993896,-0.8037061095237732,-0.8728705048561096,-0.6196280717849731,-0.8069491982460022,-0.7220543026924133,-0.7826136946678162,-0.8152114748954773,-0.8129831552505493,-0.848080039024353,-0.8014768958091736,-0.6512633562088013,-0.6173965930938721,-0.6408852338790894,-0.7070348262786865,0.0009015202522277832,-0.5273451209068298,-0.6309391260147095,-0.8151805996894836,-0.6704049706459045,0.09138844907283783
4991.0,99.81900000000005,-28.648188237323108,248.74016016885835,386.54599297957736,217538.9678703257,-28.64802500000001,248.86540400000013,386.5459900000001,217634.7794840001,0.0054441170387181,9.614801570013247,-0.0001329677131549,19200.000000000007,0.0001632383902107,0.000443831641792,-2.979532893717518e-06,0.0,-0.0180333813787355,1.3379048610700888,9.609637056570577,-4.700821363620696,0.0144061830170128,5.075681667756102,19200.11945859194,77.3372546442958,0.002,-3.531620115612165,1.736926802861439,-0.9417895187045078,6.0,10.0,180.0,-0.3940566678390013,-6.25545198802233,-0.1352756422389593,-3.3247804513115966,654.1353012713096,373.88954251838936,167.200637691613,753.4500101838605,577.1250000000001,-0.3940566678390013,-0.7330599427223206,-0.6769943237304688,-0.7010343074798584,-0.6330227255821228,-0.6452560424804688,-0.6364253163337708,-0.7627821564674377,-0.5136496424674988,-0.7234714031219482,-0.6416063904762268,-0.6346591711044312,-0.6338533163070679,-0.6230373978614807,-0.6378575563430786,-0.4689364433288574,-0.713878333568573,-1.3524951934814453,-0.7074693441390991,-0.6350719332695007,-0.7447471022605896,-0.8078404068946838,-0.8716002106666565,-0.620719850063324,-0.8072614669799805,-0.7180630564689636,-0.7817822098731995,-0.8164511322975159,-0.8169547319412231,-0.8504024744033813,-0.8035084009170532,-0.6729214191436768,-0.6143191456794739,-0.637852132320404,-0.7070315480232239,0.048020318150520325,-0.5264522433280945,-0.6298571825027466,-0.809183657169342,-0.6748854517936707,0.1196160614490509
4992.0,99.83900000000004,-28.648412083555986,248.9319241501592,386.5459843432233,217922.96552308355,-28.64802500000001,249.05740400000005,386.5459900000001,218018.7794840001,0.0129067817654779,9.622653118070389,0.0001923320078761,19200.000000000007,0.0003870851396007,0.0006795507743362,5.656784255852578e-06,0.0,0.0061039455295602,1.888690476916577,9.593761585436818,5.684152003421263,-0.0019534246053063,-0.1306242582841399,19200.08333896014,-29.982213548915468,0.002,-3.333680911133264,1.7846245885516294,-0.8933805634522743,6.0,10.0,180.0,-0.4369558576152948,-6.255774914030825,-0.1386809756607578,-3.3494743104615488,654.3601506356548,373.2322712591947,167.17081884580648,753.3200050919303,577.3500000000001,-0.4369558576152948,-0.7297145128250122,-0.6739016771316528,-0.6573081612586975,-0.6362734436988831,-0.6234928369522095,-0.6270714998245239,-0.7640520334243774,-0.5357838273048401,-0.7237029671669006,-0.6278483271598816,-0.6281735301017761,-0.6281636953353882,-0.6196566820144653,-0.6358373165130615,-0.5415106415748596,-0.7210298180580139,-1.521909475326538,-0.6400749683380127,-0.6318331956863403,-0.7286302447319031,-0.7855097651481628,-0.872814953327179,-0.6175747513771057,-0.8007152080535889,-0.7027857899665833,-0.7857358455657959,-0.7704164981842041,-0.7814204692840576,-0.8293346166610718,-0.7897412776947021,-0.7863838076591492,-0.6133295297622681,-0.6407127976417542,-0.6558777093887329,0.044371917843818665,-0.5504390597343445,-0.6244298815727234,-0.8068017363548279,-0.8043631911277771,0.18663565814495087
4993.0,99.85900000000002,-28.647983633682585,249.1243130628777,386.5459853078064,218306.96120195725,-28.64802500000001,249.24940400000008,386.5459900000001,218402.7794840001,-0.0013857061419151,9.609690264962234,0.0001550128329438,19200.000000000007,-4.14665911861547e-05,0.0002906405630574,4.692189661575887e-06,0.0,0.0312533646985648,0.9805479669942216,9.653049379578976,-1.8928421682869967,0.016839944955006,-1.956412870413148,19199.75745358796,68.59198818319427,0.002,-3.391390749824806,1.8854201966993471,-0.9173016832333908,6.0,10.0,180.0,-0.4213421404702592,-6.295771838683484,-0.1323181761131845,-3.3884501019076003,655.6410753178275,373.0066356295973,167.40540942290323,754.3210025459651,577.5000000000001,-0.4213421404702592,-0.7388368844985962,-0.6737739443778992,-0.6966390609741211,-0.6359068751335144,-0.6345134973526001,-0.6432278156280518,-0.7641444206237793,-0.5285919308662415,-0.7245978713035583,-0.6395500898361206,-0.6311652660369873,-0.6347459554672241,-0.6214867830276489,-0.637964129447937,-0.5074947476387024,-0.7151753902435303,-1.3807072639465332,-0.6938735842704773,-0.6350791454315186,-0.7457572817802429,-0.7942003607749939,-0.8791898488998413,-0.6227058172225952,-0.8122968673706055,-0.7169099450111389,-0.7964401841163635,-0.7944241762161255,-0.8131496906280518,-0.8541278839111328,-0.7975032329559326,-0.7490248084068298,-0.6186838150024414,-0.6465409398078918,-0.680091142654419,0.051456183195114136,-0.5344508290290833,-0.6306537985801697,-0.8053539991378784,-0.7287672162055969,0.17658178508281708
4994.0,99.87900000000003,-28.64793268717355,249.31639756396947,386.5459982595011,218690.9651661792,-28.64802500000001,249.4414040000001,386.5459900000001,218786.7794840001,-0.0030733624585539,9.606870896543317,-0.0002730738642229,19200.000000000007,-9.231434478934368e-05,0.0002062394021373,-8.259498406681073e-06,0.0,-0.0173158077796751,0.668991421391581,9.570303231645598,-4.889651722401666,-0.0109998848354066,-2.376226761031296,19200.30835455581,-141.66687173598206,0.002,-3.463823717069119,1.998863322041314,-0.8867263451868329,6.0,10.0,180.0,-0.4018248868812072,-6.239796713813552,-0.1367010206759887,-3.3586655595437485,654.3880376589137,373.2133178147986,167.17420471145164,753.3345012729826,577.5750000000002,-0.4018248868812072,-0.7306092381477356,-0.6671808362007141,-0.7035644054412842,-0.627465009689331,-0.6326400637626648,-0.6376144886016846,-0.7522991895675659,-0.5208485722541809,-0.71844482421875,-0.637284517288208,-0.6272437572479248,-0.6306050419807434,-0.6176197528839111,-0.6337341070175171,-0.4874420166015625,-0.70932936668396,-1.3456552028656006,-0.7120311856269836,-0.6308460235595703,-0.7466386556625366,-0.7848058938980103,-0.8737912774085999,-0.6197942495346069,-0.809309720993042,-0.7156286239624023,-0.7911657094955444,-0.7958317995071411,-0.8173116445541382,-0.8568721413612366,-0.7920201420783997,-0.6655750870704651,-0.6140836477279663,-0.6437039971351624,-0.6835311651229858,0.07646773755550385,-0.520808756351471,-0.6260923743247986,-0.8000428676605225,-0.6945702433586121,0.18510250747203827
4995.0,99.89900000000004,-28.647916366278288,249.5082188806277,386.54601647441,219074.96286402745,-28.64802500000001,249.63340400000007,386.5459900000001,219170.7794840001,-0.0036238129840484,9.612827370951118,-0.0009175977266906,19200.000000000007,-0.0001086345142464,0.0003848184758764,-2.647437597349217e-05,0.0,0.0131447638500238,-1.098902097619435,9.619168669350357,-2.37606206483395,0.0161407937843733,-1.7629191140439424,19199.999474161545,51.51748194191201,0.002,-3.383257126685442,1.986644422249482,-0.8940229488899452,6.0,10.0,180.0,-0.3940166153658396,-6.2930700729990185,-0.1337739048409303,-3.3750673629153383,654.9155188294569,373.06515890739934,167.2641023557258,753.7192506364913,577.6500000000001,-0.3940166153658396,-0.7193071246147156,-0.656787097454071,-0.6864026784896851,-0.6251952648162842,-0.6203505992889404,-0.6289525032043457,-0.7524479031562805,-0.5203641057014465,-0.7125962972640991,-0.6292701363563538,-0.617507815361023,-0.6223089694976807,-0.6080520749092102,-0.623833417892456,-0.4963446855545044,-0.7009611129760742,-1.3791238069534302,-0.6845911741256714,-0.6206962466239929,-0.7248140573501587,-0.7719057202339172,-0.874374508857727,-0.6157099008560181,-0.7978596091270447,-0.703423023223877,-0.7849978804588318,-0.7860060930252075,-0.8077946305274963,-0.8495998382568359,-0.7805929183959961,-0.5863995552062988,-0.6092537045478821,-0.6336408257484436,-0.6710953712463379,0.08969022333621979,-0.5273500084877014,-0.6199995279312134,-0.7911959886550903,-0.7134372591972351,0.15553201735019684
4996.0,99.91900000000004,-28.64815229296201,249.69996483522783,386.5460105631682,219458.96345264703,-28.64802500000001,249.82540400000008,386.5459900000001,219554.7794840001,0.0042447316353832,9.621302213745972,-0.0006832094779602,19200.000000000007,0.0001272931375741,0.0006389604940292,-2.0563186798332068e-05,0.0,0.0117342792889717,4.512657633840742,9.590310593129413,1.769941532251957,-0.0254016571765242,-5.749254159421726,19199.501091071645,-150.20738811354056,0.002,-3.544273674022515,1.9172785076223264,-0.9331143676957196,6.0,10.0,180.0,-0.4145611947809788,-6.331506454300722,-0.1415989365498043,-3.364823875899197,654.8232594147285,372.5770794536997,167.1890511778629,753.3976253182457,570.3000000000001,-0.4145611947809788,-0.7568141222000122,-0.6921852827072144,-0.6942905187606812,-0.6437618732452393,-0.6446520090103149,-0.6567819714546204,-0.7664902210235596,-0.5440754890441895,-0.7347235083580017,-0.6476106643676758,-0.644555389881134,-0.6472298502922058,-0.6373389363288879,-0.6556271910667419,-0.5535193681716919,-0.7389134168624878,-1.4315580129623413,-0.6827972531318665,-0.6521891951560974,-0.7699828147888184,-0.8024428486824036,-0.8819218873977661,-0.6281813979148865,-0.8274831771850586,-0.7311432361602783,-0.8085649609565735,-0.7835009098052979,-0.8020468950271606,-0.8498178720474243,-0.8064818382263184,-0.9647513628005981,-0.6274508237838745,-0.6652390360832214,-0.6689615249633789,-0.0251300185918808,-0.5406069755554199,-0.6375051140785217,-0.8225027322769165,-0.7748321890830994,0.23660890758037567
4997.0,99.93900000000004,-28.64788829792916,249.8923200403456,386.5460340926361,219842.95292374244,-28.64802500000001,250.01740400000008,386.5459900000001,219938.7794840001,-0.0045556611434047,9.60945332253768,-0.001472146935654,19200.000000000007,-0.0001367019024907,0.0002835588289285,-4.409285510111595e-05,0.0,-0.0188079923549761,-7.570106063190525,9.610366434132777,-8.050335606560513,-0.0063458426214233,0.3131324500321337,19200.290559911988,42.93267993185539,0.002,-3.4881964033393853,1.7446075214019137,-0.909330582592236,6.0,10.0,180.0,-0.3818719321176625,-6.29779508034509,-0.137206899152702,-3.482769732202148,654.4111297073642,373.6940397268498,167.23402558893144,753.5938126591228,570.3000000000001,-0.3818719321176625,-0.6691917181015015,-0.6119529008865356,-0.6770780086517334,-0.5969918966293335,-0.5888968706130981,-0.6030640602111816,-0.7219953536987305,-0.4871610105037689,-0.6789957880973816,-0.6095930933952332,-0.5817580819129944,-0.592763364315033,-0.5729062557220459,-0.5866863131523132,-0.44873031973838806,-0.6616983413696289,-1.2908655405044556,-0.6799167394638062,-0.5835310220718384,-0.6701104640960693,-0.70954829454422,-0.8584408164024353,-0.5975460410118103,-0.7547323703765869,-0.6694210171699524,-0.7478384375572205,-0.7828181385993958,-0.8046776652336121,-0.8478936553001404,-0.7367253303527832,-0.10881321132183075,-0.5857362747192383,-0.5978115797042847,-0.6679554581642151,0.14288952946662903,-0.4967990219593048,-0.5928379893302917,-0.7543141841888428,-0.5972434282302856,0.03808872401714325
4998.0,99.95900000000005,-28.648245872626195,250.08468660067123,386.5459146464996,220226.96313685985,-28.64802500000001,250.2094040000001,386.5459900000001,220322.7794840001,0.0073621120894336,9.597237615351435,0.0025197829943232,19200.000000000007,0.0002208725975372,-8.289571520609747e-05,7.535358441244848e-05,0.0,0.0229591131682882,2.262035764184978,9.600085952016984,1.462078120002267,0.0085422728287999,4.8175888142628605,19200.39354128604,-42.93307752691757,0.002,-3.430061707957698,1.7305558767668003,-0.9070239380721596,6.0,10.0,180.0,-0.4297414245778134,-6.227544552747992,-0.13281076456769,-3.378695832100292,654.8950648536821,372.6580198634249,167.21351279446571,753.5014063295614,570.3000000000001,-0.4297414245778134,-0.7357567548751831,-0.6836678981781006,-0.6778931617736816,-0.6412359476089478,-0.642285168170929,-0.6395872831344604,-0.7689307332038879,-0.5237280130386353,-0.7264069318771362,-0.6416928768157959,-0.6391198635101318,-0.6383248567581177,-0.6289228796958923,-0.6446942687034607,-0.5189001560211182,-0.7276981472969055,-1.4490361213684082,-0.6645115613937378,-0.6408802270889282,-0.7404351234436035,-0.8059242367744446,-0.8754339814186096,-0.6202329397201538,-0.8064829111099243,-0.7178018689155579,-0.7826395034790039,-0.8012295961380005,-0.7971271276473999,-0.8369848728179932,-0.8030992150306702,-0.7467080950737,-0.6198567748069763,-0.6432576775550842,-0.6917233467102051,-0.015311464667320251,-0.5447787642478943,-0.6328088045120239,-0.8200821876525879,-0.7345067858695984,0.10499677062034607
4999.0,99.979,-28.648008603045103,250.2770510074304,386.546007097792,220610.9691543086,-28.64802500000001,250.40140400000004,386.5459900000001,220706.7794840001,-0.0005402391778343,9.585091900658238,-0.000567947664812,19200.000000000007,-1.6396974742957194e-05,-0.0004473044389684,-1.709681596578044e-05,0.0,-0.0090121697757256,-2.4436538728865145,9.603030826903282,-2.257052542594894,-0.0043793567377945,1.218131422798418,19199.930604381538,-38.66053899073956,0.002,-3.4103190903990863,1.835503871997147,-0.8696062521570637,6.0,10.0,180.0,-0.4111740083602708,-6.27487390439468,-0.1333046505998305,-3.337643100961265,654.5550324268411,373.2845099317125,167.21625639723285,753.5152031647807,577.7250000000001,-0.4111740083602708,-0.7041646242141724,-0.6471678018569946,-0.6748278141021729,-0.6192023754119873,-0.6127506494522095,-0.6162094473838806,-0.7470663785934448,-0.511038601398468,-0.704862117767334,-0.6214938759803772,-0.6093964576721191,-0.6133800745010376,-0.5996498465538025,-0.614159345626831,-0.482801616191864,-0.6922964453697205,-1.386960506439209,-0.6728821992874146,-0.6109896898269653,-0.70649653673172,-0.7627485394477844,-0.8691667914390564,-0.610089898109436,-0.7849963903427124,-0.6927199363708496,-0.7709378600120544,-0.7855808138847351,-0.8010129332542419,-0.8420597314834595,-0.7716091871261597,-0.4665968418121338,-0.6018916368484497,-0.6215873956680298,-0.6709437966346741,0.10857102274894714,-0.5247142314910889,-0.6126983761787415,-0.7836945056915283,-0.698108971118927,0.11876510083675385
5000.0,99.99900000000002,-28.647862316662604,250.4686632378695,386.5460397945917,220994.9737204779,-28.64802500000001,250.5934040000001,386.5459900000001,221090.7794840001,-0.0054195622610407,9.59802076417886,-0.0016610261922642,19200.000000000007,-0.000162683337461,-5.944254249816636e-05,-4.97932607433659e-05,0.0,0.0075492361793835,-4.699777598722885,9.531472985283738,4.576088696624655,0.011212944657243,-2.011426012186352,19200.05084905862,34.36290692762789,0.002,-3.462578457657425,1.8855938213234995,-0.9070784872803986,6.0,10.0,180.0,-0.4008678936188472,-6.2782265009591,-0.1362405812795131,-3.285326311213008,653.8805162134206,371.87425496585627,166.91662819861642,752.2311015823904,577.7250000000001,-0.4008678936188472,-0.6781483888626099,-0.624692440032959,-0.636967658996582,-0.6099990606307983,-0.5860791206359863,-0.5934392213821411,-0.7347966432571411,-0.5169640779495239,-0.6903113126754761,-0.6022831797599792,-0.5898517370223999,-0.5960238575935364,-0.581821084022522,-0.596706748008728,-0.523464560508728,-0.6806811094284058,-1.5225770473480225,-0.6132352352142334,-0.5923364162445068,-0.6650463342666626,-0.720783531665802,-0.8586592078208923,-0.5992242693901062,-0.7612874507904053,-0.6610361933708191,-0.7636763453483582,-0.7377852201461792,-0.7693501114845276,-0.8222538232803345,-0.7358830571174622,-0.3443526029586792,-0.5922845602035522,-0.6091638803482056,-0.6264102458953857,0.14892145991325378,-0.5361299514770508,-0.5980821251869202,-0.7677084803581238,-0.7753137350082397,0.1271326094865799
5001.0,100.01900000000003,-28.64806074861882,250.660538066444,386.5460212941218,221378.9747949744,-28.64802500000001,250.78540400000009,386.5459900000001,221474.7794840001,0.0011862432784259,9.602186409647866,-0.0010417346741617,19200.000000000007,3.574861823210527e-05,6.56273210482816e-05,-3.1193344498670785e-05,0.0,-0.0151546268923686,0.9182801244523444,9.62697252305138,3.2378926119138383,-0.001459677292351,0.0008174617602559,19199.861158755743,-30.00565717715606,0.002,-3.4441186406282283,1.7052698026591322,-0.9731054777739118,6.0,10.0,180.0,-0.4106089223234918,-6.26850730044784,-0.1416063111366995,-3.27971826190658,654.2042581067103,373.4886274829281,167.1683140993082,753.3120507911951,577.7250000000001,-0.4106089223234918,-0.7248180508613586,-0.6679059267044067,-0.6634992957115173,-0.6309270262718201,-0.6194124817848206,-0.624811053276062,-0.7602134346961975,-0.5295904874801636,-0.7196515798568726,-0.6257634162902832,-0.622721791267395,-0.623717188835144,-0.6141033172607422,-0.6296464204788208,-0.5227291584014893,-0.7129825353622437,-1.4753249883651733,-0.6517926454544067,-0.6262032985687256,-0.7248436212539673,-0.7820414304733276,-0.8720546364784241,-0.6159984469413757,-0.7979090213775635,-0.7013072967529297,-0.7828595042228699,-0.7729464769363403,-0.7892786860466003,-0.8346614837646484,-0.7874287962913513,-0.7062692642211914,-0.6091488599777222,-0.6351205706596375,-0.660176157951355,0.056754082441329956,-0.5412643551826477,-0.6204853653907776,-0.7986350059509277,-0.7694476246833801,0.17695985734462738
5002.0,100.03900000000004,-28.64807428689055,250.8526398247437,386.5459648486727,221762.9719660674,-28.64802500000001,250.9774040000001,386.5459900000001,221858.7794840001,0.00164347797689,9.598799254140912,0.000836853047621,19200.000000000007,4.9286896560411885e-05,-3.6124273717854096e-05,2.51511023889689e-05,0.0,-0.0129209926938103,0.1815848951232218,9.605728045508435,9.456542612001432,-0.0036860999740463,-3.113396734954157,19199.844023780213,102.9692890970176,0.002,-3.3491646499359966,1.660104208192491,-0.9087865926409032,6.0,10.0,180.0,-0.409651612442315,-6.274499951378527,-0.1406216602136062,-3.297151173805022,654.1651290533551,373.877813741464,167.20515704965408,753.4705253955976,577.7250000000001,-0.409651612442315,-0.7124193906784058,-0.6569157838821411,-0.6422158479690552,-0.6268656253814697,-0.6015082597732544,-0.6116906404495239,-0.7545855045318604,-0.539289116859436,-0.7136530876159668,-0.6142889261245728,-0.6108352541923523,-0.6132131814956665,-0.6044831275939941,-0.6207090616226196,-0.5626470446586609,-0.7098774313926697,-1.6004962921142578,-0.6035307049751282,-0.6162558794021606,-0.7025364637374878,-0.7543052434921265,-0.8673883080482483,-0.6102861166000366,-0.7861047983169556,-0.6840605139732361,-0.7832048535346985,-0.7376405000686646,-0.7628974318504333,-0.8221515417098999,-0.7637320160865784,-0.6857011914253235,-0.6024215221405029,-0.6291728615760803,-0.6229394674301147,0.0720585435628891,-0.5517337918281555,-0.6103601455688477,-0.7891538739204407,-0.8405517935752869,0.20595641434192657
5003.0,100.05900000000004,-28.64792768426189,251.0451046077889,386.5458947249436,222146.9688549788,-28.64802500000001,251.16940400000004,386.5459900000001,222242.7794840001,-0.0032391534512895,9.583308301315526,0.0031777532613193,19200.000000000007,-9.731569790285463e-05,-0.0005007030499304,9.537380759535194e-05,0.0,0.0165972769407604,-0.9247716648460168,9.614509790154274,-3.787957823457672,-0.0016731402856878,-0.3070670614037333,19200.0331649182,4.296375785236701,0.002,-3.3373396645321702,1.7238964465201223,-0.905845735036354,6.0,10.0,180.0,-0.4052657162852869,-6.25306222114578,-0.1274392121974241,-3.339185645981717,654.8170645266775,373.203406870732,167.26007852482704,753.7027626977988,577.7250000000001,-0.4052657162852869,-0.7213752865791321,-0.6593723297119141,-0.6920498609542847,-0.6265783309936523,-0.6260608434677124,-0.6309950351715088,-0.7538616061210632,-0.5167360305786133,-0.7139172554016113,-0.6318614482879639,-0.6205555200576782,-0.624580979347229,-0.6104053258895874,-0.6258387565612793,-0.4853292405605316,-0.7017450332641602,-1.3601893186569214,-0.6951159238815308,-0.622943103313446,-0.7288177013397217,-0.7790302634239197,-0.8734683394432068,-0.6166257262229919,-0.7997696995735168,-0.706917405128479,-0.7835729122161865,-0.7957924604415894,-0.8126316070556641,-0.8518763184547424,-0.784926176071167,-0.5869057774543762,-0.6104998588562012,-0.6343519687652588,-0.6812225580215454,0.08769617974758148,-0.5249552130699158,-0.6221903562545776,-0.7943897247314453,-0.6964089274406433,0.14472033083438873
5004.0,100.07900000000004,-28.64793758956015,251.2364853302477,386.545973602838,222530.9762494488,-28.64802500000001,251.36140400000008,386.5459900000001,222626.7794840001,-0.0029169242569799,9.603952321377635,0.0005448390789724,19200.000000000007,-8.74104774229248e-05,0.000118569459002,1.6395643938105283e-05,0.0,-0.0134283493306017,3.1870895216883404,9.600571753529302,6.10180531475867,-0.0058686405076668,1.3504273735352643,19200.599602685536,55.79751433208817,0.002,-3.344966141869101,1.7625247700121565,-0.9073123976659834,6.0,10.0,180.0,-0.3920857294194126,-6.314447449119068,-0.1284231828732918,-3.261239866974639,654.3980322633388,373.663203435366,167.22803926241352,753.5663813488993,577.7250000000001,-0.3920857294194126,-0.7372443675994873,-0.6832154989242554,-0.6582487225532532,-0.6402703523635864,-0.6299249529838562,-0.6303078532218933,-0.7687503099441528,-0.5376523733139038,-0.7294830679893494,-0.6318485736846924,-0.6349623799324036,-0.6328665018081665,-0.6262511610984802,-0.6423373818397522,-0.5410525798797607,-0.7283470630645752,-1.5289469957351685,-0.6424803733825684,-0.6383786201477051,-0.7376936078071594,-0.7967661023139954,-0.8750155568122864,-0.6201350092887878,-0.8058885931968689,-0.7081340551376343,-0.7866771817207336,-0.776720404624939,-0.7818703651428223,-0.8283423185348511,-0.8004735708236694,-0.8604089021682739,-0.6156706809997559,-0.644349992275238,-0.6625062823295593,0.026060029864311218,-0.5532121062278748,-0.6282214522361755,-0.8136312961578369,-0.8074604868888855,0.19219063222408295
5005.0,100.09900000000002,-28.647937673803227,251.4289736859684,386.5459755155631,222914.9827477092,-28.64802500000001,251.55340400000009,386.5459900000001,223010.7794840001,-0.0029142295750087,9.587667373201317,0.0004514122461283,19200.000000000007,-8.732646147526735e-05,-0.0003697935709727,1.4484456053364624e-05,0.0,-0.0058678794757935,0.4250762155010573,9.622790442854685,-2.313022653717133,-0.0051241766076782,3.719557791983456,19200.11949500328,-8.621842071458039,0.002,-3.3264409604415914,1.7719446051693062,-0.91675619602717,6.0,10.0,180.0,-0.3847646880741225,-6.235732116606864,-0.1284219013407084,-3.209940645394953,654.5935161316694,373.996601717683,167.30601963120677,753.9006906744496,577.7250000000001,-0.3847646880741225,-0.7260966300964355,-0.6695919632911682,-0.6867471933364868,-0.6312406063079834,-0.6337795853614807,-0.6302536725997925,-0.7610639333724976,-0.5163331627845764,-0.719674825668335,-0.6348541975021362,-0.6275410652160645,-0.627984881401062,-0.616876482963562,-0.631686806678772,-0.4835861325263977,-0.7097861766815186,-1.3851393461227417,-0.6870629191398621,-0.6286754608154297,-0.7326148152351379,-0.7958507537841797,-0.8731837868690491,-0.6177359223365784,-0.8009556531906128,-0.7096849679946899,-0.7807357907295227,-0.8034981489181519,-0.8084036707878113,-0.8454740047454834,-0.7956131100654602,-0.6411548256874084,-0.6110773086547852,-0.6339852213859558,-0.6905437707901001,0.06182749569416046,-0.5308453440666199,-0.6249712109565735,-0.8026764988899231,-0.7020604014396667,0.1278892606496811
5006.0,100.11900000000004,-28.648011962960304,251.6209084064149,386.5459677444165,223298.98408681943,-28.64802500000001,251.7454040000001,386.5459900000001,223394.7794840001,-0.0004373181450028,9.589844740374184,0.0007436341609371,19200.000000000007,-1.3036835283438211e-05,-0.0003046112596251,2.2257232294997467e-05,0.0,0.0041719679451108,1.4010435393232732,9.598155635903936,-3.5451734221117164,0.0070726730663764,3.7879517262041977,19200.11939122885,94.46858799540526,0.002,-3.343076572258287,1.7854155946686237,-0.9050377394028668,6.0,10.0,180.0,-0.3901370591145116,-6.227564483097852,-0.1284192900268334,-3.2032983627008207,654.6022580658347,373.4228008588415,167.24150981560337,753.6243453372248,577.7250000000001,-0.3901370591145116,-0.7348440289497375,-0.6773831844329834,-0.6975266933441162,-0.6354777216911316,-0.6444630026817322,-0.6378288269042969,-0.7642208337783813,-0.5177242755889893,-0.7244546413421631,-0.6419168710708618,-0.6356709599494934,-0.6353672742843628,-0.6242408156394958,-0.6394844055175781,-0.4808093309402466,-0.7159335613250732,-1.3685117959976196,-0.7024005651473999,-0.6365196704864502,-0.7452991008758545,-0.8070669770240784,-0.8738183975219727,-0.6212167739868164,-0.8085722923278809,-0.7175009250640869,-0.785575807094574,-0.8118231892585754,-0.8150392174720764,-0.8496614694595337,-0.8034530878067017,-0.7050127983093262,-0.6169193983078003,-0.6413910984992981,-0.7011140584945679,0.0518500953912735,-0.5313536524772644,-0.6316888332366943,-0.8111816644668579,-0.6970476508140564,0.13235633075237274
5007.0,100.13900000000002,-28.647926761107687,251.81262308495,386.545978726628,223682.98194101005,-28.64802500000001,251.93740400000007,386.5459900000001,223778.7794840001,-0.0032758826391522,9.599357426497916,0.0003825853526727,19200.000000000007,-9.823757450127265e-05,-1.938036553297378e-05,1.137415595449672e-05,0.0,-0.0010112212678948,0.7936181055622236,9.57665666638358,-0.7934124029848739,0.007321300928858,1.21236398628837,19200.118074060192,-29.987646219915188,0.002,-3.396819883868224,1.7895891814688194,-0.9124769022284676,6.0,10.0,180.0,-0.3759778404536247,-6.272070598048111,-0.1269604731375422,-3.2243736374059693,654.2591290329174,372.96640042942073,167.1192549078017,753.0996726686124,577.7250000000001,-0.3759778404536247,-0.7266740798950195,-0.6692858934402466,-0.6817718744277954,-0.6313232183456421,-0.6310878396034241,-0.6301611661911011,-0.7585992813110352,-0.5223580598831177,-0.7194756269454956,-0.6331257820129395,-0.6278994083404541,-0.6287779808044434,-0.6177442073822021,-0.6333006024360657,-0.4999764859676361,-0.7123367786407471,-1.411255955696106,-0.6807788014411926,-0.6299108862876892,-0.7340090274810791,-0.790037989616394,-0.8737450838088989,-0.6179471611976624,-0.8018156886100769,-0.707879364490509,-0.7829663753509521,-0.7921315431594849,-0.803317666053772,-0.842918336391449,-0.792462944984436,-0.6782764792442322,-0.613148033618927,-0.6383993625640869,-0.6799823641777039,0.06646817922592163,-0.5345099568367004,-0.6257397532463074,-0.8038478493690491,-0.7303444147109985,0.15410621464252472
5008.0,100.15900000000003,-28.648057463417643,252.0043170671208,386.5460030444944,224066.98173423563,-28.64802500000001,252.12940400000008,386.5459900000001,224162.7794840001,0.0010826424591172,9.60955016483718,-0.000464454769321,19200.000000000007,3.2464525914249513e-05,0.0002865394305543,-1.3045642460586104e-05,0.0,-0.0048742502942974,1.705748651305526,9.62207453072295,4.581899982881716,0.0090538220774115,-0.7939653202880834,19199.96367361905,29.98272893328812,0.002,-3.3979129113718,1.7626853184767854,-0.925404880372671,6.0,10.0,180.0,-0.3808458291883259,-6.345222544240182,-0.1298915740648705,-3.2222944259923887,654.5360645164587,373.6042002147104,167.24912745390083,753.6558363343062,577.7250000000001,-0.3808458291883259,-0.7306172847747803,-0.6729789972305298,-0.6619903445243835,-0.6346348524093628,-0.6228469014167786,-0.6285244226455688,-0.7637447714805603,-0.5352776050567627,-0.723541796207428,-0.628042995929718,-0.6267729997634888,-0.6275159120559692,-0.6184552907943726,-0.6346451044082642,-0.5355961322784424,-0.7188580632209778,-1.4957313537597656,-0.6471828818321228,-0.630855917930603,-0.730583667755127,-0.7854205965995789,-0.8730997443199158,-0.6180403232574463,-0.8020316958427429,-0.7040881514549255,-0.7873861789703369,-0.7720651626586914,-0.7865026593208313,-0.8335747718811035,-0.7901668548583984,-0.7762891054153442,-0.612271785736084,-0.6401323676109314,-0.6569275856018066,0.04705922305583954,-0.5466141700744629,-0.6235595941543579,-0.8035895824432373,-0.7913169860839844,0.19124434888362885
5009.0,100.17900000000004,-28.64812503058364,252.19690610777053,386.5460156605999,224450.9828813299,-28.64802500000001,252.3214040000001,386.5459900000001,224546.7794840001,0.0033310273957761,9.589919779273476,-0.0008529770278188,19200.000000000007,9.99299245831828e-05,-0.0003025062772056,-2.566193269868889e-05,0.0,0.0017012773888899,1.781835753687594,9.61548325343248,-5.495029049326584,0.0034043224907825,-4.15000474846614,19200.068028655925,-90.17181397561104,0.002,-3.3822004941702444,1.7508031000825597,-0.927877471228072,6.0,10.0,180.0,-0.390123489558717,-6.217734021149603,-0.1303682593048454,-3.220190816643478,654.7255322582294,373.5911001073552,167.28606372695043,753.8139181671531,570.3000000000001,-0.390123489558717,-0.7431838512420654,-0.6764755249023438,-0.7169960737228394,-0.6320549249649048,-0.6391885280609131,-0.6534709334373474,-0.7559505105018616,-0.5254044532775879,-0.7238326072692871,-0.6473004817962646,-0.6339830160140991,-0.6393001079559326,-0.6254419088363647,-0.6427977085113525,-0.503476619720459,-0.7193907499313354,-1.3295120000839233,-0.7179127931594849,-0.639829695224762,-0.7616201043128967,-0.788553774356842,-0.8786572813987732,-0.6240836977958679,-0.8197799324989319,-0.7303300499916077,-0.8024263381958008,-0.8007203936576843,-0.8224260807037354,-0.8640145659446716,-0.7973147630691528,-0.7252784967422485,-0.6197507381439209,-0.6525286436080933,-0.6881639361381531,0.008242756128311157,-0.5186508893966675,-0.6308210492134094,-0.807745099067688,-0.6797477006912231,0.18169178068637848
5010.0,100.19900000000004,-28.64803586210297,252.38886579169807,386.54600767565137,224834.97961603763,-28.64802500000001,252.5134040000001,386.5459900000001,224930.7794840001,0.0003663097710383,9.59126162449184,-0.0005929095970618,19200.000000000007,1.0860626636067505e-05,-0.00026209272308,-1.767585434192282e-05,0.0,0.0129493138360932,-0.3066096344548334,9.611585721584394,-1.7684477701933012,0.0016949193702665,-3.412743068844988,19199.913755954705,12.895663032869171,0.002,-3.30631166265625,1.7677440006874408,-0.9077377089121468,6.0,10.0,180.0,-0.3891865365906045,-6.259743191363556,-0.1293849444593801,-3.2422586537675384,654.9937661291146,373.1385500536776,167.2885318634752,753.8229590835765,570.3000000000001,-0.3891865365906045,-0.7235193252563477,-0.6611064672470093,-0.6900907754898071,-0.6265668272972107,-0.6213744282722473,-0.6370401978492737,-0.75089031457901,-0.5232774019241333,-0.7136118412017822,-0.63382887840271,-0.6204366683959961,-0.6266741752624512,-0.6125769019126892,-0.6292726993560791,-0.5169379711151123,-0.7092817425727844,-1.3844225406646729,-0.6791718006134033,-0.6257197856903076,-0.7326641082763672,-0.7694041728973389,-0.8758605122566223,-0.6163553595542908,-0.8023516535758972,-0.7110539674758911,-0.7895438075065613,-0.7817789912223816,-0.805219292640686,-0.8506230711936951,-0.7793600559234619,-0.6063606142997742,-0.6119228601455688,-0.6392787098884583,-0.6681523323059082,0.03509725630283356,-0.5258252024650574,-0.6208779215812683,-0.7963748574256897,-0.7098833322525024,0.15340952575206757
5011.0,100.21900000000002,-28.64798525201465,252.5806353320333,386.54599330386696,225218.9793091991,-28.64802500000001,252.70540400000004,386.5459900000001,225314.7794840001,-0.0013232943099681,9.598946418530913,-0.0001408408297128,19200.000000000007,-3.97485304422658e-05,-3.1532556581022735e-05,-3.303600841128275e-06,0.0,0.0178371676139746,0.4809620727425052,9.552960253391763,-3.111107309180934,-0.0107313772734307,-2.444562843764392,19199.930420322948,-55.78317563024043,0.002,-3.292351024240653,1.8401029020704096,-0.9143881197331516,6.0,10.0,180.0,-0.3901727306844672,-6.286599648232796,-0.1293857763520605,-3.251022925610841,654.5478830645573,371.7962750268388,167.0432659317376,752.7724795417882,577.7250000000001,-0.3901727306844672,-0.7298834323883057,-0.6669200658798218,-0.6960132122039795,-0.6306692957878113,-0.633129894733429,-0.6368140578269958,-0.754496693611145,-0.5234519243240356,-0.7183617353439331,-0.6357823014259338,-0.6281529664993286,-0.6315035820007324,-0.6180992126464844,-0.6343257427215576,-0.4992970824241638,-0.7106470465660095,-1.373655915260315,-0.7010660171508789,-0.631364107131958,-0.7419065833091736,-0.7848033308982849,-0.8754550814628601,-0.619741678237915,-0.8076176643371582,-0.7122435569763184,-0.7909347414970398,-0.7914565801620483,-0.812055230140686,-0.8523268699645996,-0.790773868560791,-0.6841588616371155,-0.6171445250511169,-0.6451638340950012,-0.6795268058776855,0.07925035059452057,-0.5287020802497864,-0.6282970905303955,-0.8031243681907654,-0.7200978398323059,0.1798068732023239
5012.0,100.23900000000005,-28.647884018727392,252.772376201912,386.5459824944882,225602.9775016817,-28.64802500000001,252.8974040000001,386.5459900000001,225698.7794840001,-0.0047045079090792,9.607604017064467,0.0002505122850702,19200.000000000007,-0.0001409810317144,0.000227796821331,7.505549599697017e-06,0.0,-0.0048997482249058,-3.536811725313683,9.623995939934732,-3.481367632838788,0.0007307946416482,3.787474822518932,19200.03287488936,-21.42871114250784,0.002,-3.2402043299483227,1.8770500017638376,-0.911257923037305,6.0,10.0,180.0,-0.3686694841668018,-6.29642570714063,-0.1293847952624008,-3.2736307120803594,654.7014415322786,373.0501375134194,167.21913296586882,753.5262397708941,577.7250000000001,-0.3686694841668018,-0.6974629163742065,-0.6425567269325256,-0.6734904050827026,-0.6172196865081787,-0.6124554872512817,-0.6121907234191895,-0.7465969324111938,-0.5033146142959595,-0.7011647820472717,-0.6207857728004456,-0.6060647368431091,-0.6099705100059509,-0.5953661203384399,-0.6089951395988464,-0.4659006893634796,-0.6859476566314697,-1.368506669998169,-0.6743037700653076,-0.6061536073684692,-0.6967586278915405,-0.7617959380149841,-0.8661547303199768,-0.607747495174408,-0.7780154943466187,-0.6889097094535828,-0.7626418471336365,-0.7932261824607849,-0.8020867109298706,-0.8411859273910522,-0.768625020980835,-0.3939204216003418,-0.5993648767471313,-0.6143288016319275,-0.6793575286865234,0.11680716276168823,-0.5224340558052063,-0.610758364200592,-0.7802622318267822,-0.6731014847755432,0.07935898005962372
5013.0,100.25900000000004,-28.64793159201174,252.9647790725487,386.54599091572646,225986.9772150023,-28.64802500000001,253.0894040000001,386.5459900000001,226082.7794840001,-0.0031135428862534,9.594158387647456,-3.780106638346056e-05,19200.000000000007,-9.340785697675804e-05,-0.0001751741266028,-9.157665932176116e-07,0.0,0.0048911831410413,-0.2439686748984225,9.601311652050168,-1.89639719354863,-0.005115643989929,-1.0937170555133808,19199.826509181843,-94.42178253131706,0.002,-3.39097778528039,1.9178820434401915,-0.9052343776423276,6.0,10.0,180.0,-0.3681931459534748,-6.259819116507365,-0.1293927261424743,-3.272095418027324,654.7082207661393,372.9780687567097,167.2120664829344,753.4961198854471,577.7250000000001,-0.3681931459534748,-0.7232690453529358,-0.662168562412262,-0.6864562034606934,-0.6278255581855774,-0.6244980096817017,-0.6302950382232666,-0.7545836567878723,-0.5215411186218262,-0.715657114982605,-0.6306195259094238,-0.6219258904457092,-0.6253106594085693,-0.6123831272125244,-0.6280608177185059,-0.4986015856266022,-0.706028163433075,-1.3889232873916626,-0.6853468418121338,-0.624981701374054,-0.7303862571716309,-0.7791664004325867,-0.8745866417884827,-0.6169760823249817,-0.8006902933120728,-0.7061554193496704,-0.7855832576751709,-0.7877088189125061,-0.8067829012870789,-0.8480007648468018,-0.7859167456626892,-0.6317015886306763,-0.6112391948699951,-0.6368518471717834,-0.6739225387573242,0.0801476240158081,-0.5293481945991516,-0.6224954128265381,-0.7963650226593018,-0.7201663255691528,0.1632874459028244
5014.0,100.27900000000002,-28.64789253980185,253.15692815664087,386.54602631404566,226370.9718439465,-28.64802500000001,253.28140400000007,386.5459900000001,226466.7794840001,-0.0044160287450759,9.589185360024253,-0.0012061204629486,19200.000000000007,-0.0001324601955635,-0.0003243557177124,-3.6314051266789e-05,0.0,-0.0134181837555175,-3.169882527734872,9.587180689799467,2.1425591679427827,0.003423478656142,-0.0052245287369694,19199.46672074783,-21.52005843646246,0.002,-3.498954091439062,1.8726979612427648,-0.9181341415786392,6.0,10.0,180.0,-0.3525228845651135,-6.290969638158686,-0.1289236301556912,-3.336101384795125,654.1961103830697,373.3440343783549,167.1500332414672,753.2325599427236,577.7250000000001,-0.3525228845651135,-0.6925809383392334,-0.6381238102912903,-0.6507130861282349,-0.6151328086853027,-0.5966866612434387,-0.6041826009750366,-0.7428032755851746,-0.5158193111419678,-0.6992961168289185,-0.6108624935150146,-0.5999339818954468,-0.6043772101402283,-0.5914967060089111,-0.6061482429504395,-0.5070825815200806,-0.6885126829147339,-1.4662964344024658,-0.6365057229995728,-0.6022493839263916,-0.6866620182991028,-0.7446625232696533,-0.8639930486679077,-0.6048708558082581,-0.7733150124549866,-0.6777646541595459,-0.767358124256134,-0.759758472442627,-0.7828301191329956,-0.8292743563652039,-0.756447434425354,-0.42284250259399414,-0.5958071947097778,-0.614752471446991,-0.6461635828018188,0.1200605034828186,-0.5319845080375671,-0.6045324206352234,-0.7757642269134521,-0.7438428401947021,0.1279018074274063
5015.0,100.29900000000004,-28.64825204609209,253.3487077499981,386.5459970974135,226754.97098376573,-28.64802500000001,253.47340400000007,386.5459900000001,226850.7794840001,0.0075697625812178,9.59653315428102,-0.0002355972551004,19200.000000000007,0.0002270459397916,-0.0001041460472927,-7.097411295931244e-06,0.0,-0.0104951517110288,-1.899426039224646,9.563244843089937,2.1963773506223974,0.0002334816189737,-0.3118616249268166,19199.862620932385,12.855880344911917,0.002,-3.4372364490602507,1.7759716077066832,-0.91438497206388,6.0,10.0,180.0,-0.3890662059049729,-6.28993739669364,-0.1313677538265824,-3.3381019375955687,653.7190551915348,373.0380171891775,167.0175166207336,752.6657799713619,577.7250000000001,-0.3890662059049729,-0.7011663913726807,-0.6461935639381409,-0.6551005244255066,-0.6191579103469849,-0.6045336127281189,-0.6096800565719604,-0.7457951307296753,-0.5195151567459106,-0.7044748067855835,-0.6147767305374146,-0.6071274280548096,-0.6103886365890503,-0.598440408706665,-0.6134820580482483,-0.5111945271492004,-0.6956987380981445,-1.4686672687530518,-0.6438910365104675,-0.6095857620239258,-0.6990651488304138,-0.7543730139732361,-0.8657546639442444,-0.6079761981964111,-0.780582070350647,-0.6853430867195129,-0.7711045742034912,-0.7633450031280518,-0.7847300171852112,-0.8306418657302856,-0.7647556066513062,-0.5020084381103516,-0.6002771854400635,-0.6218219995498657,-0.6505410075187683,0.10779452323913574,-0.5337725281715393,-0.6096460819244385,-0.7834672331809998,-0.7524730563163757,0.14600159227848053
5016.0,100.31900000000005,-28.64824708659449,253.5409597801853,386.545935842048,227138.9684709285,-28.64802500000001,253.6654040000001,386.5459900000001,227234.7794840001,0.0074047882276993,9.588133920755082,0.0018036491725747,19200.000000000007,0.0002220863784011,-0.0003558746791067,5.415795276520861e-05,0.0,0.0019401626152784,-0.1811229291165855,9.638184310757644,0.1824985625905121,-0.0049121828546104,3.724353364675399,19199.82767399858,34.3886222153624,0.002,-3.3560579759615767,1.8127347476604727,-0.9216265839453458,6.0,10.0,180.0,-0.4081601472150106,-6.290015558074825,-0.1289005630387965,-3.3648150154334333,654.5835275957675,373.6680085945888,167.2657583103668,753.728889985681,577.7250000000001,-0.4081601472150106,-0.7200987935066223,-0.6649760603904724,-0.6724569797515869,-0.6303161382675171,-0.6254122853279114,-0.6240592002868652,-0.7608951330184937,-0.5181230306625366,-0.7169508934020996,-0.6292770504951477,-0.6224713325500488,-0.6231592893600464,-0.6122123003005981,-0.6268051862716675,-0.4952719211578369,-0.7071282863616943,-1.4260390996932983,-0.6659489274024963,-0.623670220375061,-0.7203028202056885,-0.7877962589263916,-0.8723613023757935,-0.6152668595314026,-0.7943472266197205,-0.7020089626312256,-0.7766046524047852,-0.7927877902984619,-0.7985066175460815,-0.8383119106292725,-0.7886849641799927,-0.615342915058136,-0.6083521842956543,-0.6292999982833862,-0.679162859916687,0.0649360716342926,-0.5363152027130127,-0.6212062835693359,-0.7985208034515381,-0.7252863049507141,0.12340034544467926
5017.0,100.33900000000004,-28.648089802136024,253.73296404601948,386.5460198565079,227522.970509108,-28.64802500000001,253.85740400000003,386.5459900000001,227618.7794840001,0.0021893081634286,9.587987959137688,-0.0009961766485065,19200.000000000007,6.480276704672604e-05,-0.000360342991426,-2.9856507702949235e-05,0.0,0.0019428880655514,1.1687893893676204,9.572233417929157,6.3426327277253165,0.0007380948609172,-4.576984390680893,19200.11847610975,77.29575562289256,0.002,-3.3925786848265487,1.8501444314681403,-0.8933933523691634,6.0,10.0,180.0,-0.4073052886531114,-6.267148165119557,-0.1298634739709836,-3.336134269783892,654.2557637978837,372.9165042972944,167.1128791551834,753.0719449928405,577.7250000000001,-0.4073052886531114,-0.7243841886520386,-0.6649634838104248,-0.6562271118164062,-0.6309095025062561,-0.6167085766792297,-0.6240285038948059,-0.7566332221031189,-0.5403187870979309,-0.7187314033508301,-0.6240155100822449,-0.6204445362091064,-0.623086154460907,-0.6132981181144714,-0.6302483081817627,-0.5544682145118713,-0.7158252596855164,-1.53068208694458,-0.6347790956497192,-0.6260830163955688,-0.7237677574157715,-0.7675794959068298,-0.8706580996513367,-0.6155609488487244,-0.7982389330863953,-0.6971756815910339,-0.7905630469322205,-0.7532318830490112,-0.7776134014129639,-0.8311554193496704,-0.7760815620422363,-0.7646451592445374,-0.6106570959091187,-0.6407353281974792,-0.6372495889663696,0.06794655323028564,-0.5476766228675842,-0.6193511486053467,-0.7980687022209167,-0.8221133351325989,0.22246326506137848
5018.0,100.35900000000002,-28.64789533128186,253.9249443282304,386.5459940435069,227906.97105077136,-28.64802500000001,254.04940400000004,386.5459900000001,228002.7794840001,-0.0043215498988187,9.588642721603753,-0.0001353643279457,19200.000000000007,-0.0001296672061206,-0.0003406319636379,-4.043506820715732e-06,0.0,0.0039002813101288,-3.4258058450849136,9.615495569103969,0.9745151797070108,-0.0002284440806957,2.256865447565766,19199.94653488609,-21.467952980006523,0.002,-3.430100184010793,1.872804824876604,-0.9145736424734576,6.0,10.0,180.0,-0.3916839545835003,-6.266160785803144,-0.1298760464769141,-3.3458458417486105,654.6283818989418,373.1732521486472,167.2184395775917,753.5229724964203,577.7250000000001,-0.3916839545835003,-0.6941064596176147,-0.6402159929275513,-0.6556138396263123,-0.6177477836608887,-0.6022408604621887,-0.6064630150794983,-0.7468865513801575,-0.5114635229110718,-0.7005094289779663,-0.6141225099563599,-0.6023991107940674,-0.6063855886459351,-0.5929400324821472,-0.6070495843887329,-0.49535495042800903,-0.6880718469619751,-1.4447343349456787,-0.6431761980056763,-0.6035261154174805,-0.6868566870689392,-0.752592921257019,-0.8655158877372742,-0.6058596968650818,-0.7738398909568787,-0.6810635328292847,-0.7649590373039246,-0.772308349609375,-0.7871044278144836,-0.8311373591423035,-0.7619365453720093,-0.41272252798080444,-0.5974963903427124,-0.6135701537132263,-0.6580605506896973,0.11447404325008392,-0.5322892069816589,-0.6072297096252441,-0.7784905433654785,-0.7256363034248352,0.09979446232318878
5019.0,100.37900000000003,-28.6481612515134,254.1163571785111,386.5460112724388,228290.96966768903,-28.64802500000001,254.2414040000001,386.5459900000001,228386.7794840001,0.0045365521830377,9.60821816139472,-0.0007124668411155,19200.000000000007,0.0001361522345737,0.0002466136969982,-2.127243865762762e-05,0.0,-0.0195162101123096,4.093566494714013,9.57692779327147,6.164467593259586,2.621496312624344e-05,-1.3924024150838736,19200.25606895092,68.63075931530896,0.002,-3.610682515964127,1.8445341539274056,-0.9031979147981164,6.0,10.0,180.0,-0.4082073185458161,-6.348140900974968,-0.134769877483946,-3.346325212219294,653.9151909494709,373.4786260743236,167.10871978879584,753.0549862482101,577.7250000000001,-0.4082073185458161,-0.7435232400894165,-0.6867226362228394,-0.6624404191970825,-0.6408456563949585,-0.6333351135253906,-0.6348751783370972,-0.7674648761749268,-0.5435912609100342,-0.7321898341178894,-0.6330359578132629,-0.6377885341644287,-0.6360927820205688,-0.6296847462654114,-0.6466063857078552,-0.5498417615890503,-0.7324705123901367,-1.5266509056091309,-0.6488989591598511,-0.6425628066062927,-0.7476439476013184,-0.7972448468208313,-0.8761028051376343,-0.6224830746650696,-0.8121757507324219,-0.7121104598045349,-0.7935087084770203,-0.7733431458473206,-0.7830151319503784,-0.8308624029159546,-0.8018522262573242,-0.9353025555610657,-0.6181614398956299,-0.6510987281799316,-0.6577155590057373,0.02438928186893463,-0.5520934462547302,-0.6302379965782166,-0.8158087730407715,-0.8198727965354919,0.22931106388568878
5020.0,100.39900000000002,-28.648066656396946,254.3089167820921,386.5459744983705,228674.97039645552,-28.64802500000001,254.4334040000001,386.5459900000001,228770.7794840001,0.0013853871076072,9.589559280791812,0.0005198414561166,19200.000000000007,4.165507032605744e-05,-0.0003132855050291,1.5501629568109023e-05,0.0,-0.0063159501228309,-2.749302500956335,9.628639679099663,-6.644744980949402,-0.0034357316598989,2.3816518634496004,19199.930848472075,-25.79101970873233,0.002,-3.5941614307524627,1.861558006129568,-0.896233546212482,6.0,10.0,180.0,-0.4057002709314543,-6.270482321080872,-0.1333092855452386,-3.355031478960933,654.4115954747355,374.0153130371618,167.2713598943979,753.751993124105,577.7250000000001,-0.4057002709314543,-0.7072875499725342,-0.6478294134140015,-0.6929468512535095,-0.6180723309516907,-0.6207486391067505,-0.6218847632408142,-0.7468858361244202,-0.5034577250480652,-0.7053366303443909,-0.6285736560821533,-0.6111311912536621,-0.6155872941017151,-0.6003336906433105,-0.6145205497741699,-0.45442289113998413,-0.688402533531189,-1.3187284469604492,-0.702041745185852,-0.6119343042373657,-0.7142840027809143,-0.7667984962463379,-0.8662553429603577,-0.6118353009223938,-0.7868397831916809,-0.6985770463943481,-0.7690836787223816,-0.8024733066558838,-0.8149209022521973,-0.8524482846260071,-0.7751126289367676,-0.43856489658355713,-0.6020986437797546,-0.6210068464279175,-0.6894264817237854,0.11274437606334686,-0.5136347413063049,-0.6144824624061584,-0.7833077311515808,-0.6462920308113098,0.10127975046634674
5021.0,100.41900000000004,-28.64856160483879,254.5006319094384,386.5459913074252,229058.960331944,-28.64802500000001,254.6254040000001,386.5459900000001,229154.7794840001,0.0178875788116439,9.599063456514363,-4.018727480135618e-05,19200.000000000007,0.0005366024148532,-2.810585364613604e-05,-1.3074246476466505e-06,0.0,-0.0015201561780408,7.508380996346221,9.589131177869351,5.305596729294857,-0.0044068575914973,1.2745553820259814,19199.43297021688,141.67073524103571,0.002,-3.5251149647712308,1.819284261574012,-0.9104361738417542,6.0,10.0,180.0,-0.4711303566254757,-6.244108188159983,-0.1333130958142271,-3.447867468661084,654.3012977373678,373.48665651858096,167.18767994719894,753.3939965620525,570.3000000000001,-0.4711303566254757,-0.7702702283859253,-0.714925229549408,-0.6797624826431274,-0.6560667753219604,-0.6589629650115967,-0.6590519547462463,-0.7811537981033325,-0.547504186630249,-0.7482951879501343,-0.6529238224029541,-0.6616653800010681,-0.6574687361717224,-0.6529679298400879,-0.6707953810691833,-0.558427631855011,-0.7575736045837402,-1.5059521198272705,-0.6667299270629883,-0.6667273044586182,-0.7792056798934937,-0.829464852809906,-0.8845660090446472,-0.63143390417099,-0.8327210545539856,-0.738470733165741,-0.8035086989402771,-0.7990933656692505,-0.7922176122665405,-0.83641117811203,-0.828866720199585,-1.1382555961608887,-0.6325246095657349,-0.6690338850021362,-0.686263918876648,-0.07465153932571411,-0.5566349029541016,-0.6466366052627563,-0.8432092070579529,-0.8022381663322449,0.2097623199224472
5022.0,100.43900000000004,-28.64810313079484,254.69263456314897,386.5460099845062,229442.963740082,-28.64802500000001,254.81740400000007,386.5459900000001,229538.7794840001,0.0026015119312981,9.598973861702746,-0.0006932273630428,19200.000000000007,7.812942483174969e-05,-3.085899241665155e-05,-1.998450423102266e-05,0.0,0.003650423336528,-2.9391213047817226,9.612059393758551,-5.124427886203906,0.0046471873552069,3.106601506051652,19200.63362706759,-77.20246576446297,0.002,-3.3393669492732,1.843687722436831,-0.9096409908746746,6.0,10.0,180.0,-0.4585052554913686,-6.294823134718742,-0.1367181877644952,-3.4222762921759085,654.6031488686839,373.4058282592905,167.2398399735995,753.6159982810262,570.3000000000001,-0.4585052554913686,-0.702414870262146,-0.646975040435791,-0.6855895519256592,-0.6180893778800964,-0.6182183623313904,-0.622806966304779,-0.7447350025177002,-0.5019983053207397,-0.7020787000656128,-0.6266437768936157,-0.610476016998291,-0.6158488988876343,-0.6005727648735046,-0.6151266098022461,-0.47222888469696045,-0.6924305558204651,-1.3421285152435303,-0.6834512948989868,-0.6118217706680298,-0.7083207368850708,-0.7613509297370911,-0.8676502108573914,-0.6090003252029419,-0.7836633324623108,-0.6991865634918213,-0.7666568160057068,-0.7996464967727661,-0.8076502084732056,-0.8467118740081787,-0.7710378766059875,-0.3905031085014343,-0.6025747060775757,-0.6196377873420715,-0.6872754096984863,0.06627508997917175,-0.516261100769043,-0.6131846308708191,-0.7864025831222534,-0.6440814733505249,0.06058967113494873
5023.0,100.45900000000005,-28.647925365920496,254.8844588620972,386.5458879341305,229826.9609146251,-28.64802500000001,255.00940400000007,386.5459900000001,229922.7794840001,-0.003325139509797,9.604816808865705,0.0034053255098222,19200.000000000007,-9.973362097918976e-05,0.0001449391678643,0.0001020658670833,0.0,0.0324974678649378,3.2982826917584247,9.592040175401465,0.6070066164244917,0.0051236118198317,2.9373356368298698,19199.345817775265,51.48505258696662,0.002,-3.398679990105839,2.0449674640599724,-0.8615614474428822,6.0,10.0,180.0,-0.4482935257554815,-6.31289124627221,-0.1318176058445625,-3.4453248949268875,655.0890744343419,372.06541412964526,167.18491998679974,753.376499140513,570.3000000000001,-0.4482935257554815,-0.7465360164642334,-0.6910679340362549,-0.6889251470565796,-0.6454410552978516,-0.6497923135757446,-0.64894700050354,-0.771661639213562,-0.5284181833267212,-0.7316399812698364,-0.6477274894714355,-0.6461186408996582,-0.645588755607605,-0.6358907222747803,-0.6523385047912598,-0.523406982421875,-0.734169602394104,-1.4297868013381958,-0.679262638092041,-0.6487859487533569,-0.7547861337661743,-0.8138260245323181,-0.8785093426704407,-0.6244885325431824,-0.8161643743515015,-0.7262457013130188,-0.791587233543396,-0.8043952584266663,-0.8035143613815308,-0.8431724309921265,-0.8106825351715088,-0.8361659049987793,-0.6260347962379456,-0.6529050469398499,-0.6956731081008911,-0.025975480675697327,-0.5449036359786987,-0.6389808654785156,-0.8267574310302734,-0.7377433180809021,0.13099898397922516
5024.0,100.47900000000004,-28.64777659687132,255.0765010036585,386.5460879230996,230210.9612438162,-28.64802500000001,255.20140400000008,386.5459900000001,230306.7794840001,-0.0082846113373616,9.603425625285796,-0.0032674388288357,19200.000000000007,-0.000248401411693,0.0001026960099112,-9.792313105803834e-05,0.0,-0.0116926765653019,0.5508321272524475,9.60714394064991,0.3118807320991023,0.0209818805940109,-4.700579877097492,19200.582363648828,-47.23154520352721,0.002,-3.60712274657816,2.009411235464319,-0.927802243232214,6.0,10.0,180.0,-0.4096821841219006,-6.265655194319278,-0.1342684557763369,-3.4534902467333923,654.6435372171709,373.14120706482265,167.21795999339986,753.5217495702566,577.7250000000001,-0.4096821841219006,-0.7276517152786255,-0.6639993190765381,-0.6812324523925781,-0.6275416612625122,-0.6225621104240417,-0.6320270299911499,-0.7539010047912598,-0.5317628383636475,-0.7178590297698975,-0.6307632923126221,-0.6213011741638184,-0.6255866289138794,-0.6132804155349731,-0.6300196647644043,-0.5207802057266235,-0.7100338935852051,-1.417119026184082,-0.6750606298446655,-0.626592755317688,-0.7349075078964233,-0.7731490135192871,-0.8751929402351379,-0.6180899143218994,-0.8040657043457031,-0.7060258388519287,-0.7915937304496765,-0.7711104154586792,-0.8007611632347107,-0.8469662070274353,-0.7833299040794373,-0.7025243043899536,-0.6114247441291809,-0.6414054036140442,-0.6575576066970825,0.07345660030841827,-0.532492995262146,-0.6215088963508606,-0.7948201298713684,-0.7532898783683777,0.2079104632139206
5025.0,100.49900000000002,-28.6480689180832,255.2683663719175,386.5460801975833,230594.9654092193,-28.64802500000001,255.3934040000001,386.5459900000001,230690.7794840001,0.0014625618688205,9.60789555699652,-0.0030026245448831,19200.000000000007,4.392003095227068e-05,0.0002374249635254,-9.019758439947272e-05,0.0,-0.0092708201898159,0.739035252813378,9.627474853645644,1.093818250406418,-0.009994667371792,-5.319195059239684,19200.08501184539,-25.77481968357064,0.002,-3.635757145130013,1.8054621573503176,-0.9058769154609674,6.0,10.0,180.0,-0.4209030407605982,-6.342870136214779,-0.1455138034822905,-3.404798307925654,654.7042686085854,373.92760353241135,167.32097999669992,753.9633747851283,577.7250000000001,-0.4209030407605982,-0.7294021844863892,-0.6646374464035034,-0.6794803142547607,-0.6284093856811523,-0.6208696365356445,-0.6325440406799316,-0.755171537399292,-0.5339223146438599,-0.7191178798675537,-0.6307191848754883,-0.6206399202346802,-0.6251345872879028,-0.6132537126541138,-0.6300381422042847,-0.5270819664001465,-0.7111183404922485,-1.4265825748443604,-0.6704509258270264,-0.6266975402832031,-0.735541045665741,-0.7730244994163513,-0.8759735822677612,-0.6185811758041382,-0.8051716089248657,-0.7064322233200073,-0.7940768599510193,-0.7677969932556152,-0.7986226081848145,-0.8466655015945435,-0.7833390235900879,-0.7234932780265808,-0.6105959415435791,-0.6420453190803528,-0.6525335311889648,0.069597989320755,-0.5329206585884094,-0.6203921437263489,-0.7941727638244629,-0.762305736541748,0.22221685945987701
5026.0,100.51900000000003,-28.648281607505645,255.46096405136004,386.54597249896096,230978.96606505723,-28.64802500000001,255.5854040000001,386.5459900000001,231074.7794840001,0.0085552481116501,9.58799141363824,0.000582302597845,19200.000000000007,0.0002566083959931,-0.0003602554916003,1.7501278269844478e-05,0.0,0.0065904124866106,0.3564813691524122,9.591549642408143,-7.082358930603,-0.006097926593329,-1.518777152706639,19200.20534300723,-34.3356325164613,0.002,-3.542074036583535,1.8035689905988967,-0.8931790650071871,6.0,10.0,180.0,-0.4550865412881384,-6.303259868717285,-0.1411104615917465,-3.3986828274630603,654.6281343042926,373.1983017662057,167.22148999834997,753.5356873925641,577.7250000000001,-0.4550865412881384,-0.7335338592529297,-0.6681727170944214,-0.714785099029541,-0.6290444135665894,-0.6386233568191528,-0.6422815918922424,-0.754572331905365,-0.5172286033630371,-0.7194557189941406,-0.6431851387023926,-0.6293700933456421,-0.6331809759140015,-0.6187681555747986,-0.6347607374191284,-0.4742100238800049,-0.7076412439346313,-1.3156700134277344,-0.7269120216369629,-0.6322282552719116,-0.7498421669006348,-0.7885933518409729,-0.8727436661720276,-0.6220995783805847,-0.8108053207397461,-0.7199139595031738,-0.7910465598106384,-0.8063806891441345,-0.8257870078086853,-0.862810492515564,-0.793496310710907,-0.6544790863990784,-0.6161485910415649,-0.6443202495574951,-0.6950483918190002,0.07729116082191467,-0.5176938772201538,-0.6289344429969788,-0.8016979694366455,-0.6709269881248474,0.16819901764392853
5027.0,100.53900000000004,-28.6481359135659,255.6529932409489,386.5460019275242,231362.9687846385,-28.64802500000001,255.77740400000008,386.5459900000001,231458.7794840001,0.0036951404983577,9.587018226540962,-0.0003927141621744,19200.000000000007,0.0001108127661697,-0.0003895409931405,-1.1927543329898758e-05,0.0,0.0117075768930211,-1.1496798156119126,9.63551311644383,-2.0128870572784416,-0.0056211382602133,1.1563249729577705,19200.06720403815,-51.4390183585207,0.002,-3.5433821508209435,1.7994139897020225,-0.9028532766308994,6.0,10.0,180.0,-0.4599382999587272,-6.307119847726282,-0.1430528435488111,-3.381791746895401,655.1950671521463,373.3696508831029,167.35624499917498,754.1128436962821,577.7250000000001,-0.4599382999587272,-0.7178313732147217,-0.6585453748703003,-0.6826779842376709,-0.6270343661308289,-0.6225590705871582,-0.6265538930892944,-0.7558935880661011,-0.5165150165557861,-0.713232159614563,-0.6292517781257629,-0.618626594543457,-0.6219885945320129,-0.6086595058441162,-0.6236435174942017,-0.49019861221313477,-0.7015851736068726,-1.386189579963684,-0.6795026063919067,-0.6206640601158142,-0.7209217548370361,-0.7784404158592224,-0.8737171292304993,-0.6150979995727539,-0.7952260375022888,-0.7026412487030029,-0.7804961800575256,-0.7922232151031494,-0.8059062957763672,-0.8461874723434448,-0.7833204865455627,-0.5734201669692993,-0.6085139513015747,-0.6302781701087952,-0.677593469619751,0.08282846212387085,-0.5298367142677307,-0.6201799511909485,-0.7932932376861572,-0.707941472530365,0.1306428462266922
5028.0,100.55900000000004,-28.647999746652165,255.845143339693,386.5460055460296,231746.9726215598,-28.64802500000001,255.9694040000001,386.5459900000001,231842.7794840001,-0.0008416943399747,9.582011809852135,-0.0005194535899396,19200.000000000007,-2.525478217413288e-05,-0.0005396379152055,-1.5547163056501988e-05,0.0,0.0016835311397739,-2.750936184020108,9.565904965732836,-5.249810813725977,-0.0024214135783201,2.137932357890508,19200.20405340185,-34.36003823313958,0.002,-3.4249710415807546,1.7695839906872557,-0.9300054843829382,6.0,10.0,180.0,-0.4521327353031803,-6.244098634633917,-0.1425691061270142,-3.343317399016508,654.4830335760731,372.6733254415514,167.1311224995875,753.1494218481411,577.7250000000001,-0.4521327353031803,-0.7038880586624146,-0.6466971039772034,-0.6852205395698547,-0.6187686324119568,-0.6200374960899353,-0.6189218759536743,-0.7450237274169922,-0.5048689246177673,-0.7036432027816772,-0.6263511180877686,-0.6119274497032166,-0.6159590482711792,-0.6009851098060608,-0.6153645515441895,-0.46456998586654663,-0.6902818083763123,-1.3441879749298096,-0.693522572517395,-0.6123597621917725,-0.7109516859054565,-0.7655815482139587,-0.8663563132286072,-0.6106087565422058,-0.7848528623580933,-0.6954011917114258,-0.7676741480827332,-0.7970834970474243,-0.8094608783721924,-0.8474003076553345,-0.7731210589408875,-0.438984751701355,-0.6042073965072632,-0.6227179765701294,-0.6849271059036255,0.12010535597801208,-0.5191712975502014,-0.6157200932502747,-0.7862820625305176,-0.6678777933120728,0.10014843940734863
5029.0,100.57900000000004,-28.64798190660576,256.03708286519714,386.54597439807526,232130.9756253507,-28.64802500000001,256.16140400000006,386.5459900000001,232226.7794840001,-0.0014322929339859,9.584029249652612,0.0005196126745184,19200.000000000007,-4.309389813941125e-05,-0.0004791658117682,1.560060205235756e-05,0.0,0.0163793177482036,-0.3635375691293205,9.59669164284989,1.2255570069047426,-0.005637104469926,0.4323692390844676,19199.57021839484,-107.39572275787218,0.002,-3.3107178384454965,1.9146478254245256,-0.8875047303206512,6.0,10.0,180.0,-0.4517020286144523,-6.278270948974701,-0.1430714528325905,-3.331981580998743,654.7695167880365,372.3241627207757,167.14956124979375,753.2257109240705,577.7250000000001,-0.4517020286144523,-0.7190040349960327,-0.6616553068161011,-0.6696112155914307,-0.6298372149467468,-0.6207542419433594,-0.6243857741355896,-0.7572330236434937,-0.5232657194137573,-0.7149907350540161,-0.6272268295288086,-0.6208896636962891,-0.6231443881988525,-0.611251175403595,-0.6265876293182373,-0.5116031765937805,-0.7073427438735962,-1.4437507390975952,-0.6616898775100708,-0.6232576966285706,-0.7196688055992126,-0.7779911756515503,-0.8721842169761658,-0.6150936484336853,-0.7945928573608398,-0.699554979801178,-0.7799130082130432,-0.7798267602920532,-0.7947815656661987,-0.8378903269767761,-0.7827615737915039,-0.6329423189163208,-0.610720157623291,-0.6336342692375183,-0.6671671867370605,0.0761169046163559,-0.5390204191207886,-0.6215165257453918,-0.7977185845375061,-0.7501925826072693,0.1487327367067337
5030.0,100.59900000000002,-28.6476997716956,256.2287802911456,386.5459434192645,232514.9639015793,-28.64802500000001,256.35340400000007,386.5459900000001,232610.7794840001,-0.010835776606195,9.59411624631309,0.0015514602912909,19200.000000000007,-0.0003252280368659,-0.0001763908968543,4.668103013278986e-05,0.0,0.0034155000391203,-2.256917631257417,9.54734170340559,2.5617069523453897,0.005583023084228,1.587318273119886,19199.29667187269,94.4454748214616,0.002,-3.429032808170484,1.9687119712141512,-0.9093470871079264,6.0,10.0,180.0,-0.4165536403180076,-6.298314056740401,-0.1372261474899826,-3.429401324428656,654.0952583940183,371.7985813603879,166.95178062489686,752.3793554620353,577.7250000000001,-0.4165536403180076,-0.6982448101043701,-0.6460635662078857,-0.6508963108062744,-0.6209755539894104,-0.6065497398376465,-0.6076844930648804,-0.7474157214164734,-0.5166784524917603,-0.7034066915512085,-0.6158031225204468,-0.6084063053131104,-0.6109305620193481,-0.598779559135437,-0.6133800148963928,-0.5089462995529175,-0.6956347823143005,-1.4807480573654175,-0.6396634578704834,-0.6095403432846069,-0.6935560703277588,-0.7569133639335632,-0.8646100759506226,-0.6070326566696167,-0.7771776914596558,-0.6829855442047119,-0.7667257189750671,-0.7667070031166077,-0.7825560569763184,-0.8269702792167664,-0.7649887800216675,-0.48300033807754517,-0.6021722555160522,-0.6202998757362366,-0.6557315587997437,0.10770219564437866,-0.538444995880127,-0.6116193532943726,-0.7864021062850952,-0.7537718415260315,0.11848047375679016
5031.0,100.619,-28.647812474547287,256.42055945376586,386.5460140439779,232898.96289646416,-28.64802500000001,256.5454040000001,386.5459900000001,232994.7794840001,-0.0070810111234134,9.6014775771194,-0.0008004548891533,19200.000000000007,-0.0002125255335608,4.434878765156236e-05,-2.4042495975467515e-05,0.0,-0.0275892513864538,-2.1435427038775106,9.62086353359352,2.6252872995427707,0.0012500832433303,-0.8575286691714773,19200.11913703775,-25.661049723479746,0.002,-3.420637396195884,1.9420921220875216,-0.9069948614090874,6.0,10.0,180.0,-0.393059226894994,-6.366169100285596,-0.1401596587752203,-3.4468622588940057,653.9986291970092,373.7747906801939,167.15989031244845,753.2761777310177,577.7250000000001,-0.393059226894994,-0.7006427049636841,-0.6445921063423157,-0.6530672311782837,-0.6174323558807373,-0.5993789434432983,-0.6087082624435425,-0.7462321519851685,-0.5205737352371216,-0.7041488885879517,-0.6133405566215515,-0.6033536195755005,-0.6073504686355591,-0.5954389572143555,-0.6103084087371826,-0.5126168727874756,-0.6934362649917603,-1.4698476791381836,-0.6385132074356079,-0.606674313545227,-0.6958491802215576,-0.7507961392402649,-0.865974485874176,-0.6072391271591187,-0.7795345783233643,-0.6836538314819336,-0.7728530764579773,-0.7589335441589355,-0.7839958667755127,-0.8312069773674011,-0.7625285387039185,-0.491878867149353,-0.5971153974533081,-0.6187488436698914,-0.6451694965362549,0.10275541245937347,-0.532383382320404,-0.6062610149383545,-0.7780262231826782,-0.7504186034202576,0.1521133929491043
5032.0,100.63900000000002,-28.64801205519033,256.6126169353275,386.5460188757087,233282.96508632632,-28.64802500000001,256.7374040000001,386.5459900000001,233378.7794840001,-0.0004342757186809,9.599560582924653,-0.0009577391770364,19200.000000000007,-1.2944972169638769e-05,-1.3234535968661282e-05,-2.887492014905798e-05,0.0,0.0004999501475558,-0.1739307404142024,9.584468214128645,6.045656403248882,0.0075892641549299,-3.72568000002407,19200.203480438347,124.50300511658143,0.002,-3.348543148981665,1.8966625813209768,-0.930696981306759,6.0,10.0,180.0,-0.409129591544675,-6.290447805215122,-0.1401409279918816,-3.420700147291745,654.0758145985046,373.21589534009695,167.1109451562242,753.0650888655089,577.7250000000001,-0.409129591544675,-0.7141057252883911,-0.6558583974838257,-0.6515652537345886,-0.6258347630500793,-0.6083942651748657,-0.6167893409729004,-0.7525107860565186,-0.5350590944290161,-0.7126569747924805,-0.6185118556022644,-0.6126890182495117,-0.6160964965820312,-0.6054732799530029,-0.6218734979629517,-0.5465958714485168,-0.7072594165802002,-1.5296517610549927,-0.628169059753418,-0.6176654100418091,-0.7100518941879272,-0.7578884363174438,-0.8679758906364441,-0.6117029786109924,-0.7897351980209351,-0.6894814372062683,-0.7842381000518799,-0.7499271631240845,-0.7756575345993042,-0.8295388221740723,-0.7672399282455444,-0.6621161103248596,-0.6051592230796814,-0.6321081519126892,-0.6344289779663086,0.08335380256175995,-0.5445327162742615,-0.6134862899780273,-0.7898606061935425,-0.8094993829727173,0.19969843327999115
5033.0,100.65900000000003,-28.64801178797752,256.80487118942733,386.5459649519469,233666.9677671331,-28.64802500000001,256.9294040000001,386.5459900000001,233762.7794840001,-0.0004395303067101,9.591085245013652,0.0008401652363897,19200.000000000007,-1.3211124146151529e-05,-0.0002674898795092,2.504787964599792e-05,0.0,-0.0046644699471618,1.4004681238826666,9.623978617715643,0.4254283552005781,-0.0129469687680599,0.1257082038600245,19199.9292487101,-60.1541955466844,0.002,-3.371947123822247,1.8738950986035927,-0.904471318748365,6.0,10.0,180.0,-0.4067271720966447,-6.2920161806567085,-0.1410950388539213,-3.408904362557851,654.4704072992523,373.75244767004847,167.25297257811212,753.6735444327544,577.7250000000001,-0.4067271720966447,-0.7324988842010498,-0.6731249094009399,-0.6804696917533875,-0.6335994005203247,-0.6293984055519104,-0.6331788897514343,-0.7622596621513367,-0.5274277925491333,-0.7231761813163757,-0.6330231428146362,-0.6287795305252075,-0.6298335790634155,-0.6195089817047119,-0.6352413892745972,-0.5103316307067871,-0.7157824039459229,-1.4243541955947876,-0.675479531288147,-0.6320701837539673,-0.7380040884017944,-0.792693555355072,-0.8757274746894836,-0.6196543574333191,-0.8056510090827942,-0.710343062877655,-0.7877287268638611,-0.7874351739883423,-0.8016126155853271,-0.8434267044067383,-0.7957508563995361,-0.7353920936584473,-0.613314151763916,-0.6408609747886658,-0.6739821434020996,0.05210594832897186,-0.5363863110542297,-0.6257232427597046,-0.8040443062782288,-0.7442125678062439,0.1774436980485916
5034.0,100.67900000000004,-28.647859326925573,256.99641245334305,386.5459708550426,234050.96424752887,-28.64802500000001,257.1214040000001,386.5459900000001,234146.7794840001,-0.0055265578074102,9.606351609899145,0.0006449535026742,19200.000000000007,-0.0001656715899241,0.0001910482006958,1.914478966648978e-05,0.0,-0.0068564906173616,-1.3450777750775038,9.583487386968514,1.3426826857188687,0.0002478403016713,-1.9562247866632727,19200.205229501586,141.5912493746792,0.002,-3.469355548809268,1.7993554561785228,-0.9108723779176282,6.0,10.0,180.0,-0.3882407418808632,-6.360997949477071,-0.1367058675850473,-3.424292907881577,654.1577036496262,373.4407238350242,167.15348628905605,753.2472722163773,570.3000000000001,-0.3882407418808632,-0.7071642279624939,-0.6505481600761414,-0.6660915017127991,-0.6203492879867554,-0.6070334315299988,-0.6209475994110107,-0.7450283169746399,-0.5208307504653931,-0.7058823108673096,-0.6217228174209595,-0.6102353930473328,-0.615662693977356,-0.602975070476532,-0.6189696192741394,-0.5240229368209839,-0.7024731636047363,-1.4458149671554565,-0.6476151943206787,-0.6147706508636475,-0.7099428176879883,-0.7535831332206726,-0.8692137598991394,-0.6096895933151245,-0.7873834371566772,-0.6958279609680176,-0.7783071398735046,-0.7655747532844543,-0.7882369756698608,-0.836700439453125,-0.7645921111106873,-0.5120454430580139,-0.6032219529151917,-0.6273865699768066,-0.6529681086540222,0.05304288864135742,-0.5291323065757751,-0.6112635731697083,-0.7876943349838257,-0.7315645813941956,0.1368281990289688
5035.0,100.69900000000004,-28.64814246229232,257.188823741757,386.5459551774599,234434.9733428333,-28.64802500000001,257.3134040000001,386.5459900000001,234530.7794840001,0.0039180280894505,9.592669151321552,0.0011647164065198,19200.000000000007,0.0001173623849361,-0.0002199411399073,3.482256888620094e-05,0.0,-0.0082627852346484,3.906137418304502,9.636241846362193,-1.713687333641212,-0.0053731884230438,5.306371957521721,19200.25739681653,-77.2609112081315,0.002,-3.3681825119792244,1.7561214048860745,-0.9151881201858474,6.0,10.0,180.0,-0.4053014654733613,-6.301899242207847,-0.136249291236683,-3.3596506936233426,654.5803518248131,374.1828619175121,167.32474314452804,753.9821361081886,570.3000000000001,-0.4053014654733613,-0.7502321004867554,-0.6956627368927002,-0.6988497972488403,-0.6439951658248901,-0.6551167964935303,-0.650586724281311,-0.7732158303260803,-0.5231323838233948,-0.7344726324081421,-0.650143563747406,-0.6479533910751343,-0.6459701657295227,-0.6375657320022583,-0.6533940434455872,-0.5018763542175293,-0.7343198657035828,-1.392069935798645,-0.6941508054733276,-0.6502280235290527,-0.7616361379623413,-0.8239715099334717,-0.8784659504890442,-0.6255098581314087,-0.8190724849700928,-0.7321040630340576,-0.7913110852241516,-0.8184052109718323,-0.8125184774398804,-0.8476842641830444,-0.8190336227416992,-0.8279302716255188,-0.6225432753562927,-0.6501124501228333,-0.7088955640792847,-0.03894074261188507,-0.5360522270202637,-0.6377740502357483,-0.8261908292770386,-0.6990218758583069,0.12387387454509735
5036.0,100.71900000000004,-28.648140714779338,257.3805742899819,386.5459618182841,234818.97474651248,-28.64802500000001,257.50540400000006,386.5459900000001,234914.7794840001,0.0038600433705559,9.60098124161886,0.0009397571592549,19200.000000000007,0.0001157131421422,2.940590142386921e-05,2.818173580359044e-05,0.0,0.0058807168443612,2.80777213978869,9.588411583667428,3.5450104058042973,-0.0004981717774234,3.5503655485383283,19200.03352433773,60.14939792552416,0.002,-3.348224973461855,1.876790659534102,-0.8747943957314491,6.0,10.0,180.0,-0.418398959782088,-6.232957502913431,-0.134307696227441,-3.345273852179883,654.5171759124065,373.30093095875606,167.21037157226402,753.4900680540943,577.7250000000001,-0.418398959782088,-0.7372931838035583,-0.6838414072990417,-0.6677780151367188,-0.641376256942749,-0.6380903720855713,-0.6328021883964539,-0.7705936431884766,-0.5308191776275635,-0.7292013168334961,-0.6368880867958069,-0.6380159258842468,-0.6355332136154175,-0.6278437376022339,-0.6435558795928955,-0.522671639919281,-0.7267321348190308,-1.4847826957702637,-0.6585785746574402,-0.6397818326950073,-0.7398632764816284,-0.8055704236030579,-0.8748571276664734,-0.6211252212524414,-0.8064578175544739,-0.7113645672798157,-0.7834519743919373,-0.7902696132659912,-0.7911977767944336,-0.8327100276947021,-0.8041226863861084,-0.8206397294998169,-0.6178509593009949,-0.6439699530601501,-0.6787845492362976,0.029411092400550842,-0.5501648783683777,-0.6316098570823669,-0.8170251846313477,-0.7777575254440308,0.1598615199327469
5037.0,100.73900000000002,-28.647871127993405,257.5727647787907,386.545970612556,235202.97184610568,-28.64802500000001,257.6974040000001,386.5459900000001,235298.7794840001,-0.0051274009689825,9.594633926771891,0.0006460728929961,19200.000000000007,-0.0001538730124291,-0.0001608826761688,1.938744355476573e-05,0.0,0.0031436173742947,-0.8500772455527386,9.592267714605033,-5.862578895273536,0.0068470414725373,4.025746708226898,19200.03230655114,-4.266633447477863,0.002,-3.441660057681408,1.979701208273712,-0.8777402159372109,6.0,10.0,180.0,-0.3949600878270819,-6.266590574069866,-0.1323257316372597,-3.372996833533485,654.4770879562033,373.015965479378,167.169185786132,753.3140340270472,577.7250000000001,-0.3949600878270819,-0.7196526527404785,-0.6623775362968445,-0.6975164413452148,-0.626893162727356,-0.6355764865875244,-0.6295135617256165,-0.7550077438354492,-0.5076908469200134,-0.7139745354652405,-0.6369380354881287,-0.624534010887146,-0.6262484788894653,-0.6127393841743469,-0.6272380352020264,-0.46105891466140747,-0.7015030384063721,-1.3357890844345093,-0.7069871425628662,-0.6245343685150146,-0.7294614315032959,-0.7897271513938904,-0.8685796856880188,-0.6165078282356262,-0.7974320650100708,-0.7088777422904968,-0.7745936512947083,-0.8112324476242065,-0.8162084817886353,-0.8512774705886841,-0.7890924215316772,-0.5535529255867004,-0.6106505393981934,-0.6308374404907227,-0.7012474536895752,0.0862685889005661,-0.522182822227478,-0.6244941353797913,-0.7989094853401184,-0.6629071831703186,0.10228915512561798
5038.0,100.75900000000004,-28.64802923831356,257.7640674965326,386.5460828958436,235586.9726648327,-28.64802500000001,257.8894040000001,386.5459900000001,235682.7794840001,0.0001444788531026,9.617875819419028,-0.0030999018504542,19200.000000000007,4.23950415128562e-06,0.0005362070350945,-9.289584493926654e-05,0.0,-0.0036481863384871,0.2992593933930957,9.58715531622178,5.793107128080012,0.0199980801852048,-3.47507685763412,19200.28999855644,42.8867553945001,0.002,-3.517968789473554,1.9462040209645188,-0.915098279449418,6.0,10.0,180.0,-0.3979372853444702,-6.373516392709222,-0.1415779876926635,-3.365856533911208,654.2655439781016,373.02148273968896,167.126592893066,753.1325170135236,577.7250000000001,-0.3979372853444702,-0.7180446982383728,-0.6598488092422485,-0.6536943316459656,-0.6276705861091614,-0.6121634244918823,-0.6197664141654968,-0.754613995552063,-0.5360211730003357,-0.7150660753250122,-0.6209450364112854,-0.6161011457443237,-0.6190430521965027,-0.6086869239807129,-0.6251918077468872,-0.5458039045333862,-0.710291862487793,-1.5226784944534302,-0.632553219795227,-0.6210123300552368,-0.7154445648193359,-0.763188898563385,-0.8690080046653748,-0.6131947636604309,-0.7928506135940552,-0.6929934620857239,-0.7856667041778564,-0.7539200782775879,-0.7779775857925415,-0.8304650783538818,-0.7718274593353271,-0.6939716339111328,-0.60732102394104,-0.6346704363822937,-0.638634979724884,0.07545548677444458,-0.5455378890037537,-0.6161631941795349,-0.7931017875671387,-0.8078131079673767,0.20009441673755646
5039.0,100.77900000000002,-28.648161260564752,257.9565798352272,386.5460292807672,235970.975600414,-28.64802500000001,258.0814040000001,386.5459900000001,236066.7794840001,0.0045431869144973,9.600794791805004,-0.0013118585968332,19200.000000000007,0.0001362621057401,2.3872324326395013e-05,-3.928076731102665e-05,0.0,-0.0009704366831771,2.688179207935426,9.62747515720356,-5.913043498920573,-0.0066024039830337,-2.450559776698526,19200.016108695883,-81.57468748943208,0.002,-3.419045520614933,1.7792176305602478,-0.968655519199316,6.0,10.0,180.0,-0.40917328090263,-6.287083751487933,-0.1469586754200526,-3.344855865175911,654.6762719890507,373.5847413698445,167.275296446533,753.7687585067617,577.7250000000001,-0.40917328090263,-0.7518500089645386,-0.6842602491378784,-0.7221266031265259,-0.6371616125106812,-0.6484590768814087,-0.6536239385604858,-0.7639375329017639,-0.5271346569061279,-0.7309057712554932,-0.6496415734291077,-0.640648603439331,-0.642974853515625,-0.6304655075073242,-0.6471312642097473,-0.48823806643486023,-0.7212782502174377,-1.3291091918945312,-0.7314388751983643,-0.6448419094085693,-0.7689394950866699,-0.8079509139060974,-0.8784443140029907,-0.6285635232925415,-0.8251774311065674,-0.7320950627326965,-0.8046608567237854,-0.8092508316040039,-0.8275613784790039,-0.8652728796005249,-0.808761715888977,-0.8178662061691284,-0.622596025466919,-0.6557707786560059,-0.6975900530815125,0.038572341203689575,-0.5229721665382385,-0.6364316940307617,-0.8124840259552002,-0.6917058229446411,0.20642264187335968
5040.0,100.79900000000004,-28.64820915824076,258.14881023035593,386.5459483729404,236354.97234341968,-28.64802500000001,258.27340400000014,386.5459900000001,236450.7794840001,0.0061381480390417,9.59312236725639,0.0013894115495322,19200.000000000007,0.0001840579371355,-0.000206329542983,4.162705969174118e-05,0.0,0.0060962321757316,1.8939434743956365,9.635530189531952,1.582508424606485,0.0010026894463281,-3.113130574943423,19199.896389804315,34.32192148243744,0.002,-3.174781562968444,1.7851503123811872,-0.9602218022433744,6.0,10.0,180.0,-0.429203006718662,-6.28953339166115,-0.1430635326059496,-3.363819191056674,655.1116359945254,373.7563706849222,167.3836482232665,754.2313792533809,577.7250000000001,-0.429203006718662,-0.7387624382972717,-0.6754841804504395,-0.6816815137863159,-0.6357671618461609,-0.6299539804458618,-0.6386288404464722,-0.7637656927108765,-0.5358220338821411,-0.7260463237762451,-0.6356599926948547,-0.6301178932189941,-0.6326510906219482,-0.621849775314331,-0.6386502981185913,-0.5284605026245117,-0.7197879552841187,-1.4341472387313843,-0.6726166009902954,-0.6352619528770447,-0.744407057762146,-0.7904683947563171,-0.8780030012130737,-0.6221705079078674,-0.8111007809638977,-0.7130653858184814,-0.7955091595649719,-0.7789065837860107,-0.8002030849456787,-0.8457697629928589,-0.7956594228744507,-0.8060086369514465,-0.6162595152854919,-0.6472535133361816,-0.6638414859771729,0.0469670295715332,-0.5398061275482178,-0.6275758147239685,-0.8050958514213562,-0.7688068747520447,0.21005405485630035
5041.0,100.81900000000005,-28.647695240411203,258.34128585991937,386.54582810344886,236738.96441159825,-28.64802500000001,258.4654040000001,386.5459900000001,236834.7794840001,-0.0109882405817028,9.57726129275385,0.0053964504305493,19200.000000000007,-0.0003297610980623,-0.0006820664033899,0.0001618965512745,0.0,0.0498005593517805,-4.525523873311487,9.5692806451327,-9.700663432580926,-0.0051241215841047,1.1627773442438991,19199.364245597088,-42.90908186941304,0.002,-3.374582081458733,1.906990061361015,-0.8978980106787009,6.0,10.0,180.0,-0.3989429040944999,-6.248030074958887,-0.1279200298774093,-3.440188837586198,655.4148179972626,371.27818534246114,167.16132411163323,753.2736896266904,577.7250000000001,-0.3989429040944999,-0.701321005821228,-0.6391689777374268,-0.703457236289978,-0.6174086332321167,-0.623378574848175,-0.624424934387207,-0.7417997121810913,-0.49709352850914,-0.6989266276359558,-0.6356461644172668,-0.6096256375312805,-0.6168109178543091,-0.5973411798477173,-0.6117277145385742,-0.4433988332748413,-0.6811431050300598,-1.2778565883636475,-0.7208740711212158,-0.6093932390213013,-0.7098478078842163,-0.7560619115829468,-0.8630306124687195,-0.612090528011322,-0.782117486000061,-0.6945496797561646,-0.7660013437271118,-0.8072810769081116,-0.8236443400382996,-0.8595477938652039,-0.7653830051422119,-0.37224096059799194,-0.6073992252349854,-0.6228941082954407,-0.6971547603607178,0.14647814631462097,-0.5110277533531189,-0.6181110739707947,-0.7832156419754028,-0.6252644658088684,0.07505263388156891
5042.0,100.83900000000004,-28.647802830346222,258.5326063943121,386.54603526803606,237122.96712968824,-28.64802500000001,258.6574040000001,386.5459900000001,237218.7794840001,-0.0074076637594366,9.599913266136122,-0.0015073604395848,19200.000000000007,-0.0002221704434831,-2.698717619453511e-06,-4.526803591024118e-05,0.0,-0.038326826406342,0.6812962042876662,9.607928974111603,1.9427509554513391,0.0055938447543922,-3.3000510744224214,19200.77124278754,-81.49438373756324,0.002,-3.467773845377793,1.88039146409968,-0.9008294603051114,6.0,10.0,180.0,-0.3642545031124145,-6.315392017247016,-0.1240178452726137,-3.4340675447688254,654.2969089986314,373.6685926712306,167.20916205581662,753.4868448133452,577.7250000000001,-0.3642545031124145,-0.7233902215957642,-0.6633758544921875,-0.670304536819458,-0.6260844469070435,-0.617458164691925,-0.625705897808075,-0.7534388303756714,-0.5310655832290649,-0.7168713808059692,-0.6262073516845703,-0.6190671920776367,-0.6220022439956665,-0.611477255821228,-0.6276603937149048,-0.5232819318771362,-0.7101136445999146,-1.447560429573059,-0.6611663699150085,-0.6241148710250854,-0.7286062836647034,-0.7717168927192688,-0.8724637627601624,-0.6158597469329834,-0.7994268536567688,-0.701624870300293,-0.7871048450469971,-0.7660251259803772,-0.793258786201477,-0.8403472900390625,-0.7818297147750854,-0.68940269947052,-0.6076771020889282,-0.63694828748703,-0.6530748605728149,0.07022804021835327,-0.5343322157859802,-0.6179401874542236,-0.7930014133453369,-0.7620365619659424,0.20472948253154755
5043.0,100.85900000000002,-28.648109354423536,258.72472519036137,386.54603705181415,237506.97673137835,-28.64802500000001,258.84940400000016,386.5459900000001,237602.7794840001,0.0028144790374426,9.595946188886838,-0.0015753114116061,19200.000000000007,8.435459888461226e-05,-0.0001215889133284,-4.705181404112658e-05,0.0,-0.006350586269974,-1.837278400458762,9.569825589945909,-4.199495496383067,-0.0066000191507822,1.4680606131501923,19200.135422555573,-42.9201174321998,0.002,-3.403345004916152,1.8560892381941267,-0.8935816626393737,6.0,10.0,180.0,-0.3881625087471133,-6.266033702115427,-0.1298987627450906,-3.3315481622585814,653.9239544993156,373.1617963356153,167.0740810279083,752.9084224066726,577.7250000000001,-0.3881625087471133,-0.7088757157325745,-0.6511905193328857,-0.6845440864562988,-0.620300829410553,-0.6206638813018799,-0.6206077933311462,-0.7468134760856628,-0.5093398094177246,-0.7070419788360596,-0.6259925365447998,-0.6143560409545898,-0.6176592707633972,-0.6038888692855835,-0.6185424327850342,-0.47282934188842773,-0.6946320533752441,-1.3606765270233154,-0.6904596090316772,-0.6154659390449524,-0.7165205478668213,-0.7701342701911926,-0.8682389855384827,-0.6119853854179382,-0.7896066904067993,-0.6985920667648315,-0.7719022035598755,-0.7943849563598633,-0.807890772819519,-0.8464080095291138,-0.7771836519241333,-0.49001044034957886,-0.6046533584594727,-0.6257289052009583,-0.6812455654144287,0.10880143940448761,-0.520570695400238,-0.6163887977600098,-0.7885305881500244,-0.6820894479751587,0.12227405607700348
5044.0,100.87900000000002,-28.648172884537804,258.91655865515906,386.5459949648017,237890.97554961647,-28.64802500000001,259.04140400000006,386.5459900000001,237986.7794840001,0.0049264864169161,9.601507511406542,-0.0001688716497737,19200.000000000007,0.0001478847059535,4.5148771981418286e-05,-4.964801636500238e-06,0.0,0.0160933108551737,-0.3622614687360151,9.599102615387704,1.6445073885388066,-0.0065592620846268,4.275289603694592,19199.44955497129,-38.69101891053806,0.002,-3.338385327725832,1.925008134389629,-0.9264197097355864,6.0,10.0,180.0,-0.411119448385426,-6.280750738465511,-0.13332155784197,-3.3561133772254927,654.5129772496578,372.6183981678077,167.13104051395413,753.1497112033362,577.7250000000001,-0.411119448385426,-0.7162477374076843,-0.6634888052940369,-0.6637040376663208,-0.6312260627746582,-0.6241932511329651,-0.6203953623771667,-0.7604460120201111,-0.5184179544448853,-0.7153228521347046,-0.6277466416358948,-0.6223633289337158,-0.6225032210350037,-0.6117465496063232,-0.6262762546539307,-0.5025930404663086,-0.7076311111450195,-1.4575003385543823,-0.6552861928939819,-0.6228962540626526,-0.7141627669334412,-0.7853068709373474,-0.8703232407569885,-0.6138619184494019,-0.7904788255691528,-0.6977452635765076,-0.7725633978843689,-0.7880074381828308,-0.791873574256897,-0.8324402570724487,-0.7854173183441162,-0.6071404218673706,-0.6093590259552002,-0.628730058670044,-0.6759112477302551,0.06951554119586945,-0.5417979955673218,-0.6216121315956116,-0.800503134727478,-0.7434384822845459,0.11435307562351227
5045.0,100.89900000000004,-28.647981222394247,259.1082094079603,386.54603391407096,238274.9723574939,-28.64802500000001,259.23340400000006,386.5459900000001,238370.7794840001,-0.0014612770641959,9.613149109930252,-0.0014636707932119,19200.000000000007,-4.377763467918055e-05,0.0003943944513302,-4.391407086698143e-05,0.0,-0.0031636220885034,-2.2633569463459056,9.55100766586221,8.180972322459862,-0.000245276294187,-3.111382019527825,19199.84512134761,17.17222503613251,0.002,-3.3937252872555854,1.9424916201749305,-0.8999642378093039,6.0,10.0,180.0,-0.3960257781814558,-6.294503358693038,-0.1381836510263986,-3.383784731516242,653.8784886248288,372.2261990839038,166.95652025697706,752.4033556016682,577.7250000000001,-0.3960257781814558,-0.6934119462966919,-0.6396999359130859,-0.6359487771987915,-0.6182432174682617,-0.5926978588104248,-0.6002768278121948,-0.7438880205154419,-0.5298995971679688,-0.7010061144828796,-0.6063635349273682,-0.5993584394454956,-0.6035624742507935,-0.5923526883125305,-0.6079384088516235,-0.5508910417556763,-0.6956430077552795,-1.5882147550582886,-0.6007695198059082,-0.6035020351409912,-0.680548906326294,-0.7335024476051331,-0.8608548045158386,-0.6035904288291931,-0.7717375159263611,-0.6706648468971252,-0.7734284996986389,-0.7305814027786255,-0.7610777616500854,-0.819979190826416,-0.7458111643791199,-0.5148261785507202,-0.5974057912826538,-0.6192485690116882,-0.6190152764320374,0.11109708249568939,-0.5466108322143555,-0.6034958958625793,-0.778199315071106,-0.8226929903030396,0.1726963073015213
5046.0,100.91900000000004,-28.647900066787656,259.30022795497166,386.5459403596193,238658.9694401091,-28.64802500000001,259.4254040000001,386.5459900000001,238754.7794840001,-0.0041660725497939,9.612501412616888,0.0016569174779774,19200.000000000007,-0.0001249332337962,0.000375843351138,4.964038084966857e-05,0.0,-0.0019425243728696,-2.6199245665840865,9.642081969623888,0.362859606755266,0.0021844357163245,2.675191708553688,19199.8102703846,21.485435369833645,0.002,-3.475975579383446,1.8740334753851928,-0.9088780273717718,6.0,10.0,180.0,-0.3863019725364533,-6.33984995184127,-0.1332850435563242,-3.4130348123672816,654.6327443124144,373.457599541952,167.2517601284885,753.6681778008341,570.3000000000001,-0.3863019725364533,-0.6999244689941406,-0.6470330953598022,-0.6634488105773926,-0.6196932196617126,-0.6072618961334229,-0.6158499121665955,-0.7480602860450745,-0.5106625556945801,-0.7028403282165527,-0.6192395091056824,-0.6070029139518738,-0.6116262674331665,-0.5984337329864502,-0.6129671335220337,-0.5027763247489929,-0.6957464218139648,-1.4312611818313599,-0.644662618637085,-0.6092700958251953,-0.6964176893234253,-0.7571707963943481,-0.8680283427238464,-0.6070746183395386,-0.7794119119644165,-0.6921044588088989,-0.7681778073310852,-0.7792487144470215,-0.7898198366165161,-0.8340291976928711,-0.7657428979873657,-0.42159533500671387,-0.599847137928009,-0.6169062256813049,-0.6659272909164429,0.05205473303794861,-0.5287860631942749,-0.6091932058334351,-0.7844616174697876,-0.7002267241477966,0.07646960020065308
5047.0,100.93900000000004,-28.64818534350093,259.49243191506866,386.5460225196144,239042.9707203702,-28.64802500000001,259.6174040000001,386.5459900000001,239138.7794840001,0.0053518175029237,9.605722542865523,-0.0011168045345525,19200.000000000007,0.00016034350169,0.0001715804306096,-3.251961428139064e-05,0.0,-0.0197786809523697,1.1566982539231423,9.562491099075434,2.6312738943136296,0.0058447444875622,-2.982597618593727,19200.23914896164,120.17323808620522,0.002,-3.395865848155569,1.8944733519617072,-0.9144691670072816,6.0,10.0,180.0,-0.4053061933584529,-6.249974632479285,-0.1362266457736627,-3.393536996044861,653.7458721562073,373.397799770976,167.06438006424426,752.868088900417,570.3000000000001,-0.4053061933584529,-0.7230923771858215,-0.6658748388290405,-0.6694923043251038,-0.6273378729820251,-0.6187511086463928,-0.6301028728485107,-0.7512914538383484,-0.5304843187332153,-0.7159992456436157,-0.6282355785369873,-0.6221671104431152,-0.6255508661270142,-0.6151935458183289,-0.6320415735244751,-0.5385057926177979,-0.7167930603027344,-1.4658427238464355,-0.6523847579956055,-0.6277093887329102,-0.7306874990463257,-0.7699076533317566,-0.871989905834198,-0.6150173544883728,-0.799818754196167,-0.7061529159545898,-0.786713182926178,-0.7665867209434509,-0.7878304123878479,-0.8372847437858582,-0.7783562541007996,-0.6769978404045105,-0.6100056171417236,-0.6396087408065796,-0.6548441052436829,0.02442869544029236,-0.5344800353050232,-0.618999719619751,-0.8000602126121521,-0.7576572895050049,0.17750133574008942
5048.0,100.95900000000005,-28.64809103403839,259.6843899437507,386.5459804994807,239426.9752314945,-28.64802500000001,259.8094040000001,386.5459900000001,239522.7794840001,0.0022018074387798,9.607124820141568,0.0002862322975692,19200.000000000007,6.603406294576706e-05,0.0002136549360224,9.500519435651464e-06,0.0,0.0078207282462301,-2.198432956663383,9.638447425494842,2.923268887762462,-0.0043624143434519,0.7874674838567775,19199.947064692347,-77.22287051447124,0.002,-3.3957902667852107,1.883988717990818,-0.8878759004712733,6.0,10.0,180.0,-0.4140327957010559,-6.299874654536849,-0.1357610225393925,-3.363760314721781,654.7129360781037,373.650399885488,167.29019003212213,753.8330444502085,570.3000000000001,-0.4140327957010559,-0.7017709612846375,-0.6478450298309326,-0.654940128326416,-0.6213860511779785,-0.6026564240455627,-0.6157218217849731,-0.7491776347160339,-0.5178675651550293,-0.7043406963348389,-0.6175147891044617,-0.6066623330116272,-0.6116483211517334,-0.599058985710144,-0.6141922473907471,-0.5238445997238159,-0.6991918087005615,-1.4755147695541382,-0.6296882629394531,-0.610121488571167,-0.6957855224609375,-0.7536166906356812,-0.8676026463508606,-0.6072004437446594,-0.7800527811050415,-0.6902753114700317,-0.7727480530738831,-0.7653130292892456,-0.7821935415267944,-0.830400824546814,-0.7618144750595093,-0.46617764234542847,-0.6003872752189636,-0.6197545528411865,-0.6525639295578003,0.04804852604866028,-0.5345981121063232,-0.6086097955703735,-0.7851368188858032,-0.7354039549827576,0.10196731984615326
5049.0,100.97900000000004,-28.6480554836101,259.8764244575741,386.5460096220902,239810.9733650229,-28.64802500000001,260.0014040000001,386.5459900000001,239906.7794840001,0.0010182672650484,9.605954756749238,-0.000653695633609,19200.000000000007,3.04836350244862e-05,0.000179247052812,-1.962209002734852e-05,0.0,-0.0117490515197278,3.537344323542377,9.610167433305527,3.656897591664714,-0.0036744388941615,-3.7179188447676887,19200.32442248052,90.1184773144051,0.002,-3.355479685095125,1.9780852774078364,-0.8785118618122375,6.0,10.0,180.0,-0.410141887611337,-6.351066149697677,-0.1367420790276851,-3.367817209535976,654.4904680390518,373.986199942744,167.28359501606104,753.8065222251042,577.7250000000001,-0.410141887611337,-0.7459573745727539,-0.6838019490242004,-0.6764407157897949,-0.6390138864517212,-0.6339929103851318,-0.6405038833618164,-0.7661250829696655,-0.542879581451416,-0.7314187288284302,-0.6367406249046326,-0.6357192993164062,-0.6365025043487549,-0.6280297636985779,-0.6453220844268799,-0.5428901314735413,-0.7287150621414185,-1.4694701433181763,-0.6659196615219116,-0.6416343450546265,-0.7529749870300293,-0.796388566493988,-0.877984881401062,-0.6242424249649048,-0.8162147998809814,-0.7161754965782166,-0.7990961670875549,-0.7766852378845215,-0.7941045761108398,-0.8412215709686279,-0.8014017343521118,-0.9129922389984131,-0.6183918118476868,-0.6530743837356567,-0.6590179204940796,0.031560495495796204,-0.5445306897163391,-0.6300190687179565,-0.8114842176437378,-0.797244131565094,0.2411520928144455
5050.0,100.99900000000002,-28.64801935233961,260.0688126030447,386.5459969974892,240194.97726049376,-28.64802500000001,260.1934040000001,386.5459900000001,240290.7794840001,-0.0001937401352542,9.593039199066617,-0.0002679193070027,19200.000000000007,-5.647851984157793e-06,-0.0002087976351799,-6.997489003303473e-06,0.0,0.0026785441592749,2.017088407609148,9.629162022320132,-7.679468441830755,-0.0097904171456943,4.338046647689852,19199.93055884674,-34.389139288613435,0.002,-3.4747594560934205,1.9478277991209725,-0.9110238420516148,6.0,10.0,180.0,-0.4087033023097457,-6.3005971906732885,-0.138678110344237,-3.3421604006039525,654.8792340195259,373.970599971372,167.36079750803052,754.1362611125521,577.7250000000001,-0.4087033023097457,-0.7455525994300842,-0.6847209930419922,-0.7232978940010071,-0.6381649374961853,-0.6570358872413635,-0.6488410234451294,-0.7675161361694336,-0.5137349367141724,-0.7288774251937866,-0.6538727879524231,-0.6425809860229492,-0.6423202753067017,-0.6303063631057739,-0.6454436779022217,-0.4592752754688263,-0.7182347774505615,-1.310210108757019,-0.7354295253753662,-0.6433196067810059,-0.7611638307571411,-0.8190029263496399,-0.8730763792991638,-0.6274636387825012,-0.8171005845069885,-0.7302956581115723,-0.7900972366333008,-0.829444169998169,-0.830703616142273,-0.8623288869857788,-0.8116412162780762,-0.7388781905174255,-0.6208602786064148,-0.6468468308448792,-0.7211397290229797,0.039414867758750916,-0.522499144077301,-0.6372172236442566,-0.8161266446113586,-0.6529062986373901,0.1318233758211136
5051.0,101.01900000000002,-28.64802838129396,260.2605621306783,386.5460169312173,240578.97619382787,-28.64802500000001,260.38540400000005,386.5459900000001,240674.7794840001,0.0001102047295713,9.601410349385333,-0.0008941754308096,19200.000000000007,3.381204245127571e-06,4.1870389738288575e-05,-2.693121714615346e-05,0.0,-0.012428509059401,-0.2997878866380109,9.57443483394309,1.5205092678957022,0.0051466318591018,4.5742023274990204,19200.154037839256,90.159115166135,0.002,-3.5349019198314737,1.8746471358834125,-0.902735707361079,6.0,10.0,180.0,-0.4086867232341485,-6.26551267287242,-0.1450119191451369,-3.36018190534878,654.150117009763,373.595299985686,167.16939875401528,753.3166305562761,577.7250000000001,-0.4086867232341485,-0.7123835682868958,-0.661470890045166,-0.6616783142089844,-0.6276261806488037,-0.6220093965530396,-0.6165158152580261,-0.7567806243896484,-0.5170081853866577,-0.713505744934082,-0.6252321004867554,-0.6203017234802246,-0.6199337244033813,-0.6100972890853882,-0.6246666312217712,-0.49909162521362305,-0.7064821124076843,-1.457016944885254,-0.6537207365036011,-0.620805561542511,-0.7129520773887634,-0.7819891571998596,-0.8684200644493103,-0.6123823523521423,-0.78785640001297,-0.6957867741584778,-0.7692541480064392,-0.786422610282898,-0.790251612663269,-0.8309593796730042,-0.783521294593811,-0.5788952112197876,-0.6058138012886047,-0.6260088682174683,-0.6740327477455139,0.0755474716424942,-0.538670003414154,-0.618475615978241,-0.7979670763015747,-0.7384653687477112,0.11539454758167267
5052.0,101.03900000000004,-28.648235614045337,260.45285860175755,386.5460108235988,240962.97596247905,-28.64802500000001,260.57740400000006,386.5459900000001,241058.7794840001,0.0070220975958844,9.59150196872272,-0.0006950805025815,19200.000000000007,0.0002106149557688,-0.0002550030386622,-2.0823598569520308e-05,0.0,0.0068573841715988,2.3076317923317644,9.618615085472443,0.792342950714675,0.0112364562500037,-2.0189174879987704,19200.255820403683,-17.107419130176677,0.002,-3.502744736900466,1.854294807972328,-0.8961906631467067,6.0,10.0,180.0,-0.4326185961433021,-6.309656496793616,-0.1420776553190342,-3.3633537253243624,654.6670585048814,373.45964999284297,167.25919937700763,753.6983152781381,577.7250000000001,-0.4326185961433021,-0.7412084341049194,-0.6788520812988281,-0.6853822469711304,-0.6370272040367126,-0.6343027353286743,-0.6402929425239563,-0.764855682849884,-0.5343436002731323,-0.7276715636253357,-0.6370707750320435,-0.6337794065475464,-0.635290265083313,-0.6247774362564087,-0.6414911150932312,-0.5217732787132263,-0.7216862440109253,-1.4252800941467285,-0.6800386309623718,-0.6381312608718872,-0.7484908699989319,-0.7969024777412415,-0.8778331875801086,-0.6230618357658386,-0.8130655884742737,-0.7157394886016846,-0.7951453924179077,-0.7850203514099121,-0.8032188415527344,-0.8463643789291382,-0.8002432584762573,-0.8196220993995667,-0.6180038452148438,-0.6486999988555908,-0.671859622001648,0.04305489361286163,-0.5392376780509949,-0.6302140355110168,-0.8089625239372253,-0.7604561448097229,0.2027314156293869
5053.0,101.05900000000004,-28.648181947628057,260.64469891207824,386.5459979216644,241346.9771935557,-28.64802500000001,260.76940400000007,386.5459900000001,241442.7794840001,0.0052297073146443,9.596826537897089,-0.0002654111752934,19200.000000000007,0.0001569488402327,-9.531254936606182e-05,-7.921664278716319e-06,0.0,0.0007136078425742,0.6819915276086645,9.58664455124038,2.379743487268384,0.0046320326595108,-2.555905078317221,19200.032229546687,55.77439616676541,0.002,-3.4975014360848102,1.830397971962561,-0.8894870448236998,6.0,10.0,180.0,-0.4433567756525199,-6.32925157819626,-0.1440293412453448,-3.341803344504713,654.4405292524407,373.0878249964215,167.1700996885038,753.3171576390691,577.7250000000001,-0.4433567756525199,-0.7248842716217041,-0.6650240421295166,-0.6695711612701416,-0.6298932433128357,-0.6212625503540039,-0.6275280117988586,-0.7564461827278137,-0.5314401984214783,-0.7181086540222168,-0.6276377439498901,-0.6222829818725586,-0.6249232292175293,-0.6139216423034668,-0.6302726864814758,-0.5270643830299377,-0.712207555770874,-1.4580738544464111,-0.6595770120620728,-0.6265382766723633,-0.7284870147705078,-0.7761409878730774,-0.8729368448257446,-0.6168243288993835,-0.7999546527862549,-0.7022581100463867,-0.7868195176124573,-0.7694242596626282,-0.7920986413955688,-0.8388709425926208,-0.7831827402114868,-0.7065678238868713,-0.6112034916877747,-0.6392661929130554,-0.6564208269119263,0.07065153121948242,-0.5392552018165588,-0.6214935183525085,-0.7983182072639465,-0.7725495100021362,0.19253389537334442
5054.0,101.07900000000004,-28.64805955961412,260.8370425838244,386.5459853240954,241730.98054617463,-28.64802500000001,260.9614040000001,386.5459900000001,241826.7794840001,0.0011511253633065,9.585375590541698,0.0001580288160311,19200.000000000007,3.445972387002771e-05,-0.0004386850316845,4.67590516283824e-06,0.0,0.0048616274581724,0.8496835850054023,9.62895213053031,-6.470134094690633,0.0029203542362291,-1.837314606747173,19200.204784871567,-60.119148980971296,0.002,-3.5590501417286444,1.849197348451253,-0.91557061889285,6.0,10.0,180.0,-0.4399032823995034,-6.289171072136183,-0.1425705273606132,-3.322781641701801,654.8927646262204,373.4414124982108,167.3025498442519,753.8850788195346,577.7250000000001,-0.4399032823995034,-0.7387791872024536,-0.6722949147224426,-0.7154850363731384,-0.6313415765762329,-0.6398975849151611,-0.6455676555633545,-0.7583240270614624,-0.5206671953201294,-0.7227802872657776,-0.6443831324577332,-0.631432294845581,-0.6351780295372009,-0.6210982799530029,-0.6372499465942383,-0.47937726974487305,-0.7107115983963013,-1.3209246397018433,-0.7251808047294617,-0.6348580718040466,-0.7536576986312866,-0.7931300401687622,-0.8751588463783264,-0.623588502407074,-0.8149079084396362,-0.7228280901908875,-0.7954973578453064,-0.806415319442749,-0.8259749412536621,-0.8635791540145874,-0.7975860238075256,-0.6982628107070923,-0.6173616051673889,-0.6463986039161682,-0.694303035736084,0.06331168115139008,-0.5199412703514099,-0.6303898692131042,-0.8031433820724487,-0.6775144934654236,0.17677392065525055
5055.0,101.09900000000005,-28.64808578003072,261.02875180957614,386.54601936538353,242114.981410658,-28.64802500000001,261.153404,386.5459900000001,242210.7794840001,0.002024120156276,9.59506301867398,-0.001017474563459,19200.000000000007,6.077976700127227e-05,-0.0001481118655411,-2.936538153525697e-05,0.0,0.0078239468196033,1.7740964142951756,9.587171228519702,2.145140464153504,-0.0051073660861078,-1.1565842522684395,19199.9822298252,-4.326077398322627,0.002,-3.52093269357763,1.783777577950742,-0.8974004623825642,6.0,10.0,180.0,-0.4443201199794931,-6.2939734920256765,-0.1450241067819951,-3.3089435115406,654.6973823131102,372.84370624910537,167.19427492212594,753.4195394097673,577.7250000000001,-0.4443201199794931,-0.7338215708732605,-0.6745878458023071,-0.6749129891395569,-0.6358302235603333,-0.6300480365753174,-0.6337612271308899,-0.762669563293457,-0.532508134841919,-0.7240816950798035,-0.6330779790878296,-0.6307811737060547,-0.6318608522415161,-0.6217401623725891,-0.6380656957626343,-0.5259057283401489,-0.719733715057373,-1.4535200595855713,-0.6672316789627075,-0.6345175504684448,-0.7389581203460693,-0.7911792993545532,-0.875356137752533,-0.620326578617096,-0.8065701723098755,-0.7094175815582275,-0.7891399264335632,-0.7795373201370239,-0.7957364320755005,-0.8400532603263855,-0.7946798801422119,-0.7800780534744263,-0.6163975596427917,-0.6450680494308472,-0.6670766472816467,0.05200052261352539,-0.5426656603813171,-0.6278862953186035,-0.8076678514480591,-0.7724223732948303,0.19034947454929352
5056.0,101.11900000000004,-28.64812694986231,261.2210553025424,386.5459493529936,242498.9813058816,-28.64802500000001,261.3454040000001,386.5459900000001,242594.7794840001,0.003396707901061,9.584946834999055,0.0013539455525455,19200.000000000007,0.0001019501568923,-0.0004518031516102,4.064700340939345e-05,0.0,0.0102668147069749,0.3061073264110612,9.58570232350834,-12.031643607968832,0.0065739416880809,1.6431647012252868,19200.20560604139,-51.50571931325935,0.002,-3.4167195745194263,1.8028685762155,-0.8823936230866869,6.0,10.0,180.0,-0.4560796914548055,-6.25875447529742,-0.1416099707137054,-3.314088685107245,654.6286911565551,372.4358531245527,167.13363746106296,753.1582697048837,577.7250000000001,-0.4560796914548055,-0.7375733256340027,-0.6726881265640259,-0.7380262613296509,-0.6304714679718018,-0.654227614402771,-0.6488187313079834,-0.7562126517295837,-0.5067335367202759,-0.7197974324226379,-0.6573967337608337,-0.6359874606132507,-0.6388959288597107,-0.6231108903884888,-0.6384108066558838,-0.43940338492393494,-0.7063554525375366,-1.256300449371338,-0.7612258791923523,-0.6366760730743408,-0.7583833932876587,-0.7973681092262268,-0.8668383359909058,-0.6279661059379578,-0.8106045722961426,-0.7289043664932251,-0.7863410115242004,-0.827501118183136,-0.84267258644104,-0.8720593452453613,-0.7973340749740601,-0.6313303709030151,-0.6200268268585205,-0.6450685262680054,-0.7245556116104126,0.07642632722854614,-0.5093738436698914,-0.6349615454673767,-0.8075388669967651,-0.6121124625205994,0.1282275766134262
5057.0,101.13900000000002,-28.64795721943503,261.412339473022,386.54601466950334,242882.9827136646,-28.64802500000001,261.5374040000001,386.5459900000001,242978.7794840001,-0.0022584724506015,9.608800748275652,-0.0008242331261248,19200.000000000007,-6.788081950903719e-05,0.0002644265745348,-2.466953681891613e-05,0.0,0.0078339712171996,-2.255645795495336,9.592743915350686,6.900400199765204,-0.0065920159683049,-2.681368252113617,19199.947538696622,-72.90779297274425,0.002,-3.445486714760095,1.8828439166764888,-0.8865731064731616,6.0,10.0,180.0,-0.4428776136937783,-6.349122503891978,-0.1460035412716031,-3.306414719497341,654.6298455782776,372.43092656227634,167.13331873053147,753.1566348524418,577.7250000000001,-0.4428776136937783,-0.6983849406242371,-0.6427785158157349,-0.6418749094009399,-0.6208569407463074,-0.5963424444198608,-0.6057420969009399,-0.7477700710296631,-0.528792142868042,-0.7035384178161621,-0.6105626225471497,-0.602012038230896,-0.6066464185714722,-0.5947266221046448,-0.6102033853530884,-0.5446058511734009,-0.6966130137443542,-1.5535650253295898,-0.6106600761413574,-0.6061418056488037,-0.6863033771514893,-0.7423349022865295,-0.8639144897460938,-0.60580974817276,-0.7759081125259399,-0.6760895252227783,-0.7761075496673584,-0.739669680595398,-0.7684338092803955,-0.8244210481643677,-0.7525037527084351,-0.5299102067947388,-0.5996955037117004,-0.6211884021759033,-0.626765251159668,0.10336539149284363,-0.5456230640411377,-0.6063918471336365,-0.7801074385643005,-0.807738721370697,0.16539855301380157
5058.0,101.15900000000003,-28.647836062639254,261.6046043617458,386.5460428800784,243266.98235473884,-28.64802500000001,261.72940400000005,386.5459900000001,243362.7794840001,-0.0062967871511648,9.60000599634744,-0.0017615962541485,19200.000000000007,-0.0001889385849086,-6.654425739557737e-07,-5.288007160387221e-05,0.0,0.0021621866305566,-3.2992520735694897,9.587885454026363,-7.081363374288905,-0.0133919499982403,2.075604387069174,19199.998056570847,-12.85092163282153,0.002,-3.462696846153844,1.8562839536943223,-0.9046044290075892,6.0,10.0,180.0,-0.4233443729515242,-6.300295643001489,-0.1503996820760978,-3.3058879475187384,654.4644227891388,372.5439632811382,167.11265936526576,753.0688174262209,577.7250000000001,-0.4233443729515242,-0.7029902935028076,-0.6441994905471802,-0.692123532295227,-0.6170598268508911,-0.6200661659240723,-0.6199579834938049,-0.7435659766197205,-0.501118540763855,-0.7020505666732788,-0.6285232305526733,-0.6100307703018188,-0.6148993968963623,-0.5987890958786011,-0.6128339767456055,-0.4527151584625244,-0.6860742568969727,-1.3160185813903809,-0.7043889760971069,-0.6103693246841431,-0.710517406463623,-0.7616733908653259,-0.8644919991493225,-0.6106685996055603,-0.783599853515625,-0.6952118873596191,-0.7665011286735535,-0.8011023998260498,-0.8144230842590332,-0.8517309427261353,-0.7709745168685913,-0.4104458689689636,-0.6034119725227356,-0.6210289597511292,-0.689781665802002,0.12607595324516296,-0.5136080384254456,-0.6149331331253052,-0.783113956451416,-0.6449608206748962,0.0946110337972641
5059.0,101.17900000000004,-28.64800862790764,261.79650314915165,386.5459511223136,243650.9846809281,-28.64802500000001,261.92140400000005,386.5459900000001,243746.7794840001,-0.0005461447976022,9.603351597400266,0.001300151673942,19200.000000000007,-1.637276226029696e-05,0.0001006474749934,3.887797013492603e-05,0.0,-0.0009671100292191,-0.4255058217909958,9.610075749954898,3.2315723363728166,0.0024211231939972,5.42590545776303,19199.72380016833,-64.4350400297051,0.002,-3.337393864305246,1.8999551307167108,-0.9060119234035032,6.0,10.0,180.0,-0.4306918784013415,-6.288049154950584,-0.1479527603566211,-3.2955843383272296,654.5777113945694,373.0679816405691,167.19582968263288,753.4264087131105,570.3000000000001,-0.4306918784013415,-0.710731029510498,-0.6626694202423096,-0.6553137898445129,-0.629281759262085,-0.6193423271179199,-0.619516134262085,-0.7580076456069946,-0.5164488554000854,-0.7121856212615967,-0.6254832744598389,-0.6198499202728271,-0.6205415725708008,-0.6106099486351013,-0.6252568960189819,-0.5169220566749573,-0.7107664346694946,-1.4895367622375488,-0.6341338157653809,-0.6211667060852051,-0.7073065042495728,-0.777690589427948,-0.8682061433792114,-0.6103425025939941,-0.7855105400085449,-0.6976861953735352,-0.7681676149368286,-0.7825943231582642,-0.7827113270759583,-0.8262538909912109,-0.7804134488105774,-0.5478743314743042,-0.6064051389694214,-0.6243844628334045,-0.6724179983139038,0.01851615309715271,-0.5417923331260681,-0.6174094080924988,-0.8005041480064392,-0.7344308495521545,0.0768069177865982
5060.0,101.19900000000004,-28.64795647387773,261.9887563652389,386.54598416571406,244034.9840342626,-28.64802500000001,262.11340400000006,386.5459900000001,244130.7794840001,-0.0022799134911011,9.59491062199604,0.0001885805921313,19200.000000000007,-6.852617863341417e-05,-0.0001527635387954,5.8341980602949e-06,0.0,-0.0012306661510773,-1.4074765596311714,9.574696655254382,-1.77038606099828,0.0051172403210968,-1.1565680303102088,19199.724976699752,21.41933984235033,0.002,-3.360500104187991,1.895634337980996,-0.9042913274940833,6.0,10.0,180.0,-0.4253079628880957,-6.290488994434149,-0.1469617390702307,-3.30121835231659,654.2223556972847,372.7679908202846,167.08891484131644,752.9692043565552,570.3000000000001,-0.4253079628880957,-0.7102291584014893,-0.6525882482528687,-0.6803864240646362,-0.6209921836853027,-0.6151850819587708,-0.6260305047035217,-0.7450117468833923,-0.5157536864280701,-0.7065138816833496,-0.6262023448944092,-0.6140464544296265,-0.6195039749145508,-0.605647087097168,-0.6214642524719238,-0.5057673454284668,-0.7017773389816284,-1.3943017721176147,-0.6707338094711304,-0.6177074909210205,-0.7175332307815552,-0.7605180144309998,-0.871387779712677,-0.6114255785942078,-0.7915039658546448,-0.7013322710990906,-0.778354823589325,-0.7812826633453369,-0.800055980682373,-0.8437774181365967,-0.7714488506317139,-0.5025279521942139,-0.6063987016677856,-0.629725992679596,-0.6684092283248901,0.05469994246959686,-0.523691713809967,-0.6153643727302551,-0.7907142639160156,-0.6987427473068237,0.1220979243516922
5061.0,101.21900000000002,-28.6477613717546,262.18049328096976,386.5459688700767,244418.97582324827,-28.64802500000001,262.30540400000007,386.5459900000001,244514.7794840001,-0.0087864704291254,9.60367716253269,0.0007060402765794,19200.000000000007,-0.0002636286790974,0.0001103217863233,2.112852323483402e-05,0.0,-0.0007081611385336,-5.1889273185116735,9.613799971660884,10.863297885997024,0.0058745546305302,-0.6692968542785899,19199.673285245262,38.675636032746006,0.002,-3.367525192101325,1.8637820258272824,-0.9469159518839196,6.0,10.0,180.0,-0.396965145871418,-6.369103995572658,-0.1440239144835161,-3.3781409171681984,654.5046778486424,373.2314954101423,167.19995742065822,753.4441021782776,577.7250000000001,-0.396965145871418,-0.6700214147567749,-0.6206989288330078,-0.6179239749908447,-0.6101109981536865,-0.5696099996566772,-0.5816024541854858,-0.7396281361579895,-0.5227179527282715,-0.6801945567131042,-0.5921331644058228,-0.5810602307319641,-0.5866794586181641,-0.5745251178741455,-0.5888522863388062,-0.5516637563705444,-0.6795188188552856,-1.6509783267974854,-0.5613732933998108,-0.5841625332832336,-0.6392301917076111,-0.7048010230064392,-0.8550156950950623,-0.5949326753616333,-0.7476203441619873,-0.6476695537567139,-0.7598971724510193,-0.7124998569488525,-0.7445615530014038,-0.810638427734375,-0.7213053703308105,-0.31806546449661255,-0.5845720171928406,-0.5983954071998596,-0.6024535894393921,0.13017579913139343,-0.5493578314781189,-0.5890533328056335,-0.7606085538864136,-0.8269224762916565,0.11931736767292023
5062.0,101.23900000000005,-28.648055764243765,262.3729072397242,386.54603023335983,244802.9788200735,-28.64802500000001,262.4974040000001,386.5459900000001,244898.7794840001,0.0010279880996914,9.589886056493423,-0.0013426799859596,19200.000000000007,3.07642605799314e-05,-0.0003034411203195,-4.023437147801163e-05,0.0,-0.014402365305786,4.876213176632889,9.605263145534645,2.876021178167533,-0.0031965937071366,-7.875636399377623,19200.29029988414,64.43058977958712,0.002,-3.337578143745762,1.8286416208448064,-0.916401805687752,6.0,10.0,180.0,-0.406230334768655,-6.275850144025548,-0.145006134344457,-3.34221770977362,654.2788389243212,373.7887477050712,167.2179787103291,753.5245510891389,577.7250000000001,-0.406230334768655,-0.7587935924530029,-0.6908130645751953,-0.6892656087875366,-0.641434371471405,-0.6421403884887695,-0.6510401964187622,-0.7662798762321472,-0.5513296127319336,-0.7370394468307495,-0.6437425017356873,-0.6412497758865356,-0.6431413888931274,-0.6343111991882324,-0.652839183807373,-0.5524517893791199,-0.7352301478385925,-1.4460536241531372,-0.6822304129600525,-0.6494063138961792,-0.7707128524780273,-0.8007287383079529,-0.8814615607261658,-0.6281128525733948,-0.8284915685653687,-0.7254828214645386,-0.8114680647850037,-0.7755643129348755,-0.8005011081695557,-0.8489419221878052,-0.8072019219398499,-1.0300140380859375,-0.6235143542289734,-0.6645816564559937,-0.6558881998062134,0.022262752056121826,-0.5417084097862244,-0.6346744894981384,-0.8154048919677734,-0.8059965372085571,0.29536134004592896
5063.0,101.25900000000004,-28.64787457816858,262.5647577428274,386.5458876440453,245186.97661345423,-28.64802500000001,262.6894040000001,386.5459900000001,245282.7794840001,-0.0049889217324425,9.59486963714582,0.0034118382555487,19200.000000000007,-0.0001506209475555,-0.0001539446188963,0.0001024576377925,0.0,-0.0029292810439954,-3.1612534635120086,9.61644947174317,2.500744754212879,-0.0080472696844096,0.9813186572502296,19199.75769553997,-38.63373656030642,0.002,-3.3820917353454227,1.8113265394984743,-0.8974964732751417,6.0,10.0,180.0,-0.392549669368714,-6.301801629964736,-0.1328100924438483,-3.3822054399707,654.5199194621606,373.85987385253554,167.27498935516456,753.7687755445695,577.7250000000001,-0.392549669368714,-0.6941189765930176,-0.6397468447685242,-0.6498733758926392,-0.6172019243240356,-0.5975177884101868,-0.605048656463623,-0.7462694644927979,-0.5155655145645142,-0.7008490562438965,-0.6113998293876648,-0.6007073521614075,-0.6048997640609741,-0.5921832919120789,-0.6066295504570007,-0.5072532296180725,-0.689347505569458,-1.4705008268356323,-0.6333143711090088,-0.602820873260498,-0.6859318017959595,-0.7486608624458313,-0.8648176789283752,-0.605401337146759,-0.7735066413879395,-0.6790944337844849,-0.7672411203384399,-0.7624334692955017,-0.7824146151542664,-0.8288487792015076,-0.7588702440261841,-0.4295498728752136,-0.5958991050720215,-0.6140226125717163,-0.6480318307876587,0.11294518411159515,-0.5338916182518005,-0.605009913444519,-0.7768818736076355,-0.7444772124290466,0.11981578171253204
5064.0,101.27900000000002,-28.64803622974476,262.75690333962706,386.54598051479087,245570.9796944792,-28.64802500000001,262.8814040000001,386.5459900000001,245666.7794840001,0.0003749473171866,9.590016282794188,0.0003205907659484,19200.000000000007,1.1230224448416603e-05,-0.0002995372478619,9.487663238139736e-06,0.0,-0.0085407652346566,3.7808751369061904,9.598143677690596,-0.1810798927728695,-0.0060769450655749,2.1380569064445245,19200.513447021844,94.37832880132724,0.002,-3.4177819145558086,1.827307706004464,-0.9092322313900072,6.0,10.0,180.0,-0.3964757809384055,-6.328650465194047,-0.132810740565738,-3.3376375683438417,654.3169597310803,373.78593692626777,167.22549467758228,753.5558877722847,577.7250000000001,-0.3964757809384055,-0.7487698197364807,-0.6908314228057861,-0.6908553242683411,-0.6423665285110474,-0.6482070684432983,-0.6438417434692383,-0.7710429430007935,-0.5304721593856812,-0.7340337038040161,-0.6443381905555725,-0.6443982124328613,-0.642297625541687,-0.6340718865394592,-0.6501652002334595,-0.507957398891449,-0.7300915718078613,-1.4165359735488892,-0.691478431224823,-0.6469511985778809,-0.7591850757598877,-0.8175493478775024,-0.877832293510437,-0.6256830096244812,-0.8182411193847656,-0.7236298322677612,-0.7933066487312317,-0.8030039072036743,-0.8081165552139282,-0.8456305861473083,-0.8145792484283447,-0.8751071691513062,-0.621562123298645,-0.6518935561180115,-0.6920214891433716,0.020953044295310974,-0.5403022766113281,-0.6364342570304871,-0.820725679397583,-0.743992269039154,0.18336130678653717
5065.0,101.29900000000004,-28.648023327318064,262.94897966034216,386.5459874195074,245954.9860549673,-28.64802500000001,263.0734040000001,386.5459900000001,246050.7794840001,-5.1290189177066216e-05,9.587473404878985,8.903311241454658e-05,19200.000000000007,-1.673159809611899e-06,-0.0003756561870458,2.680468153893554e-06,0.0,-0.0014714862649078,-0.6758270486117388,9.625724153273728,-2.6255749444230183,-0.0019830295726119,4.450365423504053,19200.01675311356,-12.928834459858695,0.002,-3.505128451560783,1.8064172720588227,-0.920443943662435,6.0,10.0,180.0,-0.3955034001416632,-6.305161230043469,-0.1352376076696107,-3.2925238870719915,654.6724798655401,373.9559684631339,167.31724733879113,753.9489438861424,577.7250000000001,-0.3955034001416632,-0.7181585431098938,-0.6626402139663696,-0.6831584572792053,-0.6279646754264832,-0.6289687156677246,-0.6251512169837952,-0.7581146359443665,-0.5119696855545044,-0.7149138450622559,-0.631542444229126,-0.6221357583999634,-0.6232470273971558,-0.6112792491912842,-0.6256887912750244,-0.47720155119895935,-0.7034273147583008,-1.3810442686080933,-0.6828039884567261,-0.622656524181366,-0.722434401512146,-0.7883887887001038,-0.8712578415870667,-0.615028440952301,-0.7946253418922424,-0.7043439745903015,-0.77498459815979,-0.8026925325393677,-0.8064744472503662,-0.8439314365386963,-0.7890100479125977,-0.5685983300209045,-0.6077933311462402,-0.6279104351997375,-0.6894718408584595,0.07564777135848999,-0.5291646122932434,-0.6213383674621582,-0.7973181009292603,-0.6926937103271484,0.10720953345298767
5066.0,101.31900000000005,-28.648199459997528,263.14085644411034,386.5459494450608,246338.98161941447,-28.64802500000001,263.2654040000001,386.5459900000001,246434.7794840001,0.0058115002787339,9.591575488782912,0.001355089463162,19200.000000000007,0.0001744595653898,-0.0002527424907841,4.055332391359175e-05,0.0,-0.0080497677166746,2.020418315936701,9.593279621839889,0.5492516465741282,0.0056226959874126,3.606133035168632,19199.58762355497,64.42542855646897,0.002,-3.5828817246557825,1.7111332305727864,-0.9258509221038858,6.0,10.0,180.0,-0.4145308753003548,-6.274919674816052,-0.1332877293967772,-3.337649236962329,654.3522399327701,373.7464842315669,167.2281236693956,753.5669719430712,577.7250000000001,-0.4145308753003548,-0.7334058284759521,-0.6787557601928711,-0.6783230304718018,-0.6365149021148682,-0.6378412246704102,-0.6323484182357788,-0.7658388018608093,-0.5244112610816956,-0.7255668640136719,-0.6367354393005371,-0.6345193982124329,-0.6330335736274719,-0.6241123676300049,-0.6395242214202881,-0.5032961368560791,-0.7201714515686035,-1.4327337741851807,-0.6749705076217651,-0.6359958648681641,-0.7396472692489624,-0.8036362528800964,-0.8744266033172607,-0.62004154920578,-0.8051513433456421,-0.7118852138519287,-0.7826407551765442,-0.7974320650100708,-0.8009145855903625,-0.8393492698669434,-0.8018730878829956,-0.7467130422592163,-0.6149981021881104,-0.640457808971405,-0.6858037710189819,0.04286462068557739,-0.5402975678443909,-0.6291539072990417,-0.8114916682243347,-0.7405621409416199,0.14873941242694855
5067.0,101.33900000000004,-28.64826556265813,263.3328464498463,386.5459912565653,246722.9769227035,-28.64802500000001,263.4574040000001,386.5459900000001,246818.7794840001,0.0080196468428414,9.591907242061865,-4.230231413296631e-05,19200.000000000007,0.0002405627306504,-0.0002428513731279,-1.257157808669723e-06,0.0,-0.009314535527343,0.8496766456355825,9.59128202000904,-4.762484967563816,0.010261378314529,-0.6126716417202825,19200.30740944813,-34.28146091842754,0.002,-3.465524977690885,1.7160315905625492,-0.9104272355403504,6.0,10.0,180.0,-0.4379904347943587,-6.26860208429991,-0.1342964966024499,-3.382290062392429,654.1401199663851,373.64674211578347,167.1735618346978,753.3334859715355,577.7250000000001,-0.4379904347943587,-0.7322803735733032,-0.6698378324508667,-0.7031123638153076,-0.6291244029998779,-0.6359245181083679,-0.6379244327545166,-0.7558916807174683,-0.5200592875480652,-0.7203848361968994,-0.637773871421814,-0.6290702819824219,-0.6314879059791565,-0.6188650727272034,-0.634791910648346,-0.48311060667037964,-0.7101178169250488,-1.3481419086456299,-0.7105450630187988,-0.6318425536155701,-0.7462706565856934,-0.7915884852409363,-0.8736643195152283,-0.6202614307403564,-0.8092580437660217,-0.7162315845489502,-0.7894929051399231,-0.8015303611755371,-0.8176611661911011,-0.8555666208267212,-0.7951571345329285,-0.6736990809440613,-0.6139943599700928,-0.6420902609825134,-0.689080536365509,0.07013431191444397,-0.522560179233551,-0.6271116137504578,-0.8020177483558655,-0.6916858553886414,0.1696537286043167
5068.0,101.35900000000004,-28.648218606792,263.52450562450474,386.5459882366123,247106.97355039025,-28.64802500000001,263.64940400000006,386.5459900000001,247202.7794840001,0.0064519362268253,9.603272095923398,6.333409768570549e-05,19200.000000000007,0.0001936068873399,9.827418805177908e-05,1.763675981047603e-06,0.0,0.0193026987373066,2.9368071714806776,9.584501165303893,1.8941822064643223,0.0051093063005724,-1.587030968838952,19199.654702218355,51.4967153747249,0.002,-3.433645613795896,1.791967796830315,-0.9058480334655524,6.0,10.0,180.0,-0.4546194197826619,-6.257791833240612,-0.1318665019878721,-3.4089251245065624,654.5140599831925,372.5128710578917,167.1192809173489,753.0977429857678,577.7250000000001,-0.4546194197826619,-0.7440891265869141,-0.6831781268119812,-0.6818846464157104,-0.6406623721122742,-0.6387054920196533,-0.6413800716400146,-0.7672070264816284,-0.5366228818893433,-0.7299925684928894,-0.6388953328132629,-0.6383318901062012,-0.6387099027633667,-0.62889564037323,-0.6457304954528809,-0.5291118025779724,-0.7266280651092529,-1.4472429752349854,-0.6766480207443237,-0.6422797441482544,-0.7510857582092285,-0.801888644695282,-0.8778769969940186,-0.6242192387580872,-0.8147890567779541,-0.7167575359344482,-0.7951810956001282,-0.785603404045105,-0.7996189594268799,-0.8427181243896484,-0.8032970428466797,-0.8689326643943787,-0.6216626167297363,-0.6525298953056335,-0.6729967594146729,0.03733150660991669,-0.5447221994400024,-0.6338685154914856,-0.8153514862060547,-0.7779231667518616,0.204869344830513
5069.0,101.379,-28.64794913198145,263.7165535214188,386.5460261253015,247490.97655968228,-28.64802500000001,263.84140400000007,386.5459900000001,247586.7794840001,-0.0025283495002283,9.60167713742356,-0.001205789103028,19200.000000000007,-7.58680394854229e-05,5.028032460675693e-05,-3.612519106770554e-05,0.0,0.0087843909154422,0.0565434039662903,9.61475104803908,-1.162532837717431,0.0031939257690856,-2.743561964196941,19200.68530249776,-42.95039187127709,0.002,-3.277466103441755,1.809366083627984,-0.918644845175744,6.0,10.0,180.0,-0.4336074443559458,-6.2684363908243945,-0.1333038703539625,-3.389405043789367,654.8395299915962,372.7864355289458,167.21664045867445,753.5153714928839,577.7250000000001,-0.4336074443559458,-0.7268466353416443,-0.6637234091758728,-0.6862941980361938,-0.6289635300636292,-0.6246988773345947,-0.6329365968704224,-0.7556489706039429,-0.5261437296867371,-0.7173407673835754,-0.6318589448928833,-0.6225255727767944,-0.6265531778335571,-0.6134496927261353,-0.6295873522758484,-0.5080693364143372,-0.7079959511756897,-1.3968324661254883,-0.683220386505127,-0.6265344619750977,-0.7333662509918213,-0.7782080769538879,-0.8757386803627014,-0.6181492805480957,-0.8034297823905945,-0.7073131203651428,-0.7896811962127686,-0.7823185920715332,-0.80588698387146,-0.8488618731498718,-0.7863340377807617,-0.6699131727218628,-0.612646222114563,-0.6398832201957703,-0.6684936881065369,0.07515950500965118,-0.5312172770500183,-0.6233431100845337,-0.7965930700302124,-0.733375072479248,0.18135108053684235
5070.0,101.39900000000004,-28.647886821856467,263.9085865834143,386.5459229148199,247874.9819609696,-28.64802500000001,264.03340400000013,386.5459900000001,247970.7794840001,-0.0046101118022332,9.60056841411147,0.0022056939956436,19200.000000000007,-0.0001381781511363,1.7019288341870817e-05,6.708513115748625e-05,0.0,0.0185530949526615,2.3813889413533857,9.57859042326074,-1.1621011253498306,0.0031657785402539,2.249448663935253,19199.793126517507,-8.609094332571425,0.002,-3.409095031092386,1.8797947242522832,-0.9001243934305209,6.0,10.0,180.0,-0.4228469843181758,-6.241069695821279,-0.1318194501200916,-3.3299544537349384,654.7802649957981,372.0117177644729,167.1158202293372,753.081185746442,577.7250000000001,-0.4228469843181758,-0.7414551973342896,-0.6835355758666992,-0.6913166046142578,-0.6407318711280823,-0.6463994383811951,-0.6413938999176025,-0.767923891544342,-0.5257760286331177,-0.7285969257354736,-0.6436542272567749,-0.6408625841140747,-0.6400999426841736,-0.629673957824707,-0.6454836130142212,-0.5019080638885498,-0.7237175703048706,-1.4047349691390991,-0.6937544345855713,-0.6424729228019714,-0.7504807710647583,-0.8104928731918335,-0.8769993185997009,-0.6234769821166992,-0.8130207061767578,-0.7190936207771301,-0.7901679873466492,-0.8042817115783691,-0.8094280362129211,-0.8462831974029541,-0.8073419332504272,-0.799439013004303,-0.6224725246429443,-0.6489720940589905,-0.6943517923355103,0.03898385167121887,-0.5403593182563782,-0.6363609433174133,-0.8179785013198853,-0.7343445420265198,0.1566643863916397
5071.0,101.41900000000004,-28.64775100329703,264.1004874051849,386.546089929377,248258.97911312137,-28.64802500000001,264.2254040000001,386.5459900000001,248354.7794840001,-0.0091308465819258,9.603902886465484,-0.0033310135276308,19200.000000000007,-0.0002739967011474,0.0001165924194602,-9.992938867377684e-05,0.0,-0.0124426999999028,-5.313004751038029,9.625740041392865,-4.150747849988698,0.0002241413095296,-8.488399020996766,19200.34291430628,-47.229129205137845,0.002,-3.432663773600665,1.822655188774491,-0.913665234300092,6.0,10.0,180.0,-0.3886441450614799,-6.287598403676308,-0.1337854857307095,-3.360747075119824,654.6896324978991,373.44085888223645,167.26191011466858,753.710092873221,570.3000000000001,-0.3886441450614799,-0.6884407997131348,-0.6218671798706055,-0.6796456575393677,-0.6027543544769287,-0.5897529125213623,-0.6161680221557617,-0.725300669670105,-0.5119332075119019,-0.6885330677032471,-0.6173553466796875,-0.5871472954750061,-0.6005345582962036,-0.5810506343841553,-0.5973958373069763,-0.5021350979804993,-0.6756293177604675,-1.3434884548187256,-0.6707968711853027,-0.5940372943878174,-0.6922508478164673,-0.707294225692749,-0.8686311841011047,-0.6038548350334167,-0.7750443816184998,-0.6789075136184692,-0.7772662043571472,-0.7554724812507629,-0.8030228614807129,-0.8525331616401672,-0.7363332509994507,-0.28844332695007324,-0.5929527878761292,-0.6165865659713745,-0.6383444666862488,0.11453552544116974,-0.5050498247146606,-0.5972939729690552,-0.7585740089416504,-0.6714771389961243,0.14871276915073395
5072.0,101.43900000000004,-28.648075405311424,264.2925500129942,386.5460008316852,248642.9845701574,-28.64802500000001,264.41740400000003,386.5459900000001,248738.7794840001,0.0016800066890194,9.601791015503732,-0.0003661274030213,19200.000000000007,5.040531288937956e-05,5.378129715670208e-05,-1.0831683423959396e-05,0.0,0.0078224247167145,1.4700971421688651,9.595169396477656,-3.113033151577374,-0.010967647304103,2.2061043888807097,19200.119400606163,-51.45498802867475,0.002,-3.40233011611362,1.799071179353619,-0.9019686943969384,6.0,10.0,180.0,-0.4106193213585958,-6.330746133643666,-0.1396636054574288,-3.318200704310631,654.6868162489495,372.9719294411182,167.20695505733428,753.4745464366106,570.3000000000001,-0.4106193213585958,-0.7344059348106384,-0.6772558093070984,-0.6983007192611694,-0.6349438428878784,-0.6414036750793457,-0.6430978775024414,-0.7606339454650879,-0.5182572603225708,-0.7223432064056396,-0.6421908140182495,-0.6351180076599121,-0.6368323564529419,-0.6251733303070068,-0.641019344329834,-0.49854159355163574,-0.7201448678970337,-1.3724870681762695,-0.6949892044067383,-0.6378058195114136,-0.7466695308685303,-0.7993947267532349,-0.8757321238517761,-0.6201336979866028,-0.8094289898872375,-0.7217543721199036,-0.7878500819206238,-0.8073098659515381,-0.8122003078460693,-0.8499579429626465,-0.8002253770828247,-0.6839120984077454,-0.6181780695915222,-0.6439060568809509,-0.6968284845352173,0.0049629807472229,-0.5289039015769958,-0.6306132674217224,-0.8128014206886292,-0.6884663105010986,0.12047149240970612
5073.0,101.45900000000005,-28.64801842147842,264.4849708116064,386.5459774495242,249026.98695635152,-28.64802500000001,264.6094040000001,386.5459900000001,249122.7794840001,-0.0002173234137723,9.587761024672709,0.0003891795927097,19200.000000000007,-6.578539563064823e-06,-0.0003672107787814,1.2550476793848217e-05,0.0,0.0016811058369931,-1.0441282304483692,9.585958536497174,-5.307632376887249,-0.0034180274599451,2.256970345270448,19199.92931376514,-47.166497968137136,0.002,-3.4193135110377173,1.854532016839968,-0.8955715384062205,6.0,10.0,180.0,-0.4062845802079063,-6.259381177121124,-0.137717925386379,-3.2920458400617654,654.4614081244747,372.8004647205592,167.14147752866714,753.1937732183053,570.3000000000001,-0.4062845802079063,-0.7163593769073486,-0.6596534252166748,-0.6952906847000122,-0.6244552135467529,-0.6297580003738403,-0.6325647234916687,-0.7495663166046143,-0.5078079700469971,-0.710171639919281,-0.6343536376953125,-0.6216443777084351,-0.6256334781646729,-0.6115382313728333,-0.6266806125640869,-0.4790523052215576,-0.7037932276725769,-1.341849684715271,-0.6967434883117676,-0.6235431432723999,-0.7278215885162354,-0.7773453593254089,-0.8701571822166443,-0.6142353415489197,-0.7962386608123779,-0.7110168933868408,-0.7763556241989136,-0.8044329285621643,-0.8127917051315308,-0.8505776524543762,-0.7832427024841309,-0.5092331767082214,-0.6101006865501404,-0.6313782334327698,-0.6940815448760986,0.0441056489944458,-0.5188636779785156,-0.6214255690574646,-0.7979682683944702,-0.654278576374054,0.08951762318611145
5074.0,101.47900000000004,-28.64802410562089,264.67672833784553,386.5460204699101,249410.9867455188,-28.64802500000001,264.8014040000001,386.5459900000001,249506.7794840001,-2.899437263689441e-05,9.5958432353754,-0.001044941966402,19200.000000000007,-8.944089745176284e-07,-0.0001246315190486,-3.04699098375434e-05,0.0,-0.0053496129167894,-2.2577259376130234,9.58961202748004,4.888773267609359,-0.0007358786809005,1.4012174749228,19199.72367130356,-34.416709922805595,0.002,-3.3833057189500884,1.7936586073583616,-0.9266324598670852,6.0,10.0,180.0,-0.4072703706218337,-6.239643467620217,-0.1381926001300792,-3.3043188687163125,654.2557040622373,373.0157323602796,167.12423876433357,753.1213866091526,577.7250000000001,-0.4072703706218337,-0.6967257261276245,-0.644951343536377,-0.6425671577453613,-0.6205414533615112,-0.5992923974990845,-0.6041947603225708,-0.7490853667259216,-0.5201985836029053,-0.7036745548248291,-0.611355721950531,-0.6046950817108154,-0.607272207736969,-0.596110999584198,-0.6106879711151123,-0.5209594964981079,-0.695587158203125,-1.5207732915878296,-0.6210751533508301,-0.6066544055938721,-0.6869421005249023,-0.7521435618400574,-0.8634136319160461,-0.6056038737297058,-0.7740532159805298,-0.6786158084869385,-0.7673328518867493,-0.7560648918151855,-0.7746182084083557,-0.822912871837616,-0.7609589099884033,-0.48542100191116333,-0.5984125137329102,-0.6169044375419617,-0.644415020942688,0.10025055706501007,-0.5418316721916199,-0.6074554324150085,-0.7826124429702759,-0.7734768986701965,0.12703479826450348
5075.0,101.49900000000002,-28.64800780990625,264.86887493089023,386.5459659780692,249794.98437819243,-28.64802500000001,264.9934040000001,386.5459900000001,249890.7794840001,-0.0005762108980535,9.59096072695391,0.0007990111043539,19200.000000000007,-1.718995340380263e-05,-0.0002713300323041,2.402193093941181e-05,0.0,0.0070632627116488,-1.7064171100612344,9.593486610030876,-0.9174592110123558,-0.0017150279808471,3.4243282179746592,19199.77704023197,12.81729566574288,0.002,-3.360587762723304,1.827780238081248,-0.9014554060897269,6.0,10.0,180.0,-0.4101170960706344,-6.292406762497154,-0.1415764477426557,-3.3207160515670973,654.4378520311186,372.7608661801398,167.13211938216676,753.1531933045762,577.7250000000001,-0.4101170960706344,-0.7080956697463989,-0.6538246870040894,-0.6707108020782471,-0.6244683265686035,-0.6191832423210144,-0.6172645092010498,-0.7529027462005615,-0.5121626257896423,-0.7087744474411011,-0.6247550249099731,-0.6153275966644287,-0.6173341274261475,-0.6047475337982178,-0.6190754175186157,-0.48687267303466797,-0.6981252431869507,-1.413365125656128,-0.6666150689125061,-0.6158261299133301,-0.7083339691162109,-0.7737855315208435,-0.8694453239440918,-0.6113847494125366,-0.7861612439155579,-0.6947008371353149,-0.7706907391548157,-0.7899513244628906,-0.7972909212112427,-0.8373149037361145,-0.7776497602462769,-0.5124753713607788,-0.6052829027175903,-0.62359219789505,-0.6767928004264832,0.09399758279323578,-0.5321043133735657,-0.6170080900192261,-0.7916727662086487,-0.7124311327934265,0.1049993485212326
5076.0,101.51900000000003,-28.6479619803832,265.0604788523523,386.5459961479373,250178.9851508561,-28.64802500000001,265.18540400000006,386.5459900000001,250274.7794840001,-0.0021010756175366,9.604162833103768,-0.0002110656138468,19200.000000000007,-6.301945240647882e-05,0.0001250408238987,-6.147937275069771e-06,0.0,-0.0036487069184937,-0.7303758473141262,9.581296952595515,12.68797812724304,0.0065864916875266,-4.095311383125946,19199.98269358987,-8.505886177357434,0.002,-3.4570259874283407,1.8931910008202264,-0.9022804579951178,6.0,10.0,180.0,-0.4013041593699496,-6.347274690430732,-0.1386362493225247,-3.323291396853404,654.1799260155593,372.8019330900699,167.08405969108338,752.9490966522881,577.7250000000001,-0.4013041593699496,-0.7021687030792236,-0.6487228870391846,-0.6301594972610474,-0.6243346333503723,-0.5905523300170898,-0.6025543212890625,-0.7502733469009399,-0.5421329736709595,-0.707997739315033,-0.6069220304489136,-0.6035807132720947,-0.6067032217979431,-0.5977205038070679,-0.6140144467353821,-0.5810903906822205,-0.7058991193771362,-1.6801577806472778,-0.5765960216522217,-0.6092348098754883,-0.6842743158340454,-0.7353997826576233,-0.8645247220993042,-0.6060090661048889,-0.775567889213562,-0.671437680721283,-0.7798654437065125,-0.7175872325897217,-0.7475165128707886,-0.8153352737426758,-0.747092604637146,-0.6421635150909424,-0.599543571472168,-0.6240870952606201,-0.6053462624549866,0.08357846736907959,-0.5588280558586121,-0.6052427291870117,-0.7839123010635376,-0.8761489987373352,0.20422090590000153
5077.0,101.53900000000004,-28.64798738692801,265.25260212828016,386.5460241378019,250562.9860188081,-28.64802500000001,265.3774040000001,386.5459900000001,250658.7794840001,-0.0011948746664841,9.600051873484992,-0.0011408399278636,19200.000000000007,-3.761364224434202e-05,1.5659648325058142e-06,-3.413780170711448e-05,0.0,-0.0158829855893343,-1.462700500577218,9.598631826939236,-2.014976125367013,-0.0002019716594557,-1.5870066145317765,19200.152459181223,137.42649983747265,0.002,-3.489073637263516,1.7686973952433978,-0.9206824588577004,6.0,10.0,180.0,-0.3959922094902761,-6.279392506014823,-0.1411111717542576,-3.299189823870228,654.0119630077797,373.5189665450349,167.13252984554168,753.1590483261441,577.7250000000001,-0.3959922094902761,-0.7115192413330078,-0.6511914730072021,-0.6796615123748779,-0.6199272871017456,-0.6133009195327759,-0.621184766292572,-0.7467908263206482,-0.5177208185195923,-0.7083226442337036,-0.6234627366065979,-0.6119003295898438,-0.6163151264190674,-0.6029256582260132,-0.618259608745575,-0.4930090308189392,-0.6965265274047852,-1.3888134956359863,-0.6779969930648804,-0.6150460243225098,-0.7171528339385986,-0.7632588148117065,-0.8715490698814392,-0.6124823689460754,-0.7919514775276184,-0.6970918774604797,-0.7793009877204895,-0.7797537446022034,-0.8030606508255005,-0.8454641103744507,-0.7748231887817383,-0.5335105061531067,-0.6036866307258606,-0.6280142664909363,-0.6649776697158813,0.10182605683803558,-0.5234038233757019,-0.6141432523727417,-0.7851201295852661,-0.710960328578949,0.15922512114048004
5078.0,101.55900000000004,-28.648201050824262,265.44455663906336,386.5459400757799,250946.9880841414,-28.64802500000001,265.569404,386.5459900000001,251042.7794840001,0.0058713568135137,9.601565688801887,0.0016637949570225,19200.000000000007,0.0001760493994485,4.7162485043876e-05,4.992422019248654e-05,0.0,-0.0070482003926734,2.255795577777442,9.62624117877456,5.194386739151272,-0.0105124089245978,0.6768437066741114,19199.8084776624,-60.10995111316627,0.002,-3.467839024397443,1.817467602745224,-0.8828277645334413,6.0,10.0,180.0,-0.4194758075571514,-6.2645678011772645,-0.1391831910449164,-3.299699585815346,654.4189815038899,374.0229832725174,167.27326492277084,753.762524163072,577.7250000000001,-0.4194758075571514,-0.733102560043335,-0.6771506071090698,-0.6597765684127808,-0.6371169686317444,-0.624942421913147,-0.6287270784378052,-0.7665024399757385,-0.5351897478103638,-0.7261343002319336,-0.6293080449104309,-0.6297045946121216,-0.6290850639343262,-0.6212087273597717,-0.6371262073516846,-0.5357916355133057,-0.7222402095794678,-1.5090874433517456,-0.644351601600647,-0.633367657661438,-0.7324230670928955,-0.7913258671760559,-0.8741025328636169,-0.6187340021133423,-0.8030787706375122,-0.7056679725646973,-0.7861913442611694,-0.7752740383148193,-0.784558892250061,-0.8312011361122131,-0.7953435182571411,-0.8029429912567139,-0.612766683101654,-0.6406006217002869,-0.6601603627204895,0.036885008215904236,-0.5488241314888,-0.6248006820678711,-0.8072772026062012,-0.7948911786079407,0.18820695579051971
5079.0,101.57900000000004,-28.648159374494305,265.636450655309,386.5459973436229,251330.98478401767,-28.64802500000001,265.761404,386.5459900000001,251426.7794840001,0.0044759665677675,9.60510427682199,-0.0002721127690486,19200.000000000007,0.0001342731747428,0.0001532511421461,-7.343622766096968e-06,0.0,-0.0085666548151283,-0.2438099498050764,9.559109063464936,-4.517067390946109,0.004348790385842,-0.5443642638843341,19200.18754093441,77.16307816868232,0.002,-3.464556938228682,1.781733647731493,-0.926496041645536,6.0,10.0,180.0,-0.4307002074684695,-6.255240794285536,-0.136722301177096,-3.316097884326469,653.817990751945,373.2419916362587,167.0611324613854,752.8532620815361,577.7250000000001,-0.4307002074684695,-0.721756100654602,-0.6610006093978882,-0.6948952674865723,-0.624557375907898,-0.6286910772323608,-0.6302646994590759,-0.7500647306442261,-0.5163662433624268,-0.7140169143676758,-0.631974458694458,-0.6225588321685791,-0.6255463361740112,-0.6123692393302917,-0.6279860138893127,-0.48111408948898315,-0.7035441398620605,-1.3548030853271484,-0.7029010653495789,-0.6248366832733154,-0.7345849275588989,-0.7800305485725403,-0.8710425496101379,-0.6166089773178101,-0.8012357950210571,-0.7084048986434937,-0.7825120091438293,-0.7960085272789001,-0.8132479786872864,-0.8517616391181946,-0.7863974571228027,-0.5954264402389526,-0.6102226972579956,-0.6362612843513489,-0.6833401918411255,0.09147615730762482,-0.5211078524589539,-0.6224067211151123,-0.7961493134498596,-0.6915210485458374,0.1577024608850479
5080.0,101.59900000000002,-28.64806170340468,265.82782659712,386.5459828856032,251714.9871499072,-28.64802500000001,265.9534040000001,386.5459900000001,251810.7794840001,0.0012230692134619,9.62590366305769,0.0002402116816096,19200.000000000007,3.670332922965104e-05,0.0007772066153082,7.114396551344688e-06,0.0,0.0124518933956544,0.6069837406503172,9.64794057711286,5.0068422601190505,-0.0092693700684746,3.954624224640655,19200.068965907456,-0.0445480334954112,0.002,-3.4934736028643303,1.7485405856129244,-0.9000599572655702,6.0,10.0,180.0,-0.4321171223873109,-6.318886207078343,-0.1425561092738367,-3.3088980741945813,654.9464953759725,373.5669958181294,167.32806623069268,753.994631040768,577.7250000000001,-0.4321171223873109,-0.7222647666931152,-0.6696456670761108,-0.6529971957206726,-0.6354888677597046,-0.6217826008796692,-0.621573805809021,-0.7667638659477234,-0.5266796946525574,-0.7205753326416016,-0.6268448829650879,-0.6243124008178711,-0.6237256526947021,-0.6147408485412598,-0.6295828819274902,-0.5237512588500977,-0.7143517136573792,-1.5118257999420166,-0.6353522539138794,-0.625988245010376,-0.7153584957122803,-0.7871972322463989,-0.8717710375785828,-0.6149504780769348,-0.7928710579872131,-0.6982746124267578,-0.7764213681221008,-0.7779922485351562,-0.782684326171875,-0.827242374420166,-0.7891712188720703,-0.6869454383850098,-0.6096066236495972,-0.630729615688324,-0.6654472351074219,0.04635079205036163,-0.5504156351089478,-0.6217740774154663,-0.8029859662055969,-0.7790549397468567,0.13412417471408844
5081.0,101.61900000000006,-28.648129090455587,266.0202720853257,386.5459667563142,252098.98806141256,-28.64802500000001,266.14540400000004,386.5459900000001,252194.7794840001,0.0034664638578935,9.611050343346191,0.0007719335055383,19200.000000000007,0.0001039916794334,0.0003314117439143,2.3243684111582424e-05,0.0,-0.0126890787867659,3.794649525348079,9.574186779252637,-1.5256683339156738,0.0097942318712103,3.182473146408672,19200.119840663,64.47602748051716,0.002,-3.450958899170184,1.797386751573721,-0.8989160794760636,6.0,10.0,180.0,-0.4369814577219553,-6.2257186640070055,-0.1371973714077312,-3.3053343110020075,654.1762476879862,373.3989979090647,167.15203311534634,753.2418155203841,577.7250000000001,-0.4369814577219553,-0.748385488986969,-0.6916118264198303,-0.69566810131073,-0.6419811844825745,-0.6528588533401489,-0.6443637609481812,-0.7701671719551086,-0.5271772146224976,-0.7336668968200684,-0.6466772556304932,-0.6463871002197266,-0.643735945224762,-0.6353224515914917,-0.6512985229492188,-0.49800336360931396,-0.7298652529716492,-1.399390459060669,-0.7006118297576904,-0.6480762958526611,-0.7612084150314331,-0.8208194375038147,-0.877052366733551,-0.6256968379020691,-0.8184409141540527,-0.7251393795013428,-0.7918409705162048,-0.810119092464447,-0.8121200203895569,-0.8472727537155151,-0.8163152933120728,-0.8579460978507996,-0.6225449442863464,-0.6519371867179871,-0.7004330158233643,0.02328510582447052,-0.5382274985313416,-0.6381014585494995,-0.8227450847625732,-0.728583037853241,0.16941331326961517
5082.0,101.63900000000002,-28.64805041809317,266.2122988508289,386.5460213860976,252482.9888657913,-28.64802500000001,266.3374040000001,386.5459900000001,252578.7794840001,0.0008535437466142,9.610136990694746,-0.0010457975440359,19200.000000000007,2.5419563722656376e-05,0.0003049467077495,-3.138609621711659e-05,0.0,0.0092692236616877,-0.1260230804411893,9.63111021696194,-2.2556205473505817,0.0012227719068318,-1.5304678614338727,19200.23817474673,-8.528942029666846,0.002,-3.4139111150955874,1.7274409336243943,-0.9072956503066012,6.0,10.0,180.0,-0.4409453398492226,-6.252502815665499,-0.1411438013434928,-3.2976766918147207,654.870123843993,373.4809989545323,167.3025165576732,753.885407760192,577.7250000000001,-0.4409453398492226,-0.7266390323638916,-0.6636699438095093,-0.690223753452301,-0.6286425590515137,-0.6254127025604248,-0.6333398222923279,-0.7564215064048767,-0.5228112936019897,-0.717376708984375,-0.6324427723884583,-0.6225388050079346,-0.6263846755027771,-0.6131300926208496,-0.6289865970611572,-0.49832475185394287,-0.7064719200134277,-1.3798227310180664,-0.6886721849441528,-0.6260073781013489,-0.7335094213485718,-0.7812259793281555,-0.8758549690246582,-0.6181703209877014,-0.8033208847045898,-0.7086700201034546,-0.7886063456535339,-0.7895311117172241,-0.8096235990524292,-0.8508684039115906,-0.7879390120506287,-0.6478930115699768,-0.6115894913673401,-0.6378855109214783,-0.6747156381607056,0.0748392641544342,-0.5284375548362732,-0.623077392578125,-0.796156644821167,-0.7166609168052673,0.16804324090480804
5083.0,101.65900000000002,-28.648000698079784,266.4044877714278,386.545961022216,252866.9899673804,-28.64802500000001,266.52940400000006,386.5459900000001,252962.7794840001,-0.0008040126760945,9.603868807261788,0.0009687256881336,19200.000000000007,-2.43012501783213e-05,0.0001159318944418,2.897781156984911e-05,0.0,0.0095391328715705,1.9496976435118936,9.600566935777572,-2.0203532859481457,0.0085445457129288,1.7059384222087737,19200.0320434732,21.41949378444973,0.002,-3.4496263232851323,1.8237052499881816,-0.901396137220493,6.0,10.0,180.0,-0.4360839850384102,-6.25589041311464,-0.1401820521225869,-3.285337034641126,654.8730619219965,373.0209994772662,167.2502582788366,753.660203880096,577.7250000000001,-0.4360839850384102,-0.739426851272583,-0.6801321506500244,-0.6944416761398315,-0.6377711296081543,-0.6431827545166016,-0.6407549381256104,-0.7658206820487976,-0.5244304537773132,-0.7269163131713867,-0.6420621871948242,-0.6373419761657715,-0.6375236511230469,-0.626605212688446,-0.6424526572227478,-0.49696630239486694,-0.7201062440872192,-1.3882027864456177,-0.696574866771698,-0.6393851041793823,-0.7491816282272339,-0.8063845038414001,-0.8768513202667236,-0.6227390170097351,-0.8120205402374268,-0.7186148166656494,-0.7904115319252014,-0.8042958378791809,-0.8121119737625122,-0.8492186069488525,-0.804896354675293,-0.7651994228363037,-0.6194741725921631,-0.6463528275489807,-0.6927220821380615,0.04452165961265564,-0.5357727408409119,-0.633366048336029,-0.8130722045898438,-0.7219129204750061,0.15786953270435333
5084.0,101.67900000000004,-28.6479787329749,266.5966417273368,386.546032251916,253250.992839457,-28.64802500000001,266.72140400000006,386.5459900000001,253346.7794840001,-0.0015463238156464,9.598729861040155,-0.0014092391674223,19200.000000000007,-4.626714516950068e-05,-3.812453129072729e-05,-4.22519066740027e-05,0.0,-0.0014698796677732,1.1010288634539955,9.621127490023406,-1.951114797909378,0.0041533740271399,-4.388135040039596,19200.22203213444,-64.42440551849606,0.002,-3.4382280791061466,1.825876567731748,-0.9062793969774966,6.0,10.0,180.0,-0.4252765147765865,-6.309617419953232,-0.1406383093683512,-3.2637951832219523,654.8965309609982,373.4974997386331,167.3101291394183,753.9166019400479,570.3000000000001,-0.4252765147765865,-0.7342260479927063,-0.6700809001922607,-0.6973984241485596,-0.6299036145210266,-0.6282992959022522,-0.6442185640335083,-0.7544035315513611,-0.5282641649246216,-0.7198233008384705,-0.6389284133911133,-0.6269580125808716,-0.6325109004974365,-0.6194011569023132,-0.6365882158279419,-0.5208656191825867,-0.7166662216186523,-1.377953290939331,-0.6881994009017944,-0.6331738233566284,-0.7467824220657349,-0.7792364954948425,-0.8778552412986755,-0.620003879070282,-0.811194658279419,-0.7189478874206543,-0.7965376973152161,-0.7840366363525391,-0.8090795874595642,-0.8542337417602539,-0.7887240648269653,-0.6966819167137146,-0.6153827905654907,-0.6464711427688599,-0.6709805727005005,0.016290336847305298,-0.5257561206817627,-0.6250596642494202,-0.8019723892211914,-0.7135703563690186,0.18032024800777435
5085.0,101.69900000000004,-28.648018704838154,266.78857986317394,386.5459871705926,253634.99171068345,-28.64802500000001,266.91340400000007,386.5459900000001,253730.7794840001,-0.000211264420863,9.600769282912427,2.803599929458722e-05,19200.000000000007,-6.295324246553816e-06,2.413401679313641e-05,2.829189271637126e-06,0.0,0.0097459431451032,0.4186436611782197,9.585224020682867,-2.1431389182668648,0.0048785150198397,-0.1875422539735282,19199.93079195194,4.276686326565496,0.002,-3.47097396219246,1.818240964242137,-0.9073610594347312,6.0,10.0,180.0,-0.4301239058169933,-6.280170839257258,-0.1410897464192232,-3.265385852748923,654.7142654804991,372.77524986931655,167.19006456970914,753.400800970024,570.3000000000001,-0.4301239058169933,-0.7261766195297241,-0.6677222847938538,-0.6911472082138062,-0.6299619078636169,-0.6303257942199707,-0.6377084255218506,-0.7546038031578064,-0.5199532508850098,-0.7165926694869995,-0.6355969309806824,-0.627037525177002,-0.6307482719421387,-0.6179857850074768,-0.6341911554336548,-0.5077239871025085,-0.713932991027832,-1.385438084602356,-0.6837447285652161,-0.6306072473526001,-0.7367082834243774,-0.7825950384140015,-0.8750911951065063,-0.617271363735199,-0.8035606145858765,-0.7141733169555664,-0.7861672043800354,-0.7937324047088623,-0.8066257238388062,-0.8480972051620483,-0.7887730598449707,-0.6288533210754395,-0.6145502328872681,-0.6402279734611511,-0.6819526553153992,0.024378284811973572,-0.5283624529838562,-0.6251963376998901,-0.8043626546859741,-0.7017056345939636,0.1298934668302536
5086.0,101.71900000000004,-28.64799417622544,266.9807865117953,386.5460312517664,254018.9920172998,-28.64802500000001,267.1054040000001,386.5459900000001,254114.7794840001,-0.0010262251844659,9.593908128212377,-0.001373476173515,19200.000000000007,-3.082374546640176e-05,-0.0001828160630525,-4.125182327354917e-05,0.0,0.0015028103731375,-1.15651098890307,9.629400566416503,-0.911334542305172,-0.0107514080714846,-6.037917903455246,19200.20559403424,-51.510703665473486,0.002,-3.458351402830909,1.7991305168292848,-0.912499964633158,6.0,10.0,180.0,-0.4238013040443242,-6.2746777185008416,-0.1440250163072082,-3.2674471032996024,654.9696327402496,373.4071249346583,167.31453228485458,753.935400485012,577.7250000000001,-0.4238013040443242,-0.7188701629638672,-0.6525627374649048,-0.6827592849731445,-0.6224130988121033,-0.614238440990448,-0.6282392740249634,-0.7483303546905518,-0.5272332429885864,-0.7111263275146484,-0.6276730895042419,-0.612046480178833,-0.6189097166061401,-0.6044156551361084,-0.6208802461624146,-0.5147970914840698,-0.6998250484466553,-1.3954823017120361,-0.6761563420295715,-0.6177958250045776,-0.7241377830505371,-0.7587515711784363,-0.8749017119407654,-0.6152787804603577,-0.798507571220398,-0.6998745203018188,-0.7904017567634583,-0.7671342492103577,-0.8028552532196045,-0.8502844572067261,-0.7724505662918091,-0.6043984293937683,-0.6070244908332825,-0.6356156468391418,-0.6514378786087036,0.09586411714553833,-0.5260836482048035,-0.6156603097915649,-0.784584641456604,-0.7372370362281799,0.20296747982501984
5087.0,101.73900000000005,-28.64803597137253,267.1727303205854,386.54597934423526,254402.9922590296,-28.64802500000001,267.2974040000001,386.5459900000001,254498.7794840001,0.0003734394266757,9.595785728229352,0.0003518317680959,19200.000000000007,1.0971394121925366e-05,-0.0001263212244907,1.0656789979836632e-05,0.0,0.0036447650264575,-0.5494626935708119,9.573947122484018,-5.368574816672971,-0.0134007253053794,2.1377708149988512,19199.75856029701,-94.356055048943,0.002,-3.426561790991654,1.7859357412797634,-0.922636969634646,6.0,10.0,180.0,-0.4301989962811371,-6.302183940057156,-0.1435570607964544,-3.2756393547127955,654.5038163701248,372.7580624673291,167.1452661424273,753.209200242506,577.7250000000001,-0.4301989962811371,-0.7215933799743652,-0.6628038287162781,-0.6975908279418945,-0.627328634262085,-0.6340494155883789,-0.6310217380523682,-0.7537521123886108,-0.5111223459243774,-0.7145211696624756,-0.6361171007156372,-0.6250331401824951,-0.6272537708282471,-0.6138261556625366,-0.6287033557891846,-0.4703608751296997,-0.7035390138626099,-1.3431086540222168,-0.7069395184516907,-0.6259710192680359,-0.7329280376434326,-0.7876909375190735,-0.8701563477516174,-0.6169841885566711,-0.8000317811965942,-0.7098113298416138,-0.7788716554641724,-0.8058018088340759,-0.8156481981277466,-0.8520270586013794,-0.788995623588562,-0.5807002782821655,-0.6120525598526001,-0.6347368359565735,-0.6951024532318115,0.0869159996509552,-0.5226483345031738,-0.6250187754631042,-0.7995716333389282,-0.6757979989051819,0.1258501261472702
5088.0,101.75900000000004,-28.64796462508404,267.3648059493541,386.5459794644345,254786.98997973435,-28.64802500000001,267.48940400000004,386.5459900000001,254882.7794840001,-0.0020078027940735,9.593261445384396,0.0003510551045784,19200.000000000007,-6.037491621742029e-05,-0.000202147925229,1.0536963767868224e-05,0.0,0.0041443979462835,-3.3570397228541737,9.592252683098964,-2.6826439384791003,0.0048481447723085,1.5251682976501146,19200.08384402696,12.882595870408284,0.002,-3.4053546533185406,1.7882699745369888,-0.8900007363575215,6.0,10.0,180.0,-0.4229058434918416,-6.264801313381545,-0.1411091853483203,-3.2899927056160365,654.4894081850624,372.70953123366456,167.13663307121362,753.172600121253,577.7250000000001,-0.4229058434918416,-0.6981286406517029,-0.6415268182754517,-0.6724002361297607,-0.6169905662536621,-0.6100145578384399,-0.6128882765769958,-0.7443919777870178,-0.507775604724884,-0.700900673866272,-0.6195676326751709,-0.6057894825935364,-0.6104479432106018,-0.5955977439880371,-0.6099152565002441,-0.4779713749885559,-0.6872032880783081,-1.3825665712356567,-0.6716310977935791,-0.6067304015159607,-0.6985094547271729,-0.7566157579421997,-0.8671596646308899,-0.6081191897392273,-0.779778242111206,-0.6879337430000305,-0.7663930654525757,-0.785527229309082,-0.8000159859657288,-0.8409949541091919,-0.7659034132957458,-0.41385674476623535,-0.6005786657333374,-0.6178821921348572,-0.6709249019622803,0.12248951196670532,-0.5238133072853088,-0.6109315752983093,-0.7804311513900757,-0.6919017434120178,0.10185632109642029
5089.0,101.77900000000002,-28.647977523912868,267.55670751297407,386.5459748131631,255170.9936085265,-28.64802500000001,267.6814040000001,386.5459900000001,255266.7794840001,-0.0015844068907446,9.596543485871482,0.000512542507806,19200.000000000007,-4.747608879067724e-05,-0.0001036131902305,1.5286745709580168e-05,0.0,0.0017060092187772,-0.7879517172757119,9.57520098373393,2.555379467293689,0.0046482191939755,2.3128066175246884,19199.84429206201,-42.99186757756181,0.002,-3.4127415367229075,1.822949603807692,-0.9018044268145616,6.0,10.0,180.0,-0.42090671540994,-6.237921531114718,-0.1386491212054243,-3.269454707014475,654.2402040925313,372.4952656168323,167.0613165356068,752.8498000606265,577.7250000000001,-0.42090671540994,-0.7103605270385742,-0.6574289798736572,-0.6573512554168701,-0.626835823059082,-0.615990400314331,-0.6156226396560669,-0.754781186580658,-0.5203917622566223,-0.7113284468650818,-0.6222562193870544,-0.6169254779815674,-0.6180413961410522,-0.6071703433990479,-0.6220079660415649,-0.5105603337287903,-0.7043404579162598,-1.4749815464019775,-0.6468722820281982,-0.6182849407196045,-0.7081160545349121,-0.7729392647743225,-0.867974042892456,-0.6113702654838562,-0.7863521575927734,-0.6922504901885986,-0.7714902758598328,-0.775292158126831,-0.7868112325668335,-0.8300068378448486,-0.7775664925575256,-0.577826976776123,-0.6063095331192017,-0.6267037391662598,-0.6637491583824158,0.08259455859661102,-0.5408347845077515,-0.6172611117362976,-0.7947043180465698,-0.7556929588317871,0.12950165569782257
5090.0,101.79900000000004,-28.647962921269045,267.74859872762056,386.5460078343787,255554.9959766792,-28.64802500000001,267.87340400000005,386.5459900000001,255650.7794840001,-0.0020695610014294,9.60016626786972,-0.0006264174199484,19200.000000000007,-6.207873122272782e-05,5.070887028761764e-06,-1.7835831440233e-05,0.0,-0.0068495877889458,-1.8997138197389247,9.593292972696805,-0.2373441430249027,-0.0038999045378787,-0.4315321685134169,19199.94843105908,12.86597786243691,0.002,-3.4246938245151872,1.7491532010776598,-0.914009948822477,6.0,10.0,180.0,-0.4154843048130239,-6.30562670587994,-0.1425674588731212,-3.243802808843541,654.1571020462657,372.9721328084162,167.0991582678034,753.0139000303133,577.7250000000001,-0.4154843048130239,-0.7063301801681519,-0.648685097694397,-0.6687843799591064,-0.6203052997589111,-0.6096922755241394,-0.6160429120063782,-0.7474150657653809,-0.5172210335731506,-0.7063205242156982,-0.6196520328521729,-0.6097564101219177,-0.6136963963508606,-0.60064297914505,-0.6156125068664551,-0.4991191029548645,-0.6954810619354248,-1.4209527969360352,-0.6625468730926514,-0.612268328666687,-0.7072469592094421,-0.7602542042732239,-0.8691944479942322,-0.6104355454444885,-0.7861289381980896,-0.6917105913162231,-0.7744037508964539,-0.774998664855957,-0.7954496145248413,-0.8387237787246704,-0.7708439230918884,-0.5111322999000549,-0.602680504322052,-0.6244621276855469,-0.6607539653778076,0.10396057367324829,-0.5289644002914429,-0.6126533150672913,-0.7845931053161621,-0.7264558672904968,0.1435021311044693
5091.0,101.81900000000005,-28.64801865315157,267.9403299723059,386.5459815047809,255938.9949075876,-28.64802500000001,268.06540400000006,386.5459900000001,256034.7794840001,-0.000216573760705,9.609126482937246,0.000285350472384,19200.000000000007,-6.346848441920574e-06,0.0002738287201312,8.494323359324086e-06,0.0,-0.009282227144386,-1.218865890072265,9.587147578974587,9.758375862152937,0.0056277483190762,-1.0313510351605657,19199.82746598228,-4.237640801452119,0.002,-3.4033848906748614,1.7810770435702512,-0.896798935736627,6.0,10.0,180.0,-0.41650304098806,-6.315796421045004,-0.1416227028436235,-3.258683907775647,653.9985510231329,373.19606640420807,167.09257913390172,752.9869500151567,577.7250000000001,-0.41650304098806,-0.6996593475341797,-0.6480021476745605,-0.6337094902992249,-0.6228295564651489,-0.5947510004043579,-0.6020808815956116,-0.7512655854225159,-0.5326313972473145,-0.7067365646362305,-0.6075677871704102,-0.6043625473976135,-0.6066032648086548,-0.5973109602928162,-0.612742006778717,-0.5553928017616272,-0.7021552324295044,-1.6195510625839233,-0.592352032661438,-0.6081647872924805,-0.6846598386764526,-0.7422907948493958,-0.863277018070221,-0.6054219603538513,-0.7745543122291565,-0.6739968657493591,-0.7734413146972656,-0.734040379524231,-0.7570197582244873,-0.8168898820877075,-0.7537773847579956,-0.5738612413406372,-0.5982556343078613,-0.6200280785560608,-0.6223053336143494,0.08694949746131897,-0.5523226261138916,-0.6057827472686768,-0.7837442755699158,-0.8339043259620667,0.16836099326610565
5092.0,101.83900000000004,-28.64801740144124,268.13265238776887,386.5459940508821,256322.99358406413,-28.64802500000001,268.2574040000001,386.5459900000001,256418.7794840001,-0.0002508311059467,9.598377339806804,-0.0001368691953929,19200.000000000007,-7.598558773528591e-06,-4.858386425139138e-05,-4.050721603656888e-06,0.0,2.7529959582189845e-05,-0.1816967102968845,9.592013537924888,-1.5814967701441816,0.0009544009521284,-2.012838574231477,19200.032607114,120.19946314346126,0.002,-3.408994732246652,1.864309605615009,-0.8994562594321385,6.0,10.0,180.0,-0.4184864479641295,-6.23191963779102,-0.1406424757180788,-3.256629682148412,654.1542755115664,373.066033202104,167.10928956695085,753.0579750075783,577.7250000000001,-0.4184864479641295,-0.7224205732345581,-0.6607986688613892,-0.6847079992294312,-0.6262048482894897,-0.6223931312561035,-0.6290415525436401,-0.7525184154510498,-0.5230371952056885,-0.7149203419685364,-0.6291269063949585,-0.6203951835632324,-0.6239669322967529,-0.6111491918563843,-0.6270272731781006,-0.5015300512313843,-0.7052314281463623,-1.3948384523391724,-0.6835055351257324,-0.6238377094268799,-0.7298480868339539,-0.7753303647041321,-0.8739676475524902,-0.616482138633728,-0.8002241849899292,-0.7048072218894958,-0.7856720685958862,-0.783170223236084,-0.8050140142440796,-0.8472248315811157,-0.783892035484314,-0.6314942836761475,-0.609992504119873,-0.6366410851478577,-0.6693426370620728,0.08396352827548981,-0.5281966328620911,-0.6209469437599182,-0.7944748401641846,-0.7254364490509033,0.17489613592624664
5093.0,101.85900000000004,-28.64801160071483,268.3240020207893,386.5459939868857,256706.996802898,-28.64802500000001,268.4494040000001,386.5459900000001,256802.7794840001,-0.0004427034866367,9.62005593104164,-0.0001654963908077,19200.000000000007,-1.3399285181443744e-05,0.0006015813842895,-3.9868064529530245e-06,0.0,-0.0095224327576797,1.1005654438349393,9.613531158538056,11.8436758403911,-0.0080508065073767,0.6128247012161326,19200.0495942372,-64.38291785297852,0.002,-3.455585980806253,1.84071502477852,-0.9145462999139076,6.0,10.0,180.0,-0.4145381448124914,-6.309724748308124,-0.1420758631181551,-3.248948753842506,654.2946377557832,373.674516601052,167.2081447834754,753.4814875037891,577.7250000000001,-0.4145381448124914,-0.7157494425773621,-0.6641044020652771,-0.6351494789123535,-0.6331189274787903,-0.6042415499687195,-0.6105471253395081,-0.7613344192504883,-0.5400015115737915,-0.7184686660766602,-0.6153516173362732,-0.6171213388442993,-0.6164449453353882,-0.6099300384521484,-0.6255768537521362,-0.5677142143249512,-0.7170904874801636,-1.6612262725830078,-0.5889984965324402,-0.6210345029830933,-0.7011498808860779,-0.7620823979377747,-0.8696069121360779,-0.610858678817749,-0.7854921817779541,-0.6846063137054443,-0.7789585590362549,-0.7408602833747864,-0.7541182041168213,-0.8142859935760498,-0.7708578109741211,-0.7335488796234131,-0.6047586798667908,-0.6289466023445129,-0.6288356781005859,0.047159820795059204,-0.562023937702179,-0.6140273809432983,-0.7978929281234741,-0.8587599396705627,0.1835840493440628
5094.0,101.87900000000003,-28.64803598451513,268.5166719135629,386.545989260194,257090.99376997835,-28.64802500000001,268.6414040000001,386.5459900000001,257186.7794840001,0.0003703846294183,9.59772836593095,2.693255949114421e-05,19200.000000000007,1.098451512079859e-05,-6.801412136607626e-05,7.395373789822627e-07,0.0,-0.0066033476381807,0.0623173361117023,9.619158375578223,-7.331365235499329,-0.008058946788519,-0.5558238907266105,19199.99852698019,90.0906572419542,0.002,-3.438047170424764,1.8303074152404448,-0.898698823171798,6.0,10.0,180.0,-0.4150124856468357,-6.3111393208416215,-0.1435402052087619,-3.259730618289926,654.4863188778916,373.969758300526,167.28107239173772,753.7942437518946,577.7250000000001,-0.4150124856468357,-0.7309275269508362,-0.666336715221405,-0.7134999632835388,-0.6270593404769897,-0.6362886428833008,-0.6396890878677368,-0.7542128562927246,-0.5146723985671997,-0.7183154821395874,-0.6412347555160522,-0.6266549825668335,-0.630315899848938,-0.6161613464355469,-0.6317256093025208,-0.46761444211006165,-0.7048125863075256,-1.3107143640518188,-0.7250932455062866,-0.6293162107467651,-0.7461248636245728,-0.7872593998908997,-0.8716655373573303,-0.6209718585014343,-0.8077878952026367,-0.718095600605011,-0.7879080772399902,-0.8076195120811462,-0.8256306648254395,-0.8623712062835693,-0.7923732995986938,-0.6252158880233765,-0.6128349304199219,-0.6399469375610352,-0.6958774924278259,0.07736605405807495,-0.51517254114151,-0.6260454058647156,-0.7981348037719727,-0.6599621772766113,0.15948544442653656
5095.0,101.89900000000002,-28.648134711926456,268.7085172985139,386.5459561178188,257474.9930566248,-28.64802500000001,268.8334040000001,386.5459900000001,257570.7794840001,0.0036589710144779,9.602890422201268,0.0011286264370639,19200.000000000007,0.0001097119264463,8.610241978540149e-05,3.388270161166928e-05,0.0,0.0034308117406305,2.3121641070641346,9.62745586175599,5.131780293436261,-0.0002550733400004,3.1749948570645445,19199.93092237816,-8.626582362091204,0.002,-3.435887470721312,1.7989548847647543,-0.921391655888701,6.0,10.0,180.0,-0.4296757240830599,-6.337846916955892,-0.1406329852460423,-3.281229169722002,654.8721594389458,373.90887915026303,167.35253619586888,754.0991218759473,577.7250000000001,-0.4296757240830599,-0.7337214946746826,-0.6801978349685669,-0.6593806743621826,-0.6400022506713867,-0.6305290460586548,-0.6292038559913635,-0.7701888680458069,-0.5325373411178589,-0.7275941967964172,-0.6325744390487671,-0.6330804824829102,-0.6313122510910034,-0.623685359954834,-0.6393040418624878,-0.5306150913238525,-0.7241603136062622,-1.5100821256637573,-0.6438145637512207,-0.6354454755783081,-0.7318507432937622,-0.7980678677558899,-0.8746417164802551,-0.6191975474357605,-0.802483320236206,-0.7067792415618896,-0.7825631499290466,-0.7827770709991455,-0.7851995229721069,-0.8296011686325073,-0.7993370890617371,-0.7991551160812378,-0.6144998073577881,-0.6398476958274841,-0.6690834760665894,0.029578834772109985,-0.552409827709198,-0.6275700330734253,-0.8118319511413574,-0.7898785471916199,0.16066549718379974
5096.0,101.91900000000004,-28.64806661855251,268.90091295026474,386.5459686597793,257858.99308428465,-28.64802500000001,269.0254040000001,386.5459900000001,257954.7794840001,0.0013843357584633,9.589664352237143,0.0006711801798716,19200.000000000007,4.1618552496698464e-05,-0.0003091469962007,2.1341696777409148e-05,0.0,-0.0043994850191905,0.9823555096514888,9.59937831622399,-5.619056527336946,0.0039009988714472,5.381547691026517,19200.085460851347,77.29779063718374,0.002,-3.423542181799499,1.686432075385642,-0.9230077858348208,6.0,10.0,180.0,-0.4277254129015498,-6.262612713267741,-0.1401433081418155,-3.286329224202606,654.5900797194729,373.6919395751315,167.27026809793443,753.7465609379736,570.3000000000001,-0.4277254129015498,-0.7307063341140747,-0.6760425567626953,-0.7054939270019531,-0.6327152252197266,-0.6462771892547607,-0.6413370966911316,-0.7599742412567139,-0.5093063116073608,-0.7205690145492554,-0.6444239616394043,-0.6348690986633301,-0.635722279548645,-0.6238481998443604,-0.639018177986145,-0.4742116332054138,-0.7160838842391968,-1.3380216360092163,-0.7068459391593933,-0.6359052658081055,-0.7448233366012573,-0.8037542700767517,-0.8716650605201721,-0.6199768781661987,-0.8064604997634888,-0.7227228879928589,-0.7806314826011658,-0.8201185464859009,-0.817833423614502,-0.8521754145622253,-0.8002878427505493,-0.6195492148399353,-0.6156964302062988,-0.6382642388343811,-0.712094783782959,0.009499400854110718,-0.522925078868866,-0.6298489570617676,-0.811944842338562,-0.6494771242141724,0.08234843611717224
5097.0,101.93900000000004,-28.648031193002147,269.09276069049974,386.5459366123376,258242.99285396645,-28.64802500000001,269.2174040000001,386.5459900000001,258338.7794840001,0.0002085352366895,9.594770954578795,0.0017782117225509,19200.000000000007,6.193002142518327e-06,-0.0001570889614697,5.3488323156270833e-05,0.0,0.0065922830315133,1.031302507494167,9.609367002157729,0.3630242600526209,0.0070791471630172,0.1746313035261295,19200.27288762832,-29.98081893293685,0.002,-3.349807619283725,1.7417403446543376,-0.8932117579268571,6.0,10.0,180.0,-0.431176544147746,-6.258751927588078,-0.1347571504823804,-3.288913404844012,654.7755398597365,373.36746978756577,167.27063404896722,753.7467804689868,570.3000000000001,-0.431176544147746,-0.7286330461502075,-0.6713706254959106,-0.6814645528793335,-0.632463812828064,-0.6284893155097961,-0.6367526054382324,-0.7587283849716187,-0.5247571468353271,-0.7195453643798828,-0.6342822313308716,-0.6280626654624939,-0.6308733224868774,-0.6195732355117798,-0.6358616352081299,-0.521001935005188,-0.7181039452552795,-1.4232347011566162,-0.6676877737045288,-0.632028341293335,-0.7355877161026001,-0.7854242920875549,-0.8752320408821106,-0.6177244782447815,-0.8035318851470947,-0.7130383849143982,-0.7860104441642761,-0.7874612808227539,-0.7989757657051086,-0.8429363369941711,-0.7899942398071289,-0.6757174730300903,-0.6140896081924438,-0.6403241753578186,-0.6753037571907043,0.01091340184211731,-0.5347467660903931,-0.6248611211776733,-0.8060796856880188,-0.72691410779953,0.13766531646251678
5098.0,101.95900000000005,-28.647984448035213,269.28472459499886,386.5459766768927,258626.9927806272,-28.64802500000001,269.4094040000001,386.5459900000001,258722.7794840001,-0.0013556347765209,9.595968504432973,0.0004479869147185,19200.000000000007,-4.055196479351126e-05,-0.0001209969819074,1.3321999403448169e-05,0.0,0.0070574759639528,2.386619452173304,9.58569448048141,-0.2947745247674129,0.0127362087026971,0.5498390700209933,19200.08387240488,81.506746742165,0.002,-3.3977052539875547,1.8551405418236764,-0.9086333335968736,6.0,10.0,180.0,-0.4228822561408615,-6.295448920519831,-0.1337822670058214,-3.282259628206808,654.6062699298682,372.8087348937829,167.17181702448363,753.3228902344933,570.3000000000001,-0.4228822561408615,-0.7386025786399841,-0.6812887191772461,-0.6894006729125977,-0.6373821496963501,-0.6395770311355591,-0.6439472436904907,-0.7628054618835449,-0.5270857810974121,-0.7255241870880127,-0.6411548256874084,-0.6373023986816406,-0.6386703848838806,-0.62815260887146,-0.6447628736495972,-0.5201196670532227,-0.7261873483657837,-1.4137288331985474,-0.6804256439208984,-0.6410355567932129,-0.749321699142456,-0.798878014087677,-0.876785933971405,-0.6214632391929626,-0.811825692653656,-0.7211641073226929,-0.7906865477561951,-0.7957274913787842,-0.8038651943206787,-0.8455004692077637,-0.8010075092315674,-0.760825514793396,-0.6199685335159302,-0.6482021808624268,-0.6853748559951782,-0.004845708608627319,-0.5364040732383728,-0.6318082213401794,-0.8157652020454407,-0.7268026471138,0.1466992348432541
5099.0,101.97900000000004,-28.647904369241964,269.47649411864893,386.5460738855867,259010.999905408,-28.64802500000001,269.60140400000006,386.5459900000001,259106.7794840001,-0.0039867843382084,9.603656115190365,-0.0028310724568343,19200.000000000007,-0.0001206307581202,0.0001095773867614,-8.388690434617769e-05,0.0,-0.0014399621475575,0.0006680074741225,9.621819305979978,3.049851919970542,0.0026578329145262,-6.412295444730186,19200.376723915,-107.3246894377127,0.002,-3.3429482956824192,1.7728280068375382,-0.9314465557467594,6.0,10.0,180.0,-0.4062141877026827,-6.366793149904261,-0.1396490984127529,-3.2274226337252045,654.7706349649341,373.4003674468914,167.27340851224182,753.7589451172466,577.7250000000001,-0.4062141877026827,-0.7226693630218506,-0.6583240032196045,-0.667984127998352,-0.6261858940124512,-0.6140433549880981,-0.6269866824150085,-0.7525379657745361,-0.5361456274986267,-0.7152252197265625,-0.6259901523590088,-0.6149387359619141,-0.6204091310501099,-0.6080637574195862,-0.6250065565109253,-0.5391935110092163,-0.7075949907302856,-1.4604092836380005,-0.6533870697021484,-0.621407151222229,-0.7244239449501038,-0.7614107728004456,-0.8732424378395081,-0.6157186627388,-0.7990936040878296,-0.6989319324493408,-0.7933221459388733,-0.7566561698913574,-0.789818525314331,-0.8414833545684814,-0.7726256251335144,-0.6932908296585083,-0.6082644462585449,-0.6385177969932556,-0.6398434638977051,0.08057224750518799,-0.5367810130119324,-0.6165769100189209,-0.7892593741416931,-0.784280002117157,0.22306083142757416
5100.0,101.99900000000004,-28.648033313124223,269.6690611478639,386.54596371900186,259394.9985714694,-28.64802500000001,269.7934040000001,386.5459900000001,259490.7794840001,0.0002802106316002,9.584752353959631,0.0008775366738609,19200.000000000007,8.313123264381034e-06,-0.0004574519047278,2.628079391450328e-05,0.0,0.0112442405138252,2.869631444444264,9.603754675093786,-8.29926503543261,-0.0029119087610336,-2.012094540116648,19199.72451813748,-4.287095011766292,0.002,-3.389922858908556,1.81935301165874,-0.9088259357100256,6.0,10.0,180.0,-0.4140019040890675,-6.242162844744551,-0.138189146025764,-3.236177256959388,654.894317482467,372.9761837234457,167.2497042561209,753.6564725586234,577.7250000000001,-0.4140019040890675,-0.7560114860534668,-0.6874465942382812,-0.7356703281402588,-0.639093816280365,-0.6573935747146606,-0.6592346429824829,-0.7646176815032959,-0.5242069959640503,-0.7324509024620056,-0.6579080820083618,-0.6456427574157715,-0.6479148864746094,-0.6344541907310486,-0.6512291431427002,-0.4769383668899536,-0.7227334380149841,-1.3018399477005005,-0.7505913972854614,-0.6491480469703674,-0.7764857411384583,-0.8132990598678589,-0.8767514228820801,-0.6321213841438293,-0.8280770182609558,-0.7392181754112244,-0.8055583834648132,-0.819817304611206,-0.8373241424560547,-0.8715619444847107,-0.8109257221221924,-0.8235411047935486,-0.626775860786438,-0.6599225401878357,-0.7103841304779053,0.038058727979660034,-0.5200070738792419,-0.6412712335586548,-0.8175876140594482,-0.6706649661064148,0.19721098244190216
5101.0,102.01900000000003,-28.64787980086829,269.8610644040042,386.546024535717,259778.9949022552,-28.64802500000001,269.98540400000013,386.5459900000001,259874.7794840001,-0.0048370588492925,9.584632772641068,-0.0011506968925547,19200.000000000007,-0.0001451991335653,-0.0004607060206304,-3.453545209315181e-05,0.0,0.0011897216131145,-3.1129509420844848,9.609373916724504,-3.97455618093121,-0.0022401070297995,-3.4198747087001644,19200.15371435049,-30.051728566217424,0.002,-3.4686107637127286,1.759413378639633,-0.914554828894015,6.0,10.0,180.0,-0.3945138075923406,-6.269893074351652,-0.1377051618876576,-3.2710321239513696,654.8236587412335,373.19509186172286,167.26035212806045,753.7037362793117,577.7250000000001,-0.3945138075923406,-0.7048030495643616,-0.6410626173019409,-0.6841713190078735,-0.6155939102172852,-0.6087175607681274,-0.620595395565033,-0.7414351105690002,-0.5138481855392456,-0.702211856842041,-0.6232684254646301,-0.6048781871795654,-0.6122961044311523,-0.59599769115448,-0.6114495992660522,-0.48591941595077515,-0.6874676942825317,-1.354189157485962,-0.6858383417129517,-0.6084405183792114,-0.7101129293441772,-0.7484354376792908,-0.8706598877906799,-0.610765278339386,-0.7870733737945557,-0.692001461982727,-0.7775945663452148,-0.7784081101417542,-0.8083742260932922,-0.8512475490570068,-0.7654184103012085,-0.45254409313201904,-0.6019946336746216,-0.624965250492096,-0.6622596979141235,0.12487982213497162,-0.5174940228462219,-0.6110408902168274,-0.7769938707351685,-0.6913260221481323,0.1514308899641037
5102.0,102.03900000000002,-28.648059474669346,270.05284807405906,386.5459631107003,260162.99665891024,-28.64802500000001,270.1774040000001,386.5459900000001,260258.7794840001,0.001148248941758,9.591857599297525,0.0008965374574169,19200.000000000007,3.4474679777064786e-05,-0.0002441723949883,2.688933730894754e-05,0.0,-0.0024530243921098,-2.994407467467922,9.57053460610025,0.5483794280324368,-0.0043676358136181,2.993172187057355,19199.91307785888,-64.34129379672075,0.002,-3.426420630415724,1.7920285773178837,-0.9046717190749078,6.0,10.0,180.0,-0.4057792963602068,-6.336893505924199,-0.1372061179645479,-3.2622925382054326,654.2723293706167,372.8045459308614,167.1031760640302,753.0313681396558,577.7250000000001,-0.4057792963602068,-0.6945379972457886,-0.6424485445022583,-0.6569956541061401,-0.6182621121406555,-0.6064742803573608,-0.6063857674598694,-0.7459712028503418,-0.5101079940795898,-0.7010135650634766,-0.6157719492912292,-0.6055144667625427,-0.6084036827087402,-0.5956175327301025,-0.6096915602684021,-0.49182599782943726,-0.690432071685791,-1.4424214363098145,-0.6481735110282898,-0.6060278415679932,-0.6906812191009521,-0.7564100027084351,-0.8649937510490417,-0.606235682964325,-0.7747852802276611,-0.6830987334251404,-0.7629267573356628,-0.7761746644973755,-0.7876245975494385,-0.8303613066673279,-0.7644310593605042,-0.4217551350593567,-0.5989813804626465,-0.6154246926307678,-0.6630001068115234,0.11556842923164368,-0.5320287942886353,-0.6092063188552856,-0.7824108600616455,-0.7231865525245667,0.09783555567264557
5103.0,102.05900000000004,-28.648132620772184,270.2448967351061,386.5460019499069,260546.995271898,-28.64802500000001,270.3694040000001,386.5459900000001,260642.7794840001,0.0035897572785947,9.590231132559412,-0.0003968017482711,19200.000000000007,0.0001076208206897,-0.0002931329649227,-1.1949947032721829e-05,0.0,0.0041814862091709,0.4246570440337563,9.599114678849352,-8.913990055139294,-0.0053624396154079,0.7943558452295469,19199.98076942372,-25.734489514698872,0.002,-3.411356743078924,1.7649343325514737,-0.9113146845585076,6.0,10.0,180.0,-0.420434903714118,-6.294966574120701,-0.1371904345446836,-3.2730550438221586,654.4536646853084,372.84327296543074,167.14458803201512,753.2076840698279,577.7250000000001,-0.420434903714118,-0.7351762056350708,-0.6711728572845459,-0.7227259874343872,-0.6301493644714355,-0.6457744240760803,-0.6440266966819763,-0.7565169334411621,-0.5118927955627441,-0.7205520868301392,-0.6486911177635193,-0.6325825452804565,-0.6353397369384766,-0.6208372116088867,-0.6362023949623108,-0.4574889540672302,-0.7074235677719116,-1.2943307161331177,-0.7392783164978027,-0.6341561675071716,-0.7523210644721985,-0.7955121397972107,-0.8700733780860901,-0.6241067051887512,-0.8098691701889038,-0.7231075167655945,-0.7877459526062012,-0.8183110952377319,-0.8316413164138794,-0.865333080291748,-0.7968764305114746,-0.645835280418396,-0.6173564195632935,-0.6433588266372681,-0.7095003128051758,0.07270942628383636,-0.5149471163749695,-0.6314147710800171,-0.8046667575836182,-0.6449233889579773,0.14520706236362457
5104.0,102.07900000000004,-28.648012859380287,270.43671578266617,386.5459628484752,260930.9951269933,-28.64802500000001,270.5614040000001,386.5459900000001,261026.7794840001,-0.0004081689523266,9.596261369687202,0.0009086682593628,19200.000000000007,-1.2140710206190658e-05,-0.0001121841969388,2.715151919718143e-05,0.0,-0.0004943259366729,-1.9496818045386075,9.591805044694445,2.694417857154352,-0.0026786973256416,3.351103622861325,19199.586573623903,-60.160869394448966,0.002,-3.4451357810365617,1.7422410608307872,-0.915494901993672,6.0,10.0,180.0,-0.4130903342845954,-6.263654776451114,-0.1362177450908975,-3.282282819339136,654.3723323426542,372.90763648271536,167.13529401600755,753.168842034914,577.7250000000001,-0.4130903342845954,-0.7012814879417419,-0.6498655676841736,-0.6511885523796082,-0.6230922341346741,-0.60905522108078,-0.608923077583313,-0.7520697116851807,-0.5158166289329529,-0.706304669380188,-0.6174882650375366,-0.6101548671722412,-0.6118123531341553,-0.6004743576049805,-0.6147245168685913,-0.5051530599594116,-0.6974873542785645,-1.47932767868042,-0.6380200386047363,-0.6110039353370667,-0.695107102394104,-0.7646227478981018,-0.8656954169273376,-0.6079650521278381,-0.7783029079437256,-0.6855605840682983,-0.7659202218055725,-0.7727909088134766,-0.7833493947982788,-0.8269361853599548,-0.7703584432601929,-0.49570542573928833,-0.601414680480957,-0.6189053654670715,-0.6605527997016907,0.09407731890678406,-0.5392661690711975,-0.6119996309280396,-0.7878810167312622,-0.7476613521575928,0.10855664312839508
5105.0,102.09900000000005,-28.648010723858068,270.6288045334953,386.5460076890576,261314.9959154084,-28.64802500000001,270.75340400000016,386.5459900000001,261410.7794840001,-0.0004743836186686,9.593304271557574,-0.0005934141151246,19200.000000000007,-1.4276401340116289e-05,-0.0002010359377758,-1.768905543489324e-05,0.0,-0.0022084628108598,-1.9000017567535163,9.581806433560631,4.337892995501487,0.0055934668466298,-0.4814531917046144,19200.01742492228,34.286419444090654,0.002,-3.3970998139875,1.7275705330489926,-0.9010717570097432,6.0,10.0,180.0,-0.4169815895557177,-6.278790961380526,-0.1362310982887326,-3.267944296646106,654.1806661713272,372.8338182413577,167.08814700800377,752.965921017457,577.7250000000001,-0.4169815895557177,-0.70096755027771,-0.6465383768081665,-0.6471569538116455,-0.6209789514541626,-0.6020931005477905,-0.6083673238754272,-0.7484280467033386,-0.5232295989990234,-0.7051397562026978,-0.6133623719215393,-0.606376588344574,-0.6096940040588379,-0.5980552434921265,-0.6131942272186279,-0.5243409872055054,-0.6972746849060059,-1.506543755531311,-0.6288543343544006,-0.6091752052307129,-0.6941973567008972,-0.7530253529548645,-0.8650110363960266,-0.6073668003082275,-0.7787479162216187,-0.6821321845054626,-0.7723141312599182,-0.7550106644630432,-0.7777796983718872,-0.8268110156059265,-0.7618720531463623,-0.5207585096359253,-0.6005165576934814,-0.6214062571525574,-0.6431353688240051,0.10096769034862518,-0.5402731895446777,-0.6092318892478943,-0.7836482524871826,-0.7755785584449768,0.14695964753627777
5106.0,102.11900000000004,-28.648056563224024,270.8204481755171,386.5459639680357,261698.9975123437,-28.64802500000001,270.94540400000005,386.5459900000001,261794.7794840001,0.0010500546660493,9.605191124773247,0.0008687467039832,19200.000000000007,3.15636487775876e-05,0.0001556255726757,2.6031965059255103e-05,0.0,0.0029205643358187,-0.4194195506129802,9.57374819777049,5.789081259151041,0.0004984977747887,0.3686173502352056,19200.051395449515,8.651325956691755,0.002,-3.3793508592158803,1.7365568947712615,-0.913218967368116,6.0,10.0,180.0,-0.4209160387265864,-6.295878938590725,-0.1347663562315065,-3.261276367484732,654.0913330856636,372.4909091206789,167.0305735040019,752.7184605087285,577.7250000000001,-0.4209160387265864,-0.7103701829910278,-0.6571633815765381,-0.6471220850944519,-0.6275111436843872,-0.609708845615387,-0.613129198551178,-0.7550716400146484,-0.5280992984771729,-0.7119500637054443,-0.6177448630332947,-0.6149438619613647,-0.6162770986557007,-0.606311023235321,-0.6216455698013306,-0.5338281393051147,-0.7069770097732544,-1.535258412361145,-0.6265832185745239,-0.6176056861877441,-0.7041614055633545,-0.7653360962867737,-0.8665204644203186,-0.6103968620300293,-0.7852290868759155,-0.6879644393920898,-0.7753578424453735,-0.7588162422180176,-0.7750163078308105,-0.824519157409668,-0.7718478441238403,-0.6210387349128723,-0.6055834889411926,-0.627917468547821,-0.6469833850860596,0.07854442298412323,-0.5473010540008545,-0.6151341199874878,-0.7936691641807556,-0.7959584593772888,0.15700756013393402
5107.0,102.13900000000002,-28.64797932714878,271.01276956551175,386.54600899006414,262082.9985827556,-28.64802500000001,271.1374040000001,386.5459900000001,262178.77948400006,-0.0015194499131702,9.594475100992913,-0.0006294669231263,19200.000000000007,-4.567140934042776e-05,-0.0001657620860677,-1.899006397601123e-05,0.0,-0.0095155450925866,-0.6687816511266753,9.632788477927392,0.3064236665675004,-0.0007498699450432,-3.782110585429691,19199.981184621603,103.07249380381498,0.002,-3.380373241042628,1.7852167042269749,-0.8999263708023844,6.0,10.0,180.0,-0.409208055600569,-6.291961252964557,-0.1372008245582374,-3.243793005649954,654.4846665428317,373.69695456033946,167.24978675200094,753.6582302543643,577.7250000000001,-0.409208055600569,-0.7187859416007996,-0.6559336185455322,-0.6756874322891235,-0.623643696308136,-0.6138477921485901,-0.6253513097763062,-0.7511409521102905,-0.5268504619598389,-0.7127989530563354,-0.6254509687423706,-0.6138595938682556,-0.6187949180603027,-0.6059397459030151,-0.6219680309295654,-0.5143905282020569,-0.7022897005081177,-1.418793797492981,-0.6672790050506592,-0.6187196969985962,-0.7220319509506226,-0.7645204067230225,-0.8732362389564514,-0.614736020565033,-0.7965732216835022,-0.6995524764060974,-0.7863230109214783,-0.769190788269043,-0.7982003688812256,-0.8446953296661377,-0.775957465171814,-0.6177091598510742,-0.6059732437133789,-0.6332352757453918,-0.654068112373352,0.08598630130290985,-0.5296273827552795,-0.6156374216079712,-0.7871080636978149,-0.7432966232299805,0.19048704206943512
5108.0,102.15900000000002,-28.64799527999656,271.20440845610915,386.5460050349458,262467.00036514725,-28.64802500000001,271.32940400000007,386.5459900000001,262562.77948400006,-0.0009933943617735,9.60651300918669,-0.0004973976617775,19200.000000000007,-2.9819190330451063e-05,0.0001954466223103,-1.5034945704135864e-05,0.0,-0.0034234659963774,-0.5494061096485815,9.568118643292763,8.912529806215042,-0.0048712422969922,-1.1625918048703965,19200.01474626417,-51.49979052224042,0.002,-3.394423989305252,1.7750784405444973,-0.9185377588514044,6.0,10.0,180.0,-0.411138435029332,-6.277386630693427,-0.1357380873308737,-3.243258264723143,654.0558332714158,373.04897728016977,167.08739337600048,752.9641151271821,577.7250000000001,-0.411138435029332,-0.7054604291915894,-0.6529759168624878,-0.63864666223526,-0.6256387233734131,-0.6015171408653259,-0.6070961356163025,-0.753013014793396,-0.5334038734436035,-0.7098747491836548,-0.6117605566978455,-0.6096068024635315,-0.6113967299461365,-0.6022757291793823,-0.6179550886154175,-0.5538700222969055,-0.7064645290374756,-1.5997486114501953,-0.603015124797821,-0.613412618637085,-0.694687008857727,-0.7519063353538513,-0.8650174140930176,-0.6078550815582275,-0.7802101373672485,-0.6799923181533813,-0.7762056589126587,-0.740576982498169,-0.7619317770004272,-0.8193546533584595,-0.7609230875968933,-0.6200690865516663,-0.6019599437713623,-0.6253953576087952,-0.6284782886505127,0.08219993114471436,-0.5520195364952087,-0.610008716583252,-0.7892781496047974,-0.8308935761451721,0.1759480983018875
5109.0,102.17900000000004,-28.64801181002288,271.39666743278167,386.5459923471067,262850.9985099499,-28.64802500000001,271.5214040000001,386.5459900000001,262946.7794840002,-0.0004422498980957,9.597887577537154,-7.119059576716465e-05,19200.000000000007,-1.3190949320787042e-05,-6.343161017801606e-05,-2.3471065401794096e-06,0.0,-0.0065807427491549,1.6497149156282451,9.63648303150021,-5.012768686487535,-0.0099979178145618,0.6066389986336832,19200.10117934173,68.61880252465889,0.002,-3.373122382208789,1.798214487552771,-0.8987148190899772,6.0,10.0,180.0,-0.4101615445752782,-6.268115753097234,-0.1391632771049034,-3.245832451168718,654.5659166357079,373.9344886400849,167.29319668800025,753.8460575635911,570.3000000000001,-0.4101615445752782,-0.7392406463623047,-0.678159236907959,-0.7100023627281189,-0.6332829594612122,-0.6418962478637695,-0.6480064988136292,-0.759901762008667,-0.5187863707542419,-0.7238463163375854,-0.6435600519180298,-0.6346569061279297,-0.637498140335083,-0.625180721282959,-0.641255259513855,-0.4913659691810608,-0.7188959121704102,-1.340256690979004,-0.7096465826034546,-0.638451874256134,-0.7540858387947083,-0.7988113760948181,-0.8763591647148132,-0.6222652792930603,-0.8143269419670105,-0.7269883751869202,-0.7936720252037048,-0.8097578883171082,-0.8198839426040649,-0.8576836585998535,-0.8014450073242188,-0.6940106153488159,-0.6173041462898254,-0.6455178260803223,-0.6985859274864197,0.0007193386554718018,-0.5213441252708435,-0.6299815773963928,-0.8095957040786743,-0.6681061387062073,0.13970668613910675
5110.0,102.19900000000004,-28.64804203013597,271.58857248203265,386.5459657403063,263234.99979107385,-28.64802500000001,271.7134040000001,386.5459900000001,263330.7794840001,0.0005676863000503,9.60104664144434,0.0008080416249611,19200.000000000007,1.7028747481149646e-05,3.141637154833991e-05,2.4259693872523284e-05,0.0,-0.0014435397460537,2.131043124743422,9.605224071495154,5.438225921282587,0.0031731488788769,3.419165627972666,19200.068310686936,4.2284705771244,0.002,-3.399319011325893,1.7685037898840974,-0.9078870792774884,6.0,10.0,180.0,-0.4121039614755474,-6.332001108430719,-0.1362381979357059,-3.2432673313863374,654.561458317854,373.6982443200424,167.26509834400014,753.7250287817956,570.3000000000001,-0.4121039614755474,-0.7284048795700073,-0.6781371831893921,-0.6584471464157104,-0.6374861598014832,-0.6276520490646362,-0.6300702095031738,-0.765846848487854,-0.529453694820404,-0.723438024520874,-0.6315754652023315,-0.6313188076019287,-0.6306324601173401,-0.6229257583618164,-0.6388245820999146,-0.5407067537307739,-0.7262140512466431,-1.524053692817688,-0.6332160234451294,-0.6343643665313721,-0.7281809449195862,-0.7898308038711548,-0.8733662962913513,-0.6162934899330139,-0.7991275787353516,-0.7080631256103516,-0.7801772952079773,-0.7786756753921509,-0.7800016403198242,-0.8270388245582581,-0.7925684452056885,-0.7354739308357239,-0.6133078336715698,-0.6379187703132629,-0.6683477163314819,-0.011368751525878906,-0.5493461489677429,-0.62480628490448,-0.8126645088195801,-0.7737541198730469,0.12802554666996002
5111.0,102.21900000000004,-28.648056753457432,271.7809749071828,386.545960789578,263619.0005006372,-28.64802500000001,271.9054040000001,386.5459900000001,263714.7794840001,0.0010596326776936,9.587631099093572,0.000969132125776,19200.000000000007,3.175314643800516e-05,-0.0003710107890457,2.921042211802717e-05,0.0,-0.0066004494375077,1.8386433852185544,9.623277065300313,-4.401316309695769,-0.0012261463226518,4.15647162046246,19200.05145225097,94.46105241438715,0.002,-3.434569311915537,1.7736810005234676,-0.9105104800216374,6.0,10.0,180.0,-0.4130507835180284,-6.278291618672371,-0.1381976708092548,-3.243819359008865,654.666729158927,374.0476221600212,167.32654917200006,753.9895143908977,577.7250000000001,-0.4130507835180284,-0.7392309308052063,-0.681052029132843,-0.7042582035064697,-0.6364783644676208,-0.6478110551834106,-0.6410470604896545,-0.766268253326416,-0.5173406600952148,-0.7270452976226807,-0.6443036198616028,-0.6379308700561523,-0.6372932195663452,-0.6265180706977844,-0.6416553258895874,-0.4754512906074524,-0.7177029848098755,-1.3541433811187744,-0.7099478840827942,-0.6389703750610352,-0.7509280443191528,-0.8128297924995422,-0.8742554187774658,-0.6230558753013611,-0.81212317943573,-0.7217733860015869,-0.7876951694488525,-0.8165449500083923,-0.8189809918403625,-0.8528017997741699,-0.8075839281082153,-0.7273175716400146,-0.6172890663146973,-0.6427070498466492,-0.7062326669692993,0.04229596257209778,-0.5288974642753601,-0.632788360118866,-0.812480628490448,-0.6853647232055664,0.13615365326404572
5112.0,102.23900000000005,-28.648052597319342,271.9730274765771,386.5459863888617,264003.00101927744,-28.64802500000001,272.0974040000001,386.5459900000001,264098.77948400006,0.000924140795346,9.585877673641033,0.0001225961333906,19200.000000000007,2.759758590229209e-05,-0.0004237776739778,3.61113839335267e-06,0.0,0.0014636555920126,0.0562413561999761,9.601585196247822,-0.9687384282667468,0.0127020481327901,2.368970476250378,19200.20439254128,-60.00693145629669,0.002,-3.4267279011990124,1.7671722657645508,-0.9088902563916658,6.0,10.0,180.0,-0.4160072616971214,-6.269570864849069,-0.1357601320918846,-3.240791031563788,654.6258645794635,373.5958110800106,167.266274586,753.7297571954489,577.7250000000001,-0.4160072616971214,-0.7221248745918274,-0.665514349937439,-0.6797479391098022,-0.6297345161437988,-0.6283657550811768,-0.6272442936897278,-0.7585393190383911,-0.519093930721283,-0.7171903848648071,-0.6315224170684814,-0.6244204044342041,-0.6256481409072876,-0.6141928434371948,-0.6294119358062744,-0.49443477392196655,-0.7083473205566406,-1.4067447185516357,-0.6765376329421997,-0.6259558796882629,-0.7271090745925903,-0.7873297929763794,-0.8731318116188049,-0.6164204478263855,-0.7976604700088501,-0.7050185799598694,-0.7795879244804382,-0.7939800024032593,-0.8030827045440674,-0.8423154354095459,-0.7893965244293213,-0.6280623078346252,-0.6103190183639526,-0.6333034634590149,-0.6807141304016113,0.07095316052436829,-0.533797562122345,-0.6231152415275574,-0.8002042770385742,-0.7210543155670166,0.13387282192707062
5113.0,102.25900000000004,-28.64810236133668,272.1651288869165,386.546009768004,264386.9977208846,-28.64802500000001,272.2894040000001,386.5459900000001,264482.7794840001,0.0025794200379187,9.582498493777525,-0.0006570217521612,19200.000000000007,7.736140537292722e-05,-0.0005250854763183,-1.97680038625027e-05,0.0,0.0065757202375759,1.955691964258623,9.604983039650232,-0.5435874258836396,0.0095263478485289,-2.3750544356970424,19199.860358628648,60.06891891163756,0.002,-3.408987383865614,1.7582463171541376,-0.9101054943348088,6.0,10.0,180.0,-0.4243411163688868,-6.286175063312712,-0.1367301479649373,-3.2648545236651154,654.7449322897318,373.25240554000527,167.251137293,753.6633785977244,577.7250000000001,-0.4243411163688868,-0.739648699760437,-0.6765766143798828,-0.6906294226646423,-0.6354376077651978,-0.6349315643310547,-0.6407403945922852,-0.7623356580734253,-0.5319015979766846,-0.7259132266044617,-0.6378568410873413,-0.6329435110092163,-0.6350544691085815,-0.6237629055976868,-0.6404736042022705,-0.5152611136436462,-0.7194079160690308,-1.4050401449203491,-0.6883466839790344,-0.6371912360191345,-0.7491322755813599,-0.794693112373352,-0.8777125477790833,-0.6227403283119202,-0.8129791617393494,-0.7162216901779175,-0.7953237295150757,-0.7876415252685547,-0.8073488473892212,-0.8495522737503052,-0.798903226852417,-0.7907818555831909,-0.618054986000061,-0.6486882567405701,-0.6746412515640259,0.050674185156822205,-0.5356561541557312,-0.6301338076591492,-0.807698130607605,-0.7472255825996399,0.19980795681476593
5114.0,102.27900000000002,-28.648034040214885,272.35692579590534,386.5460126732316,264771.000388105,-28.64802500000001,272.48140400000005,386.5459900000001,264866.7794840001,0.0003351901691984,9.589272444499024,-0.0007548469967941,19200.000000000007,9.040170418637028e-06,-0.0003218961059341,-2.267323150550592e-05,0.0,0.0024539722371373,1.2753831710644696,9.61057433679306,2.738256635146402,0.0024253862563685,-3.662779789864025,19200.359467539103,-60.153788892549855,0.002,-3.400053210719597,1.7764630431548538,-0.8997423736512682,6.0,10.0,180.0,-0.4194432876551238,-6.3051635729339655,-0.1391617186550991,-3.2535419064697826,654.7864661448659,373.3077027700026,167.2660686465,753.7266892988622,577.7250000000001,-0.4194432876551238,-0.7312486171722412,-0.6693276166915894,-0.6724920272827148,-0.6324709057807922,-0.6240078210830688,-0.6322622895240784,-0.7594684958457947,-0.5356453657150269,-0.7216708660125732,-0.63074791431427,-0.6249867081642151,-0.6279057264328003,-0.6170461177825928,-0.6337791681289673,-0.5338897705078125,-0.7160224318504333,-1.457801342010498,-0.6611573696136475,-0.6301677227020264,-0.7351166605949402,-0.7800953984260559,-0.8750754594802856,-0.6190829277038574,-0.8049933910369873,-0.7062286138534546,-0.7923786044120789,-0.7700457572937012,-0.7933127880096436,-0.8410102725028992,-0.786730170249939,-0.7635525465011597,-0.6133776903152466,-0.6434505581855774,-0.654848575592041,0.05997663736343384,-0.5407423973083496,-0.6236317753791809,-0.8005666136741638,-0.7806264162063599,0.20987354218959808
5115.0,102.29900000000004,-28.64801266963344,272.54922342695204,386.5460028965121,265155.0009019521,-28.64802500000001,272.67340400000006,386.5459900000001,265250.7794840002,-0.0004106118658566,9.579339636922771,-0.0004309381905642,19200.000000000007,-1.2330374541960769e-05,-0.000620029832149,-1.289651200985452e-05,0.0,0.0075511794200014,0.306146817896175,9.576915004444505,-9.58172119408109,0.0019478379804927,-1.95022346337348,19199.913916619567,-0.008236465771705,0.002,-3.4274066972559467,1.7865884669623138,-0.91728689123775,6.0,10.0,180.0,-0.4179758773443925,-6.186466590619363,-0.1386666035677474,-3.2371687760319467,654.521233072433,372.6213513850013,167.13303432325,753.156344649431,577.7250000000001,-0.4179758773443925,-0.7357438206672668,-0.6686568856239319,-0.7274478673934937,-0.6283918023109436,-0.643765389919281,-0.6463395953178406,-0.7527724504470825,-0.5144467949867249,-0.7193444967269897,-0.6492884159088135,-0.6313365697860718,-0.6356544494628906,-0.6200728416442871,-0.6361595392227173,-0.4621070623397827,-0.7064245939254761,-1.2851132154464722,-0.745714545249939,-0.6339440941810608,-0.7557026147842407,-0.7880099415779114,-0.8703934550285339,-0.6249162554740906,-0.8112980723381042,-0.7242802381515503,-0.7916508316993713,-0.8132116794586182,-0.8348900675773621,-0.8694820404052734,-0.7926589846611023,-0.6448774933815002,-0.6182401776313782,-0.6467027068138123,-0.7038745880126953,0.08160945773124695,-0.5120729804039001,-0.6313127875328064,-0.8027204275131226,-0.6471851468086243,0.16685451567173004
5116.0,102.31900000000005,-28.64799410261976,272.7403750730407,386.54602735368354,265539.0027197465,-28.64802500000001,272.865404,386.5459900000001,265634.77948400006,-0.0010280639643575,9.607622694414117,-0.0012455043597052,19200.000000000007,-3.089737825858459e-05,0.000228723659103,-3.735368341296506e-05,0.0,0.0066039183213827,-0.3686635481103498,9.602767413437396,3.793287109446041,-0.0117037189676183,-3.5381464387891244,19200.239449059936,-77.20616113717836,0.002,-3.4397974386704067,1.7809985874246792,-0.91233547494932,6.0,10.0,180.0,-0.4145507734340706,-6.28325029624747,-0.1420827174686876,-3.230017155733892,654.6656165362165,372.7256756925007,167.174517161625,753.3336723247155,577.7250000000001,-0.4145507734340706,-0.7173103094100952,-0.657279908657074,-0.6598867177963257,-0.6271052360534668,-0.6126955151557922,-0.6217432022094727,-0.7536107301712036,-0.531618058681488,-0.7134317755699158,-0.6226770877838135,-0.6149585843086243,-0.618934690952301,-0.6072145104408264,-0.6233340501785278,-0.5350469946861267,-0.7066938877105713,-1.4832669496536255,-0.6448466777801514,-0.619735062122345,-0.7157950401306152,-0.7637333869934082,-0.8709126114845276,-0.6136195063591003,-0.7934120893478394,-0.694785475730896,-0.7859718799591064,-0.7586929798126221,-0.7851694226264954,-0.8353825807571411,-0.7723627090454102,-0.6564143896102905,-0.6078406572341919,-0.6343724131584167,-0.6444727182388306,0.08167034387588501,-0.5407388210296631,-0.6164865493774414,-0.7912571430206299,-0.7851898670196533,0.19246821105480194
5117.0,102.33900000000004,-28.648033198273048,272.9326192762437,386.5459757232762,265923.001809658,-28.64802500000001,273.0574040000001,386.5459900000001,266018.7794840001,0.0002735995762254,9.599484432931863,0.0004796633549264,19200.000000000007,8.198273837968804e-06,-1.5476837104488563e-05,1.4276723956072393e-05,0.0,0.0012196184918173,-1.643259446396612,9.576433140177553,-5.069923191859862,-0.0063459599186743,2.2561629991042387,19199.843573390688,-29.99729705446108,0.002,-3.440718868108563,1.7627701765947783,-0.9273273361914192,6.0,10.0,180.0,-0.4184396493887166,-6.291650993520188,-0.1401359101556711,-3.240797116696507,654.3328082681082,372.5398378462503,167.0852585808125,752.9528361623577,577.7250000000001,-0.4184396493887166,-0.7126134634017944,-0.6548359394073486,-0.6898117065429688,-0.6230199337005615,-0.6265006065368652,-0.6244011521339417,-0.749656081199646,-0.5081655979156494,-0.70909583568573,-0.6304899454116821,-0.6181938648223877,-0.6211806535720825,-0.6070821285247803,-0.6216003894805908,-0.4677613079547882,-0.6967045068740845,-1.3476886749267578,-0.6985387206077576,-0.618834376335144,-0.7210063934326172,-0.7770066261291504,-0.868272602558136,-0.6134839057922363,-0.7923318147659302,-0.7025062441825867,-0.7730803489685059,-0.8009250164031982,-0.8117947578430176,-0.8488960266113281,-0.7811503410339355,-0.5102846026420593,-0.60787433385849,-0.6281317472457886,-0.6895674467086792,0.10200466215610504,-0.521332859992981,-0.6201084852218628,-0.792533278465271,-0.6731551289558411,0.11275240778923035
5118.0,102.35900000000004,-28.64804392565414,273.1246980124037,386.5459823210869,266307.0002272578,-28.64802500000001,273.24940400000014,386.5459900000001,266402.77948400006,0.0006256938118008,9.596856512966836,0.0002560246338641,19200.000000000007,1.892565418321066e-05,-9.430826891916027e-05,7.678913146194801e-06,0.0,0.001942537204193,-2.013255350196208,9.624759706152563,-2.5681736522860907,0.0009787337197246,1.7069840441109627,19199.86059506071,-51.54107479682243,0.002,-3.358375295422848,1.7204328095172607,-0.9034226658692784,6.0,10.0,180.0,-0.4213945048380411,-6.272972336948887,-0.1396519428700309,-3.248984793049206,654.7359041340542,373.2019189231252,167.24362929040626,753.6309180811788,577.7250000000001,-0.4213945048380411,-0.709816575050354,-0.6519454717636108,-0.6790843605995178,-0.6224775910377502,-0.6178935766220093,-0.6207038164138794,-0.7512224912643433,-0.5120407938957214,-0.7082911133766174,-0.625308096408844,-0.6133500337600708,-0.6169917583465576,-0.6032029390335083,-0.6177595853805542,-0.48167261481285095,-0.6953049898147583,-1.3806005716323853,-0.6778671145439148,-0.6147964000701904,-0.7120469808578491,-0.7705148458480835,-0.8706967234611511,-0.612119734287262,-0.7891387343406677,-0.6974151134490967,-0.7739218473434448,-0.7912401556968689,-0.8042305707931519,-0.8442509174346924,-0.7769986987113953,-0.503775954246521,-0.604641854763031,-0.6243331432342529,-0.6767250299453735,0.09749409556388855,-0.5262072086334229,-0.6160836815834045,-0.7875952124595642,-0.6957706809043884,0.11653916537761688
5119.0,102.37900000000003,-28.647998725855068,273.3169568906484,386.545958833052,266690.9998659789,-28.64802500000001,273.44140400000015,386.5459900000001,266786.7794840001,-0.0008717626229589,9.588227675296402,0.0010360096651595,19200.000000000007,-2.6274144938905312e-05,-0.0003532850052751,3.116694814374244e-05,0.0,0.0110095573696469,-1.5321513396286808,9.58593499043941,0.8007188492051458,0.0024206913841704,1.1003234713848833,19199.63892837957,-43.00308408941492,0.002,-3.3733047372704688,1.7874215628508523,-0.8999213448265592,6.0,10.0,180.0,-0.4228751172573299,-6.197120402807455,-0.1357361260167598,-3.268919244568419,654.667952067027,372.5979594615626,167.16031464520313,753.2729590405894,577.7250000000001,-0.4228751172573299,-0.7089024186134338,-0.6531145572662354,-0.6654587984085083,-0.6247525811195374,-0.6145626902580261,-0.617469072341919,-0.7522037625312805,-0.5182212591171265,-0.7089927196502686,-0.6225986480712891,-0.614195704460144,-0.6170756816864014,-0.6045252680778503,-0.6194998025894165,-0.5040149092674255,-0.6999720931053162,-1.439734935760498,-0.6569689512252808,-0.6159383654594421,-0.7081466317176819,-0.7679367065429688,-0.8693960309028625,-0.611565113067627,-0.7868020534515381,-0.6930075883865356,-0.773544430732727,-0.7778993844985962,-0.792991042137146,-0.8357827663421631,-0.7745593190193176,-0.5425143837928772,-0.6059324741363525,-0.6263889670372009,-0.6647526621818542,0.09416911005973816,-0.5358129739761353,-0.6163888573646545,-0.7908948659896851,-0.7387922406196594,0.12876947224140167
5120.0,102.39900000000004,-28.647920050066283,273.508853837356,386.5460020254173,267075.00126107724,-28.64802500000001,273.63340400000004,386.5459900000001,267170.7794840001,-0.0035007614260238,9.5916698376501,-0.0003995568479785,19200.000000000007,-0.0001049499337257,-0.0002499359495506,-1.2025416982286928e-05,0.0,-0.011215646257527,-1.337227720267809,9.575915794102634,-0.1254953304286775,-0.0038787241061483,0.1809928944483129,19200.12054139292,30.046780399941884,0.002,-3.380570716895005,1.781403287644646,-0.901755040901589,6.0,10.0,180.0,-0.4042919728996009,-6.244526702354047,-0.1376836692200034,-3.2514698180349426,654.0854760335135,372.89147973078127,167.07565732260156,752.9119795202947,577.7250000000001,-0.4042919728996009,-0.7089595794677734,-0.6524444818496704,-0.6693297624588013,-0.622048020362854,-0.6136053800582886,-0.6173169612884521,-0.7488361597061157,-0.5177597999572754,-0.708354115486145,-0.621510922908783,-0.6132261753082275,-0.6162043809890747,-0.603905200958252,-0.6189119815826416,-0.49944639205932617,-0.6989814043045044,-1.4244866371154785,-0.6642835140228271,-0.6154662370681763,-0.7115846872329712,-0.7656107544898987,-0.8693946003913879,-0.6114040017127991,-0.7881791591644287,-0.694056510925293,-0.7745810151100159,-0.7776774168014526,-0.7955275774002075,-0.8381080627441406,-0.7745746374130249,-0.5383759140968323,-0.6043670177459717,-0.6267043352127075,-0.6641640067100525,0.0979149341583252,-0.5304306149482727,-0.6148649454116821,-0.7886128425598145,-0.7289837002754211,0.14410988986492157
5121.0,102.41900000000004,-28.64796604826777,273.7004200547347,386.5459883663695,267459.0034821656,-28.64802500000001,273.8254040000001,386.5459900000001,267554.7794840001,-0.0019677279287404,9.606122522613182,5.468593695071957e-05,19200.000000000007,-5.895173224362753e-05,0.0001835425863988,1.6336319254661716e-06,0.0,-0.0002513982605973,-2.3810468502712525,9.559826045045424,4.70018421420936,0.0085248793007516,0.6689272860086272,19199.91341147072,-17.084140004728376,0.002,-3.392247013530002,1.8373100238499167,-0.9054436105277612,6.0,10.0,180.0,-0.4077116649472337,-6.275396571720002,-0.1372085339808953,-3.233047649824184,653.8227380167567,372.4047398653906,166.96582866130078,752.4424897601473,570.3000000000001,-0.4077116649472337,-0.6934045553207397,-0.6432219743728638,-0.6453733444213867,-0.618431568145752,-0.5976990461349487,-0.6075092554092407,-0.7436109781265259,-0.5182503461837769,-0.6999447345733643,-0.611611008644104,-0.6039002537727356,-0.6080849170684814,-0.5962206125259399,-0.6113691926002502,-0.5320230722427368,-0.6979190111160278,-1.5246518850326538,-0.6158604621887207,-0.6067747473716736,-0.6862576007843018,-0.7447507977485657,-0.8627641797065735,-0.6036276817321777,-0.7729953527450562,-0.6817609071731567,-0.7672985196113586,-0.7536300420761108,-0.7717739343643188,-0.8218754529953003,-0.7532997727394104,-0.4362362027168274,-0.5988564491271973,-0.6174048781394958,-0.6440935134887695,0.06157355010509491,-0.5379944443702698,-0.6060913801193237,-0.78423672914505,-0.7573105692863464,0.10180085897445679
5122.0,102.43900000000004,-28.648036091167587,273.8921290112263,386.5460098006821,267843.00202414964,-28.64802500000001,274.0174040000001,386.5459900000001,267938.7794840001,0.0003743040395142,9.615824484564834,-0.0006940952689762,19200.000000000007,1.1091167579856653e-05,0.0004746863994199,-1.9800680710878483e-05,0.0,-0.011480485031499,0.7252443310756818,9.632802975063845,5.369180621080624,-0.0014767058990412,-3.4692626325029066,19199.92921945169,128.80518177357325,0.002,-3.450501700112763,1.7938921870166986,-0.9289158753666312,6.0,10.0,180.0,-0.4057694890251486,-6.315988397782341,-0.1396551722996438,-3.2361318986074883,654.3128690083784,373.7218699326953,167.2174143306504,753.5212448800737,570.3000000000001,-0.4057694890251486,-0.721556544303894,-0.6637029051780701,-0.660412073135376,-0.6281850337982178,-0.6109961271286011,-0.6273233890533447,-0.754694938659668,-0.5346572399139404,-0.7158890962600708,-0.6247532367706299,-0.6174287796020508,-0.6216287612915039,-0.6113420724868774,-0.6280142068862915,-0.5534758567810059,-0.7153799533843994,-1.5109546184539795,-0.6304996013641357,-0.6238718032836914,-0.7208322286605835,-0.7636268734931946,-0.8713768720626831,-0.6134213805198669,-0.7963558435440063,-0.7012709379196167,-0.7890403866767883,-0.7567250728607178,-0.7790586948394775,-0.8327771425247192,-0.7723339796066284,-0.6825499534606934,-0.607441246509552,-0.6357938647270203,-0.6421754956245422,0.017337411642074585,-0.5404283404350281,-0.6154071688652039,-0.7953755855560303,-0.7818388938903809,0.18113397061824799
5123.0,102.45900000000005,-28.648048775717,274.0844961383463,386.54600220486327,268227.0023006728,-28.64802500000001,274.209404,386.5459900000001,268322.77948400006,0.0007934359202795,9.603587312604112,-0.0004015309617677,19200.000000000007,2.377571698256581e-05,0.0001075630081264,-1.2204879537960318e-05,0.0,-0.0078310876262147,-0.1750337587210369,9.602284814058413,4.030904620365357,-0.0116995259721397,-2.8130230235576605,19199.96322886564,-64.39701347885268,0.002,-3.415337181349775,1.765097221561876,-0.9093718087503654,6.0,10.0,180.0,-0.409658404004024,-6.240767793350393,-0.1396386789478836,-3.2535667116844182,654.2779345041893,373.7639349663476,167.21520716532518,753.5116224400368,570.3000000000001,-0.409658404004024,-0.714414656162262,-0.6575009822845459,-0.6600790619850159,-0.6248611211776733,-0.6085892915725708,-0.6235874891281128,-0.7502163648605347,-0.5288759469985962,-0.7112523317337036,-0.6229026913642883,-0.6139776706695557,-0.6186205148696899,-0.6075323820114136,-0.6239193677902222,-0.5433604717254639,-0.7101036310195923,-1.4905507564544678,-0.6348227858543396,-0.6196339130401611,-0.7150881290435791,-0.7589098811149597,-0.870055615901947,-0.611483633518219,-0.7916779518127441,-0.6981513500213623,-0.7838960886001587,-0.7580698132514954,-0.7811572551727295,-0.8333106637001038,-0.76800936460495,-0.6058635115623474,-0.605302095413208,-0.6320897936820984,-0.6449013948440552,0.03405441343784332,-0.536305844783783,-0.6131311655044556,-0.7922241687774658,-0.7651195526123047,0.16349159181118011
5124.0,102.47900000000004,-28.648128715977613,274.2767165602309,386.54594420380806,268610.99954973534,-28.64802500000001,274.40140400000007,386.5459900000001,268706.7794840002,0.0034606843964988,9.596239844935122,0.0015222697979658,19200.000000000007,0.0001037159773659,-0.0001128557092054,4.5796150579339525e-05,0.0,-0.0011992338886437,2.1369378037477027,9.619414148334858,-2.9931044414286903,0.0036570476948086,2.868918764351561,19200.11870477564,98.62566431026367,0.002,-3.421582335583557,1.7553110465505544,-0.9091776897235032,6.0,10.0,180.0,-0.4233352964581474,-6.217200800570572,-0.1362218417823864,-3.2633117090834127,654.5849672520947,373.8329674831738,167.2856035826626,753.8123112200185,577.7250000000001,-0.4233352964581474,-0.7408421039581299,-0.6818792223930359,-0.698857843875885,-0.6374598741531372,-0.6456542611122131,-0.6414159536361694,-0.7667913436889648,-0.5219312310218811,-0.7280464172363281,-0.643197238445282,-0.6381497979164124,-0.6377123594284058,-0.6272029876708984,-0.6427431702613831,-0.4874674081802368,-0.719855785369873,-1.373826265335083,-0.7026104927062988,-0.6398600339889526,-0.751431941986084,-0.8108517527580261,-0.8759505152702332,-0.6230582594871521,-0.8131251335144043,-0.7209199070930481,-0.789958655834198,-0.8104632496833801,-0.8155430555343628,-0.8508908748626709,-0.8077341318130493,-0.7599777579307556,-0.618161678314209,-0.6449454426765442,-0.698854386806488,0.039746299386024475,-0.5323466658592224,-0.6330424547195435,-0.813064455986023,-0.7057942748069763,0.1522298902273178
5125.0,102.49900000000002,-28.64807615197245,274.4685574137094,386.5459480871158,268995.000681398,-28.64802500000001,274.5934040000001,386.5459900000001,269090.77948400006,0.0017077305605733,9.601545467691762,0.0013963858970255,19200.000000000007,5.115197199147946e-05,4.638760960210294e-05,4.191302356685435e-05,0.0,-0.0095416963574339,0.8501833969661513,9.603766622213223,1.5260010241074569,-0.0109723623636037,4.207122870125582,19199.983247078824,-0.0596722787931753,0.002,-3.3994916642275546,1.817579794512311,-0.9107989771544324,6.0,10.0,180.0,-0.4218733423700668,-6.306541413362079,-0.1362435381734393,-3.265339885470533,654.3979836260473,373.9014837415869,167.2553017913313,753.6836556100093,577.7250000000001,-0.4218733423700668,-0.723287045955658,-0.6703927516937256,-0.6680947542190552,-0.6327289342880249,-0.6285358667373657,-0.6242107152938843,-0.7626147270202637,-0.5211610794067383,-0.7200322151184082,-0.6303369998931885,-0.6268516778945923,-0.6259274482727051,-0.6167670488357544,-0.6315901279449463,-0.5034545660018921,-0.7135066986083984,-1.4514721632003784,-0.6606636047363281,-0.6280500888824463,-0.7252535820007324,-0.7931494116783142,-0.8717780709266663,-0.6162981986999512,-0.7963329553604126,-0.7035613656044006,-0.7761192917823792,-0.790762186050415,-0.7944844961166382,-0.8344859480857849,-0.7929573059082031,-0.6670228242874146,-0.6098954081535339,-0.6326602697372437,-0.6781790852546692,0.05545635521411896,-0.5403575301170349,-0.6232010126113892,-0.8041771054267883,-0.7427945137023926,0.13389484584331512
5126.0,102.51900000000003,-28.64803822927781,274.66070711576623,386.5460076129269,269379.00062466913,-28.64802500000001,274.7854040000001,386.5459900000001,269474.77948400006,0.0004410650281892,9.596556489461658,-0.0005904294689995,19200.000000000007,1.3229280846754362e-05,-0.0001033207654446,-1.7612711898629148e-05,0.0,0.0085472208271863,1.5260311216940008,9.590538285760726,-2.9261755451811675,0.0095213866384151,1.2877552907604295,19200.068804876824,55.88945539683315,0.002,-3.3982272884333047,1.820611912372588,-0.8974635607816266,6.0,10.0,180.0,-0.4242920185864253,-6.266667151356548,-0.1337995215028271,-3.273030926153782,654.5019918130237,373.1027418707935,167.18465089566564,753.3788278050047,577.7250000000001,-0.4242920185864253,-0.7364025115966797,-0.6764668226242065,-0.696715235710144,-0.6350704431533813,-0.6412642598152161,-0.6392983198165894,-0.7625464200973511,-0.5223387479782104,-0.724476158618927,-0.6406071186065674,-0.6347557902336121,-0.6355047225952148,-0.6239839196205139,-0.639802098274231,-0.4914873242378235,-0.7165470719337463,-1.376158595085144,-0.7008732557296753,-0.6367441415786743,-0.7473082542419434,-0.8020586371421814,-0.8754746317863464,-0.6217215061187744,-0.810517430305481,-0.7173130512237549,-0.7894008755683899,-0.8045051097869873,-0.8137677907943726,-0.8506265878677368,-0.801663875579834,-0.72974693775177,-0.6177865862846375,-0.6445716619491577,-0.6925450563430786,0.054615288972854614,-0.5317819118499756,-0.631497323513031,-0.8099256753921509,-0.711950957775116,0.15733702480793
5127.0,102.53900000000004,-28.64803328673499,274.85246199205807,386.5459765759802,269763.000668822,-28.64802500000001,274.9774040000001,386.5459900000001,269858.77948400006,0.000303089942139,9.60472464874395,0.0004485749299016,19200.000000000007,8.286746805228367e-06,0.0001418027360436,1.342338198568184e-05,0.0,0.0031689011922973,2.0185523944862167,9.60377608304388,2.681328160571341,0.0050990199911097,1.5810987208364344,19200.323838067943,-8.478201300543116,0.002,-3.45526763175484,1.832527415303309,-0.9160731715735292,6.0,10.0,180.0,-0.4228431665699055,-6.228607603985194,-0.1347528947802178,-3.2694569013783976,654.6004959065118,373.09937093539673,167.20432544783282,753.4624139025024,577.7250000000001,-0.4228431665699055,-0.7339749336242676,-0.6778606176376343,-0.6707361936569214,-0.637598991394043,-0.6323962211608887,-0.6321133971214294,-0.7664759159088135,-0.5304128527641296,-0.7257261276245117,-0.634162962436676,-0.6328617334365845,-0.6322745680809021,-0.6231939792633057,-0.6390016674995422,-0.521044135093689,-0.721314013004303,-1.465881109237671,-0.6620852947235107,-0.6354389786720276,-0.7367817163467407,-0.7977142930030823,-0.8744439482688904,-0.6199870109558105,-0.8049699068069458,-0.7092289924621582,-0.7851107716560364,-0.7853567600250244,-0.7940315008163452,-0.8364496827125549,-0.798369288444519,-0.7802767753601074,-0.6158854365348816,-0.6422587633132935,-0.6735160946846008,0.04126794636249542,-0.5456337332725525,-0.6286091804504395,-0.8103183507919312,-0.7694475054740906,0.16802580654621124
5128.0,102.559,-28.64802925519167,275.0444523769116,386.5460164695707,270147.00171097124,-28.64802500000001,275.1694040000001,386.5459900000001,270242.7794840002,0.0001415597107972,9.60505141999528,-0.0009489793032617,19200.000000000007,4.255164204976524e-06,0.0001515227449939,-2.64710493808632e-05,0.0,-0.0085483535816673,-0.3127074520937679,9.600099948191202,-1.712599026491897,0.008302497053474,-1.337351322319977,19199.87696581729,21.40257023535872,0.002,-3.4204521717483107,1.7636605177427034,-0.9211038233203932,6.0,10.0,180.0,-0.419950159779434,-6.268502904164918,-0.138173572277115,-3.260723696640504,654.3832479532559,373.4426854676984,167.1996627239164,753.4437069512512,577.7250000000001,-0.419950159779434,-0.7210100889205933,-0.6602686643600464,-0.6842221021652222,-0.6254582405090332,-0.6216436624526978,-0.6279416084289551,-0.7525548338890076,-0.521681547164917,-0.7144240140914917,-0.6287213563919067,-0.619665265083313,-0.6230966448783875,-0.6104476451873779,-0.6261860132217407,-0.4984273314476013,-0.7044886946678162,-1.391722559928894,-0.6824681758880615,-0.622905433177948,-0.7283638119697571,-0.7754212021827698,-0.8736087679862976,-0.6159747242927551,-0.7989385724067688,-0.7042665481567383,-0.7842061519622803,-0.7847070693969727,-0.8052911162376404,-0.8470249176025391,-0.7837390899658203,-0.6157318949699402,-0.6088017225265503,-0.6347630620002747,-0.6706136465072632,0.0834750086069107,-0.5277822017669678,-0.6200751066207886,-0.793503999710083,-0.7200095057487488,0.16651637852191925
5129.0,102.57900000000002,-28.64808206658129,275.2364367382518,386.5459511586279,270531.00080957747,-28.64802500000001,275.3614040000001,386.5459900000001,270626.77948400006,0.001899647876651,9.605596173135966,0.0012965617296171,19200.000000000007,5.7066509054399625e-05,0.0001672625991244,3.894068344359869e-05,0.0,0.0141474029235136,2.263069444949726,9.609856479613873,-0.4315327861328374,0.0031998617751354,-0.6126710768561896,19200.102226465904,-43.01741490831602,0.002,-3.455095291254052,1.805208990134888,-0.9185643237266344,6.0,10.0,180.0,-0.4287531944725081,-6.297278010250222,-0.1352670026324424,-3.273045330188971,654.825123976628,372.9938427338492,167.2378313619582,753.6053534756256,577.7250000000001,-0.4287531944725081,-0.7420280575752258,-0.6805179119110107,-0.6904077529907227,-0.6384932398796082,-0.6388797760009766,-0.6419046521186829,-0.7660736441612244,-0.5306849479675293,-0.7281286716461182,-0.6401012539863586,-0.6365077495574951,-0.637471079826355,-0.6266756057739258,-0.6430532336235046,-0.5124589800834656,-0.7220448851585388,-1.408832311630249,-0.6886764168739319,-0.6399224996566772,-0.750385046005249,-0.8024643659591675,-0.878037691116333,-0.6235678791999817,-0.81393963098526,-0.7180416584014893,-0.794354259967804,-0.7939375638961792,-0.8077545166015625,-0.8482122421264648,-0.8033246994018555,-0.8096254467964172,-0.6199742555618286,-0.6492833495140076,-0.6815052628517151,0.04175625741481781,-0.5384591221809387,-0.6328094601631165,-0.812137246131897,-0.745858907699585,0.18613265454769135
5130.0,102.59900000000005,-28.64805257364864,275.42872446864686,386.5460194726169,270915.0009729571,-28.64802500000001,275.55340400000006,386.5459900000001,271010.7794840001,0.000920021637964,9.596004590299035,-0.0009836278677339,19200.000000000007,2.757383962053984e-05,-0.0001207685221138,-2.9471479682211025e-05,0.0,-0.0007007644873014,0.6744327202349542,9.59791177111065,-2.6754253001691843,-2.463290255586485e-05,-4.700928569220215,19200.01726208506,-8.581049120536425,0.002,-3.437197856157952,1.80752187581942,-0.917661661910098,6.0,10.0,180.0,-0.4248362838843644,-6.235798711083832,-0.1342895623382397,-3.267961679621645,654.6215619883139,373.0849213669246,167.20691568097908,753.4736767378129,577.7250000000001,-0.4248362838843644,-0.7323946356773376,-0.6663771867752075,-0.696979284286499,-0.628655731678009,-0.6294243335723877,-0.6382881999015808,-0.7538770437240601,-0.5280987024307251,-0.7193371057510376,-0.6359478831291199,-0.6251717805862427,-0.6297438144683838,-0.6164039373397827,-0.6331363916397095,-0.506330668926239,-0.7102209329605103,-1.3723760843276978,-0.6984546780586243,-0.6301286816596985,-0.7443953156471252,-0.7798966765403748,-0.8769587874412537,-0.6202859282493591,-0.8098610639572144,-0.7131268978118896,-0.795510470867157,-0.7836828231811523,-0.8121287822723389,-0.8550587296485901,-0.7897833585739136,-0.7033960819244385,-0.6144523620605469,-0.6453908085823059,-0.6700048446655273,0.0743454098701477,-0.5260785818099976,-0.6252286434173584,-0.7979961633682251,-0.7250701785087585,0.20725978910923004
5131.0,102.61900000000006,-28.64802721492428,275.6204957008228,386.54602443889695,271299.00148278,-28.64802500000001,275.74540400000006,386.5459900000001,271394.7794840001,7.859200388860149e-05,9.603597694583874,-0.0011445539228541,19200.000000000007,2.215279844979093e-06,0.0001080033471883,-3.4436640967815134e-05,0.0,0.0151406380239351,-0.8005274753576259,9.612549721438262,-0.3617236728208258,-0.0014490409826239,-3.168594347020945,19200.205157918204,-47.14320908181219,0.002,-3.392062337964219,1.6975635618617853,-0.9231708636270878,6.0,10.0,180.0,-0.4306411056792543,-6.266599862491534,-0.1367155157064158,-3.271031491053696,654.993780994157,372.8234606834623,167.25245784048954,753.6673383689065,577.7250000000001,-0.4306411056792543,-0.7200239300727844,-0.6572110056877136,-0.6796157360076904,-0.6263608336448669,-0.6185410022735596,-0.6280591487884521,-0.7528038620948792,-0.5253459215164185,-0.7132918238639832,-0.6281532049179077,-0.6170495748519897,-0.621990978717804,-0.6083357334136963,-0.6244010329246521,-0.5120835304260254,-0.703517496585846,-1.4095970392227173,-0.6730614304542542,-0.6211690902709961,-0.7238256931304932,-0.7687193751335144,-0.8742936849594116,-0.6157845854759216,-0.7978329062461853,-0.7014602422714233,-0.7864026427268982,-0.7752950191497803,-0.8011347055435181,-0.8461011648178101,-0.7783651351928711,-0.6213802099227905,-0.6097763776779175,-0.6357728838920593,-0.6607234477996826,0.0874498039484024,-0.5318378806114197,-0.619490385055542,-0.7915586829185486,-0.7404099106788635,0.17617620527744293
5132.0,102.639,-28.648015872616032,275.8126923896658,386.5459637503144,271683.0029758782,-28.64802500000001,275.9374040000001,386.5459900000001,271778.7794840001,-0.0003035634280745,9.597025857416591,0.0008728798167048,19200.000000000007,-9.127494505996933e-06,-8.838203879556154e-05,2.625142883727552e-05,0.0,-0.0002189104877444,-1.155349200435584,9.56395768328768,-8.312897205841518,-0.0110050112997786,2.3193201360470703,19199.895139446387,-64.35237676944732,0.002,-3.3058381057495145,1.7690193009417154,-0.8857607257028663,6.0,10.0,180.0,-0.4266977465529974,-6.225624227283124,-0.1362303157735642,-3.258725518552233,654.3248904970785,372.4362303417312,167.07172892024477,752.8946691844533,570.3000000000001,-0.4266977465529974,-0.7176578044891357,-0.6597354412078857,-0.7095229625701904,-0.6234015226364136,-0.6355364918708801,-0.6360784769058228,-0.7471080422401428,-0.503010094165802,-0.7095723152160645,-0.6409422159194946,-0.6235748529434204,-0.6278786659240723,-0.6127343773841858,-0.6277841329574585,-0.4625925123691559,-0.7020699977874756,-1.3013859987258911,-0.7185565233230591,-0.6250358819961548,-0.7340881824493408,-0.7765140533447266,-0.8669501543045044,-0.6161735653877258,-0.7968944311141968,-0.714360237121582,-0.7753666043281555,-0.8129754066467285,-0.8216248750686646,-0.8575437068939209,-0.7833461761474609,-0.49267739057540894,-0.6117522716522217,-0.6331871151924133,-0.7053529024124146,0.051507413387298584,-0.5116027593612671,-0.6235270500183105,-0.7990742921829224,-0.6236782670021057,0.08465087413787842
5133.0,102.65900000000003,-28.647826398137703,276.0039805845402,386.5460167768984,272067.0054409559,-28.64802500000001,276.12940400000014,386.5459900000001,272162.7794840001,-0.0066209974951306,9.620773482268415,-0.0008877810568645,19200.000000000007,-0.0001988025416973,0.0006231178832188,-2.667726594715113e-05,0.0,0.0116917471354445,-2.9873715209017435,9.597892684847668,2.011990739180974,0.0002442897872927,0.6624383119319035,19200.39300672056,-17.202439992881988,0.002,-3.2988486539210453,1.808636358698057,-0.8960800835949351,6.0,10.0,180.0,-0.4086808625028783,-6.254444782126539,-0.1342851994811005,-3.2305327237067067,654.6089452485393,372.3791151708656,167.1228644601224,753.1133345922267,562.8750000000001,-0.4086808625028783,-0.6937978267669678,-0.6425604224205017,-0.6567801237106323,-0.6177152991294861,-0.6001937985420227,-0.6167101860046387,-0.7415705323219299,-0.5120213031768799,-0.6975506544113159,-0.6174911856651306,-0.6038603782653809,-0.6107363700866699,-0.5967720746994019,-0.6121417880058289,-0.528406023979187,-0.6982588768005371,-1.466683268547058,-0.6264241933822632,-0.6076692938804626,-0.6902289390563965,-0.7420727610588074,-0.8661591410636902,-0.6038452982902527,-0.7756711840629578,-0.6900041103363037,-0.7695842385292053,-0.7649195194244385,-0.780565619468689,-0.8296421766281128,-0.7514622211456299,-0.3732498288154602,-0.6003419756889343,-0.6177761554718018,-0.6547657251358032,0.017414525151252747,-0.5295700430870056,-0.6064741015434265,-0.7849059104919434,-0.7083654403686523,0.0607219934463501
5134.0,102.67900000000004,-28.64791798388535,276.19626677576144,386.5459904458487,272451.0113955656,-28.64802500000001,276.32140400000014,386.5459900000001,272546.7794840001,-0.0035681858839977,9.611232837356248,-1.293025294516895e-05,19200.000000000007,-0.0001070165330928,0.0003370189395306,-4.484498237889768e-07,0.0,-0.0036867144992644,-0.1251069656651481,9.58324793761835,-3.225469908950862,-0.0024248725537816,2.7497245584547096,19199.690271785472,-55.85383821208941,0.002,-3.3164973915661387,1.83680546366784,-0.9110312556389272,6.0,10.0,180.0,-0.4009113719893588,-6.23488793400586,-0.137203365552644,-3.1899684097650485,654.2889726242697,372.6460575854328,167.0884322300612,752.9671672961133,552.0000000000001,-0.4009113719893588,-0.7159790992736816,-0.6656908392906189,-0.6930246353149414,-0.6254299283027649,-0.6288222670555115,-0.642786979675293,-0.7462003231048584,-0.5070505738258362,-0.7082517147064209,-0.636501669883728,-0.624565601348877,-0.6303744316101074,-0.6170874834060669,-0.633391797542572,-0.5160403251647949,-0.7181676626205444,-1.3722500801086426,-0.669292688369751,-0.629102349281311,-0.730214536190033,-0.7709211111068726,-0.8729453682899475,-0.6115105152130127,-0.7967029809951782,-0.7216682434082031,-0.7778003811836243,-0.8017052412033081,-0.8023237586021423,-0.8444567322731018,-0.7780883312225342,-0.467154860496521,-0.6118755340576172,-0.6335476040840149,-0.6935073733329773,-0.08712798357009888,-0.5176547765731812,-0.6199576258659363,-0.8072043061256409,-0.6320236325263977,0.026258990168571472
5135.0,102.69900000000004,-28.647856160084054,276.3879990703853,386.546007881555,272835.0113570864,-28.64802500000001,276.5134040000001,386.5459900000001,272930.77948400006,-0.0056262641599701,9.620155440182806,-0.0005963116602753,19200.000000000007,-0.0001688391460605,0.0006047250325089,-1.7883693157236685e-05,0.0,-0.0083095942903863,-3.538299510544645,9.590829820715175,7.569191668216246,0.0080548094557912,0.9876542184300484,19199.87959439861,-4.27363985481104,0.002,-3.298381851945449,1.825398849217128,-0.900246693992884,6.0,10.0,180.0,-0.3842867785376211,-6.283714876164276,-0.1386512544417316,-3.1822361805764863,654.1254863121349,373.0585287927164,167.1027161150306,753.0290836480567,546.6000000000001,-0.3842867785376211,-0.6765221357345581,-0.634705126285553,-0.6431839466094971,-0.611430287361145,-0.5804232358932495,-0.6099967360496521,-0.7322540283203125,-0.5117143392562866,-0.6864298582077026,-0.6089136600494385,-0.5932098031044006,-0.6021488904953003,-0.5896861553192139,-0.6057214140892029,-0.5756251215934753,-0.7023999691009521,-1.6189860105514526,-0.5636051893234253,-0.5992972254753113,-0.6652092933654785,-0.71579909324646,-0.8600932955741882,-0.5948852896690369,-0.7603467702865601,-0.6817660331726074,-0.7640705704689026,-0.7310197353363037,-0.7500775456428528,-0.8135377764701843,-0.7239463329315186,-0.2275872677564621,-0.5915495157241821,-0.6070160269737244,-0.6310909986495972,-0.07925695180892944,-0.5317758917808533,-0.5931766033172607,-0.7808843851089478,-0.7184414267539978,-0.0009808540344238281
5136.0,102.71900000000004,-28.647979126690863,276.580290289961,386.5459865236504,273219.0078207426,-28.64802500000001,276.70540400000004,386.5459900000001,273314.77948400006,-0.0015261072236909,9.610440722647942,0.0001227667939631,19200.000000000007,-4.587167436206188e-05,0.000313711818761,3.576739937134764e-06,0.0,-0.0021942262665263,-0.1885465149152917,9.606200987952183,4.513569044593289,-0.0012238102325968,-3.3688363185690604,19199.72430018593,8.615754164143777,0.002,-3.3201052326920943,1.8613865749622367,-0.90366615385319,6.0,10.0,180.0,-0.3872026890890415,-6.286640258535934,-0.1381670239057019,-3.2202100233655733,654.3397431560675,373.30426439635823,167.1748580575153,753.3370418240283,544.2,-0.3872026890890415,-0.7090176343917847,-0.6581339836120605,-0.6702972650527954,-0.622124433517456,-0.6023355722427368,-0.638522744178772,-0.7405821084976196,-0.5233169794082642,-0.7036141157150269,-0.6291207075119019,-0.6130497455596924,-0.6226380467414856,-0.6100631952285767,-0.6280068159103394,-0.5827849507331848,-0.7221733331680298,-1.5155876874923706,-0.6074559688568115,-0.6223223209381104,-0.7144743204116821,-0.7404855489730835,-0.8704718947410583,-0.606394350528717,-0.7902635931968689,-0.7119734883308411,-0.7865930199623108,-0.7513671517372131,-0.7712825536727905,-0.8315732479095459,-0.7494494915008545,-0.471749484539032,-0.6061997413635254,-0.6321590542793274,-0.6459745168685913,-0.1296302080154419,-0.5270137190818787,-0.6087570190429688,-0.7988056540489197,-0.7074105143547058,0.06472541391849518
5137.0,102.73900000000005,-28.64794832211581,276.77261140569016,386.54601648984544,273603.0071823354,-28.64802500000001,276.89740400000005,386.5459900000001,273698.7794840001,-0.0025578183172404,9.599743740218653,-0.0009182580855135,19200.000000000007,-7.677714155672453e-05,-7.602067234977567e-06,-2.6488553067373367e-05,0.0,-0.0102332573940895,-1.0933626473245246,9.637195377286124,1.837955054134776,-0.0002465055934536,-2.256923101237471,19200.20450126765,145.94010033946572,0.002,-3.3271845267243174,1.826052697491288,-0.9079406077396518,6.0,10.0,180.0,-0.3798709405995682,-6.313019229192853,-0.1411076561670871,-3.21768063127134,654.6443715780338,374.1976321981791,167.33942902875765,754.0450209120143,539.8500000000001,-0.3798709405995682,-0.7043684124946594,-0.6539114713668823,-0.6765700578689575,-0.61811763048172,-0.601894199848175,-0.6405376195907593,-0.7368613481521606,-0.5149255394935608,-0.6994653940200806,-0.6305067539215088,-0.609481692314148,-0.6206111907958984,-0.606682538986206,-0.6244949102401733,-0.569283664226532,-0.7178543210029602,-1.4563124179840088,-0.6162230372428894,-0.6188077926635742,-0.7124141454696655,-0.7359253764152527,-0.8710739016532898,-0.6048673987388611,-0.7879951596260071,-0.7139445543289185,-0.7835302948951721,-0.7593991756439209,-0.7788311839103699,-0.8361791968345642,-0.7466678023338318,-0.3735801577568054,-0.6031274795532227,-0.6271799206733704,-0.6549944877624512,-0.14990484714508057,-0.5172824263572693,-0.6056217551231384,-0.7946358919143677,-0.658473014831543,0.025149643421173096
5138.0,102.75900000000004,-28.64809201864285,276.96464797233773,386.54597649879565,273987.0106705346,-28.64802500000001,277.0894040000001,386.5459900000001,274082.7794840001,0.0022341057741785,9.5985337197589,0.000450949179031,19200.000000000007,6.701764526768053e-05,-4.3973241595267535e-05,1.3502034671912696e-05,0.0,-0.0095273308630229,2.251284557036668,9.577647085625973,0.7868351655978956,-0.0124474708880293,0.4878780600745808,19199.981107471147,-72.94319128984613,0.002,-3.3315371264781644,1.854398718878884,-0.9018574449345728,6.0,10.0,180.0,-0.3886508092492839,-6.263212734401233,-0.1411076104186403,-3.2018001955073303,654.127185789017,373.6628160990896,167.1727145143788,753.3305104560071,539.7,-0.3886508092492839,-0.7266906499862671,-0.6784658432006836,-0.6878695487976074,-0.6306943297386169,-0.6289596557617188,-0.6552969217300415,-0.7480531930923462,-0.5182662010192871,-0.7141072154045105,-0.6428070068359375,-0.6319488286972046,-0.638486921787262,-0.6274893283843994,-0.6456515789031982,-0.5646880865097046,-0.7380433082580566,-1.4421690702438354,-0.6416968107223511,-0.6401396989822388,-0.7438724040985107,-0.771614134311676,-0.8752854466438293,-0.613429844379425,-0.8051952123641968,-0.7337491512298584,-0.7876556515693665,-0.783613920211792,-0.787846028804779,-0.8397977948188782,-0.7758896946907043,-0.5694446563720703,-0.6159186959266663,-0.6439589858055115,-0.6812233328819275,-0.19092527031898499,-0.5223944187164307,-0.6215597987174988,-0.8192499279975891,-0.6581980586051941,0.03492473065853119
5139.0,102.77900000000002,-28.64800984199796,277.1565686609931,386.5459851878978,274371.00942396314,-28.64802500000001,277.281404,386.5459900000001,274466.7794840001,-0.0005064595684431,9.601174197502331,9.510356637419764e-05,19200.000000000007,-1.515938667390842e-05,3.5232996439639104e-05,4.813837478217893e-06,0.0,-0.0014597338033396,-0.0004899334362445,9.630389675669065,-1.2875828714738335,-0.0026790748605963,0.6130644647598379,19200.11857369983,81.51023321418576,0.002,-3.338917986031456,1.7868532715295204,-0.9209788050141188,6.0,10.0,180.0,-0.3881984165747518,-6.306598979638763,-0.1420882618408579,-3.2002520713176,654.6305928945085,373.9684080495448,167.31035725718942,753.9187552280035,536.4750000000001,-0.3881984165747518,-0.714587390422821,-0.6654098033905029,-0.6913286447525024,-0.6236001253128052,-0.6196463108062744,-0.6520488262176514,-0.7417752742767334,-0.509373664855957,-0.7050389051437378,-0.6372383832931519,-0.6208556890487671,-0.6305578947067261,-0.6166799664497375,-0.634515106678009,-0.5532212257385254,-0.7258716821670532,-1.3976188898086548,-0.6414154767990112,-0.6291577219963074,-0.7293230891227722,-0.7538821697235107,-0.874432384967804,-0.6087235808372498,-0.7957502603530884,-0.7289068698883057,-0.7835325598716736,-0.7868168354034424,-0.7919320464134216,-0.8429484367370605,-0.761817455291748,-0.41305553913116455,-0.6098317503929138,-0.6335036754608154,-0.6812619566917419,-0.18977078795433044,-0.5134124159812927,-0.6141844987869263,-0.8070682883262634,-0.6164410710334778,-0.008642077445983887
5140.0,102.79900000000004,-28.64810757195153,277.34859768993687,386.54595131156657,274755.0105652284,-28.64802500000001,277.4734039999988,386.5459900000001,274850.77948400006,0.0027461305986787,9.600203460606076,0.0012947425502507,19200.000000000007,8.257159913986056e-05,6.305317457703063e-06,3.86907143174096e-05,0.0,-0.0034238388617682,2.5062046629311365,9.60422723819095,1.0442729626419294,-0.0070827753888421,4.456430677653154,19199.913971942347,-0.0801955827108031,0.002,-3.242693091880868,1.7874426850634253,-0.8979670169601282,6.0,10.0,180.0,-0.3960352898148838,-6.342710360270534,-0.1406391595820746,-3.1996978450635307,654.5447964472542,373.7682040247724,167.2696786285947,753.7448776140018,533.7000000000002,-0.3960352898148838,-0.7271698117256165,-0.6841748952865601,-0.6868065595626831,-0.6342156529426575,-0.6353018283843994,-0.6588104963302612,-0.7526108026504517,-0.5130071640014648,-0.7153335213661194,-0.6434987783432007,-0.6360336542129517,-0.6414717435836792,-0.6311756372451782,-0.6491042375564575,-0.5648253560066223,-0.74360191822052,-1.4576319456100464,-0.6328384280204773,-0.6433085203170776,-0.7426962852478027,-0.7795246243476868,-0.8758968710899353,-0.6129037737846375,-0.8024641275405884,-0.739421546459198,-0.7831318974494934,-0.7946513891220093,-0.7862107753753662,-0.8355089426040649,-0.7807700634002686,-0.5457327365875244,-0.6171153783798218,-0.6415888667106628,-0.6943857669830322,-0.2438463270664215,-0.5246121287345886,-0.6234323382377625,-0.8262495994567871,-0.6354250311851501,-0.025201186537742615
5141.0,102.81900000000005,-28.64800988014053,277.5410655638015,386.5459563035298,275139.0103778283,-28.64802499999983,277.6654039999757,386.5459900000001,275234.7794840001,-0.0005089324983991,9.584608375707266,0.0011286027178681,19200.000000000007,-1.5119524673761132e-05,-0.0004618621299083,3.3896348393385635e-05,0.0,0.0092733914297438,1.34427483439441,9.619394252079042,-5.188228669030629,0.0119758537635723,3.9001037757778407,19200.17183614358,103.05506308257694,0.002,-3.262723118309326,1.8388632267721488,-0.8974690769065485,6.0,10.0,180.0,-0.3945429392406754,-6.2539402570998766,-0.1367442304776892,-3.206362573170497,654.9203982236271,373.4766020123862,167.31233931429733,753.9269388070009,534.45,-0.3945429392406754,-0.7281311750411987,-0.6798456311225891,-0.7131428718566895,-0.6308298110961914,-0.642600417137146,-0.6659734845161438,-0.748797595500946,-0.5033885836601257,-0.7126772403717041,-0.6463236808776855,-0.6353768110275269,-0.6432417631149292,-0.6291794776916504,-0.6471510529518127,-0.5318483710289001,-0.7352069616317749,-1.3315339088439941,-0.6749913692474365,-0.6422851085662842,-0.7498582601547241,-0.7772786617279053,-0.8765221238136292,-0.6159194707870483,-0.805310845375061,-0.7449178099632263,-0.7859446406364441,-0.8179347515106201,-0.8094149827957153,-0.852097749710083,-0.7815151810646057,-0.47752320766448975,-0.6188744306564331,-0.642024576663971,-0.7135848999023438,-0.22626939415931702,-0.5103693008422852,-0.6257430911064148,-0.8224029541015625,-0.5709394812583923,-0.043854907155036926
5142.0,102.83900000000004,-28.64789751587164,277.7328848792951,386.5460176453476,275523.0139186873,-28.64802499999366,277.8574039999312,386.5459900000001,275618.7794840001,-0.0042225186158235,9.59063016196884,-0.0009209889998306,19200.000000000007,-0.0001274837919547,-0.0002811743985546,-2.7647879983638222e-05,0.0,-0.0014499212186698,0.118298214938153,9.57397595174093,2.068583351570148,0.0090051977944602,0.6813103888887134,19200.530188054567,-55.66534629252536,0.002,-3.298935168697058,1.8819552026050224,-0.8960554757318805,6.0,10.0,180.0,-0.3779277452636672,-6.219770015522153,-0.1396697117455209,-3.1720522476931774,654.3761991118135,372.9618010061931,167.14266965714867,753.1989694035004,535.6500000000001,-0.3779277452636672,-0.7087499499320984,-0.6637606620788574,-0.6773098707199097,-0.6236568093299866,-0.6145489811897278,-0.6454615592956543,-0.740047812461853,-0.5129209756851196,-0.7028746604919434,-0.6338828206062317,-0.6197292804718018,-0.6285068988800049,-0.6159610152244568,-0.6339037418365479,-0.5722190737724304,-0.728369951248169,-1.4797594547271729,-0.6166133880615234,-0.6277455687522888,-0.7204358577728271,-0.7490295171737671,-0.8706029057502747,-0.6064556837081909,-0.7902076244354248,-0.721987247467041,-0.7803246378898621,-0.7697954177856445,-0.7772564888000488,-0.8322435021400452,-0.755544900894165,-0.4130697250366211,-0.6093906164169312,-0.6323803067207336,-0.6697365045547485,-0.18944963812828064,-0.5220221877098083,-0.6126793622970581,-0.8088083863258362,-0.6537038683891296,-0.010187998414039612
5143.0,102.85900000000004,-28.647994225031624,277.92463572178474,386.5460019854544,275907.01379173755,-28.64802499996925,278.04940399987464,386.5459900000001,276002.77948400006,-0.0010275588650084,9.598949763939387,-0.0003979530638618,19200.000000000007,-3.0775305864059926e-05,-3.192025508269801e-05,-1.1987229019530618e-05,0.0,0.0026831690625355,0.6813881620705524,9.597909559122892,-2.374988531163099,0.0083262870303303,-2.512318725757259,19199.77368364954,60.062807087022485,0.002,-3.294638469681856,1.9148606446758063,-0.907037736523344,6.0,10.0,180.0,-0.3769467937550577,-6.293915061636139,-0.1401483700243229,-3.170510024365232,654.4640995559068,372.9554005030966,167.15983482857433,753.2719847017502,527.2500000000001,-0.3769467937550577,-0.719603955745697,-0.6688828468322754,-0.7030678987503052,-0.6235147714614868,-0.6224297285079956,-0.6643209457397461,-0.7365285158157349,-0.5114995241165161,-0.7045727968215942,-0.6432933211326599,-0.6244571208953857,-0.6368178129196167,-0.621429443359375,-0.6407276391983032,-0.5699467658996582,-0.7334496974945068,-1.3753410577774048,-0.6482402086257935,-0.635205864906311,-0.7415092587471008,-0.7454585433006287,-0.8759065270423889,-0.610146701335907,-0.801935076713562,-0.7387521266937256,-0.7922858595848083,-0.7839990258216858,-0.794465184211731,-0.8486058115959167,-0.755150318145752,-0.4219610095024109,-0.6148731708526611,-0.6418852210044861,-0.6815623044967651,-0.24808982014656067,-0.5073310732841492,-0.616693377494812,-0.812410831451416,-0.5968229174613953,-0.012693896889686584
5144.0,102.87900000000003,-28.64801576405544,278.1159372617587,386.5460118375924,276291.01317616634,-28.648024999910746,278.2414039998264,386.5459900000001,276386.77948400006,-0.0003102735093871,9.622216659710237,-0.000725150043456,19200.000000000007,-9.23727588254423e-06,0.0006665341428095,-2.1837540085549974e-05,0.0,0.0021928568382731,1.5823032016361982,9.574449179172287,4.332090057530902,0.0046224905088717,-3.106729674383427,19200.08443005905,-81.65629936880993,0.002,-3.339184811461746,1.9116148427829485,-0.9269035611505994,6.0,10.0,180.0,-0.3749914614469413,-6.34230138724221,-0.1411146588811241,-3.187931219466139,654.2265497779534,372.5877002515483,167.06891741428717,752.8839923508751,528.5250000000001,-0.3749914614469413,-0.7181457877159119,-0.6712023019790649,-0.6808642148971558,-0.6269989013671875,-0.6133908033370972,-0.6560688018798828,-0.7401865720748901,-0.5232316851615906,-0.7067506909370422,-0.6398687362670898,-0.6240464448928833,-0.6345149278640747,-0.6222448945045471,-0.6415985822677612,-0.6058444976806641,-0.7400180697441101,-1.533789873123169,-0.6046221852302551,-0.6352090835571289,-0.7319222688674927,-0.7461782097816467,-0.8736820816993713,-0.6085098385810852,-0.7986030578613281,-0.7308450937271118,-0.7929385304450989,-0.7580795288085938,-0.7701256275177002,-0.8330215215682983,-0.7516667246818542,-0.5074091553688049,-0.6139140129089355,-0.6420665383338928,-0.6578808426856995,-0.2464369237422943,-0.5241537690162659,-0.6146978139877319,-0.8150557279586792,-0.6764131784439087,0.017742305994033813
5145.0,102.89900000000004,-28.648056456320283,278.3084149477019,386.5460050683113,276675.0103934723,-28.64802499966739,278.4334041802223,386.5459900000001,276770.77948400006,0.0010498336632281,9.606342572942046,-0.0004984091015441,19200.000000000007,3.145546988989262e-05,0.0001890459669451,-1.506771712293122e-05,0.0,-0.0014813436753062,1.1552035472302984,9.63795625140277,-3.841370149109302,0.0019760302657046,-3.663281661952504,19199.8972240746,-0.033273249780683,0.002,-3.348979733260885,1.822177011303048,-0.9231716625220244,6.0,10.0,180.0,-0.3764880541015593,-6.296963844555778,-0.1420811295996039,-3.204884316965581,654.7677748889766,373.55535012577417,167.2904587071436,753.8334961754376,530.1750000000001,-0.3764880541015593,-0.7279748320579529,-0.6729651093482971,-0.7122704386711121,-0.6253038048744202,-0.6265127658843994,-0.6697591543197632,-0.7398931980133057,-0.5139092206954956,-0.7090104818344116,-0.6480414271354675,-0.6272585391998291,-0.6398725509643555,-0.6240776777267456,-0.6434694528579712,-0.562364935874939,-0.7341595888137817,-1.338024616241455,-0.6651079654693604,-0.6386147737503052,-0.751335084438324,-0.7511292099952698,-0.8782597184181213,-0.6139775514602661,-0.809340238571167,-0.7443063855171204,-0.798058807849884,-0.7904079556465149,-0.803617000579834,-0.8562722206115723,-0.7625666260719299,-0.4766157269477844,-0.616790235042572,-0.6460974812507629,-0.6852109432220459,-0.2414802610874176,-0.5046998262405396,-0.6194469332695007,-0.8125687837600708,-0.5906867384910583,0.014947891235351562
5146.0,102.91900000000004,-28.64807318008061,278.5007585366948,386.5459757069219,277059.0093128596,-28.648025030345007,278.62540722646264,386.5459900000001,277154.7794840001,0.0015963908614214,9.595109722913346,0.0004800767670107,19200.000000000007,4.8081037089674745e-05,-0.0001540689794288,1.4293047942822308e-05,0.0,0.0110148827663276,-0.7884680901045946,9.61981102796337,0.4380373420666654,-0.0105236686506891,-2.7502681431563345,19200.137250948424,-51.46496214975112,0.002,-3.3220962861745487,1.7890232309974654,-0.9228420790948152,6.0,10.0,180.0,-0.3852706468381558,-6.286697547424101,-0.140618133616117,-3.2213072394735898,655.0708874444883,373.3176750628871,167.3247293535718,753.9787480877188,528.9000000000001,-0.3852706468381558,-0.7076804637908936,-0.658051073551178,-0.6873151659965515,-0.6202362179756165,-0.6077582836151123,-0.6532410383224487,-0.7344991564750671,-0.5119339227676392,-0.6986470222473145,-0.6361563801765442,-0.6142045855522156,-0.6275070905685425,-0.6120478510856628,-0.6308399438858032,-0.5810668468475342,-0.7258095741271973,-1.4305800199508667,-0.6205407381057739,-0.6249306201934814,-0.7214683890342712,-0.7327360510826111,-0.8736446499824524,-0.6056649088859558,-0.7915812730789185,-0.725433349609375,-0.7882676720619202,-0.7656323313713074,-0.7820489406585693,-0.8406355977058411,-0.7428692579269409,-0.3518652319908142,-0.608573317527771,-0.6330527067184448,-0.6639876961708069,-0.22129616141319275,-0.5124638676643372,-0.6090492606163025,-0.8028088808059692,-0.6244873404502869,-0.015643462538719177
5147.0,102.93900000000004,-28.64805607569691,278.6930148897473,386.5459716361905,277443.0113395379,-28.64802611410854,278.8174128372472,386.5459900000001,277538.7794840001,0.0009124317865385,9.586771173644712,0.0006134945856137,19200.000000000007,3.089431872011127e-05,-0.0004060388625402,1.8362625433469112e-05,0.0,0.0048429986573531,-1.5360726126919588,9.569105355149691,-8.72884733087769,-0.0065996588271844,2.137733512592801,19200.03275356913,-68.5993245930213,0.002,-3.260062236846944,1.8007830294348646,-0.9091314979877312,6.0,10.0,180.0,-0.3900645036233762,-6.264163722232306,-0.1377046851009396,-3.205925715984911,654.5204437222442,372.5918375314435,167.12936467678588,753.1413740438594,523.6500000000001,-0.3900645036233762,-0.7053953409194946,-0.6585514545440674,-0.7164583206176758,-0.616620659828186,-0.6280395984649658,-0.6616888046264648,-0.7282155752182007,-0.4865470826625824,-0.6943613290786743,-0.636920154094696,-0.6196403503417969,-0.6327999830245972,-0.614628791809082,-0.6328991651535034,-0.5252275466918945,-0.721145749092102,-1.2756845951080322,-0.6771560907363892,-0.6278091073036194,-0.7326043844223022,-0.7342639565467834,-0.8700255751609802,-0.6079819202423096,-0.786895751953125,-0.7366514205932617,-0.7751731276512146,-0.8120567798614502,-0.8095430135726929,-0.8552957773208618,-0.7515502572059631,-0.23056010901927948,-0.6115233302116394,-0.6311438679695129,-0.7101469039916992,-0.24253162741661072,-0.4909878671169281,-0.6140757203102112,-0.8081080913543701,-0.502135157585144,-0.10399626195430756
5148.0,102.95900000000005,-28.64796552368594,278.8845865108375,386.5459812392179,277827.0136666141,-28.64803069814052,279.0094188512185,386.5459900000001,277922.7794840001,-0.0023613069339767,9.601240935706794,0.0002872163264534,19200.000000000007,-6.1748147996624e-05,2.805887992777857e-05,8.759456454372611e-06,0.0,0.0043282462945313,-2.0204928521341987,9.609647422971358,2.438410507775889,-0.0009508239375313,2.0193162875460136,19200.10075802868,-12.868626670512697,0.002,-3.242479767994667,1.8434607833468577,-0.9001825805333676,6.0,10.0,180.0,-0.380783940455011,-6.341775342627133,-0.1357534237285003,-3.1787443337989925,654.7012218611221,372.9009187657217,167.20168233839294,753.4511870219296,525.3000000000001,-0.380783940455011,-0.691355288028717,-0.6508129835128784,-0.6722191572189331,-0.6167032122612,-0.6010479927062988,-0.6405860185623169,-0.7319555282592773,-0.5029461979866028,-0.6910793781280518,-0.6246954202651978,-0.6075980067253113,-0.6193453669548035,-0.6050446033477783,-0.622736930847168,-0.5796239376068115,-0.7208573818206787,-1.5071805715560913,-0.5909565687179565,-0.6160721778869629,-0.6975979804992676,-0.728044331073761,-0.8673316240310669,-0.5997037887573242,-0.7747169733047485,-0.7148852944374084,-0.773152232170105,-0.7627193927764893,-0.7687612771987915,-0.8275583982467651,-0.734929621219635,-0.22288165986537933,-0.6019800901412964,-0.6193548440933228,-0.6648235321044922,-0.23405581712722778,-0.5160461664199829,-0.6024537086486816,-0.799453854560852,-0.617064893245697,-0.08579597622156143
5149.0,102.97900000000004,-28.64793844145081,279.0769915983756,386.5459873918083,278211.01564963243,-28.648036788293886,279.20142462562325,386.5459900000001,278306.7794840001,-0.003449616370443,9.58791788811218,8.992285983172887e-05,19200.000000000007,-9.438434142411632e-05,-0.0003707988329634,2.708491137598614e-06,0.0,-0.0004763632905594,-1.9498049572755087,9.58669594887305,-2.1368566857990974,-0.0002518502815776,2.6193608650451403,19199.724139167512,-47.29921436228732,0.002,-3.199288805691584,1.7281218876771127,-0.8734081957552958,6.0,10.0,180.0,-0.3745261097349842,-6.273885756996907,-0.1352385533157745,-3.174112844181571,654.4366109305611,372.8524593828608,167.14234116919647,753.1970935109648,534.45,-0.3745261097349842,-0.6971377730369568,-0.6525942087173462,-0.6834344267845154,-0.6168384552001953,-0.6127125024795532,-0.6417391896247864,-0.7332826256752014,-0.49831652641296387,-0.6943116188049316,-0.6276394128799438,-0.6121635437011719,-0.6225286722183228,-0.6074187755584717,-0.6245083808898926,-0.5418309569358826,-0.7156516313552856,-1.39614737033844,-0.6341665983200073,-0.6188702583312988,-0.7100410461425781,-0.7386907935142517,-0.8697704076766968,-0.6028072834014893,-0.7814988493919373,-0.7178019881248474,-0.7718645930290222,-0.7875310778617859,-0.7884008884429932,-0.8374440670013428,-0.7489273548126221,-0.26009440422058105,-0.6047747135162354,-0.622763991355896,-0.6829289793968201,-0.1729927957057953,-0.5096037983894348,-0.6081759333610535,-0.799969494342804,-0.5921340584754944,-0.060708045959472656
5150.0,102.99900000000002,-28.64796449127403,279.26819957146915,386.5459843570089,278595.01623146416,-28.6480428652498,279.3875289786724,386.5459900000001,278690.77948400006,-0.0027889639068167,8.101606648516045,0.0001856739655438,19200.000000000007,-7.44367262625533e-05,0.0004207211575693,5.644463235977167e-06,0.0,-0.003216201651304,0.1796464475638018,9.346431028997506,-89.48056585363807,-0.0005043186694395,0.4875734048135108,19199.91419390276,25.735557198737148,0.002,-2.5191686285853465,0.5241639414953211,-0.6157952423366062,6.0,10.0,180.0,-0.3685990538982248,-5.906165838687899,-0.1366950694611698,-3.165929185774066,651.4608054652806,369.0367296914304,166.09617058459824,748.7275467554824,529.8000000000001,-0.3685990538982248,-0.7658467888832092,-0.7112867832183838,-0.9944537878036499,-0.6200098395347595,-0.7273082137107849,-0.736121654510498,-0.7059284448623657,-0.5386426448822021,-0.7249398231506348,-0.7611936330795288,-0.6741040945053101,-0.7044528722763062,-0.6480200290679932,-0.669274091720581,-0.1355346143245697,-0.6829336285591125,7.103443145751953,-1.163466453552246,-0.6834335327148438,-0.8667424321174622,-0.738429605960846,-0.7792605757713318,-0.6471186280250549,-0.8446823358535767,-0.9042472243309021,-0.7166896462440491,-0.8654810190200806,-1.0546656847000122,-1.026808500289917,-0.7236109972000122,-0.09720544517040253,-0.6527336239814758,-0.6717891693115234,-0.9667917490005493,0.11562421917915344,-0.30031225085258484,-0.6502038836479187,-0.8400818109512329,0.27506178617477417,-0.13023513555526733
5151.0,103.01900000000003,-28.647691080605096,279.40542166448824,386.5461827493885,278979.02291910583,-28.647010465682506,279.48408771271926,386.5459900000001,279074.7794840001,0.335981746156303,3.030533576482228,-0.0064253915934374,19200.000000000007,-0.0003539304108834,0.0307640349975566,-0.00019274864829,0.0,0.0546443055635764,12.450562783936372,3.812345416448213,-218.0899962900729,0.0217491483947922,0.3683838039386993,19201.201037813687,133.10888638282282,0.002,-2.04808839422274,-0.2351845634349957,-0.4818833515004884,6.0,10.0,180.0,-0.3934829978667603,-4.981356993383238,-0.1489307789765832,-3.113636370803296,566.5884027326404,267.7653648457152,136.61208529229913,629.2022733777412,535.8750000000001,-0.3934829978667603,-0.6459636092185974,-0.632581889629364,-0.9540804624557495,-0.5465024709701538,-0.7231214642524719,-0.6752544641494751,-0.5277441143989563,-0.6063909530639648,-0.6843677759170532,-0.5798710584640503,-0.7360002994537354,-0.7796289324760437,-0.6784756183624268,-0.6967335939407349,0.44846832752227783,-0.5629116892814636,-1.661198377609253,-1.5058567523956299,-0.7397434711456299,-0.8530768156051636,-0.818352997303009,-0.5482064485549927,-0.6081632971763611,-0.9108231067657471,-0.9727092981338501,-0.37009721994400024,-0.4189794361591339,-1.3075684309005737,-1.1795672178268433,-0.7973723411560059,1.8653602600097656,-0.640326201915741,-0.6058979630470276,-1.1204854249954224,2.2730507850646973,0.03394411876797676,-0.6529393792152405,-0.896979808807373,1.0997700691223145,-0.1433762013912201
5152.0,103.03900000000002,-28.63396680911427,279.4568710400384,386.5464767006723,279363.0717268751,-28.61286223731937,279.5001560107375,386.5459900000001,279458.7794840002,3.679921047356544,1.3220123129711117,-0.0162218477183801,19200.000000000007,-0.0082436816860378,0.0374398634343988,-0.0004867007542935,0.0,1.895564010381369,195.819669568905,1.7021704625650478,-93.57713579820576,0.0170874528111247,-0.0693821060448891,19203.12222177441,94.4930386322488,0.002,-2.6871681134754763,-1.100325982498605,-0.684981491547469,6.0,10.0,180.0,-1.5664498801144802,-5.445392180099463,-0.2050967449150687,-2.649561710508164,469.04220136632017,19.17118242285761,112.40754264614957,532.9151366888706,531.4500000000002,-1.5664498801144802,-1.4096494913101196,-1.6916511058807373,-1.5475695133209229,-1.5772119760513306,-1.850727915763855,-1.627413272857666,-1.0073425769805908,-1.3497538566589355,-1.1644597053527832,-1.7421562671661377,-1.7422057390213013,-1.7182496786117554,-1.6215777397155762,-1.6161561012268066,-0.6226872205734253,-1.5849117040634155,3.180574655532837,-1.7917277812957764,-1.7278940677642822,-1.1110432147979736,-1.7036172151565552,-1.044991135597229,-1.2275067567825317,-1.8164582252502441,-1.6662042140960693,-1.6590911149978638,-1.4734307527542114,-1.476457118988037,-1.7415727376937866,-1.552042841911316,-6.258997917175293,-1.910886287689209,-1.8857409954071045,-2.223356008529663,-0.7512918710708618,-1.025887131690979,-1.998481273651123,-2.420018434524536,-1.15078866481781,0.913689374923706
5153.0,103.05900000000004,-28.538155832547403,279.48173473216934,386.5463746914334,279747.1203487576,-28.46934248686194,279.5035151571898,386.5459900000001,279842.7794840001,8.133884236502372,0.9707813451069603,-0.0128263540505638,19200.000000000007,-0.0383250810683835,0.0189535465397755,-0.0003846913398711,0.0,7.9667584255962,244.5145364283252,1.1506313527191785,-10.982231842809291,-0.0253856091356483,-1.393662716402537,19200.83879547852,-266.13818020318564,0.002,-2.334243528023693,-1.520841891755894,-0.6664607223433894,6.0,10.0,180.0,-2.3252904316473724,-5.647991560796206,-0.2602570370609023,-2.205496348671564,437.6051006831601,-273.6179087885712,132.99377132307478,614.9505683444353,533.1000000000001,-2.3252904316473724,-1.9184151887893677,-2.22731876373291,-1.6637344360351562,-2.096426486968994,-2.245204210281372,-2.0531728267669678,-1.464188814163208,-1.9017531871795654,-1.7504019737243652,-2.427635908126831,-2.0816433429718018,-2.2024827003479004,-1.9803729057312012,-1.994508981704712,-1.0723810195922852,-1.9603973627090454,2.201228380203247,-1.8208733797073364,-2.060821771621704,-1.1141059398651123,-2.152756690979004,-1.3082380294799805,-1.4833065271377563,-2.2594282627105713,-1.8496015071868896,-2.157827615737915,-2.0177419185638428,-1.8274269104003906,-2.0104963779449463,-1.7925574779510498,-2.7718636989593506,-2.549875259399414,-2.4509880542755127,-2.423846483230591,-1.9868476390838623,-1.7601702213287354,-2.4681649208068848,-3.1617848873138428,-2.6412758827209473,0.10903772711753845
5154.0,103.07900000000004,-28.367655034746623,279.50177966947905,386.5462086880351,280131.1070839051,-28.277990518264808,279.51403240645715,386.5459900000001,280226.77948400006,8.41032651729287,0.8629600714805701,-0.0072894986091537,19200.000000000007,-0.0348928595665183,0.0045840098922796,-0.0002186884416597,0.0,7.900134359078033,-50.17156980417922,0.8532079561065125,-10.198326546934725,-0.0026838236192154,-7.386946060267678,19199.14083637527,171.57970620346487,0.002,-2.516512306601519,-1.7889730253932168,-0.7311782248809446,6.0,10.0,180.0,-0.839381265170546,-5.547166146777122,-0.2612298345470594,-2.3075607517696795,409.80255034158006,-425.9894543942856,142.8128856615374,654.0392841722177,528.6000000000001,-0.839381265170546,-0.6114912033081055,-0.7111616730690002,-0.7741729021072388,-0.7587251663208008,-0.7934243083000183,-0.7545372247695923,-0.752626359462738,-0.6903702020645142,-0.7665587067604065,-0.7403261661529541,-0.7865817546844482,-0.8043631911277771,-0.7625868320465088,-0.7137816548347473,-0.7355676889419556,-0.607049286365509,-0.6227856874465942,-0.8377283811569214,-0.7721817493438721,-0.3603825271129608,-0.8094958662986755,-0.9115627408027649,-0.6995875239372253,-0.8127518892288208,-0.7619172930717468,-0.8077401518821716,-0.7701666355133057,-0.9221534729003906,-0.7938070893287659,-0.8431054353713989,-0.11323271691799164,-0.8381787538528442,-0.7548589110374451,-0.8475885391235352,0.07572302222251892,-0.7053967714309692,-0.8625342845916748,-1.0841585397720337,-0.36671650409698486,-1.8637909889221191
5155.0,103.09900000000002,-28.198349306684747,279.52005070700955,386.54600405014696,280515.10353793774,-28.08684270214922,279.5319081757319,386.5459900000001,280610.7794840001,9.116948245745045,1.0576163203798958,-0.0004654262687964,19200.000000000007,-0.0126638918029832,-0.0005878808072959,-1.405161896667362e-05,0.0,9.457064699590068,55.728649702684415,1.056278165468172,12.33395115634075,0.0063274358075925,0.6119947881868029,19199.88023271543,-64.38178839037934,0.002,-2.43996572706966,-1.874468999832084,-0.7462201128407103,6.0,10.0,180.0,-1.4737080950357264,-5.574064504945844,-0.2631860390505061,-2.357340509622628,424.58027517079006,-517.8142271971428,154.6494428307687,702.7506420861089,529.725,-1.4737080950357264,-1.1927117109298706,-1.4318358898162842,-1.1106071472167969,-1.3213729858398438,-1.481332540512085,-1.3711745738983154,-1.141943097114563,-1.2779802083969116,-1.2265205383300781,-1.4216567277908325,-1.37149977684021,-1.411747932434082,-1.3868314027786255,-1.3416869640350342,-1.2362279891967773,-1.311972975730896,-1.043492317199707,-1.2441846132278442,-1.3768224716186523,-1.057746410369873,-1.369541883468628,-1.0865627527236938,-1.0192774534225464,-1.38751220703125,-1.147314190864563,-1.4497312307357788,-1.3444148302078247,-1.285266399383545,-1.1502439975738525,-1.1694297790527344,-1.1346206665039062,-1.393354892730713,-1.4212604761123657,-1.3722344636917114,-2.533632516860962,-1.12124764919281,-1.3764526844024658,-1.9132288694381714,-1.1300431489944458,-1.2972052097320557
5156.0,103.11900000000004,-28.013736030055146,279.54291353740075,386.5459486708861,280899.09298361826,-27.89652190537988,279.5571117577871,386.5459900000001,280994.7794840001,9.277762995016566,1.3425842862130164,0.0013825980975503,19200.000000000007,-0.0063869526888892,-0.0030070590996975,4.142839025743232e-05,0.0,8.932674342368497,25.57727031075257,1.2715884481114723,12.942911315225228,-0.0249013774283091,3.4053554308836667,19199.63891854648,133.13137244250692,0.002,-2.5408205948350764,-2.01627039051873,-0.7818601607914666,6.0,10.0,180.0,-1.1865420653168024,-5.561172123992235,-0.2626831569323093,-2.452713057008704,432.32113758539504,-552.2996135985713,158.46022141538435,718.1078210430544,530.7000000000002,-1.1865420653168024,-1.0651358366012573,-1.2562345266342163,-1.0192759037017822,-1.195603609085083,-1.2783349752426147,-1.253645896911621,-1.0857772827148438,-1.143944263458252,-1.1163737773895264,-1.259063482284546,-1.2347187995910645,-1.266524076461792,-1.2538173198699951,-1.200098991394043,-1.1794259548187256,-1.1632754802703857,-0.9432034492492676,-1.1097183227539062,-1.2486333847045898,-1.0129200220108032,-1.230180263519287,-1.0596551895141602,-0.9595102667808533,-1.238905906677246,-1.0721526145935059,-1.3075348138809204,-1.1994047164916992,-1.2095746994018555,-1.054456353187561,-1.1291954517364502,-1.1936155557632446,-1.229790449142456,-1.2353583574295044,-1.2228864431381226,-2.5268523693084717,-1.0440421104431152,-1.2408264875411987,-1.6785491704940796,-0.8039053082466125,-1.5687907934188843
5157.0,103.13900000000004,-27.826773965041383,279.5717113438968,386.5459753199826,281283.0869917167,-27.707310143415043,279.5896058538059,386.5459900000001,281378.7794840001,9.31533995250349,1.6713506501867226,0.0004480782949084,19200.000000000007,-0.0033844717439709,-0.0040445700667593,1.468126742271963e-05,0.0,9.51537717561601,-27.60181525644776,1.6000750110849324,10.810735004988471,-0.0102605066448516,-1.818163626623368,19199.654310352576,-64.3356814259565,0.002,-2.585252154649037,-2.08216280735765,-0.7978735197592167,6.0,10.0,180.0,-0.9974953733673764,-5.559231746890513,-0.2499851596119487,-2.5096178463679126,454.6805687926975,-569.4648067992857,163.0326107076922,737.1089105215272,531.6750000000002,-0.9974953733673764,-0.8909616470336914,-0.9269171357154846,-0.8999979496002197,-0.9915433526039124,-0.9753247499465942,-0.9303171634674072,-0.9620550870895386,-0.9553819298744202,-1.0043249130249023,-0.9707895517349243,-0.9968656897544861,-1.0288715362548828,-1.0336129665374756,-0.9799248576164246,-1.0524792671203613,-0.8976445198059082,-1.06946861743927,-0.8857111930847168,-1.0276737213134766,-0.7976487874984741,-1.0459071397781372,-1.0509655475616455,-0.8600767254829407,-1.0703760385513306,-1.0219039916992188,-1.1329853534698486,-0.9845012426376343,-1.1010487079620361,-1.004348874092102,-1.1039671897888184,-0.30832338333129883,-0.991455614566803,-0.9449297189712524,-0.9515618085861206,-1.9655094146728516,-0.9000211954116821,-1.0297857522964478,-1.3134595155715942,-0.4263228476047516,-1.9217878580093384
5158.0,103.15900000000002,-27.641576767504564,279.6068229624604,386.5458112552165,281667.0757307084,-27.51948878043913,279.629340496185,386.5459900000001,281762.7794840002,9.357516391268458,2.0293947655605047,0.0059544802207652,19200.000000000007,0.0001748810549996,-0.0041219034185395,0.0001787457758917,0.0,9.286461622919642,28.38101434056557,1.9374543983211368,18.070437832225828,0.0010006239604322,7.876690399508041,19199.58574179919,51.46544454278332,0.002,-2.634956017991518,-2.1396740426049345,-0.8203166394677206,6.0,10.0,180.0,-1.301224768781327,-5.600614799075869,-0.2314541588552988,-2.6178201461166823,474.1572843963488,-567.1669033996429,164.63580535384608,743.6384552607635,527.1750000000001,-1.301224768781327,-1.143629789352417,-1.339106559753418,-1.0407524108886719,-1.2765710353851318,-1.3472095727920532,-1.3138853311538696,-1.14902663230896,-1.1745240688323975,-1.1857637166976929,-1.3544245958328247,-1.296738624572754,-1.3378698825836182,-1.3236503601074219,-1.2730886936187744,-1.2392232418060303,-1.2387754917144775,-1.178160309791565,-1.1190965175628662,-1.3217099905014038,-1.0336107015609741,-1.305214524269104,-1.0985642671585083,-1.0017260313034058,-1.302738070487976,-1.140443205833435,-1.3786910772323608,-1.2630802392959595,-1.2592823505401611,-1.0996296405792236,-1.1601734161376953,-1.4361809492111206,-1.2886193990707397,-1.2931019067764282,-1.268284797668457,-2.907297134399414,-1.117721676826477,-1.308120846748352,-1.7541966438293457,-0.8181400299072266,-1.6443705558776855
5159.0,103.17900000000004,-27.45379277738017,279.6492986761925,386.5458359024277,282051.0689870186,-27.333332958124863,279.6762562522806,386.5459900000001,282146.7794840001,9.250262280715678,2.3794623817125893,0.005135718613515,19200.000000000007,-0.0003404284676827,-0.0043423633881441,0.0001540962736926,0.0,9.279593001382723,-22.336579324900875,2.285387397007041,19.343172892315184,0.0021952903025574,2.437086224385629,19199.673062118592,-30.11085797541775,0.002,-2.720608619536044,-2.1658839026656542,-0.8450534077457361,6.0,10.0,180.0,-0.979020617700499,-5.60206474672887,-0.2177997904452483,-2.6870697288753886,495.1056421981744,-557.4954516998214,165.73390267692304,748.1242276303817,528.8250000000002,-0.979020617700499,-0.9459449052810669,-0.958817720413208,-0.8888607025146484,-1.0611099004745483,-1.0261015892028809,-0.9850590229034424,-0.9945233464241028,-0.9658862352371216,-1.0360037088394165,-1.0544767379760742,-1.0603712797164917,-1.0900349617004395,-1.092035174369812,-1.0398280620574951,-1.115791916847229,-0.9758186340332031,-1.043798565864563,-0.8786962032318115,-1.0921592712402344,-0.86064213514328,-1.0720419883728027,-1.0680129528045654,-0.8840283751487732,-1.098311185836792,-1.0589808225631714,-1.1689015626907349,-1.0206284523010254,-1.1106138229370117,-1.0117701292037964,-1.1122407913208008,-0.6262896060943604,-1.0540918111801147,-1.0086427927017212,-0.9973983764648438,-2.4445478916168213,-0.9828404784202576,-1.0971190929412842,-1.3868423700332642,-0.5210457444190979,-1.9233278036117554
5160.0,103.19900000000004,-27.26992947566041,279.6989673432061,386.5458301168666,282435.0608422697,-27.14911554957883,279.7302838166667,386.5459900000001,282530.7794840001,9.20136035669222,2.724649786832822,0.0053301783833656,19200.000000000007,0.0013046869282882,-0.0045975669617438,0.0001599818802221,0.0,9.227311909413617,2.923783476527158,2.6728562105924336,16.056321639394035,0.016354371341958,-0.1320131228845892,19199.67414736086,-21.48316431337124,0.002,-2.774833778229138,-2.171542745869873,-0.866578897430362,6.0,10.0,180.0,-1.1631338836600151,-5.528260389006173,-0.1992354052104029,-2.759366063665273,517.3423210990871,-542.2872258499107,166.49245133846154,751.2086138151908,524.3250000000002,-1.1631338836600151,-1.0761278867721558,-1.1912024021148682,-0.9875353574752808,-1.2205390930175781,-1.2311006784439087,-1.2112257480621338,-1.1236956119537354,-1.0917515754699707,-1.1351182460784912,-1.2420079708099365,-1.2101056575775146,-1.2571830749511719,-1.241490364074707,-1.1948058605194092,-1.2113683223724365,-1.1486483812332153,-1.250281572341919,-1.0460760593414307,-1.2387231588363647,-0.9931513071060181,-1.1932274103164673,-1.0986906290054321,-0.9630028605461121,-1.2249224185943604,-1.1184581518173218,-1.3052093982696533,-1.1739879846572876,-1.211773157119751,-1.0681580305099487,-1.166440725326538,-0.8724569082260132,-1.2127492427825928,-1.1950331926345825,-1.1542019844055176,-2.779721975326538,-1.079538106918335,-1.2433505058288574,-1.6037687063217163,-0.683755099773407,-1.7587155103683472
5161.0,103.21900000000004,-27.086633171117068,279.7555922001713,386.5458486161365,282819.0544064374,-26.96710803632053,279.7913440903518,386.5459900000001,282914.7794840001,9.09006163533217,3.06989440523796,0.0047151383467397,19200.000000000007,0.0014827993942014,-0.0047240566561333,0.0001413855555748,0.0,9.082805658316673,-7.138601711154555,2.9914494964740053,17.694852366973347,0.005126214956514,-5.249928667938424,19199.793822266667,-25.69093331052928,0.002,-2.843957338298545,-2.162248316129042,-0.8811291076216669,6.0,10.0,180.0,-1.0728052976663405,-5.491094640886109,-0.1830990755594897,-2.8239503095277643,536.9626605495436,-524.4481129249554,166.68672566923078,751.9143069075953,533.4000000000001,-1.0728052976663405,-1.04819917678833,-1.1129885911941528,-0.9524345993995667,-1.1921480894088745,-1.1897900104522705,-1.1610777378082275,-1.1026861667633057,-1.0573678016662598,-1.1089928150177002,-1.1951706409454346,-1.1681017875671387,-1.2153542041778564,-1.1993873119354248,-1.1533596515655518,-1.1927237510681152,-1.1064605712890625,-1.260179877281189,-1.0061947107315063,-1.1965923309326172,-0.9654594659805298,-1.1471962928771973,-1.1000003814697266,-0.9384973049163818,-1.1899011135101318,-1.1009924411773682,-1.2635196447372437,-1.1170241832733154,-1.1770696640014648,-1.058585286140442,-1.1559878587722778,-0.7315585613250732,-1.177958369255066,-1.153518557548523,-1.0882221460342407,-2.6869075298309326,-1.071700930595398,-1.2113736867904663,-1.529018521308899,-0.6897491216659546,-1.7301363945007324
5162.0,103.23900000000005,-26.905482498583986,279.81879812718296,386.5458504920549,283203.04827383574,-26.78757892159432,279.85934667027647,386.5459900000001,283298.77948400006,8.960147264038579,3.424404431845784,0.0046477866084758,19200.000000000007,0.0015022424700048,-0.0044296152586843,0.0001395108599142,0.0,9.011233746702894,-11.474145723704478,3.33250130211182,16.4814077740053,-0.0044074001283439,-4.318212517792247,19199.602790053035,-21.34253556360954,0.002,-2.906618306090992,-2.1432073158254656,-0.8901713668027608,6.0,10.0,180.0,-1.1039873620913656,-5.498542979489133,-0.166968933052608,-2.8895984318904704,556.5508302747718,-505.5340564624777,166.9733628346154,753.0296534537977,535.1250000000001,-1.1039873620913656,-1.043367624282837,-1.0985870361328125,-0.9455058574676514,-1.198582410812378,-1.18524169921875,-1.155924677848816,-1.0913273096084595,-1.040367603302002,-1.1036570072174072,-1.1919487714767456,-1.1642639636993408,-1.211902379989624,-1.19144606590271,-1.1470389366149902,-1.185774326324463,-1.0963921546936035,-1.2965736389160156,-1.0048004388809204,-1.1922506093978882,-0.9566357135772705,-1.1394671201705933,-1.100305199623108,-0.9323074221611023,-1.1812089681625366,-1.1051632165908813,-1.250415325164795,-1.1168084144592285,-1.1703048944473267,-1.0636835098266602,-1.1583490371704102,-0.6121493577957153,-1.1787588596343994,-1.148563027381897,-1.0889960527420044,-2.6526520252227783,-1.0756653547286987,-1.2149977684020996,-1.5202714204788208,-0.6829395890235901,-1.7487688064575195
5163.0,103.25900000000004,-26.72742060085056,279.8888930644513,386.5458536319321,283587.04224653804,-26.61079261431769,279.934191354861,386.5459900000001,283682.7794840001,8.834335346236404,3.7743088604457418,0.0045139233455742,19200.000000000007,0.0020388557677687,-0.0041152743750276,0.0001364686813909,0.0,8.829103261268035,-5.550540139153628,3.676300664795316,13.12422749014082,-0.0117266956665464,-0.9201224286540276,19199.77368154262,-51.55216007993145,0.002,-2.942449916528136,-2.091941824351315,-0.892720959106749,6.0,10.0,180.0,-1.1156566533956591,-5.474716581181642,-0.152322115456157,-2.938288605054856,575.0419151373859,-484.0275282312389,166.93218141730767,752.7483267268988,530.6250000000001,-1.1156566533956591,-1.0743026733398438,-1.17572820186615,-0.9734531044960022,-1.2519924640655518,-1.247676134109497,-1.2272322177886963,-1.120243787765503,-1.0570874214172363,-1.1235257387161255,-1.2553110122680664,-1.2140448093414307,-1.2650156021118164,-1.2334076166152954,-1.1919353008270264,-1.202892541885376,-1.1428930759429932,-1.3615440130233765,-1.0604842901229858,-1.2393546104431152,-0.9832397103309631,-1.1753708124160767,-1.1008079051971436,-0.9477879405021667,-1.2126188278198242,-1.1274940967559814,-1.2780851125717163,-1.1710995435714722,-1.195997714996338,-1.0739076137542725,-1.1724021434783936,-0.6164160966873169,-1.2346017360687256,-1.2065433263778687,-1.1628210544586182,-2.7298452854156494,-1.1065053939819336,-1.269347906112671,-1.5961039066314697,-0.7066938281059265,-1.747314453125
5164.0,103.27900000000002,-26.551972793930226,279.96580043253323,386.5458202985622,283971.0375752519,-26.43701021406301,280.0157675466808,386.5459900000001,284066.77948400006,8.688251644322508,4.118187676664344,0.0056567235470588,19200.000000000007,0.0023552539471412,-0.0038089478596311,0.0001696998466067,0.0,8.695550215677637,-8.737438715644242,4.003419194731452,15.985790709024434,-0.0038881103006664,4.76248815958219,19199.518407159667,-85.96998161360685,0.002,-3.0449685553040062,-2.1077230011047834,-0.90887000149594,6.0,10.0,180.0,-1.1640608035373623,-5.549856218908618,-0.1391593566424917,-2.9946215915381726,592.767957568693,-462.1597641156194,166.95009070865382,752.7251633634494,532.2750000000001,-1.1640608035373623,-1.0669304132461548,-1.1599369049072266,-0.9451157450675964,-1.2545422315597534,-1.2406840324401855,-1.2088875770568848,-1.1047031879425049,-1.0271620750427246,-1.1123601198196411,-1.261858344078064,-1.2125505208969116,-1.2563090324401855,-1.2234716415405273,-1.1827647686004639,-1.196476697921753,-1.1331255435943604,-1.3844788074493408,-1.0304116010665894,-1.2367526292800903,-0.9721375107765198,-1.168077826499939,-1.0960516929626465,-0.9360778331756592,-1.1949748992919922,-1.1287957429885864,-1.2527779340744019,-1.1645199060440063,-1.1741943359375,-1.0645458698272705,-1.1552956104278564,-0.6697364449501038,-1.2342512607574463,-1.1968820095062256,-1.168749213218689,-2.8020520210266113,-1.1209479570388794,-1.2745001316070557,-1.5952128171920776,-0.7301557660102844,-1.7870900630950928
5165.0,103.29900000000002,-26.379374826886885,280.0498419323264,386.5458561898748,284355.0326530252,-26.266487614011783,280.1039553482788,386.5459900000001,284450.7794840002,8.521336048341478,4.44101909245809,0.0044268105383307,19200.000000000007,0.0024273869752742,-0.0039459431118777,0.0001338089221992,0.0,8.567637975203489,-9.951200337961312,4.380891357644648,17.275641655706046,0.0051283618420448,2.738676896444802,19199.708750590216,34.33919441743419,0.002,-3.102265516907883,-2.141090111369233,-0.9368557063809152,6.0,10.0,180.0,-1.1587088970932855,-5.536034607175766,-0.1269682925121163,-3.03564149438841,611.3814787843464,-438.5678820578097,167.1675453543269,753.5555816817247,531.5250000000001,-1.1587088970932855,-1.0737895965576172,-1.162214756011963,-0.9351068735122681,-1.2689707279205322,-1.2558045387268066,-1.219604253768921,-1.1055958271026611,-1.0202234983444214,-1.1134756803512573,-1.2764605283737183,-1.218470811843872,-1.2643024921417236,-1.22613525390625,-1.1886218786239624,-1.2052159309387207,-1.142188549041748,-1.4165887832641602,-1.0263733863830566,-1.2406954765319824,-0.9716913104057312,-1.1601755619049072,-1.1005362272262573,-0.9318774342536926,-1.1964874267578125,-1.131697177886963,-1.2493369579315186,-1.1590999364852905,-1.1655750274658203,-1.0690970420837402,-1.1503843069076538,-0.677715003490448,-1.2487717866897583,-1.2089871168136597,-1.1667132377624512,-2.866595506668091,-1.139766812324524,-1.2882871627807617,-1.5997735261917114,-0.771622359752655,-1.76218581199646
5166.0,103.31900000000005,-26.21017185001538,280.14068837093794,386.5458729453846,284739.0251871821,-26.09947601405661,280.1986247606034,386.5459900000001,284834.77948400006,8.343527111690914,4.749185526917619,0.0038677509949871,19200.000000000007,0.0025461070851727,-0.004320774770053,0.0001170546406592,0.0,8.354030286172213,-8.9007618945948,4.653559942419447,17.403739838139057,0.0036583421751911,1.2318573242476496,19199.330057311683,-8.52033345219291,0.002,-3.127507218602457,-2.0869878304763216,-0.9177530610892412,6.0,10.0,180.0,-1.195320083445862,-5.460283110855221,-0.1157279543495814,-3.1110475673557643,626.6657393921732,-415.2684410289048,167.02527267716346,752.8562908408624,532.9500000000002,-1.195320083445862,-1.0827263593673706,-1.1773366928100586,-0.9330606460571289,-1.2845669984817505,-1.2814428806304932,-1.2446720600128174,-1.1105997562408447,-1.0186834335327148,-1.1136548519134521,-1.2979716062545776,-1.2313671112060547,-1.279085397720337,-1.2342368364334106,-1.199357271194458,-1.2115334272384644,-1.1571869850158691,-1.4408516883850098,-1.0377060174942017,-1.2507481575012207,-0.9766178727149963,-1.1598670482635498,-1.1008319854736328,-0.9296769499778748,-1.2015714645385742,-1.132103443145752,-1.2477964162826538,-1.1602678298950195,-1.1601994037628174,-1.0691869258880615,-1.1464672088623047,-0.6931174397468567,-1.2700403928756714,-1.2308999300003052,-1.1773386001586914,-2.8879454135894775,-1.1597083806991577,-1.307771921157837,-1.616573691368103,-0.8205453753471375,-1.7185556888580322
5167.0,103.33900000000004,-26.044374121248616,280.23676069538385,386.5458879413753,285123.01527502696,-25.93622232155398,280.29963588263115,386.5459900000001,285218.7794840002,8.14712378326069,5.090389802127602,0.0034013704295526,19200.000000000007,0.0024720732458008,-0.00348818822491,0.0001020588717351,0.0,8.20975298615843,-10.017301923800938,4.976240573506335,21.48162569827869,0.005367206981801,-3.663700131588468,19199.758017192235,128.805668266203,0.002,-3.201652541124824,-1.9657245697597,-0.9067414382316928,6.0,10.0,180.0,-1.1235373464808909,-5.541524238483593,-0.1020358351539517,-3.199218066147016,641.9898696960865,-391.7297205144524,167.11063633858174,753.1331454204312,534.6750000000001,-1.1235373464808909,-1.0883554220199585,-1.1648869514465332,-0.9107191562652588,-1.2836213111877441,-1.2930165529251099,-1.245251178741455,-1.1100653409957886,-1.012797236442566,-1.1111561059951782,-1.3062978982925415,-1.2285605669021606,-1.2780568599700928,-1.2301521301269531,-1.198169469833374,-1.2233169078826904,-1.1634633541107178,-1.4490166902542114,-1.0167083740234375,-1.2459110021591187,-0.9728196263313293,-1.141360878944397,-1.1070739030838013,-0.920747697353363,-1.2002149820327759,-1.1263748407363892,-1.2399845123291016,-1.1327179670333862,-1.139616847038269,-1.0670397281646729,-1.130136251449585,-0.7754671573638916,-1.276795744895935,-1.2375887632369995,-1.1502348184585571,-2.978872537612915,-1.1808501482009888,-1.3121826648712158,-1.6068450212478638,-0.8981499075889587,-1.6499264240264893
5168.0,103.35900000000008,-25.882398518391007,280.3396804778633,386.5459416754708,285507.01643719233,-25.776966539270468,280.40684010873304,386.5459900000001,285602.7794840002,7.938141926334121,5.405360813837809,0.0016134109068692,19200.000000000007,0.0023775599708053,-0.0032122528634502,4.832452458004621e-05,0.0,7.957994578483526,-14.824323029476776,5.317399009529483,18.85931502499192,0.006113516145963,0.4185039287097772,19199.94620885456,-60.072189870641054,0.002,-3.27454460908121,-1.7741358069912372,-0.9067311732370243,6.0,10.0,180.0,-1.1699150253604675,-5.56220127237915,-0.0995992569744469,-3.209961750443788,656.8479348480432,-365.2128602572262,167.0303181692909,752.6995727102155,527.0250000000002,-1.1699150253604675,-1.0689783096313477,-1.1450203657150269,-0.8977466821670532,-1.2819936275482178,-1.2738276720046997,-1.2296433448791504,-1.0886380672454834,-0.9711423516273499,-1.0889225006103516,-1.2979540824890137,-1.2192716598510742,-1.267568588256836,-1.2110002040863037,-1.1817799806594849,-1.208739161491394,-1.1439547538757324,-1.4543745517730713,-1.0049691200256348,-1.233457326889038,-0.9562952518463135,-1.1229058504104614,-1.0947099924087524,-0.9052806496620178,-1.1732054948806763,-1.1224292516708374,-1.2077480554580688,-1.1281810998916626,-1.1235530376434326,-1.060439109802246,-1.1266613006591797,-0.7698972821235657,-1.2741214036941528,-1.2229305505752563,-1.1654547452926636,-2.9483025074005127,-1.1764534711837769,-1.3122081756591797,-1.597224473953247,-0.8518245220184326,-1.731547236442566
5169.0,103.37900000000003,-25.725223169003392,280.44923314009884,386.5459890423363,285891.0151317698,-25.621943959905444,280.520078936834,386.5459900000001,285986.7794840001,7.741548554151493,5.695738676283821,2.791607394265483e-05,19200.000000000007,0.0030024932721119,-0.0034301903613435,9.57630799316582e-07,0.0,7.772689724020791,-5.988047582019381,5.636773286398947,13.98020269915566,0.0021849721484534,-4.143859097179931,19200.20405961638,77.20275870130416,0.002,-3.3708958054279985,-1.640930396220823,-0.912061714858192,6.0,10.0,180.0,-1.1787094845344923,-5.544475921542862,-0.0976698195896648,-3.205344698900636,671.1059674240216,-338.8919301286131,167.11765908464542,752.9877863551078,528.5250000000001,-1.1787094845344923,-1.1126617193222046,-1.2313127517700195,-0.9452282190322876,-1.338967204093933,-1.3622874021530151,-1.2990268468856812,-1.127528429031372,-1.0167582035064697,-1.1219764947891235,-1.3657041788101196,-1.2706444263458252,-1.3295104503631592,-1.259762167930603,-1.235558032989502,-1.229454517364502,-1.2011830806732178,-1.4971840381622314,-1.087171196937561,-1.2818448543548584,-0.9927625060081482,-1.164674162864685,-1.1010793447494507,-0.9280579090118408,-1.2244346141815186,-1.14212167263031,-1.2544711828231812,-1.1829369068145752,-1.161046028137207,-1.0821850299835205,-1.1493356227874756,-0.7166440486907959,-1.3401228189468384,-1.2981592416763306,-1.2240477800369263,-2.895434617996216,-1.2087827920913696,-1.369992733001709,-1.6711753606796265,-0.9181108474731445,-1.6148258447647095
5170.0,103.39900000000004,-25.571748241740764,280.56437601810575,386.5459724388255,286275.01634453086,-25.47138307978158,280.6391857744561,386.5459900000001,286370.77948400006,7.513244306563784,5.990452820821911,0.0005526897649192,19200.000000000007,0.0030138449756892,-0.0032610346704613,1.7561191924977986e-05,0.0,7.538359587300095,-13.425832089175575,5.9018792850083175,17.214278175308124,-0.0080498582005109,1.4562795712388694,19200.0170690896,-4.39185422992726,0.002,-3.4329709925696146,-1.5676452814561586,-0.9104168638037414,6.0,10.0,180.0,-1.1904480453180348,-5.599525473633683,-0.099624681937235,-3.2022856547076657,683.1894837120108,-312.9994650643066,167.0458295423227,752.6038931775539,528.2250000000001,-1.1904480453180348,-1.0803122520446777,-1.1740820407867432,-0.8966201543807983,-1.3129819631576538,-1.3165775537490845,-1.2525858879089355,-1.1000592708587646,-0.9543219804763794,-1.086900234222412,-1.3377175331115723,-1.238702654838562,-1.289524793624878,-1.2182674407958984,-1.1946539878845215,-1.2094908952713013,-1.160651445388794,-1.4806222915649414,-1.024885892868042,-1.2477612495422363,-0.9627165794372559,-1.1265745162963867,-1.0885944366455078,-0.8990321755409241,-1.1767399311065674,-1.1255764961242676,-1.2010524272918701,-1.1420278549194336,-1.1188805103302002,-1.0583609342575073,-1.1203970909118652,-0.8521546125411987,-1.3098795413970947,-1.253490924835205,-1.2001714706420898,-2.9092938899993896,-1.2051526308059692,-1.3458681106567383,-1.629029631614685,-0.914415180683136,-1.6836564540863037
5171.0,103.41900000000004,-25.423202079306304,280.68543051834547,386.54595780654097,286659.01539657457,-25.325505606338453,280.7639852252977,386.5459900000001,286754.77948400006,7.2869763630016,6.272696543598224,0.0010740427346458,19200.000000000007,0.0034142593231634,-0.0031962912499085,3.2193489791514145e-05,0.0,7.343513938581969,-5.492841103963788,6.203608415424699,15.439171465041564,-0.0066014490954959,2.875718014595854,19199.98338240401,94.46170686792152,0.002,-3.530873849559475,-1.4506240675067574,-0.8904432058735068,6.0,10.0,180.0,-1.2246289403066175,-5.579080317828163,-0.0986308544481187,-3.211556716374781,695.0872418560054,-286.91173253215334,167.17491477116135,753.082946588777,528.0750000000002,-1.2246289403066175,-1.1159707307815552,-1.2383822202682495,-0.9225061535835266,-1.3594411611557007,-1.3701670169830322,-1.290368676185608,-1.1227869987487793,-0.9825581908226013,-1.1107375621795654,-1.4041800498962402,-1.2841845750808716,-1.3381386995315552,-1.257595181465149,-1.2379118204116821,-1.2235126495361328,-1.2073535919189453,-1.5137245655059814,-1.073330044746399,-1.2909178733825684,-0.9895324110984802,-1.1724307537078857,-1.0885486602783203,-0.9158735275268555,-1.2104125022888184,-1.1428664922714233,-1.2300161123275757,-1.187049150466919,-1.1424510478973389,-1.0673706531524658,-1.1286625862121582,-0.9043134450912476,-1.364656686782837,-1.3109337091445923,-1.2608481645584106,-2.928929328918457,-1.2383276224136353,-1.3958240747451782,-1.6992063522338867,-0.9772900342941284,-1.6230645179748535
5172.0,103.43900000000004,-25.278541998317,280.8121400440268,386.54597158990686,287043.0144644164,-25.184526944238662,280.8942927831304,386.5459900000001,287138.7794840001,7.02099799623687,6.544670136017326,0.0006144235261065,19200.000000000007,0.0029405495696788,-0.0031574665650151,1.8409925911907136e-05,0.0,7.077882323075497,-16.175405754600025,6.4785150136655645,10.681085590636355,0.0046684334712084,2.926049913632942,19200.17022544871,-55.66215308630971,0.002,-3.596141148001073,-1.330553707451981,-0.9157204034974934,6.0,10.0,180.0,-1.1587024541480084,-5.645002279062696,-0.0971635315897915,-3.2253886294585685,705.5691209280028,-259.70736626607663,167.16345738558067,752.9674732943885,536.7750000000001,-1.1587024541480084,-1.071711778640747,-1.1656737327575684,-0.9016866087913513,-1.3329282999038696,-1.328364372253418,-1.2555385828018188,-1.1093710660934448,-0.9265072345733643,-1.0750107765197754,-1.3441338539123535,-1.232553482055664,-1.2868810892105103,-1.1993131637573242,-1.1806697845458984,-1.179657220840454,-1.1420891284942627,-1.5005513429641724,-1.0533360242843628,-1.2364063262939453,-0.9556996822357178,-1.1213701963424683,-1.0749694108963013,-0.8839282393455505,-1.1632091999053955,-1.119896650314331,-1.1739581823349,-1.1543551683425903,-1.1254022121429443,-1.0581896305084229,-1.1289536952972412,-0.9989480972290039,-1.3210430145263672,-1.2533663511276245,-1.225469946861267,-2.627662181854248,-1.2067700624465942,-1.3565529584884644,-1.622243881225586,-0.9154099822044373,-1.647002935409546
5173.0,103.45900000000005,-25.14010144909552,280.9440418224164,386.5460314162724,287427.0115145769,-25.048654587715045,281.02991674175547,386.5459900000001,287522.7794840001,6.786404493361482,6.815160335565951,-0.0013788922217864,19200.000000000007,0.0037147623265272,-0.002868889885727,-4.141644585109668e-05,0.0,6.809337261226069,-5.911747320673612,6.719251084038628,10.01034610350785,0.0036150378487128,0.1240666093265293,19199.68801187665,21.472432407094374,0.002,-3.525377049877435,-1.1496276547375566,-0.91964067779173,6.0,10.0,180.0,-1.2797658391966604,-5.641543520513918,-0.1035108577926433,-3.250456974111773,714.3460604640014,-232.63368313303832,167.03772869279032,752.3697366471943,543.9000000000001,-1.2797658391966604,-1.1144428253173828,-1.237316370010376,-0.9306628108024597,-1.365966558456421,-1.3861225843429565,-1.2988487482070923,-1.1347177028656006,-0.9704291820526123,-1.1024097204208374,-1.4151173830032349,-1.2782334089279175,-1.3366563320159912,-1.2413110733032227,-1.2263883352279663,-1.1954196691513062,-1.1949968338012695,-1.5257774591445923,-1.1085000038146973,-1.279606819152832,-0.9891627430915833,-1.170932412147522,-1.0817393064498901,-0.8982788920402527,-1.2048444747924805,-1.1322672367095947,-1.2111974954605103,-1.1916155815124512,-1.1415753364562988,-1.0643119812011719,-1.1375045776367188,-1.0519665479660034,-1.378402829170227,-1.3191088438034058,-1.2709912061691284,-2.603539228439331,-1.2446843385696411,-1.4052668809890747,-1.687880277633667,-1.0261832475662231,-1.4951773881912231
5174.0,103.47900000000004,-25.00573302010763,281.0812391268002,386.5459903881131,287811.0117967339,-24.918089332728755,281.1706567017896,386.5459900000001,287906.7794840001,6.505133030834479,7.073855183697704,-1.403656092005955e-05,19200.000000000007,0.0033830885393746,-0.0026286321647188,-3.873244736200278e-07,0.0,6.598151489024571,-15.32447232012863,7.008556550091045,15.493813208287168,0.0027018778827487,-1.8381281653139645,19200.27270564456,-60.18369685429626,0.002,-3.5498307388095025,-0.9561354645302108,-0.9045979258077196,6.0,10.0,180.0,-1.1967186641877343,-5.750485823603698,-0.1044746420681748,-3.2556029319345106,723.4055302320007,-205.4478415665192,167.22286434639517,753.1073683235971,554.6250000000001,-1.1967186641877343,-1.0770046710968018,-1.158496618270874,-0.8723583817481995,-1.3234105110168457,-1.3462196588516235,-1.24418044090271,-1.10517156124115,-0.9032236337661743,-1.0682179927825928,-1.3644980192184448,-1.2206467390060425,-1.2753713130950928,-1.180163860321045,-1.165679693222046,-1.175470232963562,-1.1379214525222778,-1.4216512441635132,-1.031040906906128,-1.2204844951629639,-0.9499255418777466,-1.113594651222229,-1.0787932872772217,-0.8637992739677429,-1.1579322814941406,-1.105186104774475,-1.1593236923217773,-1.1190521717071533,-1.0910428762435913,-1.0424236059188843,-1.1072957515716553,-1.2059288024902344,-1.325981855392456,-1.2559232711791992,-1.1918498277664185,-2.513399362564087,-1.2353063821792603,-1.3573555946350098,-1.6018213033676147,-1.0672810077667236,-1.4606672525405884
5175.0,103.49900000000002,-24.87710672651826,281.2239928283126,386.5459874217072,288195.0121813353,-24.79302308317395,281.3163053683473,386.5459900000001,288290.7794840002,6.226674979711752,7.304910803984842,8.945902235688923e-05,19200.000000000007,0.0034187466396204,-0.0029009644263406,2.5797747848270034e-06,0.0,6.292474603413687,-12.4508992604122,7.250292482858441,5.132772971395795,0.0039108500512138,-0.1185333168230307,19200.1030279269,72.88883768970597,0.002,-3.5938877205435813,-0.825008226151765,-0.9172569971632843,6.0,10.0,180.0,-1.216304718087417,-5.6801851555496485,-0.1049697084962673,-3.2443650925230423,730.7367651160004,-177.0374207832596,167.2084321731976,752.9956841617986,559.9500000000002,-1.216304718087417,-1.0923649072647095,-1.188089370727539,-0.9151192307472229,-1.3489022254943848,-1.3669370412826538,-1.2774943113327026,-1.1293927431106567,-0.9229764938354492,-1.0744482278823853,-1.3877679109573364,-1.2371373176574707,-1.296851634979248,-1.1889665126800537,-1.1776301860809326,-1.1452678442001343,-1.1423773765563965,-1.4972158670425415,-1.1042230129241943,-1.2332751750946045,-0.966492772102356,-1.1392518281936646,-1.074179768562317,-0.8670392036437988,-1.1688917875289917,-1.111140251159668,-1.1691542863845825,-1.1697529554367065,-1.125357747077942,-1.055962085723877,-1.1339154243469238,-1.3375539779663086,-1.3542571067810059,-1.2801779508590698,-1.2515469789505005,-2.2148633003234863,-1.2287254333496094,-1.3813778162002563,-1.6276062726974487,-1.0293738842010498,-1.4245927333831787
5176.0,103.51900000000003,-24.75426177866913,281.370821211504,386.5460263188113,288579.01947576605,-24.673640642169964,281.4666480453974,386.5459900000001,288674.7794840001,5.946430553612149,7.5503847205940176,-0.0012091738326162,19200.000000000007,0.0036711442643202,-0.0024130753761472,-3.6218516757046894e-05,0.0,5.997095894558258,-15.569704917393947,7.454561985266392,11.780483783554224,0.000501520923545,-3.168645567600658,19200.41235101302,-68.62753834678563,0.002,-3.7016468537589167,-0.7389747975928677,-0.9214621379040754,6.0,10.0,180.0,-1.2393074546253122,-5.7251041651641,-0.1064625549749608,-3.1833349409672325,736.2828825580002,-149.1387103916298,167.0632160865988,752.3333420808993,569.7750000000001,-1.2393074546253122,-1.069111943244934,-1.146091341972351,-0.8679103255271912,-1.3199561834335327,-1.3520243167877197,-1.2408784627914429,-1.1051908731460571,-0.8787214756011963,-1.0508071184158325,-1.3605055809020996,-1.2022957801818848,-1.259033203125,-1.150757074356079,-1.140746831893921,-1.1393007040023804,-1.1152408123016357,-1.2311058044433594,-1.0448386669158936,-1.1965515613555908,-0.9423832893371582,-1.1047459840774536,-1.072365641593933,-0.8422006964683533,-1.1425349712371826,-1.0821514129638672,-1.137976050376892,-1.1104400157928467,-1.0818839073181152,-1.033123254776001,-1.101210594177246,-1.4687159061431885,-1.326414704322815,-1.2480026483535767,-1.191285252571106,-2.160248041152954,-1.2351206541061401,-1.3531770706176758,-1.576517105102539,-1.1201821565628052,-1.3342509269714355
5177.0,103.53900000000004,-24.636835418140567,281.5227944188915,386.54602336757387,288963.0209526817,-24.56011810926301,281.6214629313612,386.5459900000001,289058.77948400006,5.646659179589258,7.767019472438203,-0.0011453778085634,19200.000000000007,0.0035954211940024,-0.0024528092854655,-3.336889643086024e-05,0.0,5.741248745921536,-18.430423559766712,7.735861900987848,9.461286377338077,-0.0044050313415008,-2.3191882433037323,19199.92956941956,-72.84801693815825,0.002,-3.670068579833563,-0.5897282508761201,-0.911838722516512,6.0,10.0,180.0,-1.1884715330848157,-5.777358003820499,-0.1084189160657662,-3.173605473995905,742.3784412790001,-120.22585519581487,167.2691080432994,753.1786710404497,574.1250000000001,-1.1884715330848157,-1.0575484037399292,-1.1238662004470825,-0.8596285581588745,-1.3090327978134155,-1.3395135402679443,-1.2296563386917114,-1.100993037223816,-0.8502297401428223,-1.0342087745666504,-1.3444244861602783,-1.1803606748580933,-1.2381600141525269,-1.1231861114501953,-1.1151394844055176,-1.1130690574645996,-1.0887532234191895,-1.3059353828430176,-1.0372834205627441,-1.1722455024719238,-0.9267457723617554,-1.0897103548049927,-1.0654584169387817,-0.8270792365074158,-1.1230624914169312,-1.0675580501556396,-1.1191277503967285,-1.0997623205184937,-1.0781769752502441,-1.0295507907867432,-1.0925654172897339,-1.6479947566986084,-1.3131060600280762,-1.2256155014038086,-1.185057520866394,-1.9758992195129395,-1.2243953943252563,-1.339355707168579,-1.5472913980484009,-1.1117417812347412,-1.3164390325546265
5178.0,103.55900000000004,-24.525662463583167,281.6789508055808,386.5459562130589,289347.0175235599,-24.45262278544212,281.7805221203836,386.5459900000001,289442.7794840001,5.349888982304998,7.979081703513453,0.0011309356290948,19200.000000000007,0.0038541961105321,-0.0022828159600606,3.3785807545758944e-05,0.0,5.40647648426459,-12.443124400791808,7.872531979224121,6.470010928987276,-0.0046281513015156,4.263037358213877,19199.842714185856,-0.0311502969253979,0.002,-3.687742560172876,-0.4172207485891643,-0.9010712792102524,6.0,10.0,180.0,-1.223102324586041,-5.835408541743588,-0.109374326222559,-3.195683514596708,745.2952206395,-92.52842759790744,167.0225540216497,752.0968355202249,568.4250000000001,-1.223102324586041,-1.0728400945663452,-1.1647186279296875,-0.8724932670593262,-1.327307939529419,-1.3511371612548828,-1.2459803819656372,-1.1050615310668945,-0.8480440378189087,-1.0352985858917236,-1.3594391345977783,-1.2050580978393555,-1.2605156898498535,-1.1391578912734985,-1.1339738368988037,-1.0988950729370117,-1.1106672286987305,-1.3449167013168335,-1.0630853176116943,-1.1942898035049438,-0.9450712203979492,-1.1229044198989868,-1.0563806295394897,-0.8290967345237732,-1.127981424331665,-1.070165991783142,-1.1211754083633423,-1.137198805809021,-1.0816607475280762,-1.0225483179092407,-1.0938401222229004,-1.815392017364502,-1.344312310218811,-1.249619960784912,-1.246381163597107,-1.9262762069702148,-1.234237551689148,-1.3645515441894531,-1.5914061069488525,-1.117571473121643,-1.3286240100860596
5179.0,103.57900000000004,-24.42029382832209,281.83917868226007,386.5460155641808,289731.0190298454,-24.35131287107474,281.9435907090839,386.5459900000001,289826.7794840001,5.036108540495258,8.182298219042492,-0.0008885664925777,19200.000000000007,0.0038335808056905,-0.0020219015001822,-2.5564201072803845e-05,0.0,5.09716554416972,-20.575423343217143,8.130858492488908,9.400252581485448,0.0002248588482154,0.4376484648079085,19199.86159493593,-85.9339083911107,0.002,-3.740562084659865,-0.2805500705497178,-0.9127052011442698,6.0,10.0,180.0,-1.231453451912305,-5.861302030424088,-0.1108321753693779,-3.200785918967207,748.62311031975,-62.60821379895372,167.09327701082486,752.3789177601125,570.8250000000002,-1.231453451912305,-1.0259652137756348,-1.0902552604675293,-0.8277024626731873,-1.2788918018341064,-1.3103348016738892,-1.1972025632858276,-1.0747871398925781,-0.7880429029464722,-0.9878596067428589,-1.2948527336120605,-1.1412642002105713,-1.1988455057144165,-1.0730034112930298,-1.0691449642181396,-1.0765180587768555,-1.0526883602142334,-1.7588202953338623,-0.9928980469703674,-1.1285152435302734,-0.894550085067749,-1.0563267469406128,-1.0477263927459717,-0.7934411764144897,-1.0794917345046997,-1.0269575119018555,-1.0737043619155884,-1.0637109279632568,-1.044696569442749,-1.0031332969665527,-1.055123209953308,-2.0113799571990967,-1.2919268608093262,-1.185893177986145,-1.1714890003204346,-1.7548457384109497,-1.2118632793426514,-1.3116192817687988,-1.5026108026504517,-1.1257060766220093,-1.3023840188980103
5180.0,103.59900000000005,-24.32162296222745,282.00347614830395,386.5460312606192,290115.0205675242,-24.2563380626545,282.11042859839176,386.5459900000001,290210.7794840001,4.7303711770881165,8.368575166728077,-0.0013766001898476,19200.000000000007,0.004271227210249,-0.0019037712399668,-4.126038161284733e-05,0.0,4.8068796601108,-13.425858151716929,8.271001902455687,12.38558983119209,0.0039274176936562,1.1621366113454903,19199.96594955844,30.02548708007662,0.002,-3.721119945190728,-0.1641875583246186,-0.9031392535482188,6.0,10.0,180.0,-1.2446448443245526,-5.846269250514365,-0.1142559825337892,-3.186908275519192,750.078055159875,-35.24910689947686,167.00213850541243,751.9769588800563,573.3750000000001,-1.2446448443245526,-1.0467489957809448,-1.1288199424743652,-0.8252924680709839,-1.291483759880066,-1.335241436958313,-1.2080461978912354,-1.072826862335205,-0.800517201423645,-0.9980581998825073,-1.3042056560516357,-1.1586132049560547,-1.2131327390670776,-1.087059497833252,-1.0864583253860474,-1.082254409790039,-1.0789856910705566,-1.8468115329742432,-0.9942188262939453,-1.1449239253997803,-0.9174259305000305,-1.0862948894500732,-1.0509134531021118,-0.7967193126678467,-1.095347285270691,-1.0268256664276123,-1.0826518535614014,-1.0738533735275269,-1.0295863151550293,-0.9897778034210205,-1.0560302734375,-2.149348258972168,-1.3148072957992554,-1.2088581323623657,-1.1871057748794556,-1.7339842319488525,-1.2323343753814697,-1.3265767097473145,-1.5299549102783203,-1.2172895669937134,-1.2033076286315918
5181.0,103.61900000000006,-24.2284918481629,282.171441965466,386.54599809166666,290499.02017922985,-24.16783805718629,282.2807894948161,386.5459900000001,290594.77948400006,4.389711913287932,8.542931090226778,-0.0002663607630467,19200.000000000007,0.0038641246229071,-0.0017708935305448,-8.091654595225722e-06,0.0,4.475868847817317,-20.33168953514928,8.495384986926553,14.58191397539999,0.003177238434762,-1.9562433870334133,19199.84482047531,-4.222464109294248,0.002,-3.738117295653599,-0.0229898948840005,-0.9020349587988958,6.0,10.0,180.0,-1.1894486639039417,-5.871146987697821,-0.1147448328653843,-3.1884313651456235,751.2815275799376,-5.580553449738428,167.10806925270623,752.4234794400281,573.9000000000002,-1.1894486639039417,-0.9982317686080933,-1.0433533191680908,-0.7896871566772461,-1.2437825202941895,-1.2961814403533936,-1.1637623310089111,-1.0423774719238281,-0.7501367926597595,-0.9523211717605591,-1.2393932342529297,-1.0958034992218018,-1.1533081531524658,-1.0230398178100586,-1.0233286619186401,-1.0584237575531006,-1.02376127243042,-1.5661572217941284,-0.9275056719779968,-1.080847978591919,-0.8643577098846436,-1.02401602268219,-1.0415230989456177,-0.7661454081535339,-1.0453155040740967,-0.9847639799118042,-1.0374277830123901,-1.0099574327468872,-0.9932551383972168,-0.9714095592498779,-1.0213990211486816,-2.3081276416778564,-1.2632142305374146,-1.1466327905654907,-1.119438886642456,-1.5477590560913086,-1.2057198286056519,-1.2722759246826172,-1.446250557899475,-1.2154642343521118,-1.1808830499649048
5182.0,103.63900000000004,-24.142305545868098,282.3427463640606,386.5460097547897,290883.0191278943,-24.08594365784847,282.45442220368824,386.5459900000001,290978.7794840001,4.05686259029238,8.707838960464782,-0.0006568658607986,19200.000000000007,0.0038801295076376,-0.0015407940004486,-1.9754782120146497e-05,0.0,4.135230815235031,-18.92402066620108,8.619169631130854,6.7761657087529485,0.000225969158017,-0.9184668937747424,19199.99836707905,111.60813878048444,0.002,-3.718368487220912,0.1482362044178912,-0.9006418473698854,6.0,10.0,180.0,-1.206066936292972,-5.921845133236579,-0.1166969209272225,-3.189450314923847,750.4282637899688,23.019223275130784,166.9820346263531,751.886739720014,572.4000000000001,-1.206066936292972,-0.9944795370101929,-1.033048152923584,-0.8062894344329834,-1.240384578704834,-1.2784578800201416,-1.1760368347167969,-1.0446882247924805,-0.7361053228378296,-0.9413262009620667,-1.2295433282852173,-1.0853735208511353,-1.1448190212249756,-1.0090221166610718,-1.01186203956604,-1.014208436012268,-1.0105897188186646,-1.6509511470794678,-0.9624806642532349,-1.067678451538086,-0.8711684346199036,-1.0314635038375854,-1.032096266746521,-0.7613888382911682,-1.0347321033477783,-0.9767360687255859,-1.036306619644165,-1.032348871231079,-1.0096447467803955,-0.977792501449585,-1.0202242136001587,-2.3754165172576904,-1.262514591217041,-1.1394511461257935,-1.1449856758117676,-1.3250234127044678,-1.1788443326950073,-1.2641650438308716,-1.4337397813796997,-1.1611872911453247,-1.1583645343780518
5183.0,103.65900000000002,-24.06309427948356,282.516588334647,386.5460087987017,291267.02083305275,-24.01077546839029,282.63107121668025,386.5459900000001,291362.7794840001,3.729100213034747,8.88134884712306,-0.000658018925672,19200.000000000007,0.0042219547414727,-0.0006652583278628,-1.87988189421225e-05,0.0,3.790284337684216,-13.48055137738838,8.809353021301623,17.51987127952328,-0.0019281752317297,-1.219100718112942,19200.032680217744,-34.341219347910155,0.002,-3.72113780215566,0.2966625772916454,-0.902511424610134,6.0,10.0,180.0,-1.26659381171674,-6.032223238151081,-0.1191389182674999,-3.195114713676137,749.1451318949844,53.03061163756539,167.04651731317654,752.1723698600069,582.2250000000001,-1.26659381171674,-0.9997488260269165,-1.029475212097168,-0.7715423107147217,-1.2184646129608154,-1.2565546035766602,-1.1575443744659424,-1.025118350982666,-0.7318524122238159,-0.9399906396865845,-1.2023084163665771,-1.0740838050842285,-1.1261940002441406,-0.9980106353759766,-1.0028035640716553,-1.027192234992981,-1.0178627967834473,3.2124886512756348,-0.9021185040473938,-1.0577176809310913,-0.8703285455703735,-1.0379608869552612,-1.0372785329818726,-0.7557873725891113,-1.0358166694641113,-0.9552150964736938,-1.0228703022003174,-0.9929407835006714,-0.9595496654510498,-0.941243052482605,-1.0053645372390747,-2.5788137912750244,-1.250687599182129,-1.1285107135772705,-1.103505253791809,-1.3023042678833008,-1.197240948677063,-1.245736837387085,-1.4195348024368286,-1.3110671043395996,-1.0011787414550781
5184.0,103.67900000000004,-23.99012589965232,282.69490518559,386.5460255756132,291651.01978603256,-23.94244438879171,282.8104756250103,386.5459900000001,291746.7794840001,3.3786060638000324,8.990074094359526,-0.0011818400225394,19200.000000000007,0.0040409551543183,-0.0013391984399305,-3.557585321961304e-05,0.0,3.471192971682062,-18.18876079207716,8.98655518762962,2.6866436630406585,-0.010530618087405,-2.6940822959104085,19200.084698165847,60.0521734963271,0.002,-3.717450078159785,0.4576355863863821,-0.8948173889962812,6.0,10.0,180.0,-1.1791613457408217,-5.963400276106084,-0.1225531789675266,-3.18947612859357,747.3960659474922,82.62480581878269,167.26075865658828,753.1081849300035,580.6500000000001,-1.1791613457408217,-0.9759551286697388,-0.9748364686965942,-0.7992265224456787,-1.1697126626968384,-1.2251886129379272,-1.154392123222351,-1.0247246026992798,-0.7009971141815186,-0.9076720476150513,-1.180422067642212,-1.0302027463912964,-1.0893619060516357,-0.9530210494995117,-0.9594029784202576,-0.9418659806251526,-0.9651377201080322,2.9731688499450684,-0.9508463144302368,-1.0106496810913086,-0.8530172109603882,-1.0173362493515015,-1.0243757963180542,-0.7459822297096252,-1.003490686416626,-0.9427719116210938,-1.01418936252594,-1.0123289823532104,-0.9970426559448242,-0.9700053930282593,-1.000232458114624,-2.4891185760498047,-1.2189929485321045,-1.088797926902771,-1.1125999689102173,-0.9599912166595459,-1.1298142671585083,-1.2083359956741333,-1.3576246500015259,-1.1526213884353638,-1.0096348524093628
5185.0,103.69900000000004,-23.92425475240604,282.8750255359271,386.5459912060477,292035.0203719059,-23.88105131866453,282.9923710336676,386.5459900000001,292130.7794840002,3.03078546257706,9.114146231501287,-4.353357844113712e-05,19200.000000000007,0.0040833877208411,-0.0011533375709876,-1.205503401142786e-06,0.0,3.117691093554494,-15.38195837108348,9.081323597048492,8.118509004130447,-0.0065760082153071,2.87534611358088,19200.01695502128,4.245751354319649,0.002,-3.6844049684858313,0.568655386125547,-0.9098296412680836,6.0,10.0,180.0,-1.150387829973475,-6.013199165278913,-0.1230398545405573,-3.1894273112349256,743.619032973746,111.19140290939134,167.23387932829414,753.0175924650018,573.7500000000001,-1.150387829973475,-0.9572142362594604,-0.9611002802848816,-0.7687935829162598,-1.1300033330917358,-1.1823331117630005,-1.1156842708587646,-1.0031076669692993,-0.6686650514602661,-0.8883743286132812,-1.1424546241760254,-1.0095014572143555,-1.06200110912323,-0.9328518509864807,-0.939995288848877,-0.9329860806465149,-0.9604769945144653,3.2183005809783936,-0.8906466960906982,-0.9898704290390015,-0.8385441303253174,-1.0066720247268677,-1.0102907419204712,-0.7344627976417542,-0.9813190698623657,-0.9161069393157959,-0.9836708903312683,-0.9922866821289062,-0.9570486545562744,-0.9364079833030701,-0.9753605127334595,-2.543224811553955,-1.1940381526947021,-1.0584056377410889,-1.095896601676941,-0.9661020040512085,-1.1192978620529175,-1.177595615386963,-1.3372942209243774,-1.1830840110778809,-1.0026863813400269
5186.0,103.71900000000002,-23.86540835222941,283.0578087425944,386.5459864722324,292419.02129102184,-23.826686256597416,283.176489048533,386.5459900000001,292514.7794840001,2.680496159049613,9.215878020669354,0.0001199326059037,19200.000000000007,0.0041800604888593,-0.0012329317269296,3.5292438837255084e-06,0.0,2.758782067688056,-16.473705419101556,9.185069863152815,-2.9251049831143066,0.0004799138694389,4.519066404889552,19200.10250484076,85.91184853236253,0.002,-3.627579385453889,0.7070657082973063,-0.8983509568216211,6.0,10.0,180.0,-1.1426034479617224,-6.019040508912896,-0.1245142034100744,-3.189932963583501,738.566016486873,139.72870145469568,167.17343966414705,752.7912962325009,576.6750000000001,-1.1426034479617224,-0.9426785707473755,-0.9169929027557373,-0.7888772487640381,-1.0853455066680908,-1.1499927043914795,-1.064354658126831,-0.9966385364532471,-0.6411856412887573,-0.8645482063293457,-1.115952730178833,-0.9733763933181763,-1.0252974033355713,-0.8969982862472534,-0.9050328731536865,-0.8383915424346924,-0.9201052188873291,3.3349337577819824,-0.9301473498344421,-0.9510272741317749,-0.8297134637832642,-1.0027697086334229,-0.9966668486595154,-0.7282611131668091,-0.9578409194946289,-0.9017735719680786,-0.9704039096832275,-1.001871943473816,-0.9805567264556885,-0.9535750150680542,-0.9598416090011597,-2.3991799354553223,-1.157766580581665,-1.0192164182662964,-1.1047254800796509,-0.7069181203842163,-1.055942177772522,-1.1374696493148804,-1.283948540687561,-1.0622259378433228,-0.9718928337097168
5187.0,103.73900000000005,-23.81360055443592,283.242122380726,386.5459911886919,292803.02292121673,-23.779429800429583,283.36255876712005,386.5459900000001,292898.77948400006,2.325832115096718,9.323882486709806,-0.0001027980529849,19200.000000000007,0.0042577202717243,-0.0007144545125087,-1.0880322385737224e-06,0.0,2.4235990740279787,-15.93754268771797,9.276373467378257,8.969770929326135,0.010279736286304,2.012577084870191,19200.30665860193,-42.83902698430768,0.002,-3.6184900244351934,0.8835092918398542,-0.8898284929636249,6.0,10.0,180.0,-1.1767872205647498,-6.112273186757095,-0.1259878652145312,-3.1740776180076216,732.7195082434365,167.23735072734786,167.13121983207353,752.6501481162504,583.6500000000002,-1.1767872205647498,-0.9130613207817078,-0.8745855689048767,-0.7362719178199768,-1.0306521654129028,-1.0813583135604858,-0.9859144687652588,-0.9649508595466614,-0.6152094602584839,-0.8365678191184998,-1.0385961532592773,-0.9226588010787964,-0.9687721729278564,-0.8526365756988525,-0.8609985113143921,-0.8531292676925659,-0.8945292830467224,0.39670467376708984,-0.8265036344528198,-0.9026792049407959,-0.7873201370239258,-0.9622732400894165,-0.9866974949836731,-0.7051090598106384,-0.9305070638656616,-0.8498228192329407,-0.9403031468391418,-0.9346086978912354,-0.9137572050094604,-0.9105448722839355,-0.9279958009719849,-2.357304096221924,-1.1011271476745605,-0.968678891658783,-1.0111905336380005,-0.6150699853897095,-1.042030930519104,-1.0762948989868164,-1.2207087278366089,-1.175980567932129,-0.8285036683082581
5188.0,103.75900000000004,-23.768907351118205,283.4288495845334,386.5460068415172,293187.023069137,-23.73935155157699,283.5503053875177,386.5459900000001,293282.77948400006,1.9672909756995456,9.399516958257422,-0.0005592675696482,19200.000000000007,0.0043157676310695,-0.0007542396029746,-1.6842623438145305e-05,0.0,2.0524888572019786,-16.238143248906546,9.364278032609738,-0.0015268905087125,0.0050999346093198,0.0002625694336391,19199.91133682801,30.00999704397332,0.002,-3.609156262797845,1.0293283597788037,-0.9031132807233592,6.0,10.0,180.0,-1.1968026350182204,-6.098124088700066,-0.1284229030487874,-3.1699939068213263,725.6347541217183,195.40617536367392,167.10610991603676,752.5895740581252,583.7250000000001,-1.1968026350182204,-0.8951923251152039,-0.8323403596878052,-0.7534364461898804,-0.9655595421791077,-1.0300135612487793,-0.9372141361236572,-0.9470399618148804,-0.5969939231872559,-0.8130261301994324,-0.9850505590438843,-0.8799895644187927,-0.9251415729522705,-0.8148956298828125,-0.8243953585624695,-0.7714323997497559,-0.8564727306365967,0.8396533727645874,-0.8532214760780334,-0.8603134155273438,-0.7802473902702332,-0.9396514296531677,-0.9742542505264282,-0.6974264979362488,-0.9118901491165161,-0.8317861557006836,-0.9328179955482483,-0.9311724305152893,-0.9286081790924072,-0.9213451147079468,-0.9140735268592834,-2.1340644359588623,-1.0517174005508423,-0.927463710308075,-0.9942722320556641,-0.4127357006072998,-0.9681783318519592,-1.0236998796463013,-1.1577140092849731,-1.061696171760559,-0.7448334097862244
5189.0,103.77900000000002,-23.731359666697987,283.6168232612541,386.54601065101895,293571.02471247857,-23.706510212628253,283.7394521092921,386.5459900000001,293666.7794840002,1.6042582430380343,9.472378533656872,-0.0006896737367073,19200.000000000007,0.0043198317937335,-0.0004598947531849,-2.0652339040956407e-05,0.0,1.701408239397524,-18.243010591201685,9.458277340311092,4.087698833826456,0.0078262630964934,-1.2187824199670367,19200.18774473345,-51.598514771722,0.002,-3.573664093859015,1.1367492598450406,-0.9138141727537846,6.0,10.0,180.0,-1.2133918287131007,-6.111366337214944,-0.1303634853990176,-3.1607885897872645,717.9583770608592,223.35408768183697,167.19155495801837,753.0087870290627,577.4250000000001,-1.2133918287131007,-0.8403196334838867,-0.7733848094940186,-0.7212941646575928,-0.8966515064239502,-0.9284562468528748,-0.8640516400337219,-0.9074370861053467,-0.5543630123138428,-0.7737046480178833,-0.9041661024093628,-0.8149912357330322,-0.8585811853408813,-0.7589846253395081,-0.7683413028717041,-0.7530902624130249,-0.8149658441543579,-0.08405780792236328,-0.7719231843948364,-0.7982598543167114,-0.723879337310791,-0.8780485391616821,-0.9524304866790771,-0.6741354465484619,-0.8707313537597656,-0.7822206020355225,-0.9009506106376648,-0.8753716945648193,-0.8838950395584106,-0.8990648984909058,-0.8654212951660156,-1.8221898078918457,-0.9779115319252014,-0.8610827326774597,-0.916317880153656,-0.3232469856739044,-0.9124914407730103,-0.9456258416175842,-1.0784966945648193,-1.0372873544692993,-0.6834867000579834
5190.0,103.79900000000002,-23.701061852468243,283.8064531711292,386.54603504679847,293955.0230926755,-23.680955183270296,283.92972063079503,386.5459900000001,294050.7794840002,1.238881219861823,9.519475472240826,-0.0015027448735776,19200.000000000007,0.0043177528560394,-0.0005189828863363,-4.504703443874738e-05,0.0,1.343268623819246,-16.355561649742313,9.488502651419417,-0.3051211098252581,0.0048764980071961,-5.006773128398168,19199.931664175,12.836353327514235,0.002,-3.529471550470894,1.2926567702002816,-0.9030527825975966,6.0,10.0,180.0,-1.218284727935886,-6.155276427584616,-0.1342716809705297,-3.171063993848321,708.8306885304296,250.1620438409185,167.12177747900918,752.7678935145314,583.7250000000001,-1.218284727935886,-0.8144312500953674,-0.742314338684082,-0.7294836044311523,-0.8396083116531372,-0.8693841695785522,-0.8158140182495117,-0.8725441694259644,-0.5484568476676941,-0.7572440505027771,-0.8509748578071594,-0.7748280763626099,-0.8132039308547974,-0.7261554002761841,-0.7370150089263916,-0.6892504692077637,-0.7848285436630249,0.0029816627502441406,-0.782941997051239,-0.7610201239585876,-0.7243156433105469,-0.8567380905151367,-0.9387821555137634,-0.6668823957443237,-0.8596631288528442,-0.7611212730407715,-0.890792191028595,-0.8600566387176514,-0.8848816156387329,-0.8966569900512695,-0.848017156124115,-1.5938050746917725,-0.918377697467804,-0.823184072971344,-0.8740114569664001,-0.14947110414505005,-0.8406568169593811,-0.8882208466529846,-1.0173895359039307,-0.978046715259552,-0.5086946487426758
5191.0,103.81900000000005,-23.677986323467994,283.9966646350953,386.5460205592398,294339.0229717942,-23.66272296344784,284.12082965540543,386.5459900000001,294434.7794840001,0.8693009213994207,9.567234316980883,-0.0010154215829498,19200.000000000007,0.004238144821857,-0.0001364243327422,-3.055897626007819e-05,0.0,0.9731443780004928,-18.98154880487354,9.550789429069848,3.049433895020843,-0.005353483702827,-2.0751301957687813,19200.20601126487,-60.0244415690103,0.002,-3.4798091209347355,1.401414052250505,-0.9061457338836068,6.0,10.0,180.0,-1.203158993933877,-6.238268261028301,-0.134278752751588,-3.17924714015898,698.8278442652148,277.43352192045927,167.15838873950457,752.9889467572657,573.1500000000001,-1.203158993933877,-0.7366887331008911,-0.6794929504394531,-0.687414288520813,-0.766377329826355,-0.7630165815353394,-0.7372952699661255,-0.8243802785873413,-0.5148632526397705,-0.7098820209503174,-0.7652859091758728,-0.7019219994544983,-0.7372308969497681,-0.6641005277633667,-0.6734365224838257,-0.6552087068557739,-0.7370719909667969,-0.8130006790161133,-0.6903176307678223,-0.6907721757888794,-0.648094117641449,-0.7886473536491394,-0.9082799553871155,-0.6342044472694397,-0.8011125922203064,-0.7074041366577148,-0.8402864933013916,-0.8051842451095581,-0.8351534605026245,-0.8711041808128357,-0.779452919960022,-1.0676792860031128,-0.8275465965270996,-0.7421706318855286,-0.7972429990768433,-0.08847096562385559,-0.7679049372673035,-0.797248363494873,-0.9314130544662476,-0.9017195701599121,-0.48571956157684326
5192.0,103.83900000000004,-23.66227438841105,284.1880027921801,386.5459922055083,294723.0225988397,-23.65184095310593,284.3124975834461,386.5459900000001,294818.77948400006,0.4996295102740071,9.588068043040908,-7.208871189916624e-05,19200.000000000007,0.0041884276012201,-0.0001381567080668,-2.205231488643217e-06,0.0,0.6064493031122163,-20.33797938748175,9.555201987234591,-3.233836564813589,-0.0078523874816574,0.7312352031238042,19199.8266356158,-29.964099377724136,0.002,-3.431852355505879,1.550553187661918,-0.8991826037046543,6.0,10.0,180.0,-1.1845805659166433,-6.174841549181863,-0.1367143356126454,-3.185400590984924,687.4634221326074,303.7487609602297,167.06869436975228,752.6764733786329,579.2250000000001,-1.1845805659166433,-0.6802792549133301,-0.628197193145752,-0.6685763597488403,-0.6975805759429932,-0.6876128911972046,-0.668442964553833,-0.7827044725418091,-0.4860547184944153,-0.6703656911849976,-0.6941804885864258,-0.6428900957107544,-0.6720001101493835,-0.6119252443313599,-0.6201314926147461,-0.5460454225540161,-0.6836948990821838,-1.0688985586166382,-0.6883912682533264,-0.631720781326294,-0.6083860397338867,-0.7442429065704346,-0.8854886889457703,-0.6119067072868347,-0.7564356327056885,-0.6594919562339783,-0.7897480130195618,-0.796188235282898,-0.8257654309272766,-0.8607733249664307,-0.7331691384315491,-0.5983255505561829,-0.7435765266418457,-0.6748197078704834,-0.7570451498031616,0.10435351729393005,-0.6778356432914734,-0.721967339515686,-0.8505544662475586,-0.7696231603622437,-0.3851287364959717
5193.0,103.85900000000004,-23.65393948421633,284.37958464493806,386.5460067013409,295107.0221864037,-23.648325347614698,284.50444240717144,386.5459900000001,295202.7794840002,0.1300943562027663,9.60199029996294,-0.0005926522958159,19200.000000000007,0.0041580371719733,7.691417372953635e-05,-1.6701400251616777e-05,0.0,0.2346048384054723,-19.95049999909737,9.604766893218429,-2.011559603347377,-0.0007228220090598,0.550055794751023,19199.963105805185,-55.79931076261335,0.002,-3.3697720675112537,1.654525319822806,-0.9019162682270748,6.0,10.0,180.0,-1.154792272838733,-6.258807665880257,-0.1371928427188752,-3.1854116495164546,675.5127110663037,330.5193804801148,167.16334718487616,753.1572366893165,573.0750000000002,-1.154792272838733,-0.6288012266159058,-0.5849385261535645,-0.631299614906311,-0.6327590942382812,-0.603683352470398,-0.6062347888946533,-0.7413800954818726,-0.47333863377571106,-0.6242406964302063,-0.62762850522995,-0.5830877423286438,-0.6079167127609253,-0.5637555122375488,-0.5720564126968384,-0.5072590112686157,-0.6472172737121582,-1.3537358045578003,-0.629702091217041,-0.577458381652832,-0.5658215284347534,-0.675988495349884,-0.8643575310707092,-0.5876216292381287,-0.7130140066146851,-0.6163028478622437,-0.7505342960357666,-0.7535470724105835,-0.7883080244064331,-0.8393725156784058,-0.6899780035018921,-0.1157936304807663,-0.6564277410507202,-0.6108283400535583,-0.684746265411377,0.15810039639472961,-0.5982227921485901,-0.6405349373817444,-0.7744660377502441,-0.6885581612586975,-0.2697201669216156
5194.0,103.87900000000003,-23.65260168626906,284.57144887184603,386.54599018626266,295491.0219760332,-23.652181447503075,284.69638022715,386.5459900000001,295586.77948400006,-0.2518330445260229,9.598232045438198,-6.991219202261671e-05,19200.000000000007,0.0037559417035709,0.0001869092772464,-1.874018925950767e-07,0.0,-0.0856618832586067,-16.662636136479925,9.539795335049268,-0.4795979420129551,-0.0017008676930701,2.262625314911324,19199.706800276246,-51.59116045173207,0.002,-3.301210628273611,1.7961220388451022,-0.9034377269116012,6.0,10.0,180.0,-1.0132161187721391,-6.262670435068739,-0.1367092796724791,-3.197686394560141,662.6413555331519,353.8291902400574,166.92767359243808,752.2231183446582,579.2250000000001,-1.0132161187721391,-0.6002554893493652,-0.5641494989395142,-0.6025675535202026,-0.5853912830352783,-0.5507556200027466,-0.5525145530700684,-0.7051019072532654,-0.46989306807518005,-0.6143661737442017,-0.5759168267250061,-0.5470268726348877,-0.5619988441467285,-0.5351693630218506,-0.5434548854827881,-0.45933789014816284,-0.6253440380096436,-1.4313820600509644,-0.5989190936088562,-0.5440428256988525,-0.5540883541107178,-0.6435894966125488,-0.8447099924087524,-0.5732627511024475,-0.6939327120780945,-0.589616060256958,-0.7167022824287415,-0.7239234447479248,-0.7622342705726624,-0.814903199672699,-0.6769508123397827,0.16365154087543488,-0.5876171588897705,-0.5669460892677307,-0.6327508687973022,0.2538469135761261,-0.5381598472595215,-0.5825707912445068,-0.7238967418670654,-0.6625664830207825,-0.10173903405666351
5195.0,103.89900000000004,-23.657975669745653,284.7629444988553,386.545991306697,295875.02269715833,-23.663403060238068,284.88802865179184,386.5459900000001,295970.7794840001,-0.6551677771731469,9.589125589928766,-4.041523782420055e-05,19200.000000000007,0.0026951173512865,0.0005595074882405,-1.3080175635138056e-06,0.0,-0.4794977642944733,-24.17468204829156,9.604723486869148,2.612138552594829,0.0007484414668535,0.3625937343243318,19199.98281339541,25.723011975349152,0.002,-3.2092979550605185,1.907983682591109,-0.9055561675260348,6.0,10.0,180.0,-0.7006847572927748,-6.279821943744649,-0.1367231708782762,-3.1889597299482952,649.0666777665759,379.9320951200288,167.13033679621904,753.1775591723291,579.075,-0.7006847572927748,-0.48587122559547424,-0.46142029762268066,-0.5344740152359009,-0.48420125246047974,-0.4136393070220947,-0.44292324781417847,-0.6232653856277466,-0.4367114305496216,-0.4894566535949707,-0.47101104259490967,-0.4341464042663574,-0.4524937868118286,-0.43390902876853943,-0.4406873881816864,-0.3984072506427765,-0.5343834161758423,-1.5265071392059326,-0.4821166396141052,-0.43690043687820435,-0.40737950801849365,-0.47220396995544434,-0.7995284795761108,-0.5227293372154236,-0.5677775144577026,-0.4647970497608185,-0.6427564024925232,-0.6145812273025513,-0.6799750328063965,-0.7773851156234741,-0.556168258190155,1.0034959316253662,-0.46809226274490356,-0.4582059681415558,-0.5092813968658447,0.4403667151927948,-0.44881850481033325,-0.46443724632263184,-0.5921189785003662,-0.5743959546089172,-0.027175575494766235
5196.0,103.91900000000004,-23.67182825439536,284.9544232691738,386.54599020645657,296259.0231337107,-23.681973885570937,285.0791051797147,386.5459900000001,296354.7794840001,-1.0201613761045405,9.55350592986724,-8.369762978091641e-06,19200.000000000007,0.0027509845765028,0.000560665126926,-1.061613026136007e-07,0.0,-0.8945426461407854,-19.88737083093364,9.537134715601615,2.9377934232851604,-0.0004982884159214,-1.581426404710913,19199.84513092653,-12.835430772336428,0.002,-3.096472458166471,2.009763615583536,-0.9049620550463252,6.0,10.0,180.0,-0.5400080825917086,-6.266130363155842,-0.137214912451917,-3.1884768815665607,632.775838883288,406.0555475600144,167.07416839810952,753.0302795861646,579.075,-0.5400080825917086,-0.4549561142921448,-0.4382152557373047,-0.5171290040016174,-0.4297134280204773,-0.3572457432746887,-0.39075684547424316,-0.5742675065994263,-0.43095138669013977,-0.4779530167579651,-0.4398373067378998,-0.3910626769065857,-0.40298622846603394,-0.40076738595962524,-0.4086901545524597,-0.3554019331932068,-0.5116366147994995,-1.5655319690704346,-0.4517824053764343,-0.4008892774581909,-0.4030304551124573,-0.40806034207344055,-0.772744357585907,-0.501413881778717,-0.5323503017425537,-0.44242987036705017,-0.6066206097602844,-0.5602759718894958,-0.6380652785301208,-0.7530269026756287,-0.5321804285049438,1.3650586605072021,-0.39343705773353577,-0.41349512338638306,-0.4478227198123932,0.48922261595726013,-0.37561559677124023,-0.4001406133174896,-0.5324056148529053,-0.5179370641708374,0.17349360883235931
5197.0,103.93900000000004,-23.693186162420428,285.1449481498503,386.5459727865326,296643.0222121188,-23.707866617311574,285.26932780306987,386.5459900000001,296738.77948400006,-1.3780214378388345,9.513278080986796,0.0005785116071833,19200.000000000007,0.0029721652982929,0.000845206678265,1.7214949114853864e-05,0.0,-1.2556331887101009,-19.29456014173517,9.51245586074263,1.525347184826159,0.0007503262351234,-1.5314830584578132,19200.10166280703,137.3814428442171,0.002,-3.011664451909503,2.1988506728586046,-0.8898106678530889,6.0,10.0,180.0,-0.4072082573080712,-6.309499111198162,-0.1357462320611602,-3.18232653593135,616.438419441644,430.9047737800072,167.11258419905477,753.2886397930823,573.6000000000001,-0.4072082573080712,-0.3990165889263153,-0.39507561922073364,-0.4914131760597229,-0.3633846640586853,-0.2893419861793518,-0.3319501280784607,-0.5236810445785522,-0.4094979763031006,-0.4306507706642151,-0.3913659453392029,-0.3336664140224457,-0.34449508786201477,-0.35138368606567383,-0.359982967376709,-0.29769590497016907,-0.47046971321105957,-1.5848686695098877,-0.40846139192581177,-0.34943071007728577,-0.36431121826171875,-0.3230358064174652,-0.7427224516868591,-0.46109870076179504,-0.46638038754463196,-0.40066424012184143,-0.545951783657074,-0.5068849325180054,-0.5847208499908447,-0.7298895120620728,-0.4826030135154724,1.8247973918914795,-0.3172833323478699,-0.35401445627212524,-0.3923749029636383,0.5380222797393799,-0.30165648460388184,-0.33042111992836,-0.46171754598617554,-0.4195438027381897,0.2722724676132202
5198.0,103.95900000000005,-23.721858473109435,285.3344133307052,386.546001907796,297027.0265948794,-23.741042855317488,285.4584161220671,386.5459900000001,297122.7794840001,-1.733562220852542,9.462646183590689,-0.0003978181856552,19200.000000000007,0.0031973431164262,0.0012371430781769,-1.190700877976212e-05,0.0,-1.6242672010244754,-17.75664704480665,9.438733984032798,-0.8628662568084966,-0.0058785297588848,-1.643701965030468,19200.0838746717,-72.94747574194074,0.002,-2.9715077757850787,2.3200864899618683,-0.9153801128526255,6.0,10.0,180.0,-0.3100333230210761,-6.341277600136932,-0.1352630850881864,-3.168444254930545,598.994709720822,454.6343868900036,167.05829209952736,753.1523198965411,579.2250000000001,-0.3100333230210761,-0.3435312807559967,-0.3528757691383362,-0.46563032269477844,-0.3001357316970825,-0.23081190884113312,-0.2716135084629059,-0.47897881269454956,-0.3921407461166382,-0.3979031443595886,-0.3347693383693695,-0.28312206268310547,-0.29148703813552856,-0.3060474693775177,-0.31436246633529663,-0.21940965950489044,-0.4288819432258606,-1.5686758756637573,-0.38947898149490356,-0.3033198416233063,-0.33823394775390625,-0.2506152391433716,-0.7090935707092285,-0.42072394490242004,-0.4213833510875702,-0.35719871520996094,-0.485658198595047,-0.45856595039367676,-0.5232333540916443,-0.7088794112205505,-0.44445332884788513,2.098194122314453,-0.2511330842971802,-0.30226004123687744,-0.34609776735305786,0.6477516889572144,-0.2368139624595642,-0.27061837911605835,-0.39666998386383057,-0.35121649503707886,0.41094136238098145
5199.0,103.97900000000004,-23.757815857149232,285.52297579084086,386.5459618486021,297411.0248019097,-23.78145400124584,285.6460913410906,386.5459900000001,297506.7794840001,-2.085808356001785,9.387137104846849,0.0008708889895188,19200.000000000007,0.0034400879813856,0.0012996049172352,2.815122388903105e-05,0.0,-1.976545654270556,-15.437130016011103,9.438754316338384,-5.856357134799198,-0.0100271312758831,3.050237355625912,19199.998318754853,72.92540303520023,0.002,-2.835303587820997,2.368073191123207,-0.9187285430388166,6.0,10.0,180.0,-0.2314166061504555,-6.404353363629001,-0.1372187822246854,-3.1683905821077376,582.028354860411,478.0476934450018,167.30814604976368,754.3191599482706,573.0750000000002,-0.2314166061504555,-0.2984667718410492,-0.32308655977249146,-0.44862520694732666,-0.2443217933177948,-0.1900521069765091,-0.2308109849691391,-0.4436045289039612,-0.35822156071662903,-0.37192821502685547,-0.2985127568244934,-0.2463177591562271,-0.25350916385650635,-0.27252182364463806,-0.2802966237068176,-0.1396801471710205,-0.3992944061756134,-1.4866820573806763,-0.3812862038612366,-0.27047574520111084,-0.3314042091369629,-0.20000389218330383,-0.6753655076026917,-0.3822455108165741,-0.39246422052383423,-0.3372350335121155,-0.42387935519218445,-0.450361967086792,-0.4686019718647003,-0.6905374526977539,-0.4288358688354492,2.055248975753784,-0.20119628310203552,-0.25678250193595886,-0.3386605978012085,0.6529942750930786,-0.17615866661071777,-0.2236948013305664,-0.35272204875946045,-0.22805571556091309,0.44298505783081055
5200.0,103.99900000000002,-23.800795219427496,285.71024046781866,386.5459346484949,297795.0238176521,-23.82904005520293,285.832076959389,386.5459900000001,297890.7794840002,-2.441232554346587,9.29077766373994,0.0018458650402614,19200.000000000007,0.00349009866894,0.0011497539589172,5.535135725791092e-05,0.0,-2.3256812750431552,-16.30547403127375,9.292234677212832,-5.124416417009811,-0.0011980108534794,3.3501657665800844,19199.87928972862,17.123050610506688,0.002,-2.731665758452884,2.46240410221039,-0.9045167444160837,6.0,10.0,180.0,-0.1504000058797327,-6.342323740199282,-0.1328081966995966,-3.186319057552914,563.1671774302056,499.3773467225009,167.16207302488183,753.7910799741353,579.2250000000001,-0.1504000058797327,-0.2154441773891449,-0.2476685494184494,-0.3828158974647522,-0.1737985610961914,-0.12059126794338226,-0.1696147620677948,-0.3894081711769104,-0.3222968578338623,-0.3147556185722351,-0.23630420863628387,-0.18370261788368225,-0.19045373797416687,-0.21219396591186523,-0.21970710158348083,-0.07090085744857788,-0.3443147540092468,-1.5924204587936401,-0.3243924677371979,-0.21105730533599854,-0.26870089769363403,-0.09447183459997177,-0.6069453358650208,-0.3148644268512726,-0.30740684270858765,-0.24881687760353088,-0.34603726863861084,-0.36240851879119873,-0.36605966091156006,-0.643081784248352,-0.3585001528263092,1.8160288333892822,-0.13566455245018005,-0.19545191526412964,-0.2796523869037628,0.7941243648529053,-0.1258164942264557,-0.16004136204719543,-0.2804943919181824,-0.19876226782798767,0.5330572128295898
5201.0,104.01900000000003,-23.85061650804044,285.89552787941926,386.5459531860399,298179.0238474085,-23.883731619582512,286.0160985751964,386.5459900000001,298274.7794840001,-2.8032303161863488,9.18715533794195,0.0012295018608633,19200.000000000007,0.0032296238221497,0.0011914624230565,3.681401751692932e-05,0.0,-2.667239717114198,-15.98694510283928,9.224632176541109,-9.46303832846596,0.0063546126896535,3.425222758205088,19200.23990032609,111.62615202156968,0.002,-2.635748679137315,2.5919469489445466,-0.8987884027696357,6.0,10.0,180.0,-0.0317641153542426,-6.371090700294044,-0.127913333753472,-3.19099387279144,544.3165887151029,520.2001733612504,167.18753651244091,753.9965399870676,579.2250000000001,-0.0317641153542426,-0.15375865995883942,-0.2019636631011963,-0.33824825286865234,-0.11712001264095306,-0.07053783535957336,-0.12447348237037659,-0.34303662180900574,-0.268413782119751,-0.2825219929218292,-0.18475091457366943,-0.13467265665531158,-0.14479289948940277,-0.16404962539672852,-0.17138193547725677,0.006129533052444458,-0.29864266514778137,-1.539016604423523,-0.31026139855384827,-0.165880024433136,-0.2397201508283615,-0.015758980065584183,-0.547978937625885,-0.2583602964878082,-0.2606763541698456,-0.18961894512176514,-0.2671787440776825,-0.30701449513435364,-0.2949807941913605,-0.6139934659004211,-0.3095942735671997,1.3256281614303589,-0.08778288215398788,-0.14766307175159454,-0.2535545825958252,0.8720358610153198,-0.07181388139724731,-0.11067961901426315,-0.22406864166259766,-0.11577972024679184,0.5911195874214172
5202.0,104.03900000000004,-23.907576311697525,286.0782517638892,386.5459716105387,298563.0278062515,-23.945447193755463,286.197884589606,386.5459900000001,298658.77948400006,-3.1589179563821927,9.086850349969245,0.0006138404817674,19200.000000000007,0.0030300595682804,0.001737087944268,1.8389313420397786e-05,0.0,-3.028835383080513,-17.694569444944477,9.083230354765396,-1.7058771045589776,0.0114529543069119,1.3441857072860437,19200.461704791847,-55.73479091932718,0.002,-2.5518833879633886,2.7476557419866205,-0.9033935867385664,6.0,10.0,180.0,0.0405080058538637,-6.468704540749637,-0.1289029672465874,-3.156690525550621,523.6297943575514,540.5120866806252,167.08426825622047,753.6527699935339,573.0000000000001,0.0405080058538637,-0.07631190121173859,-0.1017151027917862,-0.26389533281326294,-0.0551479309797287,-0.0002601519227027893,-0.06659072637557983,-0.26664817333221436,-0.23863019049167633,-0.20032861828804016,-0.13158506155014038,-0.06248489022254944,-0.07447155565023422,-0.0935303270816803,-0.1039983257651329,0.015614695847034454,-0.2453734576702118,-1.8529609441757202,-0.17824018001556396,-0.097898468375206,-0.1519523710012436,0.11235829442739487,-0.4465385675430298,-0.18318212032318115,-0.11658524721860886,-0.0801411047577858,-0.21925212442874908,-0.17442186176776886,-0.14487548172473907,-0.5166070461273193,-0.19447453320026398,0.9579997062683105,-0.02012396976351738,-0.08208581805229187,-0.16540426015853882,0.9075179100036621,-0.038926128298044205,-0.04280563443899155,-0.1448960155248642,-0.13437125086784363,0.6489264369010925
5203.0,104.059,-23.971903507307065,286.2594561766008,386.5459874370536,298947.0289692033,-24.01409637355417,286.3771677020616,386.5459900000001,299042.77948400006,-3.4973388651378814,8.94622808294962,9.210033183351768e-05,19200.000000000007,0.0032042867854433,0.0014723813088455,2.562772403500141e-06,0.0,-3.392572221181093,-15.269005254231748,9.006110512244614,-12.33196657477101,0.0083218003091327,-1.524872845067359,19199.980760885268,34.30512101553116,0.002,-2.465970600643228,2.821250615747116,-0.9259382703284236,6.0,10.0,180.0,0.0532187154750399,-6.419875796164956,-0.1279386967334141,-3.146419912204208,502.6238971787757,561.0920433403126,167.23913412811024,754.416884996767,579.1500000000001,0.0532187154750399,-0.028598472476005554,-0.08525823056697845,-0.22142082452774048,-0.015314522199332714,0.04678608477115631,-0.026771962642669678,-0.2230788916349411,-0.1719985008239746,-0.18341943621635437,-0.08174687623977661,-0.028378652408719063,-0.048722535371780396,-0.05811740458011627,-0.06713442504405975,0.11394496262073517,-0.20642173290252686,-1.6407605409622192,-0.2346988469362259,-0.06693321466445923,-0.16132937371730804,0.16345901787281036,-0.4043157696723938,-0.11408332735300064,-0.126412034034729,-0.03486749529838562,-0.13968420028686523,-0.14751411974430084,-0.10969853401184082,-0.5103260278701782,-0.16263458132743835,0.7710202932357788,0.00536973774433136,-0.05482197925448418,-0.16828623414039612,1.0085432529449463,0.016110561788082123,-0.010832853615283966,-0.10371226072311401,-0.032930888235569,0.7475348114967346
5204.0,104.07900000000002,-24.043115675689386,286.4375383606037,386.5460059445909,299331.02950355405,-24.08957746054968,286.553682908188,386.5459900000001,299426.7794840001,-3.830912288359039,8.81002434092441,-0.0005301411894897,19200.000000000007,0.0033641799295624,0.001734105705665,-1.5943803717632784e-05,0.0,-3.730471433526144,-16.662283490126864,8.836967365793877,-4.269242163174326,0.0060713912626499,-4.707074964032887,19200.033413568814,-77.30954956396697,0.002,-2.3791341839802294,2.8785403795844857,-0.9222548850998674,6.0,10.0,180.0,0.0552112606153025,-6.407281474120045,-0.1284180211172689,-3.1500105044263327,480.44194858938783,580.0105216701563,167.18306706405514,754.2754424983834,579.2250000000001,0.0552112606153025,0.0432087779045105,-0.00793367624282837,-0.13823018968105316,0.05062686651945114,0.11014223098754883,0.03345945477485657,-0.14239691197872162,-0.14552749693393707,-0.10323625802993774,-0.02975940704345703,0.04003465920686722,0.018059566617012024,0.010833312757313251,-0.0015139449387788773,0.1296335756778717,-0.15336081385612488,-1.8828011751174927,-0.10886739939451218,-0.0011167600750923157,-0.08163055777549744,0.27661845088005066,-0.2940092086791992,-0.04694018512964249,0.008795090019702911,0.07239576429128647,-0.08730025589466095,-0.009629989974200726,0.02863364666700363,-0.4011482298374176,-0.05939602106809616,0.8907619714736938,0.0671025738120079,0.004878622479736805,-0.08048650622367859,1.0677311420440674,0.039894770830869675,0.05013709515333176,-0.026627913117408752,-0.08061825484037399,0.8338272571563721
5205.0,104.09900000000002,-24.121168665247023,286.61310124218033,386.5459902591738,299715.0267899772,-24.17177985936529,286.72717030634914,386.5459900000001,299810.7794840001,-4.157128987083408,8.64959973877654,-9.80012986383002e-06,19200.000000000007,0.0035706777323061,0.0016562341218911,-2.576920517119463e-07,0.0,-4.044415711805915,-11.900250059191016,8.70632052465418,-8.730433781214533,-0.0026480939211474,-4.938087770682453,19200.0169511752,-4.300471180377164,0.002,-2.251892929919552,2.949984947635545,-0.9115882477303878,6.0,10.0,180.0,0.0508292628550554,-6.475203240016096,-0.1254850140944702,-3.1607849509612143,458.66497429469393,597.5772608350782,167.18753353202757,754.3887212491917,575.4750000000001,0.0508292628550554,0.06843540072441101,0.022445574402809143,-0.10532025992870331,0.06854511797428131,0.13534818589687347,0.06110468506813049,-0.11109481006860733,-0.10835255682468414,-0.08885563164949417,-0.007871121168136597,0.05506318435072899,0.029288912191987038,0.02916354313492775,0.016747545450925827,0.16616828739643097,-0.14037764072418213,-1.8728251457214355,-0.121803879737854,0.01406053826212883,-0.09146539866924286,0.32459503412246704,-0.2566313147544861,0.008683871477842331,0.019570596516132355,0.11432661861181259,-0.03898417577147484,0.020754951983690262,0.07256358116865158,-0.37056922912597656,-0.03493160754442215,0.8143126368522644,0.07589874416589737,0.01636572554707527,-0.08992689847946167,1.0475459098815918,0.0673755407333374,0.06706991046667099,-0.014692425727844238,-0.037915073335170746,0.8877595663070679
5206.0,104.11900000000006,-24.205242260712662,286.7850349784467,386.5459766940977,300099.0286049515,-24.26058146664641,286.89737420144235,386.5459900000001,300194.7794840002,-4.499005648469518,8.493533678996236,0.0004476528873264,19200.000000000007,0.0031179659498754,0.0020893036749444,1.3406196962614452e-05,0.0,-4.374988533114005,-19.712221251211776,8.489970675033167,-11.662464173750436,-0.0063726579117715,-0.1873012107922303,19200.13669534605,-68.62762250613312,0.002,-2.122041962686864,3.060714613104884,-0.9153757631975904,6.0,10.0,180.0,0.1631043837622691,-6.471188259236463,-0.1240387769063345,-3.155120452808778,434.905987147347,614.1131304175391,166.9837667660138,753.6118606245959,575.7000000000002,0.1631043837622691,0.20455913245677948,0.09103387594223022,0.014070790261030197,0.14699643850326538,0.20472565293312073,0.13188536465168,-0.01861124485731125,-0.024090297520160675,0.021150536835193634,0.0834822952747345,0.14329075813293457,0.115581214427948,0.12523381412029266,0.11312408745288849,0.29324012994766235,-0.04106782376766205,-1.8909447193145752,-0.041968781501054764,0.10105309635400772,-0.007477104663848877,0.41467660665512085,-0.12039285153150558,0.10254459828138351,0.14937540888786316,0.23609858751296997,0.07321295142173767,0.1162225529551506,0.17598237097263336,-0.28546857833862305,0.10169330984354019,1.0146031379699707,0.15393352508544922,0.10854171961545944,-0.04133543744683266,1.2657040357589722,0.12771347165107727,0.14236965775489807,0.07927431166172028,0.07118333131074905,0.8214585781097412
5207.0,104.13900000000004,-24.2964036691586,286.95376855342585,386.545972784702,300483.02933901845,-24.35585207675926,287.06404319752795,386.5459900000001,300578.77948400006,-4.816333721058823,8.319303260381448,0.000578460303805,19200.000000000007,0.0031984632157494,0.0023499259167904,1.721397547199335e-05,0.0,-4.708016632200111,-15.198037801587162,8.3847586714673,-12.082632819768993,-0.0066018214440614,1.5251278791016751,19199.980923287258,-21.395218198345155,0.002,-1.9930589698369328,3.1372512755274893,-0.9124653639837932,6.0,10.0,180.0,0.1455106444134772,-6.537027425538858,-0.1230754230691174,-3.150014435131525,411.7869935736735,630.8510652087696,167.1563833830069,754.4414303122979,573.2250000000001,0.1455106444134772,0.2318856567144394,0.12217788398265839,0.05947601795196533,0.16231870651245117,0.22213110327720642,0.14524808526039124,0.00670430064201355,0.00046518445014953613,0.038511306047439575,0.10596290230751038,0.16049906611442566,0.1325846165418625,0.14798425137996674,0.13583877682685852,0.31757235527038574,-0.02621704712510109,-1.896735668182373,-0.0186605267226696,0.11973237991333008,-0.0015143901109695435,0.46141064167022705,-0.06444890052080154,0.1482272744178772,0.18100076913833618,0.27793654799461365,0.11427797377109528,0.16559992730617523,0.23199085891246796,-0.22756627202033997,0.13781867921352386,0.9555771350860596,0.16644912958145142,0.12513327598571777,-0.042495016008615494,1.2335827350616455,0.14363566040992737,0.16081464290618896,0.09262417256832123,0.08189263194799423,0.864505410194397
5208.0,104.15900000000002,-24.39377323780934,287.1192843498318,386.5459646177321,300867.0309869291,-24.45745079146086,287.22693219337503,386.5459900000001,300962.7794840002,-5.1334789515841,8.119493124041016,0.000806495076632,19200.000000000007,0.0030662209008169,0.0022077202094631,2.538113436423001e-05,0.0,-5.032266679432095,-18.43137239381568,8.130887489456704,-12.324562459880855,-0.0024266704982614,2.26881482146118,19199.997706656075,-38.663496212258494,0.002,-1.8674036501409896,3.21029205051805,-0.9154799710436896,6.0,10.0,180.0,0.1284217356325413,-6.4427949768355735,-0.1191507024857156,-3.133127219550428,386.2449967868368,646.1590326043847,167.01569169150343,753.931715156149,582.3000000000001,0.1284217356325413,0.3308393955230713,0.1802527904510498,0.1539144366979599,0.2265598177909851,0.2692602872848511,0.20897051692008972,0.07960118353366852,0.05788002908229828,0.11308465898036957,0.176040381193161,0.22727501392364502,0.19906963407993317,0.22148898243904114,0.20979271829128265,0.4110109210014343,0.046905193477869034,-1.8956530094146729,0.044417329132556915,0.1867520958185196,0.05343843251466751,0.5290576815605164,0.07908051460981369,0.23125383257865906,0.2726273238658905,0.3681751489639282,0.19766147434711456,0.2670365869998932,0.3082726299762726,-0.1425163596868515,0.22631676495075226,1.0899646282196045,0.2252473533153534,0.18959510326385498,0.008424203842878342,1.4219683408737183,0.18367668986320496,0.2183896005153656,0.1666557639837265,0.10904596000909805,0.9048411846160889
5209.0,104.17900000000002,-24.497366639548414,287.2801614596752,386.5459649225453,301251.03104190057,-24.565228116667253,287.3858003837032,386.5459900000001,301346.77948400006,-5.444683771674469,7.933597907042722,0.0008383760167048,19200.000000000007,0.0028808060837686,0.0028388973684133,2.5077435648098973e-05,0.0,-5.321072008475563,-19.53345687404053,7.9533710366757475,-5.85515039282127,0.0029255435819827,0.7876043066695335,19199.604449038547,-43.021036103637165,0.002,-1.751375522093946,3.271585008440009,-0.9164563542874656,6.0,10.0,180.0,0.1977428453768047,-6.513666598893854,-0.1171690848655552,-3.142840896382971,361.6889983934184,660.1600163021924,166.9758458457517,753.8453575780745,580.5000000000001,0.1977428453768047,0.3956602215766907,0.23307275772094727,0.20985707640647888,0.26997026801109314,0.2962917685508728,0.2566680312156677,0.13535046577453613,0.08358675241470337,0.19079667329788208,0.22229507565498352,0.2816878855228424,0.2549543082714081,0.2813425660133362,0.2661071717739105,0.43605464696884155,0.0942789614200592,-1.8740336894989014,0.1562855839729309,0.24225570261478424,0.10951218754053116,0.5832260251045227,0.18899047374725342,0.27481409907341003,0.35594701766967773,0.4295687675476074,0.25224190950393677,0.37886491417884827,0.3677353262901306,-0.03283419832587242,0.31609153747558594,1.192043662071228,0.2741602957248688,0.2398509979248047,0.0731794536113739,1.4329380989074707,0.20046603679656982,0.2650716304779053,0.228221133351326,0.07804059237241745,0.9526816606521606
5210.0,104.19900000000004,-24.60721743579584,287.4376171127296,386.5459649212007,301635.03106309776,-24.67902525260491,287.5404139640545,386.5459900000001,301730.7794840002,-5.743272249406685,7.713427335563682,0.000838713165688,19200.000000000007,0.0028291755216656,0.0027884283795288,2.5079038534514275e-05,0.0,-5.659197230913496,-15.813729910476392,7.733876044931866,-11.294987955295692,-0.0002508879429244,-1.162441655028385,19200.00048550983,12.879637849161355,0.002,-1.6272643067654615,3.378535040826612,-0.917873210873655,6.0,10.0,180.0,0.2514467858236354,-6.517149412265988,-0.1142376201212196,-3.139736397622481,335.1299991967092,674.2525081510962,167.01442292287587,754.0946787890373,582.2250000000001,0.2514467858236354,0.4360371232032776,0.2581633925437927,0.257837176322937,0.2888859808444977,0.3235633969306946,0.28728097677230835,0.17175999283790588,0.1295797973871231,0.21907542645931244,0.2557666599750519,0.30281201004981995,0.27051806449890137,0.3080769181251526,0.2939121723175049,0.47828465700149536,0.11806736886501312,-1.8794900178909302,0.13686800003051758,0.26604193449020386,0.11533070355653763,0.6183577179908752,0.25085997581481934,0.32644155621528625,0.387511670589447,0.4868731200695038,0.309807687997818,0.4119204580783844,0.41439810395240784,-0.0020163021981716156,0.3436271548271179,1.132404088973999,0.28375157713890076,0.2527801990509033,0.06853552162647247,1.4818514585494995,0.22744640707969666,0.2838378846645355,0.245797798037529,0.11555001884698868,1.0143070220947266
5211.0,104.21900000000002,-24.72306644119943,287.59030548062333,386.5459844643838,302019.0317716288,-24.798673794300303,287.69054473675027,386.5459900000001,302114.7794840001,-6.032031778681651,7.496414718613636,0.0001860915132559,19200.000000000007,0.0028140417560568,0.0031697405553743,5.535614986662037e-06,0.0,-5.951637751556657,-18.493930827243872,7.546900073347208,-1.0932766545953996,-0.0029282427974738,-3.175332132415053,19199.930647597863,-12.78790696385965,0.002,-1.5059581318160409,3.450070239457527,-0.9115381083239504,6.0,10.0,180.0,0.2358339280771317,-6.610389597113361,-0.114252815776498,-3.1417836831915253,309.3619995983546,687.2117540755481,167.1517114614379,754.7588393945186,574.7250000000001,0.2358339280771317,0.5026941895484924,0.29675835371017456,0.28989458084106445,0.3379976153373718,0.33657005429267883,0.33914268016815186,0.2439851313829422,0.15142804384231567,0.3249092102050781,0.3054194152355194,0.36612576246261597,0.33746638894081116,0.3779045045375824,0.3573310375213623,0.49005669355392456,0.16995447874069214,-1.8304411172866821,0.29608768224716187,0.33127081394195557,0.1917998045682907,0.6698753237724304,0.3632432818412781,0.3527805507183075,0.47056782245635986,0.5494738817214966,0.3626304566860199,0.5033808946609497,0.4790467321872711,0.12770046293735504,0.4477255642414093,1.197195291519165,0.3432348072528839,0.31294435262680054,0.1542942076921463,1.4391729831695557,0.2390989512205124,0.337150514125824,0.319674551486969,0.07031256705522537,1.0411614179611206
5212.0,104.23900000000005,-24.845016308939755,287.7393748885444,386.5459580913593,302403.0290079445,-24.9239980393082,287.835971505165,386.5459900000001,302498.77948400006,-6.301434984005448,7.237112825817225,0.0010632719960063,19200.000000000007,0.003108262009418,0.0026093061533809,3.190860920423946e-05,0.0,-6.228737596525575,-10.737121731104128,7.3315617786710945,-14.5929236642812,-0.0095250991830269,-0.4878349674695098,19199.929236194464,141.66977040744203,0.002,-1.3806173103749044,3.512322250291819,-0.9216741949226572,6.0,10.0,180.0,0.2065659183053472,-6.558081092930392,-0.1132775785168473,-3.150491449527708,283.6424997991773,698.8243770377741,167.25785573071897,755.2834196972593,573.2250000000001,0.2065659183053472,0.5188875198364258,0.2935733199119568,0.34557491540908813,0.322073370218277,0.36804819107055664,0.33848142623901367,0.25968965888023376,0.1943521350622177,0.300628125667572,0.31854745745658875,0.34766459465026855,0.3127026855945587,0.36667966842651367,0.3510109782218933,0.5261721611022949,0.16509588062763214,-1.8696445226669312,0.18358799815177917,0.3179842233657837,0.1498822271823883,0.6824318766593933,0.37508857250213623,0.3884563148021698,0.45901328325271606,0.5754387378692627,0.4097805917263031,0.48320555686950684,0.5000807642936707,0.10459263622760773,0.4215146601200104,0.9834928512573242,0.3141098916530609,0.2905882000923157,0.0746145099401474,1.470093011856079,0.2664751708507538,0.32490676641464233,0.2799292206764221,0.1673637330532074,1.0453683137893677
5213.0,104.25900000000004,-24.9719004133184,287.8828693957518,386.54596401698456,302787.03106794844,-25.0548125898026,287.97647976901715,386.5459900000001,302882.77948400006,-6.583970686192333,6.993771835071982,0.0008706643585064,19200.000000000007,0.0027255185923659,0.0028440668540785,2.5983013105068275e-05,0.0,-6.495130588642896,-13.611187188264356,7.062730497744871,-8.97523002343375,-0.009019353352302,2.375026436341724,19199.997755372147,-64.40076613787434,0.002,-1.2481295412056188,3.5323896268148487,-0.9213516955707683,6.0,10.0,180.0,0.3188802948903651,-6.53906605513266,-0.1132739589102869,-3.156139664610523,256.83224989958865,708.9496885188871,167.20592786535948,755.1262098486297,574.8000000000001,0.3188802948903651,0.5796031951904297,0.3231939375400543,0.3866465985774994,0.36816859245300293,0.3953639268875122,0.39342793822288513,0.3238949179649353,0.23018860816955566,0.3886251449584961,0.3707345426082611,0.4052298367023468,0.37795543670654297,0.43320274353027344,0.41584768891334534,0.5852828621864319,0.2261047661304474,-1.8346822261810303,0.2990277409553528,0.3783992826938629,0.21287906169891357,0.718311607837677,0.495360791683197,0.4238564670085907,0.5117571353912354,0.6269017457962036,0.46915164589881897,0.5368790626525879,0.5646743178367615,0.22067397832870483,0.5150952935218811,1.0463114976882935,0.3709245026111603,0.3516958951950073,0.13120035827159882,1.5542782545089722,0.2879736125469208,0.37516966462135315,0.34355658292770386,0.1585409939289093,1.0491546392440796
5214.0,104.27900000000004,-25.10449709806828,288.0215538089944,386.5459402872581,303171.0291349435,-25.19092534971977,288.1118623275857,386.5459900000001,303266.7794840001,-6.84705377540882,6.734187063388058,0.0016561572699531,19200.000000000007,0.0026310518406827,0.0028967175691184,4.97127438930516e-05,0.0,-6.7651763892792856,-10.430449883082078,6.809619188872377,-15.863003962651828,0.0022045178384322,4.0382900718922965,19200.05039139365,98.64572653017292,0.002,-1.1049359022950735,3.5545027988285893,-0.91999534472271,6.0,10.0,180.0,0.3036942593531171,-6.554226995325597,-0.1113349269694402,-3.1566564480125274,229.5156249497944,718.2648442594436,167.19496393267974,755.1401049243149,574.6500000000001,0.3036942593531171,0.6087208390235901,0.33668890595436096,0.44159984588623047,0.37809455394744873,0.4269607365131378,0.41814160346984863,0.36219140887260437,0.2608262300491333,0.4115998446941376,0.3986928462982178,0.4189199209213257,0.3893194794654846,0.45439451932907104,0.43927001953125,0.6292445063591003,0.24982893466949463,-1.8471873998641968,0.26904454827308655,0.39654719829559326,0.2141953557729721,0.7366864085197449,0.5323478579521179,0.4589969217777252,0.526899516582489,0.6575605869293213,0.5107617378234863,0.5515938997268677,0.5992101430892944,0.2527512311935425,0.5364148616790771,0.9176956415176392,0.376714289188385,0.362657755613327,0.10677222907543182,1.6179581880569458,0.3169006407260895,0.3897469639778137,0.3470152020454407,0.22356855869293213,1.0515224933624268
5215.0,104.29900000000002,-25.242338708670594,288.1548792063022,386.5459423871247,303555.0315015133,-25.332134817899952,288.24191947993995,386.5459900000001,303650.7794840001,-7.099361746258401,6.470249077160386,0.0015910235459975,19200.000000000007,0.0025532990190049,0.003112178794333,4.761287588550517e-05,0.0,-7.011969217198008,-9.775715015293386,6.525880373384881,-14.473738238171087,0.0056206974666835,4.144602807705576,19200.1374255657,12.84135633037223,0.002,-0.9527695435917816,3.593791787107766,-0.9161775802437412,6.0,10.0,180.0,0.3305165077335797,-6.555663042667446,-0.1084168110579681,-3.147416752540522,201.6633124748972,726.2259221297218,167.10498196633986,754.8105524621574,574.575,0.3305165077335797,0.6396306157112122,0.35977068543434143,0.48182129859924316,0.4081416130065918,0.4468677043914795,0.45705538988113403,0.40622836351394653,0.2903190553188324,0.46880844235420227,0.43636006116867065,0.453694224357605,0.42678242921829224,0.49584850668907166,0.47990846633911133,0.6633926630020142,0.28619667887687683,-1.8266112804412842,0.3240630328655243,0.43539461493492126,0.2538723647594452,0.7592726349830627,0.6059716939926147,0.4914493262767792,0.561636209487915,0.6874316334724426,0.5533243417739868,0.5861656665802002,0.6486315131187439,0.330226331949234,0.5865943431854248,0.903064489364624,0.40716245770454407,0.39478975534439087,0.1345483362674713,1.6581814289093018,0.3361506760120392,0.4207543134689331,0.3817000985145569,0.22543460130691528,1.0777342319488525
5216.0,104.31900000000005,-25.384922878006208,288.2826421158462,386.54596584039433,303939.0331722225,-25.47823328974032,288.36646022592055,386.5459900000001,304034.7794840002,-7.350492597544807,6.202558130504691,0.0008055769005024,19200.000000000007,0.0021927974125429,0.0034967199428925,2.41596057654472e-05,0.0,-7.266132093211492,-14.394289204801032,6.25923554677855,-13.662809905857964,0.0129185186008555,1.8875078770464693,19200.25702769241,77.33649995072798,0.002,-0.8110922336861187,3.651495167411571,-0.92627266062992,6.0,10.0,180.0,0.3994100734089427,-6.5976541891583,-0.1064469229196156,-3.1310345630090906,173.56915623744857,733.5054610648608,167.10799098316994,754.8722762310787,559.5750000000002,0.3994100734089427,0.687156081199646,0.40101057291030884,0.5319948196411133,0.4535945951938629,0.47439339756965637,0.5105143785476685,0.47325825691223145,0.3444245755672455,0.5807377696037292,0.4766402542591095,0.5130254030227661,0.48488175868988037,0.5621320009231567,0.5403834581375122,0.7050026059150696,0.34598034620285034,-1.797385811805725,0.41934332251548767,0.4977419376373291,0.3214229941368103,0.7831318974494934,0.7041001915931702,0.5373399257659912,0.6107685565948486,0.7266907691955566,0.6008453965187073,0.6288548707962036,0.708158016204834,0.42380496859550476,0.6493364572525024,0.9281742572784424,0.4580934941768646,0.45191246271133423,0.18532676994800568,1.669252634048462,0.3703420162200928,0.46921807527542114,0.4474295377731323,0.2886865437030792,1.0203890800476074
5217.0,104.33900000000004,-25.53296108760152,288.4050977643393,386.5459824202243,304323.035901599,-25.62900516519669,288.48529976549816,386.5459900000001,304418.77948400006,-7.569342712972852,5.916743436959877,0.0002486781066878,19200.000000000007,0.0024725374437609,0.0036068138443556,7.579775822458104e-06,0.0,-7.505374713446838,-7.575019822602066,6.001014768311089,-11.2456466406779,0.0100276412328476,-1.4570936562828851,19200.392471809457,-60.01227228173527,0.002,-0.6963708677809994,3.673983494704472,-0.9308523759902588,6.0,10.0,180.0,0.3423019069963732,-6.626957565720396,-0.1069230669929679,-3.108491156234185,145.85807811872428,739.9332305324303,167.18999549158497,755.2631381155393,554.1000000000001,0.3423019069963732,0.6851349472999573,0.4140656590461731,0.5391395092010498,0.4578878581523895,0.4742858111858368,0.5179612040519714,0.49141234159469604,0.3499981760978699,0.5984674692153931,0.48733484745025635,0.5128875374794006,0.48443180322647095,0.5653615593910217,0.541679859161377,0.6694129109382629,0.33429908752441406,-1.78911292552948,0.44410598278045654,0.5040431618690491,0.34414660930633545,0.7983584403991699,0.7202064990997314,0.5462037920951843,0.633644163608551,0.7371752262115479,0.6157771348953247,0.6465283036231995,0.736177921295166,0.47433891892433167,0.6618154644966125,0.7863368988037109,0.4524334967136383,0.44119328260421753,0.19062520563602448,1.547900676727295,0.365553617477417,0.47008299827575684,0.43941235542297363,0.24057328701019287,1.0951952934265137
5218.0,104.359,-25.68487574689708,288.5220991901477,386.545983378643,304707.03515553585,-25.78422824779056,288.5982637985659,386.5459900000001,304802.7794840002,-7.800923404884266,5.612077359383696,0.0002207507133302,19200.000000000007,0.0020319240386218,0.0034078234652232,6.621357126009969e-06,0.0,-7.705800135683505,-11.530645872615173,5.694622787039117,-15.862817367497934,0.0080614603599259,-3.481711493673421,19199.842772111908,21.41675451709097,0.002,-0.5665518383837247,3.691257003418837,-0.9331562585672648,6.0,10.0,180.0,0.4526225566578973,-6.560546388736189,-0.1044892846821065,-3.118201946335623,117.98153905936216,744.6111152662152,167.1149977457925,754.9755690577697,550.0500000000002,0.4526225566578973,0.7349957823753357,0.4634716808795929,0.5958127975463867,0.5004093050956726,0.5069261789321899,0.5721347332000732,0.5394977331161499,0.4092869162559509,0.6603225469589233,0.5307942628860474,0.5656901597976685,0.5334464907646179,0.6227099895477295,0.5974856019020081,0.7381638288497925,0.3950252830982208,-1.781966209411621,0.47471216320991516,0.5591405034065247,0.3959001898765564,0.8181682229042053,0.7906258702278137,0.6018784046173096,0.6630333662033081,0.7822201251983643,0.6671469211578369,0.6830888390541077,0.7753914594650269,0.5486568808555603,0.7062716484069824,0.8399412631988525,0.49610665440559387,0.49023860692977905,0.22115598618984222,1.671159267425537,0.41076284646987915,0.5156299471855164,0.4962940216064453,0.32959550619125366,1.0621726512908936
5219.0,104.37900000000003,-25.841454853373783,288.632868315884,386.5460036027371,305091.0352867144,-25.94367383634411,288.7051854245194,386.5459900000001,305186.7794840001,-8.011140046104815,5.309221833932613,-0.0004556351377925,19200.000000000007,0.0018838470027053,0.0035059270178338,-1.3602736937789329e-05,0.0,-7.935066177145505,-8.54932501330418,5.389165164586699,-18.253410832509463,-0.0014705597347732,-5.124782369293509,19200.11909417752,-60.17671731533486,0.002,-0.397118571404486,3.692498206010728,-0.9216591080153512,6.0,10.0,180.0,0.4252799228157875,-6.5727700581047,-0.1069285781557981,-3.113580647747275,89.07176952968108,748.6450576331076,167.12099887289625,755.0272845288848,546.8250000000002,0.4252799228157875,0.755547046661377,0.49127984046936035,0.6299532651901245,0.509671688079834,0.5278468728065491,0.5965760350227356,0.5658541321754456,0.43757718801498413,0.6865230202674866,0.5551639795303345,0.5827216506004333,0.5487462282180786,0.6436945199966431,0.618465006351471,0.7530972957611084,0.4118310511112213,-1.7787156105041504,0.48107582330703735,0.5812640190124512,0.42453718185424805,0.8343539834022522,0.8187077045440674,0.6332057118415833,0.6852344274520874,0.8083038330078125,0.6985724568367004,0.7049630880355835,0.8009368777275085,0.6023436784744263,0.7271233201026917,0.7548311948776245,0.5069312453269958,0.5002033114433289,0.22394607961177826,1.6748356819152832,0.4299900233745575,0.5325413346290588,0.5073958039283752,0.35433948040008545,1.0855059623718262
5220.0,104.39900000000004,-26.00237393716749,288.73756808840096,386.5459832547318,305475.0351779411,-26.107106526368387,288.8059070427994,386.5459900000001,305570.77948400006,-8.202815509606486,4.997733850859452,0.0002264342930406,19200.000000000007,0.0019351392598609,0.0035750775005247,6.745268298252195e-06,0.0,-8.138471272018494,-7.081582751899151,5.100533154218773,-16.655039632926,-0.004884574413988,-1.4560296576860772,19200.017518267297,-12.913911655481476,0.002,-0.1880087117623773,3.666681879580687,-0.908255501641984,6.0,10.0,180.0,0.5005113873526703,-6.609358667536088,-0.1044790115608797,-3.110021310847504,60.71588476484054,751.7490288165538,167.1769994364481,755.2871422644424,543.9000000000001,0.5005113873526703,0.7745601534843445,0.5140655636787415,0.6542603969573975,0.5246065258979797,0.5427166223526001,0.6198025345802307,0.586056113243103,0.45607930421829224,0.7279921174049377,0.583842933177948,0.6051836013793945,0.5781915187835693,0.6737040281295776,0.6487259268760681,0.7810941934585571,0.43955594301223755,-1.773050308227539,0.5331401824951172,0.608478307723999,0.46346887946128845,0.851015031337738,0.858500063419342,0.6571637988090515,0.7074507474899292,0.8298196196556091,0.7310853600502014,0.7235782146453857,0.830908477306366,0.6610327959060669,0.7566270232200623,0.665998101234436,0.5305520296096802,0.5261762738227844,0.23225833475589752,1.6857203245162964,0.444892555475235,0.554911196231842,0.5246743559837341,0.3672372102737427,1.0721938610076904
5221.0,104.41900000000004,-26.166631768926443,288.836404046038,386.5459991625482,305859.03855799057,-26.27428541999544,288.9002801530147,386.5459900000001,305954.7794840002,-8.401126345675916,4.666078603579535,-0.0003027625089215,19200.000000000007,0.0014216753962667,0.0032548355147668,-9.162548077439468e-06,0.0,-8.29197027428593,-12.757513208500216,4.764405798707033,-22.40391758678704,-0.0078347854778109,-0.0691409210418874,19200.291918207524,-60.02440627261556,0.002,-0.0016868278661198,3.654957463584693,-0.9104244805223896,6.0,10.0,180.0,0.5337040818053426,-6.533123973164072,-0.1069331014777698,-3.08850498318752,32.45894238242027,752.8960144082769,167.03049971822406,754.6705711322212,540.0000000000001,0.5337040818053426,0.8257204294204712,0.5630670189857483,0.7179872393608093,0.564619779586792,0.5761917233467102,0.6748631596565247,0.623193621635437,0.5182361602783203,0.7812900543212891,0.6351457834243774,0.6612159013748169,0.6338436603546143,0.7350651621818542,0.7101466059684753,0.8729187846183777,0.511634111404419,-1.7651740312576294,0.5636208057403564,0.6662673950195312,0.5178221464157104,0.8683438301086426,0.9014753699302673,0.6919106841087341,0.7319066524505615,0.8736015558242798,0.7813764214515686,0.7537548542022705,0.8643826246261597,0.7193923592567444,0.791503369808197,0.7057901620864868,0.5819798111915588,0.5858283042907715,0.2556775212287903,1.8674956560134888,0.4993204176425934,0.6060749888420105,0.5844159126281738,0.4897686839103699,0.9938788414001465
5222.0,104.439,-26.33509131673958,288.9280973583976,386.54598261525206,306243.04182369675,-26.444964222288508,288.9881654559079,386.5459900000001,306338.7794840001,-8.56894032290514,4.35252064344629,0.0002487844583719,19200.000000000007,0.0014496235525828,0.0036793304875924,7.384748042069872e-06,0.0,-8.515619127432318,-7.067983894906303,4.407489940389948,-17.701734660962718,-0.0063216327714259,2.7996924256654103,19200.04974324165,-21.368159650982545,0.002,0.1295268682332723,3.671383032063032,-0.9142375822197908,6.0,10.0,180.0,0.5395394232930989,-6.616152934662222,-0.1069437379665358,-3.0613433854943595,1.6074711912101345,753.6490072041385,167.06424985911204,754.8192855661106,531.6750000000002,0.5395394232930989,0.8224978446960449,0.5754969120025635,0.7232065200805664,0.5644505620002747,0.5819065570831299,0.6804178357124329,0.625626266002655,0.5190765261650085,0.805167019367218,0.6470548510551453,0.66289222240448,0.6442127227783203,0.744053840637207,0.7181851863861084,0.8518492579460144,0.5093110799789429,-1.7720102071762085,0.6216224431991577,0.6750619411468506,0.5552613735198975,0.8851151466369629,0.9218209385871887,0.7051861882209778,0.7524186968803406,0.8790445327758789,0.7942736744880676,0.7679104208946228,0.8838765025138855,0.7666527032852173,0.8080054521560669,0.5730886459350586,0.5864248871803284,0.5877606868743896,0.2546543776988983,1.7535260915756226,0.49457523226737976,0.6103959679603577,0.5744837522506714,0.4534890055656433,1.0024969577789307
5223.0,104.45900000000005,-26.506675518742128,289.0134122671862,386.5459823889754,306627.0447094185,-26.618891129484744,289.06943355174815,386.5459900000001,306722.7794840001,-8.733641094855198,4.027530478209728,0.0002536574615911,19200.000000000007,0.0011896242247918,0.0039479206449216,7.611024731641651e-06,0.0,-8.656518005495279,-13.368058669714031,4.093541028305557,-19.22836273733762,0.0009814914082218,1.594072433262197,19200.031749044945,-21.47839227443181,0.002,0.2752218701922934,3.673803538400984,-0.913412896780494,6.0,10.0,180.0,0.5888663746133072,-6.594682308474917,-0.1059580161616193,-3.030049321815308,-27.171264404394933,753.0305036020693,167.02612492955603,754.6541427830552,528.3750000000001,0.5888663746133072,0.8626744747161865,0.6233199834823608,0.7718937397003174,0.6133933663368225,0.6122422814369202,0.7392425537109375,0.6669721007347107,0.5757125616073608,0.8565071821212769,0.6986223459243774,0.7270718812942505,0.708959698677063,0.8112033605575562,0.7833894491195679,0.9314455986022949,0.5816203355789185,-1.773012638092041,0.687825083732605,0.7405818700790405,0.6430277824401855,0.9050444960594177,0.9738488793373108,0.7342137694358826,0.7825550436973572,0.9238843321800232,0.8295894861221313,0.8012230396270752,0.9128046035766602,0.8145066499710083,0.8449074625968933,0.6876901388168335,0.6464189887046814,0.6542823314666748,0.30622580647468567,1.90213942527771,0.5412557125091553,0.6672156453132629,0.6507563591003418,0.5377122163772583,0.9548183679580688
5224.0,104.47900000000004,-26.68151130005638,289.09214309296874,386.54598145304647,307011.04490751104,-26.795809734602383,289.1439647376221,386.5459900000001,307106.7794840001,-8.882319255863504,3.6942521552132055,0.0002866970152435,19200.000000000007,0.0010221043191912,0.0041398862190191,8.546953748936411e-06,0.0,-8.79907801997802,-6.287642530681188,3.7726647389760366,-12.198561677339212,0.0034209664092979,-1.0308321323255032,19199.67294147905,-51.62185927869895,0.002,0.40825065524508,3.687214889374717,-0.9228488444786098,6.0,10.0,180.0,0.6152607938898945,-6.60886823716924,-0.1049823240005319,-3.036159408499428,-55.27113220219746,751.4102518010346,167.000062464778,754.5325713915277,527.2500000000001,0.6152607938898945,0.8677980899810791,0.6270790100097656,0.7576311826705933,0.6128443479537964,0.6122417449951172,0.7418956756591797,0.6709954142570496,0.5682059526443481,0.8478179574012756,0.7051445245742798,0.727088212966919,0.7137725353240967,0.8121095895767212,0.7828322649002075,0.8874051570892334,0.565433144569397,-1.7870769500732422,0.7385903596878052,0.7458333373069763,0.6924399137496948,0.9173994660377502,0.9896826148033142,0.7431222200393677,0.8009787201881409,0.9306526780128479,0.8210542798042297,0.8144609928131104,0.9187721610069275,0.8380141258239746,0.8524651527404785,0.5801812410354614,0.6461718082427979,0.6458141803741455,0.32781440019607544,1.7682743072509766,0.5260224938392639,0.6685476899147034,0.6454559564590454,0.44169002771377563,1.050857663154602
5225.0,104.49900000000004,-26.85888717973274,289.1646877235348,386.54596596683774,307395.0441068796,-26.97545903880198,289.2116487132233,386.5459900000001,307490.7794840002,-9.029872092851816,3.336057702950691,0.0008037593151095,19200.000000000007,0.0004942777489072,0.0037417403650375,2.4033162416984232e-05,0.0,-8.967567982921098,-12.757636977620596,3.447997244963362,-16.296866854555397,-0.002955266143897,-2.269224009493481,19199.84589344837,0.0121262247335323,0.002,0.5336967986934358,3.646996574067106,-0.925495398992742,6.0,10.0,180.0,0.6904481426636937,-6.523030781886543,-0.1035276810272293,-3.045397001997429,-83.84356610109873,749.3011259005173,167.12903123238902,755.0667856957639,531.3750000000001,0.6904481426636937,0.894212543964386,0.6756967306137085,0.8179858326911926,0.6619720458984375,0.6495749354362488,0.8089882731437683,0.7117133736610413,0.6258618235588074,0.8949687480926514,0.7623864412307739,0.7928065061569214,0.7786353826522827,0.8797571659088135,0.8512678742408752,0.9870690703392029,0.6429615616798401,-1.7847814559936523,0.7772213220596313,0.8123726844787598,0.7816814184188843,0.9367254376411438,1.0402300357818604,0.7743573784828186,0.826693058013916,0.9774553775787354,0.8575493097305298,0.837546169757843,0.946664035320282,0.8853431940078735,0.8781625032424927,0.7606508731842041,0.7075912952423096,0.7129237651824951,0.37536919116973877,2.0033297538757324,0.5793662667274475,0.7286911606788635,0.7254208326339722,0.5435189008712769,1.0204460620880127
5226.0,104.51900000000003,-27.03999392658564,289.22976935104845,386.545962963849,307779.04207212303,-27.157574749100768,289.27238608344294,386.5459900000001,307874.7794840001,-9.127683251247364,2.9924538395113585,0.0009027427912625,19200.000000000007,0.0010583100143727,0.0039234906982144,2.7036151067476304e-05,0.0,-9.115735744254424,-4.825299218253473,3.069370202137881,-10.562942388787553,-0.0058443885186766,-2.256758394283904,19199.7929608351,17.263920092470734,0.002,0.6574114414296716,3.599914446933463,-0.9177456970171534,6.0,10.0,180.0,0.6796241789770786,-6.583641383122966,-0.1010794932834472,-3.07361930990046,-113.94478305054936,745.7060629502587,167.23951561619452,755.513892847882,528.8250000000002,0.6796241789770786,0.8966540098190308,0.6797612905502319,0.814628541469574,0.6543038487434387,0.6569770574569702,0.8131219148635864,0.7199066281318665,0.6163444519042969,0.8815757036209106,0.7660444974899292,0.7861791849136353,0.7781434059143066,0.8753824234008789,0.8468009829521179,0.9451099038124084,0.6241134405136108,-1.7948088645935059,0.8165535926818848,0.8111230134963989,0.8179510831832886,0.9464750289916992,1.0460275411605835,0.7818582057952881,0.8417097330093384,0.9786977171897888,0.8448718786239624,0.8463952541351318,0.9593487977981567,0.9120340943336487,0.8821209073066711,0.5931744575500488,0.7029052376747131,0.7005892992019653,0.37977758049964905,1.8758052587509155,0.5654633045196533,0.7256627082824707,0.707465410232544,0.46486514806747437,1.089176893234253
5227.0,104.53900000000004,-27.22254310904813,289.2879698573336,386.5459424377305,308163.0406914536,-27.34188746646535,289.3260871493292,386.5459900000001,308258.7794840001,-9.242981080504896,2.6413645392879026,0.0015911863056347,19200.000000000007,0.0006926753774662,0.004007354260894,4.756226964796194e-05,0.0,-9.17039489361482,-5.444175444288723,2.7412263847609704,-17.391577925380773,-0.0090219975968512,2.012951847118052,19199.99739406893,124.4991029284096,0.002,0.8448493171475717,3.605329876268687,-0.9153848946958086,6.0,10.0,180.0,0.725972895553282,-6.545462137178271,-0.0966714619962651,-3.0664138917953125,-141.06739152527467,740.4670314751293,167.09625780809728,754.866946423941,526.3500000000001,0.725972895553282,0.9047439694404602,0.7138880491256714,0.8569853901863098,0.6636402010917664,0.6853259801864624,0.8355781435966492,0.7175877094268799,0.6463477611541748,0.8924941420555115,0.7952985167503357,0.8077130317687988,0.8005911111831665,0.9004358649253845,0.8750956058502197,1.0063469409942627,0.6628960371017456,-1.7939974069595337,0.8006899952888489,0.8348516225814819,0.8256551623344421,0.956400990486145,1.0466527938842773,0.7962740063667297,0.8446042537689209,0.994983434677124,0.868647575378418,0.8542053699493408,0.9778069853782654,0.9297284483909607,0.8865986466407776,0.6503071784973145,0.7245697975158691,0.7275985479354858,0.3606460392475128,1.9965107440948486,0.6079055666923523,0.7506709098815918,0.7204811573028564,0.5733374953269958,1.02073073387146
5228.0,104.55900000000004,-27.40732880839455,289.3391926166467,386.5459530723464,308547.04564057937,-27.52812620378362,289.3726730086214,386.5459900000001,308642.7794840002,-9.340167641532968,2.2836673381272234,0.001198287917901,19200.000000000007,0.0004606594835687,0.0040037554380694,3.692765371389609e-05,0.0,-9.315929514086648,-1.6361956347245794,2.391359281802698,-17.704519730930905,-0.0024579638232666,3.482071816917087,19200.22100541021,-42.98099751110833,0.002,0.9702477758811632,3.622933241574304,-0.9253707198148816,6.0,10.0,180.0,0.729482611647479,-6.479930756234841,-0.0981369980909287,-3.045374886734046,-169.51119576263733,734.9650157375646,167.21962890404865,755.3564732119705,524.1000000000001,0.729482611647479,0.9103262424468994,0.7403143644332886,0.8843371868133545,0.6644768714904785,0.7056680917739868,0.8508464694023132,0.7230724096298218,0.6554404497146606,0.8907608389854431,0.8105232119560242,0.8153704404830933,0.8110251426696777,0.9105712175369263,0.8867239952087402,1.0135619640350342,0.6711690425872803,-1.8017888069152832,0.8130553960800171,0.846255898475647,0.8531492352485657,0.9652984738349915,1.0501941442489624,0.8088993430137634,0.8554116487503052,1.0050110816955566,0.8744415640830994,0.8635073900222778,0.9939738512039185,0.9542869329452515,0.8961641788482666,0.5908734798431396,0.7330354452133179,0.73411625623703,0.35583800077438354,1.9860153198242188,0.6200078129768372,0.7614262700080872,0.7199141383171082,0.5872381925582886,1.0262205600738525
5229.0,104.57900000000004,-27.594002498183293,289.3830977010632,386.5459560195381,308931.0441133629,-27.7160177959978,289.4120743505122,386.5459900000001,309026.77948400006,-9.421809645092274,1.928698164402156,0.0010637213387164,19200.000000000007,0.0002866268633752,0.0041773242582426,3.398046214680745e-05,0.0,-9.374403442928998,-5.993689441671076,2.0200003563290414,-19.782294358776287,0.0075715350996307,4.762355993289111,19199.982092667087,102.94237786969238,0.002,1.0215122359648323,3.560342711787276,-0.9324743594424992,6.0,10.0,180.0,0.7545533693712727,-6.507781015769335,-0.0996149159805322,-3.0453782751396936,-197.4670978813187,727.6455078687823,167.16281445202432,755.0652366059853,528.3000000000001,0.7545533693712727,0.9264746904373169,0.7829853296279907,0.9350862503051758,0.7186837196350098,0.7552338242530823,0.8991050720214844,0.7536336183547974,0.6835598349571228,0.9226093292236328,0.8576247096061707,0.865943193435669,0.8651343584060669,0.9627037048339844,0.9404670596122742,1.093212604522705,0.7333128452301025,-1.8020349740982056,0.8516372442245483,0.8974528312683105,0.9213894605636597,0.976892352104187,1.0843673944473267,0.8325667977333069,0.8706172704696655,1.036600112915039,0.896675705909729,0.8760769367218018,1.0127872228622437,0.9888314008712769,0.9164832830429077,0.7650933265686035,0.7846061587333679,0.7906747460365295,0.39133504033088684,2.192842721939087,0.6639568209648132,0.8106712698936462,0.7799220085144043,0.6607774496078491,0.9933418035507202
5230.0,104.59900000000002,-27.78294614699295,289.4197558352897,386.5459412544333,309315.0442749184,-27.90528690593959,289.44423296128883,386.5459900000001,309410.7794840001,-9.465704814870229,1.57238221558753,0.0016180498076889,19200.000000000007,0.000825025967516,0.0043915605545429,4.874556679790444e-05,0.0,-9.472671861207264,4.938641151327315,1.6571648495198117,-14.648136900188714,0.0105082175005461,2.749859307818106,19200.15472541004,12.855835063489582,0.002,1.1768831267765645,3.493686553180889,-0.9173134881618892,6.0,10.0,180.0,0.711016343469596,-6.5390912974453546,-0.0961993200250933,-3.0546135923817204,-225.74254894065933,719.6762539343911,167.24740722601217,755.3726183029926,526.4250000000002,0.711016343469596,0.9221416711807251,0.7892570495605469,0.9344747066497803,0.6923466324806213,0.7499899864196777,0.8872174024581909,0.7518555521965027,0.679142415523529,0.8906338214874268,0.8457646369934082,0.843376636505127,0.8444145917892456,0.9382369518280029,0.9165218472480774,1.0248229503631592,0.6918023824691772,-1.814751148223877,0.8604730367660522,0.8789005875587463,0.9318037033081055,0.9774708151817322,1.0689525604248047,0.8332636952400208,0.8781116008758545,1.031059980392456,0.8770299553871155,0.8801448345184326,1.0150234699249268,1.004374623298645,0.9191975593566895,0.5580284595489502,0.7627736330032349,0.7567095160484314,0.38391315937042236,1.9919285774230957,0.6417497992515564,0.7935964465141296,0.7409524917602539,0.563622772693634,1.09712553024292
5231.0,104.61900000000004,-27.97194839043912,289.4495370291515,386.5460048775197,309699.0453930745,-28.0956519960714,289.4690991628139,386.5459900000001,309794.7794840002,-9.536200160604954,1.2010229842155138,-0.0004915971198868,19200.000000000007,0.0001426113002011,0.0042216225215235,-1.4877519565003198e-05,0.0,-9.47804991081143,-8.604066562586672,1.3044844446944277,-19.05016042875992,0.0097578152082257,-2.5058394118172886,19200.257018576234,81.62955141163741,0.002,1.3302533008054556,3.4626083360843407,-0.9277192917016456,6.0,10.0,180.0,0.7769054180965677,-6.547844402942884,-0.0956914201249307,-3.046462074206371,-252.00077447032967,710.1446269671956,167.0827036130061,754.6103091514963,530.7000000000002,0.7769054180965677,0.9472410678863525,0.8761504292488098,1.0148752927780151,0.7986411452293396,0.8423187732696533,0.9659278392791748,0.8182164430618286,0.7374081015586853,0.9601734280586243,0.9183920621871948,0.9424247741699219,0.9406728744506836,1.0334365367889404,1.0103790760040283,1.1578559875488281,0.8028042316436768,-1.802416443824768,0.9237885475158691,0.9757648706436157,1.0589923858642578,0.9993600249290466,1.137947678565979,0.880010724067688,0.901330828666687,1.0902736186981201,0.917524516582489,0.9041997194290161,1.0390756130218506,1.0580146312713623,0.9521279335021973,1.0434119701385498,0.8573534488677979,0.8608869910240173,0.47727230191230774,2.385652780532837,0.7186121344566345,0.8851069808006287,0.8747327327728271,0.705565869808197,1.036669373512268
5232.0,104.63900000000004,-28.16271791696148,289.47185188769976,386.5459948701572,310083.0488766351,-28.28683149961737,289.4866358300153,386.5459900000001,310178.7794840001,-9.566952928540186,0.8335533089709225,-0.0001977045952234,19200.000000000007,0.0002306138186297,0.0042112235845358,-4.8701563951234185e-06,0.0,-9.545963566597162,4.089045709317023,0.9387159049123156,-15.743755357419934,0.0031714386644161,-2.1309621117376003,19200.37547465308,-90.05691621715876,0.002,1.429227629517967,3.398714087573429,-0.9338201402050348,6.0,10.0,180.0,0.782242779059271,-6.55123762591065,-0.0986027731881977,-3.01675804273916,-278.9153872351648,700.0283134835978,167.10385180650303,754.6346545757481,528.9750000000001,0.782242779059271,0.9404817819595337,0.8625384569168091,1.0075427293777466,0.7587931752204895,0.8287482261657715,0.9491105675697327,0.7972397804260254,0.7285938858985901,0.9163104295730591,0.8984987735748291,0.9060727953910828,0.9061770439147949,0.995932400226593,0.9752779006958008,1.0863386392593384,0.7516872882843018,-1.8189187049865723,0.9064940214157104,0.9431774616241455,1.0376677513122559,0.9907512068748474,1.1066709756851196,0.8729851841926575,0.9013279676437378,1.0753273963928223,0.8981395363807678,0.903878390789032,1.038474440574646,1.0620514154434204,0.9460368752479553,0.796644926071167,0.8237103223800659,0.814706563949585,0.4445832073688507,2.1701343059539795,0.6955373883247375,0.8574625849723816,0.8141583204269409,0.6194028258323669,1.127413034439087
5233.0,104.65900000000002,-28.35339004138412,289.4868483228837,386.5459952378404,310467.048538705,-28.47790214325104,289.49680806527715,386.5459900000001,310562.7794840001,-9.319228959229395,0.4599083751739024,-0.0001721851965101,19200.000000000007,-0.0004951639805072,0.0041803075148431,-5.237837534885357e-06,0.0,-9.564769089355709,-1.0438110294754908,0.5751595356972642,-21.18875443727604,0.0031665648489528,-4.463205307888946,19199.928948767727,25.6909109160818,0.002,0.7018771085829828,2.9284958474755616,-0.7555368626242176,6.0,10.0,180.0,0.8447335006498007,-6.545354608913141,-0.0951930175039058,-3.0182621692252343,-305.15969361758243,688.7761567417989,167.07342590325152,754.433827287874,533.4000000000001,0.8447335006498007,0.9543411731719971,0.9301326274871826,1.0656415224075317,0.8150533437728882,0.8908165693283081,0.9830384850502014,0.8214197158813477,0.7587013244628906,0.945319652557373,0.9420503973960876,0.9579536318778992,0.9553415775299072,1.0449047088623047,1.025839924812317,1.1674426794052124,0.8131698966026306,-1.8184771537780762,0.9140400886535645,0.9948194026947021,1.094695806503296,1.0077821016311646,1.1349985599517822,0.901984691619873,0.9116026759147644,1.1123344898223877,0.9238905906677246,0.9195920825004578,1.0555857419967651,1.094374179840088,0.9644237160682678,1.073138952255249,0.8740043640136719,0.8682317733764648,0.48088565468788147,2.42899489402771,0.7491302490234375,0.9100293517112732,0.8797463178634644,0.7241423726081848,1.099731683731079
5234.0,104.67900000000002,-28.52640170031265,289.4942472165807,386.5460216793565,310851.0501748781,-28.614220847432023,289.4998678959713,386.5459900000001,310946.7794840002,-4.001144554496084,0.2027337458022009,-0.0010541868658056,19200.000000000007,-0.0125739424204956,0.004326072833672,-3.167936014648875e-05,0.0,-6.171241120791795,394.0115494270806,0.2245098432807837,-5.123037484166795,0.0095224406193072,-0.7321522510468987,19200.359655062835,8.520435385107607,0.002,-0.1974352883308332,2.0754740241801826,-0.4913842382205893,6.0,10.0,180.0,-1.1861863812512536,-6.54050699474192,-0.0942399794796815,-3.0054387116019083,-271.1758468087912,631.8645783708994,151.11771295162578,688.195913643937,524.2500000000001,-1.1861863812512536,-0.9541888236999512,-1.0485374927520752,-0.7387864589691162,-0.9788826704025269,-1.1005375385284424,-1.1453280448913574,-1.2163994312286377,-1.2457914352416992,-1.2708961963653564,-0.9368878602981567,-1.3236240148544312,-1.2728874683380127,-1.132110834121704,-1.2733967304229736,-0.34464147686958313,-1.494657039642334,-1.7851465940475464,-1.190575122833252,-1.2824066877365112,-1.0618433952331543,-0.7958725094795227,-0.8558269143104553,-1.1141465902328491,-0.898338258266449,-1.3761836290359497,-1.321200966835022,-0.6665221452713013,-0.4392712414264679,-1.7760353088378906,-1.420407772064209,-1.4682626724243164,-1.564378261566162,-1.5060747861862183,-1.3007944822311401,-1.0910353660583496,-0.8025225400924683,-1.392486572265625,-2.1966230869293213,-2.2664754390716553,2.5927014350891113
5235.0,104.69900000000004,-28.587839076653143,289.5044940402538,386.5465546133688,311235.0790454467,-28.646835287704143,289.51509694935737,386.5459900000001,311330.77948400006,-1.887946034624176,1.8442647481850485,-0.0188266769815897,19200.000000000007,-0.0450483447967059,-0.0032987731330637,-0.0005646134147532,0.0,-1.6980177325649692,-28.31486937312072,1.2645637639200689,95.22019442751906,0.0300398617329403,-1.700879685655,19202.815519572305,77.22611188823308,0.002,-0.9306825084414316,2.4963801235985947,-0.6286088438470994,6.0,10.0,180.0,0.5239185326346556,-6.899857970497441,-0.1430868311551865,-2.7444975512562286,-60.74492340439561,505.8592891854497,115.89835647581288,548.2394568219686,523.2,0.5239185326346556,0.5441795587539673,0.5984042286872864,0.45555391907691956,0.6497189998626709,0.643112063407898,0.6957739591598511,0.6283751130104065,0.28254324197769165,0.7521313428878784,0.8095396757125854,0.723647952079773,0.8366448879241943,0.7362179160118103,0.7292485237121582,0.37805867195129395,0.5567501783370972,-2.0028820037841797,1.0399022102355957,0.7704272270202637,0.6433947682380676,0.7791013121604919,0.7026763558387756,0.3159625232219696,0.6633450388908386,0.7369353175163269,0.6337411999702454,0.6621506214141846,0.6153513789176941,0.5196170210838318,0.776020348072052,3.0201163291931152,0.7836624383926392,0.7321909666061401,0.7454125881195068,0.5552211999893188,0.5306664109230042,0.8096486330032349,0.6250885128974915,-0.7113980054855347,1.296648383140564
5236.0,104.71900000000002,-28.62260106114861,289.5624534884476,386.5465866531199,311619.13372930186,-28.64804259085896,289.6106886391498,386.5459900000001,311714.7794840002,-0.8465225850557149,7.111900555357669,-0.019888827288238,19200.000000000007,-0.0254056823502385,-0.0280395622406252,-0.0005966531224317,0.0,-1.0730049945879985,104.91408080140673,5.613506581694815,331.5066833676637,-0.0344093763816883,1.463449887177087,19201.750693012465,-231.7021862647985,0.002,-1.647292275207969,2.632696814250783,-0.7302566226262628,6.0,10.0,180.0,-0.1205707013807798,-7.887728715176993,-0.2261112001486754,-2.2296881477941173,216.7515382978022,423.84514459272486,123.05217823790645,574.5902284109843,522.1500000000001,-0.1205707013807798,-0.9309185147285461,-0.2930137515068054,0.4034523665904999,-0.16824829578399658,-0.33919039368629456,-0.39482206106185913,-0.5300967693328857,-0.3332218527793884,-0.6635597944259644,0.03145170211791992,-0.4017319679260254,-0.09469965100288391,-0.16951850056648254,-0.30626022815704346,-1.038364052772522,-0.41735029220581055,-2.0646157264709473,0.8061456680297852,-0.2653961479663849,0.5041550993919373,-0.09487006813287735,-0.008630804717540741,0.028665393590927124,-0.07273764908313751,0.3076190948486328,-0.021292243152856827,0.8198676109313965,0.38576778769493103,-0.012871179729700089,0.040451087057590485,-4.182827949523926,-0.06742753088474274,-0.17162053287029266,0.1507263332605362,-1.651158332824707,-0.6067470908164978,-0.2513115406036377,-0.4916066527366638,-2.698909044265747,1.3608767986297607
5237.0,104.73900000000005,-28.635628287579653,289.7157428618713,386.5463688668419,312003.13123258867,-28.64803650548568,289.79654729194533,386.5459900000001,312098.7794840001,-0.4134221245777151,8.154030632748746,-0.0126270905860708,19200.000000000007,-0.0124121862009096,-0.043388274616822,-0.0003788665395543,0.0,-0.7732099494783317,-15.493560835864912,8.12546800288155,-31.797317194400392,-0.0168409346963632,-2.0167753178061814,19198.59045856226,-64.30197267332419,0.002,-2.098907142819177,2.420099854117733,-0.7447304006722217,6.0,10.0,180.0,0.3150233425383936,-6.383397331925802,-0.2510214357738588,-2.241951027409541,401.4077691489011,403.7380722963624,138.8365891189532,637.5246142054921,526.6500000000001,0.3150233425383936,-0.21764102578163147,-0.2611335515975952,-0.39661508798599243,-0.14201636612415314,-0.16397297382354736,-0.18423236906528473,-0.3002930283546448,-0.18716494739055634,-0.26398006081581116,-0.07926970720291138,-0.13522659242153168,-0.12611347436904907,-0.12296712398529053,-0.11460114270448685,0.2006012350320816,-0.17285054922103882,-1.9131972789764404,-0.544048547744751,-0.1262817084789276,-0.1931910365819931,-0.18127110600471497,-0.4195190668106079,-0.282815545797348,-0.35112085938453674,-0.19151633977890015,-0.21200551092624664,-0.38369426131248474,-0.3970777988433838,-0.5152609348297119,-0.2781207859516144,1.7335761785507202,-0.0906888097524643,-0.11217623949050903,-0.380461186170578,1.0919697284698486,0.0968676507472992,-0.1000974252820015,-0.24308525025844574,0.16671594977378845,0.5351123809814453
5238.0,104.75900000000004,-28.644371375929985,289.88402400016133,386.5460618837304,312387.11015305493,-28.648030424066366,289.9885530752539,386.5459900000001,312482.7794840001,-0.1218095201103262,8.924489313157824,-0.0023902900984219,19200.000000000007,-0.0036630010399687,-0.0202744166828472,-7.188367116676916e-05,0.0,-0.0109349864413033,8.174264815072412,8.872784333767202,30.20998473756115,0.0043443530600003,4.449899093981749,19199.25922339951,12.858390317886483,0.002,-2.2984515635810374,2.322342601999825,-0.7690362381389667,6.0,10.0,180.0,-0.0561911743200808,-6.614402152288728,-0.2402562486623279,-2.435801590528277,519.1573845744506,377.0565361481812,149.90179455947663,682.2223071027461,525.5250000000001,-0.0561911743200808,-0.5721880197525024,-0.4706989526748657,-0.4454498887062073,-0.4460107684135437,-0.43108582496643066,-0.4440097510814667,-0.6074169874191284,-0.5163580179214478,-0.6146300435066223,-0.46423712372779846,-0.45805004239082336,-0.4295392632484436,-0.4470984935760498,-0.4562841057777405,-0.5011972784996033,-0.5682668089866638,-2.0964012145996094,-0.3470553755760193,-0.452656090259552,-0.45820000767707825,-0.5277297496795654,-0.7622385621070862,-0.5279367566108704,-0.5843258500099182,-0.5475916862487793,-0.5921944379806519,-0.5313143730163574,-0.439657598733902,-0.6261045932769775,-0.5852111577987671,-0.431334912776947,-0.3952188193798065,-0.4329149127006531,-0.4663226902484894,-0.21552565693855286,-0.3546293079853058,-0.40627431869506836,-0.6302002668380737,-0.7877389788627625,0.45546954870224
5239.0,104.77900000000002,-28.64698216134224,290.0654478983818,386.5459741884905,312771.1005354008,-28.648026071745665,290.1805590963624,386.5459900000001,312866.7794840002,-0.0347658429752211,9.277213975359956,0.0005294311616568,19200.000000000007,-0.0010463090398807,-0.0096926425738917,1.58099858165596e-05,0.0,-0.20022351575155,14.5684128817197,9.1809434877371,18.252145486845443,-0.0173448658699879,1.2791755955707615,19199.29491195795,-81.6422022953689,0.002,-2.478506787463526,2.2366636085690867,-0.7892665236770703,6.0,10.0,180.0,-0.046915364209351,-6.449212336465057,-0.2397200798579929,-2.5471034471594813,577.9801922872252,375.3917680740906,156.7793972797383,710.296153551373,530.0250000000001,-0.046915364209351,-0.6857268214225769,-0.6262456178665161,-0.5674686431884766,-0.5559003949165344,-0.5513843297958374,-0.5631065964698792,-0.6811542510986328,-0.5393192768096924,-0.6965649127960205,-0.5611281394958496,-0.5751882791519165,-0.5533932447433472,-0.5691406726837158,-0.583069920539856,-0.5447406768798828,-0.6914700269699097,-2.010465621948242,-0.5184290409088135,-0.5794051885604858,-0.680317759513855,-0.691072404384613,-0.8297128677368164,-0.573043942451477,-0.7487356066703796,-0.6714501976966858,-0.7124853730201721,-0.6848341226577759,-0.6284688711166382,-0.7229181528091431,-0.7205278873443604,-1.0317413806915283,-0.5122465491294861,-0.5625826716423035,-0.5825318098068237,-0.29402074217796326,-0.4311341643333435,-0.5239338874816895,-0.75,-0.7532400488853455,0.4040578603744507
5240.0,104.79900000000002,-28.647720778840057,290.25258736828886,386.5459902372901,313155.0920491908,-28.648025035799712,290.3725647346156,386.5459900000001,313250.7794840001,-0.010142337845138,9.43937529438507,-8.693411767027793e-06,19200.000000000007,-0.0003046995260081,-0.0048258726453202,-2.397029111612732e-07,0.0,-0.0150659408637048,-11.035819265974752,9.445582454824455,5.977541591281012,0.0073788655053683,-2.250100177530664,19199.450876494087,25.70660713061145,0.002,-2.626568975061663,2.164915417263739,-0.8059167079767061,6.0,10.0,180.0,-0.0688818205816457,-6.4178854745896246,-0.2270044998841046,-2.619367222963669,614.1615961436125,372.3243840370453,161.33669863986916,729.0790767756864,528.3750000000001,-0.0688818205816457,-0.572296679019928,-0.537412166595459,-0.580947756767273,-0.5276659727096558,-0.479418009519577,-0.5267986059188843,-0.6439566612243652,-0.47225329279899597,-0.6035599708557129,-0.5114760398864746,-0.4923570156097412,-0.5052444934844971,-0.4890088140964508,-0.5011292099952698,-0.5055017471313477,-0.5977065563201904,-1.8695446252822876,-0.4931113123893738,-0.49627989530563354,-0.5104823112487793,-0.5713409781455994,-0.8174775242805481,-0.5475271344184875,-0.6576977968215942,-0.5839253067970276,-0.6973121762275696,-0.6648526787757874,-0.6803178787231445,-0.7605899572372437,-0.6016461849212646,0.5201680660247803,-0.5005744099617004,-0.5074103474617004,-0.557183027267456,0.008510828018188477,-0.4323001801967621,-0.49578016996383667,-0.6713696718215942,-0.582935094833374,0.004371583461761475
5241.0,104.81900000000005,-28.648617891530968,290.44189407521526,386.5458854920393,313539.0851997593,-28.6480249997043,290.5645678121982,386.5459900000001,313634.7794840001,0.0197684697434547,9.529130047093972,0.0034533736739557,19200.000000000007,0.0005928910018951,-0.0021275045839316,0.0001046075506252,0.0,0.0109943863141053,6.215702644992182,9.485233545344098,11.027655823174069,0.0011996947455752,-0.6046780631131561,19199.639101116634,4.375191451382915,0.002,-2.7409663440199368,2.132691830553069,-0.8264960503612907,6.0,10.0,180.0,-0.1850127406891689,-6.450616941215705,-0.215808415804857,-2.6890470267143174,633.2177980718063,370.5306920185227,163.78234931993458,739.1820383878432,526.7250000000001,-0.1850127406891689,-0.7214580774307251,-0.6778090000152588,-0.646344780921936,-0.6205244064331055,-0.605222225189209,-0.6378183364868164,-0.7351881861686707,-0.5338455438613892,-0.7134369611740112,-0.6168321967124939,-0.6210919618606567,-0.621232271194458,-0.6170218586921692,-0.6348053812980652,-0.6084728240966797,-0.7373161315917969,-1.8528599739074707,-0.5689018964767456,-0.629580020904541,-0.7213336825370789,-0.7460305690765381,-0.8674473166465759,-0.6035257577896118,-0.7918761968612671,-0.7196884155273438,-0.7786391973495483,-0.74041748046875,-0.7289523482322693,-0.7952395677566528,-0.754079282283783,-0.7537820339202881,-0.5956377983093262,-0.6278833746910095,-0.6423006653785706,-0.289628803730011,-0.5129088759422302,-0.5994070172309875,-0.8116768002510071,-0.7319075465202332,0.11256915330886841
5242.0,104.83900000000004,-28.648477915412457,290.63277181950104,386.5458974818216,313923.0768673102,-28.64802499991517,290.75656800018686,386.5459900000001,314018.7794840002,0.0150953182364671,9.566542150319425,0.0030527757757415,19200.000000000007,0.0004529155235678,-0.0010038286295405,9.262019906266e-05,0.0,-0.0380756310064566,-0.4251763056974873,9.5881748596038,3.7960626281211134,-0.0017187617714639,-4.644751334335533,19199.58616738701,124.52895681288732,0.002,-2.77851876118246,2.099286846555977,-0.8341087036253331,6.0,10.0,180.0,-0.1879693416239352,-6.365751130473437,-0.2080324063380841,-2.7526242681105053,642.9823990359032,372.97884600926136,165.4391746599673,746.0965191939216,531.2250000000001,-0.1879693416239352,-0.6913093328475952,-0.6434970498085022,-0.6614255309104919,-0.6017017364501953,-0.5815168023109436,-0.627180814743042,-0.7175246477127075,-0.5150443315505981,-0.6901110410690308,-0.6099952459335327,-0.5934141874313354,-0.6038137674331665,-0.5916315317153931,-0.6090132594108582,-0.5748181343078613,-0.7060806155204773,-1.5900696516036987,-0.5930482149124146,-0.6038830280303955,-0.6945207715034485,-0.7085939645767212,-0.8615436553955078,-0.5952330231666565,-0.7767153978347778,-0.7016942501068115,-0.7757421731948853,-0.736105740070343,-0.7573103308677673,-0.8192824721336365,-0.7238309383392334,-0.3119375705718994,-0.5854223966598511,-0.6120339035987854,-0.6329648494720459,-0.1841002106666565,-0.49571463465690613,-0.5858297348022461,-0.7772439122200012,-0.6494740843772888,0.0638274997472763
5243.0,104.85900000000004,-28.64849923437361,290.8243576608013,386.5458820210696,314307.07267749065,-28.648024999968435,290.9485680001165,386.5459900000001,314402.7794840001,0.0158052066620364,9.580348845564156,0.0036016772047608,19200.000000000007,0.0004742344484897,-0.0005894601297254,0.0001079807099905,0.0,0.0095277084254244,-1.5182726918784777,9.58693181467519,3.062645751292962,-0.0114682633528034,0.9048491263698146,19199.740279293103,-60.11362262734305,0.002,-2.8812688352382896,2.0855886737127083,-0.8515861305194717,6.0,10.0,180.0,-0.2412097347870422,-6.3047327190619535,-0.1958110218961241,-2.818300292024808,648.7736995179516,372.55242300463067,166.26208732998367,749.5232595969608,529.575,-0.2412097347870422,-0.6898132562637329,-0.6472277641296387,-0.6649824380874634,-0.6115459203720093,-0.5948686003684998,-0.6319354772567749,-0.7274956107139587,-0.5057150721549988,-0.6906775832176208,-0.6163259148597717,-0.6020965576171875,-0.6120331883430481,-0.598802924156189,-0.6158194541931152,-0.5706378817558289,-0.7124955058097839,-1.5524572134017944,-0.5918424129486084,-0.6099365949630737,-0.6919733285903931,-0.7237240672111511,-0.8640410304069519,-0.5975637435913086,-0.7730333805084229,-0.7070339322090149,-0.7698619961738586,-0.7557010650634766,-0.7628973722457886,-0.8210039734840393,-0.7322610020637512,-0.2545262575149536,-0.5948097705841064,-0.6141245365142822,-0.655754804611206,-0.19965210556983948,-0.50909823179245,-0.5960479974746704,-0.7913391590118408,-0.6334367394447327,-0.03204567730426788
5244.0,104.87900000000003,-28.648477315203102,291.016035175975,386.5458934183772,314691.0648402161,-28.64802499999296,291.1405680000677,386.5459900000001,314786.7794840001,0.0150816941406172,9.591099668277096,0.0032217758979679,19200.000000000007,0.0004523152315153,-0.000266980395107,9.658246824061668e-05,0.0,-0.0017046102369214,2.67433899869938,9.5993447890506,-1.2327861692845576,-0.0136622528470929,1.2264092351614235,19199.7756899622,111.51893298434462,0.002,-2.989084710521833,2.0331198979327727,-0.8645688979258033,6.0,10.0,180.0,-0.2763888927179277,-6.377462536937584,-0.1889399688165429,-2.877248570061869,651.5943497589758,372.9237115023153,166.72554366499185,751.4606297984803,527.8500000000001,-0.2763888927179277,-0.7288947701454163,-0.6820836067199707,-0.6981278657913208,-0.6292722225189209,-0.6330519914627075,-0.6652789115905762,-0.7444218397140503,-0.512336254119873,-0.712748110294342,-0.643351137638092,-0.6333234906196594,-0.6410946846008301,-0.6290531158447266,-0.6475367546081543,-0.5640321969985962,-0.7412703037261963,-1.4202969074249268,-0.6475883722305298,-0.6424585580825806,-0.7488260865211487,-0.769637405872345,-0.8751751780509949,-0.6129270195960999,-0.8060919046401978,-0.7445350289344788,-0.7884706854820251,-0.7945205569267273,-0.7912462949752808,-0.8421174883842468,-0.7725212574005127,-0.5282174944877625,-0.6160350441932678,-0.6433753371238708,-0.6935887336730957,-0.2729671895503998,-0.5103867053985596,-0.6205231547355652,-0.8221768140792847,-0.603369414806366,-0.009504422545433044
5245.0,104.89900000000004,-28.64854962673292,291.20783148456115,386.5458611021076,315075.0602029218,-28.648024999999752,291.3325680000252,386.5459900000001,315170.7794840001,0.0174875544160739,9.597893097470925,0.0042641752599853,19200.000000000007,0.0005246267367762,-6.318629207073298e-05,0.0001288989878905,0.0,-0.009267825632397,2.011556619962502,9.594261321978294,0.8482787777525592,0.0026635984086265,7.389270804918253,19199.67392525357,21.441372865064345,0.002,-2.9670867282806697,2.015762838371238,-0.8584081929503551,6.0,10.0,180.0,-0.3149604755644369,-6.405260401599361,-0.1781979234850479,-2.930524462302736,652.8001748794879,373.2868557511577,166.93627183249592,752.3398148992402,532.3500000000001,-0.3149604755644369,-0.7193438410758972,-0.6803708672523499,-0.6805388927459717,-0.6309732794761658,-0.6341303586959839,-0.6520792245864868,-0.7501012086868286,-0.506195068359375,-0.7115097045898438,-0.6402018070220947,-0.6327282786369324,-0.6367788314819336,-0.6269650459289551,-0.644095778465271,-0.5529918670654297,-0.7387897968292236,-1.475761890411377,-0.627265453338623,-0.6383442878723145,-0.7325457334518433,-0.7774868011474609,-0.8728234171867371,-0.6098158359527588,-0.7943369150161743,-0.7347643971443176,-0.7734591960906982,-0.7996935844421387,-0.7828779220581055,-0.8286107778549194,-0.7787536382675171,-0.4753764867782593,-0.6126997470855713,-0.6332854628562927,-0.700255274772644,-0.24707835912704468,-0.5218002200126648,-0.6197468638420105,-0.8235816955566406,-0.6173480749130249,-0.05967839062213898
5246.0,104.91900000000004,-28.648438523909324,291.39999304179014,386.54590142338697,315459.05411614303,-28.64802500000001,291.5245680000015,386.5459900000001,315554.7794840002,0.0137867100954172,9.592500836896692,0.0029498164855358,19200.000000000007,0.0004135239093147,-0.0002250389840086,8.867716790181695e-05,0.0,0.0178433376207039,1.8380786131486333,9.599412587131246,-4.213921888997846,0.0087888595693408,3.174388357623072,19199.913539918874,107.38454903427964,0.002,-3.061685945632951,1.99939126067656,-0.8796815231061021,6.0,10.0,180.0,-0.3476459189234441,-6.3032115198987695,-0.1704169168992127,-2.991066950473556,653.986087439744,372.62242787557886,167.06263591624796,752.8669074496202,523.2750000000001,-0.3476459189234441,-0.7277981042861938,-0.6821578741073608,-0.7110868692398071,-0.6308030486106873,-0.6414896249771118,-0.6725907325744629,-0.7447839379310608,-0.5032373666763306,-0.7106518745422363,-0.6470770239830017,-0.6364427804946899,-0.6457128524780273,-0.6314202547073364,-0.6502797603607178,-0.5536462664604187,-0.7423230409622192,-1.3553727865219116,-0.661487877368927,-0.6449816823005676,-0.7514070868492126,-0.7695645093917847,-0.8761629462242126,-0.614319920539856,-0.8048316240310669,-0.7514872550964355,-0.786748468875885,-0.8121165037155151,-0.8020961880683899,-0.8489072322845459,-0.7730467319488525,-0.4571627378463745,-0.6204296946525574,-0.6442588567733765,-0.7114965915679932,-0.29841378331184387,-0.5078191161155701,-0.6248594522476196,-0.8271178007125854,-0.5587327480316162,-0.07304279506206512
5247.0,104.939,-28.648366496274093,291.59163406143455,386.5459074744112,315843.05396576494,-28.64802500000001,291.7165680000001,386.5459900000001,315938.7794840001,0.011383608076785,9.604482924982372,0.0027528447081849,19200.000000000007,0.0003414962740877,0.0001339396270971,8.252472825765829e-05,0.0,-0.0073273761483191,-0.7924824528056504,9.604263975122896,3.977721290141528,0.0151577128028794,2.6807385682134623,19200.37524355549,-60.04120636512964,0.002,-3.1211181422769663,1.957579513771427,-0.8862505798096069,6.0,10.0,180.0,-0.3676773462675703,-6.318334049718871,-0.1650552110120392,-2.99674567935537,654.145043719872,373.2257139377895,167.145317958124,753.2164537248101,524.0250000000001,-0.3676773462675703,-0.6965925097465515,-0.6577569246292114,-0.6700782179832458,-0.6194651126861572,-0.6046284437179565,-0.6425635814666748,-0.7352028489112854,-0.5069690346717834,-0.695335865020752,-0.626434326171875,-0.6123340129852295,-0.6224892139434814,-0.6099947094917297,-0.6279557943344116,-0.5884405374526978,-0.7279179096221924,-1.555067539215088,-0.5833814144134521,-0.6209269165992737,-0.703372597694397,-0.7354215979576111,-0.8681332468986511,-0.6008902192115784,-0.7778578996658325,-0.7198560237884521,-0.7743075489997864,-0.7602360248565674,-0.7641392946243286,-0.8235877156257629,-0.7401809692382812,-0.2825624346733093,-0.6032251715660095,-0.622093141078949,-0.6648073196411133,-0.25747883319854736,-0.5198584794998169,-0.6043716669082642,-0.805075466632843,-0.6311304569244385,-0.08005630224943161
5248.0,104.95900000000005,-28.64834192113037,291.7840736730879,386.5459235650875,316227.0506062008,-28.64802500000001,291.9085680000001,386.5459900000001,316322.7794840002,0.0105639436835593,9.589810712787578,0.0022067866934094,19200.000000000007,0.0003169211303585,-0.0003055754100198,6.643375528757848e-05,0.0,0.0119401372574131,1.593628103691771,9.609103001936624,-4.086919914545584,0.0109854795572205,-1.9435087996173848,19199.705988007343,17.106519140689844,0.002,-3.181476328976046,1.978266872411213,-0.8890671806518885,6.0,10.0,180.0,-0.3877260709554863,-6.300248462574127,-0.1572179836682945,-3.021302248202267,654.657021859936,372.95185696889473,167.20815897906198,753.481726862405,522.6,-0.3877260709554863,-0.7287828326225281,-0.6775714159011841,-0.7139459848403931,-0.6276164054870605,-0.632967472076416,-0.6758179068565369,-0.7397618293762207,-0.5100651383399963,-0.7089124917984009,-0.6499063968658447,-0.6320282220840454,-0.6445685625076294,-0.6287333369255066,-0.6485950946807861,-0.5686657428741455,-0.7409858107566833,-1.3406591415405273,-0.6620423793792725,-0.6432831883430481,-0.7546292543411255,-0.7539151310920715,-0.8778640627861023,-0.6142272353172302,-0.8088721036911011,-0.7512332797050476,-0.7965601682662964,-0.7970698475837708,-0.802405834197998,-0.8546431064605713,-0.7625948190689087,-0.46125686168670654,-0.6201208829879761,-0.6481594443321228,-0.6950606107711792,-0.2938901484012604,-0.5043988823890686,-0.622232973575592,-0.8208836317062378,-0.5706101655960083,-0.030711330473423004
5249.0,104.97900000000004,-28.64828319208036,291.97572659951663,386.5459852843952,316611.048322597,-28.64802500000001,292.1005680000001,386.5459900000001,316706.7794840001,0.0086067223466411,9.601394141546583,0.0001589585172133,19200.000000000007,0.0002581920803516,4.150144605277846e-05,4.714497897138399e-06,0.0,0.000474009799799,0.5371133502704554,9.60861373971121,8.17443524102731,0.0051249998189326,-7.212542660819928,19199.93070152841,-64.44097666464364,0.002,-3.226380439019039,1.962563710321604,-0.902599072632934,6.0,10.0,180.0,-0.40088877174115,-6.365733934073783,-0.1518387648241516,-3.0520479989067906,654.684010929968,373.19742848444736,167.23707948953097,753.6048634312025,522.9000000000001,-0.40088877174115,-0.7082799673080444,-0.6603150963783264,-0.6713587641716003,-0.62142413854599,-0.5919080972671509,-0.651599645614624,-0.7334070205688477,-0.5297528505325317,-0.6997259855270386,-0.633995532989502,-0.6115261316299438,-0.6258896589279175,-0.6126781702041626,-0.6328474283218384,-0.6407516598701477,-0.73655766248703,-1.6383423805236816,-0.5663468837738037,-0.6257999539375305,-0.7155654430389404,-0.7192003130912781,-0.8725188374519348,-0.6040220856666565,-0.7895385026931763,-0.7216171622276306,-0.7978147864341736,-0.7272775173187256,-0.753884494304657,-0.8283951282501221,-0.7282596826553345,-0.4446689486503601,-0.6072300672531128,-0.6363834738731384,-0.6271811127662659,-0.2637736201286316,-0.5254191160202026,-0.6039280295372009,-0.8037540912628174,-0.7064030170440674,0.028980538249015808
5250.0,104.99900000000004,-28.648305683946823,292.16809067104435,386.5459509378909,316995.0427877325,-28.64802500000001,292.292568,386.5459900000001,317090.7794840001,0.0093552963164327,9.58923413478492,0.0012970008175525,19200.000000000007,0.0002806839468152,-0.0003226662673015,3.9060703129888896e-05,0.0,0.0073513520079961,1.3498714256349529,9.59302764080155,-7.319539108397153,-0.0083028674227843,-4.144691145626498,19199.759707731548,-17.169557286828002,0.002,-3.293430557503078,1.91823948358592,-0.93032524839114,6.0,10.0,180.0,-0.4238062361582922,-6.30029021159426,-0.1460076953767226,-3.096180202934889,654.652505464984,372.8347142422237,167.18653974476547,753.3869317156012,521.4750000000001,-0.4238062361582922,-0.7303145527839661,-0.6753649115562439,-0.727329671382904,-0.6247978210449219,-0.6347189545631409,-0.6812357902526855,-0.7344090938568115,-0.5063769817352295,-0.7071632742881775,-0.6526368856430054,-0.6315878033638,-0.646100640296936,-0.6283386945724487,-0.6486189365386963,-0.5588279366493225,-0.7386186122894287,-1.2808102369308472,-0.6857007741928101,-0.6438913345336914,-0.7622564435005188,-0.7462554574012756,-0.8782831430435181,-0.6160853505134583,-0.8119291067123413,-0.755283772945404,-0.8006584048271179,-0.8030046820640564,-0.813666820526123,-0.8646240234375,-0.7601168751716614,-0.43329918384552,-0.6214717626571655,-0.6516314148902893,-0.6993838548660278,-0.2935211956501007,-0.49411681294441223,-0.6226978898048401,-0.8188955187797546,-0.5396566987037659,-0.01889033615589142
5251.0,105.01900000000003,-28.648242134033627,292.35968972514286,386.5459355649264,317379.04006679927,-28.64802500000001,292.484568,386.5459900000001,317474.7794840002,0.0072395467931745,9.602621626882115,0.001816283268584,19200.000000000007,0.0002171340336162,7.877629163382453e-05,5.453496330322959e-05,0.0,0.0026787137342073,-0.1313238303387024,9.611598440303764,1.331417636621876,-0.0102525385597962,-1.5939199934285275,19199.94804971697,-77.21595754273629,0.002,-3.1789491075718064,1.8001827182909609,-0.9151199874874804,6.0,10.0,180.0,-0.4350278869213402,-6.2992476001348106,-0.1396780839205969,-3.130510536234446,654.758752732492,373.11135712111184,167.23876987238273,753.6104658578006,529.1250000000001,-0.4350278869213402,-0.709904670715332,-0.662399411201477,-0.6852320432662964,-0.6222789287567139,-0.6107078790664673,-0.6527467966079712,-0.7369478940963745,-0.512967586517334,-0.7010211944580078,-0.6363364458084106,-0.6173986196517944,-0.6291395425796509,-0.6150072813034058,-0.6335879564285278,-0.5826929211616516,-0.7294764518737793,-1.456783413887024,-0.6167113184928894,-0.6276366710662842,-0.7233076095581055,-0.7403578162193298,-0.8730301260948181,-0.6062885522842407,-0.7923052310943604,-0.7269452214241028,-0.7869349122047424,-0.7661004662513733,-0.7792272567749023,-0.8374392986297607,-0.7478650212287903,-0.38600587844848633,-0.6095545291900635,-0.6340175271034241,-0.6662092208862305,-0.22906622290611267,-0.5157217979431152,-0.6107079982757568,-0.8066637516021729,-0.6329600214958191,-0.015851937234401703
5252.0,105.03900000000004,-28.6481700790912,292.55210849917864,386.54588560455056,317763.03317428264,-28.64802500000001,292.67656800000015,386.5459900000001,317858.7794840001,0.0048640059182094,9.588654018864217,0.0034754865507355,19200.000000000007,0.0001450790911908,-0.0003403020301661,0.0001043978306846,0.0,0.019773712646243,-1.880524510832888,9.582249679255405,-9.32605520548321,-4.25348552221122e-06,1.9628617155018573,19199.62056668296,-17.096477050703566,0.002,-3.1488273222057903,1.901590826408021,-0.91121419427863,6.0,10.0,180.0,-0.4521233041812986,-6.255308619571501,-0.1279325180679305,-3.196128861683469,654.806876366246,372.1931785605559,167.14238493619138,753.1957329289003,529.3500000000001,-0.4521233041812986,-0.7071542739868164,-0.6575966477394104,-0.717930793762207,-0.6179059743881226,-0.6296563744544983,-0.6603167057037354,-0.7311245203018188,-0.48778942227363586,-0.6957732439041138,-0.6389629244804382,-0.6198397874832153,-0.6327276229858398,-0.6138810515403748,-0.6317659616470337,-0.5153835415840149,-0.7172551155090332,-1.2658166885375977,-0.6862143278121948,-0.6271216869354248,-0.7321048974990845,-0.737629771232605,-0.8699834942817688,-0.6095300912857056,-0.78803551197052,-0.7341006994247437,-0.7756991982460022,-0.8150179386138916,-0.813977062702179,-0.8579727411270142,-0.7551318407058716,-0.2534937262535095,-0.6126683950424194,-0.6314995288848877,-0.7117817401885986,-0.20502465963363647,-0.49324992299079895,-0.616121768951416,-0.8065845370292664,-0.5110093951225281,-0.08798032999038696
5253.0,105.059,-28.647880778036534,292.74347466506924,386.54592398377497,318147.03200874606,-28.64802500000001,292.8685680000001,386.5459900000001,318242.7794840002,-0.004778137426493,9.609784647769308,0.0022032171010176,19200.000000000007,-0.0001442219634694,0.0002934329635878,6.601865061118688e-05,0.0,0.0136637921395885,-2.806606452530728,9.578852841623307,1.5191434904040388,-0.0044042800986417,1.6375573580084724,19199.997256826544,-21.450955015355515,0.002,-3.2956059795446992,1.901514681760829,-0.9322270760924498,6.0,10.0,180.0,-0.4218959906735306,-6.337392016778769,-0.1249643109707181,-3.203358187755189,654.671438183123,371.885089280278,167.0791924680957,752.9243664644501,528.0750000000002,-0.4218959906735306,-0.686752438545227,-0.6454838514328003,-0.67085200548172,-0.6147978901863098,-0.5997338891029358,-0.6368985772132874,-0.7289574146270752,-0.5004903078079224,-0.6878606081008911,-0.6227807998657227,-0.605149507522583,-0.6172723770141602,-0.6019123792648315,-0.6192976236343384,-0.5715190172195435,-0.7154641151428223,-1.4854272603988647,-0.5977996587753296,-0.6128839254379272,-0.6928089261054993,-0.7234888076782227,-0.8663915991783142,-0.5986550450325012,-0.7719348669052124,-0.7097599506378174,-0.7708274722099304,-0.7638406157493591,-0.7709596157073975,-0.8281976580619812,-0.7316856384277344,-0.1917683333158493,-0.6020317077636719,-0.6180896759033203,-0.6650447845458984,-0.20227757096290588,-0.5151970982551575,-0.602228045463562,-0.7966011166572571,-0.616151750087738,-0.08395061641931534
5254.0,105.07900000000004,-28.64806125709165,292.93566592678326,386.5459572390152,318531.0338617806,-28.64802500000001,293.0605680000001,386.5459900000001,318626.7794840001,0.0012095560281365,9.603383870350214,0.0010622851969998,19200.000000000007,3.625709164437171e-05,0.0001022719669111,3.28608843387342e-05,0.0,-0.02344972919091,-2.263667439648412,9.589339867796667,-1.100014656204795,0.0075744490113685,1.0377050087169002,19199.7755363748,-64.5016737340293,0.002,-3.350291938127535,1.7867545280791928,-0.935213261257807,6.0,10.0,180.0,-0.4229039934681886,-6.282258876328116,-0.1210612383920776,-3.200296301533572,654.0062190915614,373.173044640139,167.09209623404786,752.9841832322251,528.3750000000001,-0.4229039934681886,-0.6907143592834473,-0.6475573182106018,-0.6787290573120117,-0.6115424633026123,-0.6029858589172363,-0.640095591545105,-0.7263854742050171,-0.4983719289302826,-0.6893017292022705,-0.6238266825675964,-0.6060117483139038,-0.6181389093399048,-0.6029551029205322,-0.6205321550369263,-0.5562323927879333,-0.7148668766021729,-1.4217910766601562,-0.6183921098709106,-0.614395797252655,-0.7037801742553711,-0.7236275672912598,-0.8678056597709656,-0.5995845198631287,-0.7770289778709412,-0.7150618433952332,-0.7724196314811707,-0.7735022902488708,-0.7810518145561218,-0.8342987298965454,-0.7361693382263184,-0.1991935819387436,-0.6003521680831909,-0.6191588044166565,-0.6715761423110962,-0.20290112495422363,-0.5052387118339539,-0.6016974449157715,-0.7944170236587524,-0.5863141417503357,-0.06798455119132996
5255.0,105.09900000000005,-28.648202116114657,293.127816506629,386.5459044059377,318915.0315535683,-28.64802500000001,293.2525680000001,386.5459900000001,319010.7794840001,0.0059025531766539,9.598383966359634,0.0028535590681063,19200.000000000007,0.0001771161146532,-4.850875375692646e-05,8.559232489556011e-05,0.0,-0.0026659272838027,-0.7375880547383413,9.621594582369166,2.2001047792438144,0.0014801718002577,3.1812681067200184,19199.72605428113,38.5868542295327,0.002,-3.302065142387905,1.736368573076797,-0.9222762221366464,6.0,10.0,180.0,-0.4506904891276664,-6.276942284801874,-0.1176894688732002,-3.2130966292482435,654.4481095457807,373.6260223200695,167.23404811702392,753.5915916161125,528.5250000000001,-0.4506904891276664,-0.701167106628418,-0.6600972414016724,-0.675567626953125,-0.6211786270141602,-0.609976053237915,-0.6441831588745117,-0.7384970188140869,-0.5056673884391785,-0.6982605457305908,-0.6287835836410522,-0.6148413419723511,-0.6244016885757446,-0.6116079092025757,-0.6292005777359009,-0.5728369951248169,-0.726280927658081,-1.4952902793884277,-0.6013495922088623,-0.6227748990058899,-0.7093749046325684,-0.7432367205619812,-0.8693187832832336,-0.6032921075820923,-0.7819372415542603,-0.7218024730682373,-0.7748156785964966,-0.7721866965293884,-0.7732879519462585,-0.8288048505783081,-0.7487707138061523,-0.3110646605491638,-0.6047520637512207,-0.6238844394683838,-0.6729470491409302,-0.2331043779850006,-0.5183473229408264,-0.6073875427246094,-0.805675208568573,-0.6226011514663696,-0.06778917461633682
5256.0,105.11900000000006,-28.648194451430378,293.319797019304,386.54595997126455,319299.029780386,-28.64802500000001,293.44456800000006,386.5459900000001,319394.7794840001,0.0056463411481742,9.59904204717878,0.0010020591920592,19200.000000000007,0.0001694514303716,-2.8918368994190648e-05,3.002756910808877e-05,0.0,0.0027038609828979,-0.3685658678934814,9.56545310263002,7.3249713630079185,7.737052522884675e-06,-1.8375784043804444,19199.82818768813,-4.199364151510622,0.002,-3.24172025410038,1.7739104776078958,-0.932951665470296,6.0,10.0,180.0,-0.4667696881562089,-6.2798402780342615,-0.1128378959573592,-3.235143649926308,654.1265547728904,372.7620111600348,167.06902405851196,752.8837958080562,543.5250000000002,-0.4667696881562089,-0.7017660737037659,-0.6557902693748474,-0.6585408449172974,-0.622230052947998,-0.5981185436248779,-0.6309238076210022,-0.7399758100509644,-0.5235106945037842,-0.7010499835014343,-0.6236833333969116,-0.6112812757492065,-0.6196111440658569,-0.608286440372467,-0.6259654760360718,-0.594400942325592,-0.7228219509124756,-1.6019569635391235,-0.5839792490005493,-0.6196143627166748,-0.7024510502815247,-0.735456109046936,-0.867900550365448,-0.6034265756607056,-0.7827533483505249,-0.7047964334487915,-0.7807678580284119,-0.7409498691558838,-0.7582792639732361,-0.8215762376785278,-0.7432708740234375,-0.4468437433242798,-0.6045873165130615,-0.62825608253479,-0.6391052603721619,-0.12993575632572174,-0.5345292687416077,-0.6065841317176819,-0.8000200986862183,-0.7334560751914978,0.04761910438537598
5257.0,105.13900000000004,-28.64803433267868,293.5118604449673,386.54599501631134,319683.0285906381,-28.64802500000001,293.636568,386.5459900000001,319778.7794840001,0.000308901082653,9.596924481724818,-0.0001676776438828,19200.000000000007,9.332678666495336e-06,-9.244080242586264e-05,-5.015851381252699e-06,0.0,-0.004870484939468,0.2500068369132324,9.62353786934582,-3.9062788550363976,-0.0007521963259068,-4.9437395073627854,19199.997867583483,98.79351298445008,0.002,-3.290027038473782,1.844689603567839,-0.9083000411715352,6.0,10.0,180.0,-0.4570127337707214,-6.261705791471243,-0.1137906704147637,-3.2417778629992364,654.4862773864452,373.52500558001736,167.230012029256,753.5738979040282,549.0000000000001,-0.4570127337707214,-0.7247333526611328,-0.6644421219825745,-0.7061483263969421,-0.6228131651878357,-0.6212025284767151,-0.6543416976928711,-0.7412867546081543,-0.5177631378173828,-0.7093976736068726,-0.6425731182098389,-0.6215916872024536,-0.6321947574615479,-0.6166536808013916,-0.6348428726196289,-0.5378283262252808,-0.7196720838546753,-1.3423017263412476,-0.6786143779754639,-0.6307134628295898,-0.7435871362686157,-0.75314861536026,-0.8769398927688599,-0.6141818165779114,-0.8069084882736206,-0.7283908128738403,-0.7945302128791809,-0.7859183549880981,-0.8073333501815796,-0.8567405939102173,-0.7677403688430786,-0.5146172046661377,-0.6129615306854248,-0.6426200270652771,-0.6751229763031006,-0.10523127019405365,-0.509317934513092,-0.618151068687439,-0.8012405037879944,-0.6368117928504944,0.0927085131406784
5258.0,105.15900000000003,-28.648017837804407,293.70351455420644,386.54597924553616,320067.0287334485,-28.64802500000001,293.8285680000001,386.5459900000001,320162.7794840002,-0.0002394991174246,9.60845400192564,0.0002863741649242,19200.000000000007,-7.162195601101895e-06,0.0002536469561142,1.0756047576841784e-05,0.0,-0.0058743560968439,-0.9807086650229,9.585705326294075,6.651008416619999,-0.0014593742585053,2.206277978873632,19200.11753385032,-30.066601302815304,0.002,-3.3349373559451414,1.814369232497677,-0.9307003404905042,6.0,10.0,180.0,-0.4565295258649834,-6.270505226722156,-0.1127719180834532,-3.258654339095828,654.2111386932227,373.3300027900087,167.151506014628,753.2379489520141,558.9000000000001,-0.4565295258649834,-0.6994137763977051,-0.6538633108139038,-0.6487435102462769,-0.6231504678726196,-0.6017765998840332,-0.6173132061958313,-0.747358500957489,-0.5196735858917236,-0.7036826610565186,-0.6171128153800964,-0.6103997826576233,-0.6145607233047485,-0.6045029163360596,-0.6202981472015381,-0.5574963092803955,-0.7124446034431458,-1.5718026161193848,-0.5963895916938782,-0.6148332357406616,-0.693964958190918,-0.7493756413459778,-0.8657285571098328,-0.6042285561561584,-0.77764892578125,-0.6935281753540039,-0.7701722979545593,-0.75251305103302,-0.7638115882873535,-0.8184752464294434,-0.7558936476707458,-0.45887500047683716,-0.6013021469116211,-0.6209322810173035,-0.6475699543952942,-0.036928728222846985,-0.5403289198875427,-0.6076400279998779,-0.7950799465179443,-0.7481527924537659,0.06330662965774536
5259.0,105.17900000000004,-28.648122207775565,293.8957304097479,386.5459943495537,320451.0303088261,-28.64802500000001,294.0205680000001,386.5459900000001,320546.7794840001,0.0032393364323011,9.60125821837101,-0.0001426514857649,19200.000000000007,9.720777555770384e-05,3.778735553813533e-05,-4.348609878178128e-06,0.0,-0.003412951748077,1.5381279006734785,9.627667528407384,1.3446157201358715,-0.0112265020352421,0.0619634403368966,19200.03301897124,68.58112545908679,0.002,-3.3304855384462555,1.7561327595010054,-0.9198436490126952,6.0,10.0,180.0,-0.4653258605535962,-6.315949703001109,-0.1186315435904618,-3.227363763699386,654.6040693466114,373.8255013950044,167.288253007314,753.8249744760071,555.5250000000001,-0.4653258605535962,-0.7278483510017395,-0.6743890047073364,-0.6813790798187256,-0.6316769123077393,-0.6254631876945496,-0.6451038718223572,-0.7547978758811951,-0.5230177640914917,-0.7172105312347412,-0.6371930837631226,-0.6282353401184082,-0.6331692934036255,-0.6222017407417297,-0.6392310857772827,-0.5464491248130798,-0.7272927761077881,-1.4395694732666016,-0.648998498916626,-0.6347271203994751,-0.7372670769691467,-0.7773876190185547,-0.8755380511283875,-0.6154069900512695,-0.8039778470993042,-0.7220070958137512,-0.787384569644928,-0.7821259498596191,-0.7913880348205566,-0.8407858610153198,-0.7822688817977905,-0.6277419328689575,-0.6136956214904785,-0.6407892107963562,-0.6739643812179565,-0.09088011085987091,-0.5297565460205078,-0.6217122673988342,-0.8103460073471069,-0.6993042826652527,0.09297437965869904
5260.0,105.19900000000004,-28.648108114186925,294.08775015030386,386.5459746217294,320835.02711362403,-28.64802500000001,294.2125680000001,386.5459900000001,320930.7794840002,0.0027739491718715,9.600598971454778,0.0004805173344687,19200.000000000007,8.311418691312451e-05,1.8048193120553343e-05,1.5477433713321602e-05,0.0,-0.0022370467470594,1.6995162762817482,9.59811369523141,-3.845068224195279,0.0019619108706605,1.70621829841978,19199.79424234218,17.131810704956386,0.002,-3.33596034988252,1.797154712089993,-0.9132428449067558,6.0,10.0,180.0,-0.4702204162888927,-6.304240809477914,-0.1157275106575029,-3.26992049550016,654.4850346733057,373.5582506975022,167.233126503657,753.5889872380035,558.6750000000001,-0.4702204162888927,-0.7335212826728821,-0.6782978773117065,-0.7048467993736267,-0.6324422359466553,-0.6407631635665894,-0.6511014103889465,-0.7553352117538452,-0.5154053568840027,-0.7195830345153809,-0.6443601846694946,-0.6350263357162476,-0.6390010714530945,-0.6268199682235718,-0.6435794830322266,-0.511613667011261,-0.7256366610527039,-1.3572074174880981,-0.6902683973312378,-0.6396849155426025,-0.7505229711532593,-0.7915392518043518,-0.8763963580131531,-0.6190127730369568,-0.8101880550384521,-0.7302930951118469,-0.788729727268219,-0.8087605237960815,-0.8117693662643433,-0.8519482612609863,-0.7962363958358765,-0.6266106367111206,-0.617810845375061,-0.6445208787918091,-0.6993353366851807,-0.06999123096466064,-0.5210832357406616,-0.628320038318634,-0.8150918483734131,-0.6521795392036438,0.08197377622127533
5261.0,105.21900000000002,-28.64809160739569,294.28002049059154,386.54599292637,321219.02905532985,-28.64802500000001,294.4045680000001,386.5459900000001,321314.7794840001,0.002216954042169,9.591591296189076,-0.0001002571531768,19200.000000000007,6.660739568435373e-05,-0.0002524896982788,-2.927811924509097e-06,0.0,-0.0026741639085201,0.730741094476371,9.617469275144936,-3.539150303342956,0.0063306030276709,5.069945405027831,19200.37737631305,98.79759580151637,0.002,-3.292639870436049,1.7854862530560016,-0.9141382773013362,6.0,10.0,180.0,-0.4731542586201527,-6.274449935169854,-0.1181747564456899,-3.255594650112259,654.6360173366529,373.7471253487511,167.28556325182848,753.8139936190017,561.3000000000001,-0.4731542586201527,-0.7255690097808838,-0.6738219857215881,-0.6960557699203491,-0.6311371326446533,-0.6386762857437134,-0.642461359500885,-0.7568911910057068,-0.5094678997993469,-0.716759443283081,-0.6413438320159912,-0.6311501860618591,-0.6337955594062805,-0.6219283938407898,-0.6375976800918579,-0.4977673292160034,-0.7193375825881958,-1.3655586242675781,-0.6821906566619873,-0.6337975263595581,-0.7376751899719238,-0.7924355864524841,-0.8735349774360657,-0.6162353157997131,-0.8020548224449158,-0.7227649092674255,-0.7798299193382263,-0.8125995397567749,-0.8085815906524658,-0.8466804027557373,-0.7944589853286743,-0.5650030374526978,-0.613736629486084,-0.6354653835296631,-0.7034381628036499,-0.04830904304981232,-0.5235200524330139,-0.6254798769950867,-0.8112373352050781,-0.647232174873352,0.04966387152671814
5262.0,105.23900000000005,-28.64804094809839,294.4717486265429,386.5459843655526,321603.0312331668,-28.64802500000001,294.59656800000005,386.5459900000001,321698.7794840001,0.0005288993585926,9.60068054958692,0.0001919344814585,19200.000000000007,1.594809837983605e-05,1.9473552255710544e-05,5.634024390465404e-06,0.0,0.0102620821204804,2.143649092017061,9.583991098489353,3.7768399685598064,-0.0014584687185008,1.1504941622978202,19200.169363469533,-60.012863550324845,0.002,-3.347964275855232,1.8074384366515,-0.9138937059399266,6.0,10.0,180.0,-0.4761079032265941,-6.282200038517187,-0.1206071286570225,-3.23564016898759,654.5785086683264,372.8605626743755,167.17178162591424,753.3249968095008,569.9250000000001,-0.4761079032265941,-0.731732189655304,-0.6780109405517578,-0.6677483320236206,-0.6374576687812805,-0.6300479769706726,-0.6354650855064392,-0.763393223285675,-0.530329704284668,-0.723405122756958,-0.6342408061027527,-0.632858395576477,-0.6335775852203369,-0.6244751214981079,-0.6408624053001404,-0.5398688316345215,-0.726386308670044,-1.4885226488113403,-0.648353099822998,-0.6366523504257202,-0.7356134653091431,-0.790248453617096,-0.8740823864936829,-0.6182105541229248,-0.8038802742958069,-0.7121263742446899,-0.7851788401603699,-0.7803557515144348,-0.7870831489562988,-0.8335939645767212,-0.7926305532455444,-0.7524325847625732,-0.6166603565216064,-0.6433085799217224,-0.6700605154037476,-0.006655201315879822,-0.5454621911048889,-0.6273934245109558,-0.8136602640151978,-0.7656641602516174,0.1437184065580368
5263.0,105.25900000000004,-28.648034294084347,294.6638550025728,386.5459969443516,321987.02973008284,-28.64802500000001,294.78856800000005,386.5459900000001,322082.7794840001,0.0003089940304182,9.597101956983408,-0.0002361721853998,19200.000000000007,9.294084331979076e-06,-8.690243887795481e-05,-6.944091811327473e-06,0.0,-0.0053402511516768,1.825648134638206,9.597913830079223,-4.386797694135398,0.0112189361710083,-1.213003376677536,19200.048947660995,51.45440698399318,0.002,-3.3755878861176005,1.855092862371224,-0.9147927239697264,6.0,10.0,180.0,-0.4687968726804826,-6.282144736499097,-0.1201210884944369,-3.250500199552576,654.4082543341633,373.1767813371878,167.1738908129571,753.3334984047503,571.8000000000002,-0.4687968726804826,-0.7395076751708984,-0.6773853302001953,-0.7079315185546875,-0.6328742504119873,-0.6408233642578125,-0.6473344564437866,-0.7579531669616699,-0.5228625535964966,-0.7236635088920593,-0.642586350440979,-0.6349120140075684,-0.6379532814025879,-0.6255012154579163,-0.6421082019805908,-0.49840879440307617,-0.7194392085075378,-1.3504716157913208,-0.7091844081878662,-0.6390267610549927,-0.7555484175682068,-0.795763373374939,-0.8766559958457947,-0.6222880482673645,-0.8152145147323608,-0.7252089381217957,-0.7953961491584778,-0.8035141229629517,-0.8179031014442444,-0.8569892048835754,-0.8000071048736572,-0.7187232971191406,-0.6187671422958374,-0.6485653519630432,-0.6922134160995483,0.01598784327507019,-0.5236222147941589,-0.630933403968811,-0.8097662329673767,-0.687283456325531,0.16116838157176971
5264.0,105.27900000000004,-28.64807526366689,294.85531151810864,386.54601869869816,322371.0336339438,-28.64802500000001,294.9805680000001,386.5459900000001,322466.7794840002,0.0016787649280734,9.61522329043122,-0.0009555497887775,19200.000000000007,5.026366688158499e-05,0.0004565839381297,-2.8698607486828235e-05,0.0,0.0085209888275386,-0.5492351996375964,9.602007346979285,5.85617327152369,0.0078279869878511,-1.8380413228759207,19200.13640472386,-77.33408038721731,0.002,-3.470224215460184,1.8189176125323068,-0.9357677955839327,6.0,10.0,180.0,-0.4775506366741209,-6.353465543119853,-0.1211055515002261,-3.221250239773205,654.6381271670816,372.92639066859385,167.19194540647857,753.4092492023751,573.2250000000001,-0.4775506366741209,-0.7116494178771973,-0.6561350226402283,-0.6522549390792847,-0.6266732811927795,-0.6072593927383423,-0.6186692714691162,-0.7533078193664551,-0.5305367112159729,-0.7110485434532166,-0.6196416616439819,-0.6131425499916077,-0.6169666051864624,-0.6059529185295105,-0.622063159942627,-0.547232985496521,-0.7085767984390259,-1.5285518169403076,-0.6226691007614136,-0.6177382469177246,-0.7063308954238892,-0.7583585381507874,-0.86808842420578,-0.6104596257209778,-0.7874443531036377,-0.6916660666465759,-0.7812556028366089,-0.7539471387863159,-0.7751114368438721,-0.8281265497207642,-0.7660500407218933,-0.6121824979782104,-0.6057318449020386,-0.6297439336776733,-0.6411575078964233,0.05142718553543091,-0.5447524189949036,-0.6136571168899536,-0.7921940088272095,-0.7903138995170593,0.1567787081003189
5265.0,105.29900000000002,-28.648180789791347,295.0478724237754,386.54603611696143,322755.0303670851,-28.64802500000001,295.17256800000007,386.5459900000001,322850.7794840001,0.005188494683788,9.596527596691564,-0.0015384699201238,19200.000000000007,0.000155789791342,-0.000104122892481,-4.611700984781961e-05,0.0,-0.0046338951539257,0.9808591611342984,9.62086854680915,-2.5693457158350625,-0.0070956889753076,-6.594304691265522,19199.811243967742,-17.176990767939497,0.002,-3.4636645756572046,1.7570496474465414,-0.9337877029611942,6.0,10.0,180.0,-0.4877706058017146,-6.273429871878768,-0.1255011977654023,-3.237146364047704,654.7170635835408,373.5576953342969,167.2804727032393,753.7906246011876,574.3500000000001,-0.4877706058017146,-0.7355896234512329,-0.6676080226898193,-0.7005727887153625,-0.6283899545669556,-0.6284005641937256,-0.6432856321334839,-0.7528512477874756,-0.5309163331985474,-0.7200028896331787,-0.6384323239326477,-0.6248865723609924,-0.6309672594070435,-0.6173146963119507,-0.634636402130127,-0.5170550346374512,-0.7129807472229004,-1.3679977655410767,-0.6972194910049438,-0.6316028833389282,-0.7489491701126099,-0.7754603028297424,-0.8784404993057251,-0.6209898591041565,-0.8132234811782837,-0.7175275087356567,-0.8002419471740723,-0.7793083786964417,-0.8122646808624268,-0.8578722476959229,-0.788194477558136,-0.7164947390556335,-0.6147023439407349,-0.6480604410171509,-0.6653021574020386,0.04802010953426361,-0.5233291387557983,-0.6243855357170105,-0.7976027727127075,-0.721813440322876,0.2178790420293808
5266.0,105.31900000000005,-28.64816673635889,295.240070664047,386.5459960428957,323139.0282621899,-28.64802500000001,295.3645680000001,386.5459900000001,323234.7794840002,0.004730704012489,9.589918102976236,-0.0002323688386688,19200.000000000007,0.0001417363588867,-0.0003025667807771,-6.042905925387294e-06,0.0,0.0117310360153897,-0.0005275485873805,9.61863040063125,-4.394898453548094,-0.0034241901608547,-1.399993430304115,19200.17135175793,-38.590539536314445,0.002,-3.408429620242932,1.6838829043558194,-0.9268113757225312,6.0,10.0,180.0,-0.5063125739307361,-6.240287471789332,-0.1225603705264641,-3.270495983955397,655.0455317917704,373.2753476671485,167.31473635161964,753.9358123005939,575.2500000000001,-0.5063125739307361,-0.7292444705963135,-0.6657961010932922,-0.7006454467773438,-0.6290801763534546,-0.6312571167945862,-0.6391218304634094,-0.7553398609161377,-0.519461452960968,-0.7176389098167419,-0.6370526552200317,-0.6256977319717407,-0.6301054954528809,-0.6160697937011719,-0.6320921182632446,-0.4913337230682373,-0.7082595825195312,-1.3486813306808472,-0.7031947374343872,-0.629207193851471,-0.74056476354599,-0.7834981083869934,-0.8755526542663574,-0.6191895604133606,-0.8069716095924377,-0.7150888442993164,-0.7903028130531311,-0.7983653545379639,-0.8164714574813843,-0.8562580943107605,-0.7903046607971191,-0.6370739340782166,-0.6141635179519653,-0.6408427357673645,-0.6846909523010254,0.059263840317726135,-0.5234442353248596,-0.625702440738678,-0.7996052503585815,-0.6901055574417114,0.15491770207881927
5267.0,105.33900000000004,-28.64809487013984,295.43221873903246,386.5459490534429,323523.0298128744,-28.64802500000001,295.5565680000001,386.5459900000001,323618.7794840002,0.0023261176072913,9.5849777503054,0.0013618156730221,19200.000000000007,6.987013982297471e-05,-0.0004507421158774,4.094655904450437e-05,0.0,0.0073047510848212,-0.9683630455640588,9.573767306927015,-5.24484217848137,-0.0021768208879961,3.537941353354266,19199.98135493447,-47.15601329513389,0.002,-3.3482939620947643,1.70806765303165,-0.9145121328513128,6.0,10.0,180.0,-0.5072950288076249,-6.27982195538299,-0.1215668846181128,-3.260803756553021,654.6092658958852,372.5621738335742,167.1438681758098,753.2039061502969,576.0000000000001,-0.5072950288076249,-0.7175854444503784,-0.661078691482544,-0.6941636800765991,-0.626701295375824,-0.6335873603820801,-0.6292225122451782,-0.7533009052276611,-0.5080054402351379,-0.712421178817749,-0.6354530453681946,-0.6238530278205872,-0.6260594129562378,-0.6124517917633057,-0.6271134614944458,-0.46884340047836304,-0.7024590969085693,-1.3454821109771729,-0.701340913772583,-0.624213695526123,-0.7275270223617554,-0.7862582802772522,-0.8691876530647278,-0.6154446005821228,-0.7963424921035767,-0.7081628441810608,-0.7745912075042725,-0.8077443838119507,-0.8135678172111511,-0.8495362997055054,-0.7868829965591431,-0.5418222546577454,-0.6111718416213989,-0.6314006447792053,-0.697798490524292,0.07899954915046692,-0.5233252644538879,-0.6240573525428772,-0.7994663119316101,-0.6680818200111389,0.09862872958183289
5268.0,105.35900000000004,-28.647924846079007,295.6237681026705,386.5460146865033,323907.0337891196,-28.64802500000001,295.7485680000001,386.5459900000001,324002.7794840001,-0.0033069375042553,9.599999164754347,-0.0008522704270084,19200.000000000007,-0.000100153920999,-3.7355140594707086e-09,-2.4686502299724933e-05,0.0,0.0075709364057326,-2.3876113365085763,9.594713008495123,2.744985409151014,-0.0014751736437973,-0.181354820782306,19200.25524026716,-34.32557729954608,0.002,-3.353057491718735,1.7655165905542836,-0.9096741803612908,6.0,10.0,180.0,-0.4926885797555511,-6.325551198428505,-0.1220500266794288,-3.215180568850522,654.6356329479427,372.5325869167871,167.1459340879049,753.2119530751485,576.5250000000002,-0.4926885797555511,-0.7006174325942993,-0.6453752517700195,-0.6534379720687866,-0.6208945512771606,-0.6031850576400757,-0.611146867275238,-0.7480416893959045,-0.5195192694664001,-0.7039525508880615,-0.6155729293823242,-0.6063399314880371,-0.6105664968490601,-0.5977416038513184,-0.6127201318740845,-0.51685631275177,-0.6955375671386719,-1.4749747514724731,-0.6375308036804199,-0.6089631915092468,-0.6949129104614258,-0.7531865835189819,-0.866519033908844,-0.6077078580856323,-0.7794183492660522,-0.6848021745681763,-0.7723244428634644,-0.7621402740478516,-0.7835044264793396,-0.8303799629211426,-0.7623940706253052,-0.4909449815750122,-0.6015482544898987,-0.6212195754051208,-0.6497381329536438,0.09714193642139435,-0.5370670557022095,-0.6101386547088623,-0.7835030555725098,-0.7543836236000061,0.13018326461315155
5269.0,105.37900000000003,-28.64788865461831,295.8158970549895,386.5460039642982,324291.03645987355,-28.64802500000001,295.9405680000001,386.5459900000001,324386.7794840001,-0.0045466067278366,9.595700683877594,-0.0004628420483183,19200.000000000007,-0.0001363453816989,-0.0001290550274395,-1.3964297961172603e-05,0.0,-0.0002526389136517,-3.287892679043373,9.571528658882896,-1.342258422765807,0.0041519548184254,2.068801299902843,19199.65537494092,-64.46417229302975,0.002,-3.3825090078725424,1.8386361615101985,-0.9066763226236052,6.0,10.0,180.0,-0.4809788356544328,-6.244457008920113,-0.1235299081965814,-3.200240925513924,654.2338164739713,372.4162934583935,167.05096704395245,752.8054765375742,576.9000000000001,-0.4809788356544328,-0.6951196193695068,-0.6409980058670044,-0.6655592918395996,-0.6167263388633728,-0.6079210042953491,-0.6096025705337524,-0.7435622811317444,-0.5081335306167603,-0.69980788230896,-0.6174699068069458,-0.6051689982414246,-0.6092116832733154,-0.5951364636421204,-0.6093683838844299,-0.48455697298049927,-0.6882946491241455,-1.4084516763687134,-0.6609229445457458,-0.6059255599975586,-0.6940819025039673,-0.7543999552726746,-0.8661184906959534,-0.6066816449165344,-0.7769601345062256,-0.6852588653564453,-0.7641283273696899,-0.7809531688690186,-0.7939660549163818,-0.8358010053634644,-0.7637993097305298,-0.4051104784011841,-0.5998077988624573,-0.6164966225624084,-0.6673250198364258,0.11751963198184967,-0.5267388224601746,-0.6098026037216187,-0.7810901999473572,-0.7031996846199036,0.09625224769115448
5270.0,105.39900000000004,-28.648021314837127,296.0075937977233,386.5460186373748,324675.0353939522,-28.64802500000001,296.13256800000005,386.5459900000001,324770.7794840002,-0.0001197238723044,9.605831382462828,-0.0009498314657904,19200.000000000007,-3.685162881301722e-06,0.0001742043864245,-2.863737470898042e-05,0.0,-0.0090284669340459,-0.4375857821453667,9.595169687978116,3.549746751360876,0.0009993490323335,-0.3621468898653956,19199.897098236823,38.59526095446101,0.002,-3.389646517777288,1.7957325349033773,-0.92424081049683,6.0,10.0,180.0,-0.4853413037389945,-6.293524019596022,-0.1264777257404506,-3.2073924475495765,654.1339082369857,373.0381467291968,167.1019835219762,753.0262382687871,577.1250000000001,-0.4853413037389945,-0.71299809217453,-0.6574176549911499,-0.6561511754989624,-0.625834047794342,-0.6112952828407288,-0.6173000931739807,-0.7535915374755859,-0.5260730981826782,-0.712200403213501,-0.6198774576187134,-0.6150367259979248,-0.6172761917114258,-0.6065991520881653,-0.6220086216926575,-0.5236029624938965,-0.705656886100769,-1.4869998693466187,-0.6420258283615112,-0.6182360053062439,-0.7109283208847046,-0.7673681378364563,-0.8686382174491882,-0.6117520332336426,-0.7889574766159058,-0.6929009556770325,-0.7777132391929626,-0.7645016312599182,-0.7840725779533386,-0.8311188220977783,-0.7746459245681763,-0.6114039421081543,-0.6052879095077515,-0.6289688944816589,-0.6525455117225647,0.0762726366519928,-0.5399999618530273,-0.6152106523513794,-0.7918347120285034,-0.7697411179542542,0.16106517612934113
5271.0,105.41900000000004,-28.648016399832542,296.1997320475228,386.5459883131619,325059.034731272,-28.64802500000001,296.3245680000001,386.5459900000001,325154.7794840001,-0.0002834825074882,9.601203762749403,5.70089380682703e-05,19200.000000000007,-8.600167467039084e-06,3.62569671172238e-05,1.6868382109621263e-06,0.0,-0.0090213811225316,-1.8946562966365383,9.58814765889556,3.779873267050449,-0.0058814207493002,-0.6062411934828302,19199.81060137488,-12.79503679574238,0.002,-3.384100071948248,1.7815184931975516,-0.9125410827613516,6.0,10.0,180.0,-0.4863323418060045,-6.320976792165508,-0.1289210689985332,-3.2243431192847174,654.0034541184929,373.2360733645984,167.0984917609881,753.0111191343935,569.9250000000001,-0.4863323418060045,-0.6993353366851807,-0.6463453769683838,-0.6518687009811401,-0.6190551519393921,-0.5992860198020935,-0.6128326654434204,-0.7445825338363647,-0.5201230049133301,-0.7026738524436951,-0.6152790188789368,-0.6055312156677246,-0.6103544235229492,-0.5984762907028198,-0.6139142513275146,-0.5317173004150391,-0.700057864189148,-1.497717261314392,-0.6251589059829712,-0.6095485687255859,-0.6954786777496338,-0.7476498484611511,-0.8655447363853455,-0.6059061288833618,-0.7789194583892822,-0.687673807144165,-0.7727277874946594,-0.756040096282959,-0.7770832777023315,-0.8273977637290955,-0.7574106454849243,-0.4706490635871887,-0.5995495915412903,-0.6208895444869995,-0.6449371576309204,0.05276978015899658,-0.5341944694519043,-0.606946587562561,-0.784452497959137,-0.7488491535186768,0.12084172666072845
5272.0,105.43900000000004,-28.64805572434555,296.3918293299743,386.5460097898418,325443.0327200593,-28.64802500000001,296.5165680000001,386.5459900000001,325538.7794840002,0.0010261706542349,9.597984929601044,-0.0007253857043481,19200.000000000007,3.072434554162097e-05,-6.112763495622813e-05,-1.978984172516165e-05,0.0,-0.0024360523373924,0.3689431164967585,9.64260502680622,4.512596126467156,0.0019516930282107,-3.5447089296122414,19199.980865414625,115.92808629481397,0.002,-3.368946160208588,1.810377186379603,-0.9131228269009988,6.0,10.0,180.0,-0.4892835566454236,-6.327658412983051,-0.1289068614715547,-3.228929587481254,654.6907270592465,373.9865366822992,167.32474588049405,753.9800595671968,570.0000000000001,-0.4892835566454236,-0.7212224006652832,-0.6623063683509827,-0.6631317734718323,-0.6278821229934692,-0.6111236810684204,-0.6288402080535889,-0.7545338273048401,-0.533190131187439,-0.7152067422866821,-0.6260749101638794,-0.6167900562286377,-0.6217523813247681,-0.6106486916542053,-0.6274070739746094,-0.5500843524932861,-0.7138766050338745,-1.4911826848983765,-0.6347337961196899,-0.623237133026123,-0.720984697341919,-0.7632982134819031,-0.8722767233848572,-0.6137270331382751,-0.7965368032455444,-0.7022566795349121,-0.7893456816673279,-0.7594999670982361,-0.7823778390884399,-0.8354641199111938,-0.7717890739440918,-0.6618679165840149,-0.6075184345245361,-0.6354772448539734,-0.6444136500358582,0.01884700357913971,-0.5387027859687805,-0.6154755353927612,-0.7945083379745483,-0.7720218896865845,0.17343123257160187
5273.0,105.45900000000002,-28.64804427831075,296.5840750310845,386.54599988406335,325827.0349854112,-28.64802500000001,296.7085680000001,386.5459900000001,325922.7794840001,0.0006410113408432,9.58977014776615,-0.0003328467614344,19200.000000000007,1.9278310733874067e-05,-0.0003069331804586,-9.884063205642628e-06,0.0,-0.0044052641132836,1.53280722447488,9.611334542587429,2.9332060488575906,-0.0114700632343229,-0.5436824796833453,19199.99773673612,-60.11541826625772,0.002,-3.344061586702519,1.8003713813340338,-0.9286302354341466,6.0,10.0,180.0,-0.4902324474913705,-6.2992230961563696,-0.1308490041085648,-3.2263361090179226,654.6373635296231,373.9247683411496,167.30687294024702,753.9030297835984,570.075,-0.4902324474913705,-0.7286813259124756,-0.672400951385498,-0.6707597970962524,-0.6329969763755798,-0.6232764720916748,-0.6341003775596619,-0.7593922019004822,-0.529681921005249,-0.7205915451049805,-0.6315272450447083,-0.6270017623901367,-0.6293550729751587,-0.6195547580718994,-0.6359942555427551,-0.5369594693183899,-0.7211835384368896,-1.4669005870819092,-0.6509373188018799,-0.6318913698196411,-0.7334506511688232,-0.7826472520828247,-0.8742070198059082,-0.6171303391456604,-0.8025755882263184,-0.7105430364608765,-0.7868000864982605,-0.7759741544723511,-0.7896026968955994,-0.8373900055885315,-0.7872408628463745,-0.7109747529029846,-0.612506628036499,-0.6404951214790344,-0.6637142300605774,0.0038730353116989136,-0.539063036441803,-0.6226406693458557,-0.805778980255127,-0.7546868324279785,0.15736733376979828
5274.0,105.479,-28.64799885891984,296.7763486008469,386.5459813443214,326211.0319527544,-28.64802500000001,296.90056800000013,386.5459900000001,326306.7794840002,-0.0008672539412331,9.580650002003692,0.0002877704701598,19200.000000000007,-2.614108017035763e-05,-0.0005806036830595,8.655678684514385e-06,0.0,-0.0039204099393982,1.762340180060119,9.611058486872032,-4.824755312587791,-0.0046301417205169,2.0132950917438626,19200.033326564928,81.46507588081232,0.002,-3.339649401714336,1.7922819484099832,-0.9160752027547352,6.0,10.0,180.0,-0.4848519996108752,-6.295859556548997,-0.1298811719286421,-3.2422599631912226,654.6166817648116,373.8723841705748,167.29643647012352,753.8590148917992,578.7000000000002,-0.4848519996108752,-0.7400650382041931,-0.6791365742683411,-0.7076050639152527,-0.6353354454040527,-0.6458898782730103,-0.6421525478363037,-0.7639071941375732,-0.5196213722229004,-0.7265081405639648,-0.6438131928443909,-0.6368091702461243,-0.6371563673019409,-0.6257086992263794,-0.6412265300750732,-0.47785818576812744,-0.7164164781570435,-1.3477261066436768,-0.7153725624084473,-0.6385747194290161,-0.7533780336380005,-0.8089004158973694,-0.8748766779899597,-0.6235381364822388,-0.813973069190979,-0.7218319177627563,-0.7909590601921082,-0.8124514818191528,-0.8207338452339172,-0.8557478189468384,-0.8054616451263428,-0.7365057468414307,-0.6177886724472046,-0.6452172994613647,-0.7013565897941589,0.05501525104045868,-0.5269283652305603,-0.632646918296814,-0.8104784488677979,-0.690127968788147,0.15888254344463348
5275.0,105.49900000000004,-28.64797134303357,296.9679163966925,386.545950501476,326595.0313628836,-28.64802500000001,297.0925680000001,386.5459900000001,326690.7794840002,-0.0017859474914359,9.595060598696582,0.0013233818680295,19200.000000000007,-5.365696643755782e-05,-0.0001481974997618,3.949852419950387e-05,0.0,0.0041284638770401,-0.0015196737320481,9.561041186372725,-0.1829394781040961,0.0038925708637443,5.0626573282535166,19200.03462441719,30.021116130824304,0.002,-3.410640238080505,1.839296919257129,-0.91696573196218,6.0,10.0,180.0,-0.4809632155634997,-6.290594748142878,-0.1279429962335364,-3.254584924496837,654.1863408824058,372.7636920852874,167.08121823506178,752.9360074458996,578.4750000000001,-0.4809632155634997,-0.7176092863082886,-0.665561854839325,-0.6714982390403748,-0.6306397914886475,-0.6304731965065002,-0.6216158270835876,-0.759076714515686,-0.5155121088027954,-0.7160360813140869,-0.6307612061500549,-0.6256017684936523,-0.6248296499252319,-0.6143156290054321,-0.6288655996322632,-0.4898451268672943,-0.7083781957626343,-1.4290707111358643,-0.6699192523956299,-0.6253756284713745,-0.7208118438720703,-0.790630578994751,-0.8703410029411316,-0.6148272156715393,-0.7928319573402405,-0.7008920907974243,-0.7722898721694946,-0.7965950965881348,-0.7974958419799805,-0.8354631662368774,-0.7893427610397339,-0.608496367931366,-0.6103047728538513,-0.6303296089172363,-0.6853291988372803,0.07752874493598938,-0.5378920435905457,-0.6237389445304871,-0.8032971620559692,-0.7265772223472595,0.11174924671649933
5276.0,105.51900000000003,-28.648035206400863,297.15988779316774,386.5459961464655,326979.0348851633,-28.648025000000025,297.2845680000001,386.5459900000001,327074.7794840001,0.0003387351780417,9.59601105917757,-0.0002085649843925,19200.000000000007,1.020640085071652e-05,-0.0001195931667478,-6.146465366843243e-06,0.0,-0.0107096377448324,0.7943584048791674,9.643824284466412,-1.950773814796409,0.009505945907979,1.712103098738287,19200.20554128453,47.30272533271233,0.002,-3.3771022175012626,1.773294092303335,-0.9329183116478772,6.0,10.0,180.0,-0.4799818942009608,-6.3350543353446565,-0.1284302190725109,-3.233065167179853,654.6346704412028,374.0503460426437,167.3206091175309,753.9635037229498,579.9750000000001,-0.4799818942009608,-0.73084557056427,-0.6711676120758057,-0.6881276369094849,-0.6317595839500427,-0.6327370405197144,-0.6322013735771179,-0.7623893618583679,-0.5217585563659668,-0.7221733331680298,-0.6346314549446106,-0.6278700828552246,-0.6286946535110474,-0.6175259947776794,-0.6327195763587952,-0.48814553022384644,-0.71035236120224,-1.3869248628616333,-0.6897017955780029,-0.6298724412918091,-0.7370890378952026,-0.79603511095047,-0.8750236630439758,-0.6194881796836853,-0.8047148585319519,-0.7103821635246277,-0.7859408259391785,-0.7987478375434875,-0.8101311922073364,-0.8478190898895264,-0.7972570657730103,-0.6918662786483765,-0.6118398308753967,-0.6370564103126526,-0.6847537159919739,0.07042774558067322,-0.5317766666412354,-0.6257184147834778,-0.8011687994003296,-0.7161991000175476,0.1594802588224411
5277.0,105.53900000000004,-28.648169300337138,297.3521774709824,386.5459597722137,327363.0330842116,-28.648025000000377,297.47656800000016,386.5459900000001,327458.7794840002,0.004804785159563,9.586354052293578,0.0010020243174303,19200.000000000007,0.0001443003371002,-0.0004093710841471,3.0227786531040232e-05,0.0,0.0080519066613372,2.688404076881962,9.587405507097197,-0.6112703504499828,-0.0033917141529597,-0.7246520033648121,19199.980297463124,-55.71133726045189,0.002,-3.3560814792846205,1.8413991423688447,-0.9086979571055868,6.0,10.0,180.0,-0.4980503509245129,-6.281698677250512,-0.1274440233056417,-3.247436652654527,654.5753352206013,373.1441730213219,167.20430455876544,753.4627518614749,579.6750000000001,-0.4980503509245129,-0.7440535426139832,-0.6823420524597168,-0.6916476488113403,-0.6390299797058105,-0.6411557793617249,-0.6416262984275818,-0.7662984728813171,-0.531684398651123,-0.7296994924545288,-0.6407088041305542,-0.6384533643722534,-0.6385614275932312,-0.628372073173523,-0.6447899341583252,-0.5097553730010986,-0.7231854200363159,-1.407965898513794,-0.6937370896339417,-0.6416442394256592,-0.75417160987854,-0.8058880567550659,-0.8779236078262329,-0.6245918273925781,-0.8158135414123535,-0.7186218500137329,-0.7950255870819092,-0.7946494817733765,-0.8089094758033752,-0.8484152555465698,-0.8060310482978821,-0.8380738496780396,-0.6206024289131165,-0.651304304599762,-0.6823424100875854,0.053342387080192566,-0.5384672284126282,-0.6340431571006775,-0.8137025833129883,-0.7513411641120911,0.20139534771442413
5278.0,105.559,-28.647962044607,297.54422930071144,386.5459685893883,327747.0287016566,-28.648025000001656,297.6685679999999,386.5459900000001,327842.77948400006,-0.0020982282114861,9.584627630277373,0.0006803475637043,19200.000000000007,-6.295539311823707e-05,-0.000461101212297,2.141061180504708e-05,0.0,0.002446730896983,0.424944649459772,9.611319366435657,-1.4687284321435263,0.0116999528841645,1.763172426837571,19199.894217076835,72.90681146669064,0.002,-3.43083394851928,1.872640008279555,-0.9186437016077178,6.0,10.0,180.0,-0.4839001066901218,-6.299201032033021,-0.1245005328961858,-3.286883936754741,654.7126676103007,373.2700865106609,167.24665227938272,753.6438759307375,581.1000000000001,-0.4839001066901218,-0.7274654507637024,-0.6685521602630615,-0.6840181946754456,-0.6317663192749023,-0.6318157911300659,-0.6292884945869446,-0.7613371014595032,-0.5214894413948059,-0.7203797101974487,-0.6335486769676208,-0.627092719078064,-0.6278174519538879,-0.6163129806518555,-0.6314914226531982,-0.4896628260612488,-0.7088668942451477,-1.3976420164108276,-0.6863210797309875,-0.6284940242767334,-0.7327748537063599,-0.7933734655380249,-0.87432461977005,-0.6186925172805786,-0.8019168376922607,-0.7067128419876099,-0.7835531830787659,-0.7961595058441162,-0.8074012994766235,-0.8452762365341187,-0.7941230535507202,-0.6791267395019531,-0.6125322580337524,-0.6366207003593445,-0.6827707290649414,0.08616971969604492,-0.5347427725791931,-0.6260650753974915,-0.801360011100769,-0.727088987827301,0.15591959655284882
5279.0,105.57900000000002,-28.648032260914977,297.73570886151106,386.5460134927316,328131.03109764814,-28.648024999998704,297.86056799999693,386.5459900000001,328226.7794840002,0.000242831385508,9.601975961956708,-0.000788271225907,19200.000000000007,7.260914604890751e-06,5.933793914364969e-05,-2.349273148560575e-05,0.0,0.000243381012755,0.6753758722988863,9.575670823099191,1.8938088682484755,0.0065954335223449,-1.706738020946021,19200.222305457155,-47.31232157550203,0.002,-3.453508837812764,1.7595045996053678,-0.9455212203895744,6.0,10.0,180.0,-0.4833966417911434,-6.361821862463944,-0.1259513648099052,-3.276624420480146,654.3263338051504,372.8305432553304,167.11732613969136,753.0909379653688,573.4500000000002,-0.4833966417911434,-0.723381757736206,-0.6656013131141663,-0.6715743541717529,-0.6294842958450317,-0.6213545203208923,-0.629604697227478,-0.7547615170478821,-0.528249979019165,-0.7166436910629272,-0.6287685632705688,-0.6232122182846069,-0.626152753829956,-0.6150237321853638,-0.6313967704772949,-0.5280247926712036,-0.7141372561454773,-1.4525315761566162,-0.6587380766868591,-0.6274572610855103,-0.7286489605903625,-0.775354266166687,-0.8727788329124451,-0.615921676158905,-0.7992990612983704,-0.7049582004547119,-0.7849882245063782,-0.7731486558914185,-0.7920324206352234,-0.8386119604110718,-0.7820671200752258,-0.6734272241592407,-0.6117191314697266,-0.6388407945632935,-0.6614586114883423,0.04400333762168884,-0.5370704531669617,-0.6215664744377136,-0.800735354423523,-0.7552911639213562,0.16660074889659882
5280.0,105.59900000000002,-28.648170709747195,297.92817864344744,386.545992237573,328515.03091695183,-28.648024999968648,298.05256799999705,386.5459900000001,328610.7794840001,0.0048602151378144,9.586315834023814,-7.30572329772609e-05,19200.000000000007,0.0001457097469444,-0.0004105424251626,-2.237572879105435e-06,0.0,0.0004678416019731,2.193495452012665,9.63282656556001,-2.5065779184908976,0.0009766072919212,-4.707272839876188,19200.01754645043,-12.894095013419705,0.002,-3.431316609292373,1.6880190167485494,-0.928730028182102,6.0,10.0,180.0,-0.5004740674006738,-6.314543797276012,-0.1254775644658993,-3.265400940403169,654.7961669025751,373.5267716276652,167.29316306984566,753.8434689826844,574.9500000000002,-0.5004740674006738,-0.745189905166626,-0.6781201958656311,-0.7044093608856201,-0.6345504522323608,-0.6370365619659424,-0.6488971710205078,-0.7604473233222961,-0.5326319932937622,-0.7268764972686768,-0.642870306968689,-0.6336503028869629,-0.6377050876617432,-0.6252542734146118,-0.6424902677536011,-0.5148777961730957,-0.720551073551178,-1.3698253631591797,-0.7029722929000854,-0.6395872831344604,-0.7585471272468567,-0.7932778000831604,-0.8799725770950317,-0.6244904398918152,-0.8195239305496216,-0.7240532040596008,-0.8029058575630188,-0.7897840738296509,-0.8152426481246948,-0.8581875562667847,-0.8007181882858276,-0.7985439896583557,-0.6193596720695496,-0.6529346108436584,-0.6764749884605408,0.02949315309524536,-0.5278308391571045,-0.630730926990509,-0.8068689703941345,-0.7241639494895935,0.21414987742900848
5281.0,105.61900000000006,-28.64805259638588,298.1202745756876,386.54600867086936,328899.0310047734,-28.648024999125987,298.244568000022,386.5459900000001,328994.7794840002,0.0009210365351484,9.583124423438282,-0.0006251524259076,19200.000000000007,2.7596401856108416e-05,-0.0005062732971844,-1.86708692254381e-05,0.0,0.01293381937113,-2.013105928566094,9.582524971815086,-3.600622403424944,-0.0070743197611101,-3.7123381026253854,19200.154193107293,-55.72379489956512,0.002,-3.363328234313566,1.7097424195996,-0.9165789190831009,6.0,10.0,180.0,-0.5024280819349599,-6.227071236418421,-0.1260001306663792,-3.273100657561313,654.6930834512875,372.6353858138326,167.16958153492283,753.3132344913422,576.6750000000001,-0.5024280819349599,-0.712455689907074,-0.6485862135887146,-0.6881297826766968,-0.6202307343482971,-0.6162418127059937,-0.6265797019004822,-0.7445214986801147,-0.517434298992157,-0.7067235708236694,-0.6275724172592163,-0.6119881868362427,-0.6186278462409973,-0.6029646992683411,-0.6188891530036926,-0.4943435788154602,-0.6952453851699829,-1.3622077703475952,-0.6895648241043091,-0.6157738566398621,-0.7205250263214111,-0.757757842540741,-0.8727760910987854,-0.613487720489502,-0.7941691279411316,-0.6990178823471069,-0.7829445004463196,-0.7806522846221924,-0.8089444637298584,-0.8519034385681152,-0.7720843553543091,-0.520881712436676,-0.6072243452072144,-0.6322310566902161,-0.6659225225448608,0.10653133690357208,-0.5208015441894531,-0.6164092421531677,-0.7855313420295715,-0.7019765973091125,0.16111575067043304
5282.0,105.63900000000004,-28.648011704305134,298.31205759699924,386.54598520469045,329283.0329738924,-28.64802499372177,298.43656799967283,386.5459900000001,329378.7794840001,-0.0004425747111747,9.590353427170252,0.0001551553160268,19200.000000000007,-1.3292817537309649e-05,-0.0002894962860068,4.795309704621725e-06,0.0,0.0102756687050811,-1.349102709237183,9.59520229206854,-3.0563936362368853,-0.0031801418842889,2.012983165117205,19199.997935563144,-29.96351891912908,0.002,-3.361312168270964,1.7474713150934091,-0.9172477075242558,6.0,10.0,180.0,-0.5053699875315676,-6.288030517808416,-0.1255123808263776,-3.25974384671285,654.7370417256437,372.4866929069164,167.16129076746142,753.2776172456711,578.4000000000001,-0.5053699875315676,-0.714972198009491,-0.6571516394615173,-0.6837745904922485,-0.6258787512779236,-0.62513667345047,-0.6244262456893921,-0.7534897327423096,-0.5128394365310669,-0.7113880515098572,-0.6296663284301758,-0.6191606521606445,-0.6218678951263428,-0.6083300113677979,-0.623009204864502,-0.48025941848754883,-0.699653148651123,-1.3760265111923218,-0.6866949796676636,-0.6201316118240356,-0.7198629975318909,-0.7788611054420471,-0.8710507750511169,-0.6142706274986267,-0.7935940027236938,-0.7014577388763428,-0.7762582898139954,-0.7964345216751099,-0.8073042631149292,-0.8457729816436768,-0.7827733159065247,-0.5497674942016602,-0.6090041995048523,-0.6294680237770081,-0.6834436655044556,0.09602408111095428,-0.5280894637107849,-0.6210125684738159,-0.7941109538078308,-0.6981589794158936,0.1208827942609787
5283.0,105.65900000000003,-28.64792172142714,298.5037664123199,386.546008888587,329667.0366861154,-28.648025040538503,298.62856799962924,386.5459900000001,329762.7794840001,-0.0034490823921664,9.600053807833625,-0.0006603474021302,19200.000000000007,-0.000103276648981,1.584195629856632e-06,-1.888858682425161e-05,0.0,-0.0012172477464799,-1.5754207306826926,9.572012630338644,0.7381940259348333,-0.0056249630486816,1.149382813166046,19200.22063921939,-25.789010278773,0.002,-3.353859485091053,1.7792135724681746,-0.9127995933659168,6.0,10.0,180.0,-0.4873296506319576,-6.325621677157239,-0.1269461502141444,-3.215639814835503,654.2680208628219,372.4298464534581,167.0591453837307,752.8418086228355,573.7500000000001,-0.4873296506319576,-0.705695629119873,-0.6518181562423706,-0.6646546125411987,-0.622556746006012,-0.6124897003173828,-0.6173068284988403,-0.7484321594238281,-0.5159413814544678,-0.7064145803451538,-0.6213998794555664,-0.6128343343734741,-0.6161608695983887,-0.6037861704826355,-0.6187641620635986,-0.5075376033782959,-0.7006865739822388,-1.4419893026351929,-0.6531137228012085,-0.6150408387184143,-0.7065099477767944,-0.7628763318061829,-0.8684122562408447,-0.609752357006073,-0.7850040793418884,-0.6936843395233154,-0.7717300057411194,-0.7762739658355713,-0.7907265424728394,-0.8343203067779541,-0.7712647914886475,-0.5056819319725037,-0.6046743392944336,-0.6250753998756409,-0.664412260055542,0.0725686103105545,-0.532520055770874,-0.6142626404762268,-0.7905534505844116,-0.7265734076499939,0.11543604731559753
5284.0,105.67900000000002,-28.64793905824828,298.6960107708404,386.5459890581777,330051.03942256514,-28.648025260283696,298.8205680049223,386.5459900000001,330146.7794840002,-0.0028809407261703,9.591908028477668,2.7275817572051745e-05,19200.000000000007,-8.60345970182849e-05,-0.0002427741401667,9.41822464900377e-07,0.0,0.0016662017724843,-2.327168157489924,9.608617860045776,-0.7320155938900534,-0.0007149556312886,2.512665053959262,19199.63874063556,-94.5440425907969,0.002,-3.2920471050004125,1.815443577226049,-0.931452869517343,6.0,10.0,180.0,-0.4843801113070828,-6.236283319866152,-0.1274332130909671,-3.205356228768933,654.514010431411,372.89792322672906,167.16307269186535,753.2874043114177,575.4000000000001,-0.4843801113070828,-0.703392744064331,-0.6489387154579163,-0.668539822101593,-0.6212444305419922,-0.6127874851226807,-0.6157574653625488,-0.7493204474449158,-0.5112941861152649,-0.7051621675491333,-0.6215159893035889,-0.6104267835617065,-0.6139016151428223,-0.6006855964660645,-0.6150932312011719,-0.49150213599205017,-0.6951436996459961,-1.4145652055740356,-0.6599688529968262,-0.6117384433746338,-0.702454686164856,-0.7641064524650574,-0.8688154816627502,-0.6092764735221863,-0.7827944755554199,-0.692475438117981,-0.7696443200111389,-0.7844804525375366,-0.7950934171676636,-0.8369054198265076,-0.7714019417762756,-0.46529054641723633,-0.6025454998016357,-0.6204877495765686,-0.670782208442688,0.08671334385871887,-0.529456615447998,-0.6130627989768982,-0.7866976261138916,-0.7064129710197449,0.09863944351673126
5285.0,105.69900000000004,-28.64791924418938,298.8878058371895,386.5459657258188,330435.0357332384,-28.64802571840961,299.01256802446494,386.5459900000001,330530.7794840001,-0.0035656707550104,9.59874596361669,0.0008115476197442,19200.000000000007,-0.000106150613509,-3.752809407948708e-05,2.427418140601401e-05,0.0,0.0046460850556946,-1.3446340711704168,9.588882299555152,5.250115038796652,-0.004625846541187,1.4010802071711104,19199.60592055636,34.32893216492688,0.002,-3.3652447002306576,1.861671108864811,-0.8976978125487863,6.0,10.0,180.0,-0.4770082719459123,-6.282694982693703,-0.1284381973994044,-3.231483000451255,654.4680052157055,372.7114616133645,167.1325363459327,753.1552021557088,577.1250000000001,-0.4770082719459123,-0.7043362259864807,-0.6521409749984741,-0.6456772089004517,-0.6252424716949463,-0.6055514216423035,-0.6099902987480164,-0.7534429430961609,-0.5234266519546509,-0.7083441019058228,-0.6159295439720154,-0.6108988523483276,-0.6128489971160889,-0.6021915674209595,-0.6170793771743774,-0.5273115634918213,-0.7022612690925598,-1.525526762008667,-0.6239451169967651,-0.6130731701850891,-0.6961256265640259,-0.7611537575721741,-0.8655087351799011,-0.6083588600158691,-0.7800964713096619,-0.684650719165802,-0.7713021636009216,-0.7592206001281738,-0.7755260467529297,-0.8239187002182007,-0.7677582502365112,-0.5525495409965515,-0.6029186844825745,-0.6227570176124573,-0.6482870578765869,0.08263623714447021,-0.5453435778617859,-0.6122812628746033,-0.7896835207939148,-0.7815958857536316,0.13356457650661469
5286.0,105.71900000000002,-28.64792812518113,299.07969342559284,386.5460282920528,330819.03307195025,-28.648053015137567,299.20456886568144,386.5459900000001,330914.7794840002,-0.0091987946550882,9.60264977845678,-0.0012772050861378,19200.000000000007,-9.791007223690064e-05,7.491235460675626e-05,-3.829205269096485e-05,0.0,-0.0212753118166275,-1.8249588409940187,9.55642606874551,2.569748824440121,0.0129138091622112,-3.725100214804489,19200.050956306422,12.978010117739457,0.002,-3.410010375897788,1.9032365832689788,-0.9140389768143412,6.0,10.0,180.0,-0.4609230163073983,-6.290064163184283,-0.12599201821072,-3.2643103812747265,653.5655026078527,372.98023080668224,166.97976817296637,752.5046010778544,580.0500000000001,-0.4609230163073983,-0.7023108005523682,-0.643661618232727,-0.6551928520202637,-0.6168197989463806,-0.6031800508499146,-0.6092826724052429,-0.7427314519882202,-0.5253618955612183,-0.7042101621627808,-0.6141456365585327,-0.6043691635131836,-0.6087777614593506,-0.5964163541793823,-0.6121271848678589,-0.5185049772262573,-0.6939424276351929,-1.4706777334213257,-0.645675778388977,-0.608242392539978,-0.7013856172561646,-0.7469335198402405,-0.8657888770103455,-0.6084452867507935,-0.7826071381568909,-0.6823553442955017,-0.7766992449760437,-0.7516366243362427,-0.7842388153076172,-0.8333299160003662,-0.7603201866149902,-0.5326825976371765,-0.599564790725708,-0.6244339346885681,-0.638637900352478,0.12895567715168,-0.5326696634292603,-0.6080855131149292,-0.7787766456604004,-0.7704376578330994,0.18854676187038422
5287.0,105.73900000000005,-28.64820040588772,299.2713565126355,386.5460090612606,331203.03340008075,-28.648226254122072,299.39657953584555,386.5459900000001,331298.7794840001,0.0063259470606046,9.614509343751244,-0.0006319545632452,19200.000000000007,8.529005314748701e-05,0.0004144741141259,-1.906126019264026e-05,0.0,-0.0129725656671813,-0.2437696934525606,9.63962629582602,8.113425112956442,-0.0007264056054824,-0.9825858631503394,19199.89463073864,115.93967935595744,0.002,-3.4416535452332813,1.8633504810681267,-0.9130693196582714,6.0,10.0,180.0,-0.4589917488381309,-6.353154884764427,-0.1313261726998894,-3.249441228683368,654.2337513039264,374.1706154033411,167.25288408648316,753.6753005389272,581.7,-0.4589917488381309,-0.7121674418449402,-0.656515896320343,-0.641800045967102,-0.6270631551742554,-0.6033901572227478,-0.6091970205307007,-0.7575740218162537,-0.5351095795631409,-0.7144193649291992,-0.6132449507713318,-0.6106141209602356,-0.6118728518486023,-0.6029731035232544,-0.618350088596344,-0.5427455902099609,-0.7052100896835327,-1.570165753364563,-0.6129734516143799,-0.6144437193870544,-0.7003205418586731,-0.7612971663475037,-0.8671888709068298,-0.6104393601417542,-0.7846460342407227,-0.6825690269470215,-0.7793681621551514,-0.7478229999542236,-0.7690470218658447,-0.823340654373169,-0.7698211669921875,-0.6662595868110657,-0.6011514663696289,-0.6253946423530579,-0.6318423748016357,0.09417590498924255,-0.5507937669754028,-0.6109110713005066,-0.7869858741760254,-0.8263218998908997,0.19552816450595856
5288.0,105.75900000000004,-28.648009807821467,299.46397580667013,386.5459844720694,331587.0336799348,-28.64675191796696,299.5885705456995,386.5459900000001,331682.7794840001,0.1772241386198963,9.590848289339233,0.0001850568757915,19200.000000000007,-7.241443338767846e-05,-0.0001931405158161,5.527932396172933e-06,0.0,0.0541377935108407,9.756398319201908,9.61598086726855,0.1874775938217347,-0.0117198753920459,-0.7311830350074733,19199.92887144925,-72.99238702699814,0.002,-3.514806713726418,1.7929673316123855,-0.930294098971781,6.0,10.0,180.0,-0.5907525008007547,-6.260877483472466,-0.1308277215971837,-3.2684126308616746,655.5928756519631,372.0913077016705,167.2909420432416,753.8306502694636,577.2,-0.5907525008007547,-0.8038711547851562,-0.7370970845222473,-0.7159415483474731,-0.6715091466903687,-0.68961101770401,-0.6853546500205994,-0.7947913408279419,-0.5546319484710693,-0.766145646572113,-0.6752996444702148,-0.6840453743934631,-0.6792293787002563,-0.6726546287536621,-0.6914069652557373,-0.5400273203849792,-0.7699018716812134,-1.4054269790649414,-0.7287187576293945,-0.6889560222625732,-0.8153971433639526,-0.867611825466156,-0.8912795186042786,-0.645197331905365,-0.8608863353729248,-0.7621908187866211,-0.8279891610145569,-0.8287212252616882,-0.8237437009811401,-0.8589729070663452,-0.8565123677253723,-1.377184510231018,-0.651232123374939,-0.6936074495315552,-0.7159435749053955,-0.06900878250598907,-0.5573585629463196,-0.6683661341667175,-0.8625504970550537,-0.7902116179466248,0.26355212926864624
5289.0,105.77900000000004,-28.644186447355064,299.65602871592296,386.5460018250208,331971.0310629692,-28.63982016474886,299.78040539740743,386.5459900000001,332066.7794840002,0.5001994855172236,9.574483570931246,-0.0003983493995891,19200.000000000007,-0.0009274253242959,-0.0002883257375977,-1.1825020834310855e-05,0.0,0.3481006393817367,19.71267205821909,9.604251360006709,-3.1810235477159616,-0.0044028564453873,-0.1746197628028988,19200.08461027384,102.92608941438569,0.002,-3.556248230016408,1.646665746134622,-0.9147272271235743,6.0,10.0,180.0,-0.8231344642004478,-6.267598412877237,-0.1323181833956629,-3.276625689800021,661.6909378259816,360.7921538508352,167.2864710216208,753.7733251347317,578.3250000000002,-0.8231344642004478,-0.891642689704895,-0.8356073498725891,-0.777878999710083,-0.7483516335487366,-0.8040155172348022,-0.7804178595542908,-0.8498355150222778,-0.6118443012237549,-0.8289307951927185,-0.7651146650314331,-0.7798422574996948,-0.769841194152832,-0.7592310905456543,-0.7825274467468262,-0.5766053199768066,-0.8494343757629395,-1.332451343536377,-0.8325836658477783,-0.7836594581604004,-0.9015812873840332,-0.9801902174949646,-0.9237702488899231,-0.6902472376823425,-0.9393360614776611,-0.8413041830062866,-0.8910257816314697,-0.9125505089759827,-0.8746717572212219,-0.892189621925354,-0.9312906861305237,-2.3174376487731934,-0.7339683771133423,-0.786005437374115,-0.8120990991592407,-0.2385459840297699,-0.6100147366523743,-0.7567064166069031,-0.9702239036560059,-0.8556904792785645,0.2992432117462158
5290.0,105.79900000000004,-28.633531198864915,299.84771365199833,386.54594045382754,332355.03143964475,-28.62541296417647,299.97183677909806,386.5459900000001,332450.7794840001,0.8361534612347284,9.548355334414191,0.0016508600583491,19200.000000000007,-0.00209163895967,-0.0002468942579791,4.9546149066229984e-05,0.0,0.7150509451709485,18.38159822613061,9.563740515801175,-2.6829802181828777,0.0009769837427644,4.024733539562297,19200.01726742219,4.25657339669811,0.002,-3.611086265256042,1.567861261228341,-0.9175518317756004,6.0,10.0,180.0,-0.9716438472261264,-6.26853608849583,-0.126965585999896,-3.286342541714228,670.9244689129907,341.8455769254176,167.1997355108104,753.3436625673659,579.3000000000001,-0.9716438472261264,-0.9171263575553894,-0.8646196722984314,-0.7873964309692383,-0.8007467985153198,-0.8632172346115112,-0.8239449858665466,-0.8702758550643921,-0.6227921843528748,-0.8457725048065186,-0.8185730576515198,-0.8235280513763428,-0.8167619705200195,-0.793075680732727,-0.816664457321167,-0.6084950566291809,-0.8748703598976135,-1.2731964588165283,-0.8555524945259094,-0.8216205835342407,-0.9076338410377502,-1.016574740409851,-0.9398155808448792,-0.7066627144813538,-0.9573268890380859,-0.8567587733268738,-0.9071935415267944,-0.9503278136253357,-0.8903168439865112,-0.8960490822792053,-0.9490047693252563,-2.51139760017395,-0.7975341081619263,-0.8277357220649719,-0.8728935718536377,-0.28277334570884705,-0.6760804057121277,-0.8173191547393799,-1.031874179840088,-0.9233157634735107,0.1424226611852646
5291.0,105.81900000000005,-28.615805370454165,300.0386059450351,386.5459755002262,332739.03139162494,-28.60363061616664,300.162573880287,386.5459900000001,332834.7794840002,1.1785030084733217,9.517475169806042,0.0004845832265394,19200.000000000007,-0.0028079820988227,8.120586782726477e-05,1.4499747291405676e-05,0.0,1.047073221986828,18.489409537740503,9.566949019758844,-1.037776338501131,0.000761018722659,1.4007028350428494,19199.99976169588,81.61961207910392,0.002,-3.6434227328875664,1.3294797416127242,-0.9457943870672588,6.0,10.0,180.0,-1.0688847429407595,-6.286126260859226,-0.1269671389216914,-3.289412652446694,681.3152344564953,321.0422884627088,167.29736775540522,753.6998312836829,574.8000000000001,-1.0688847429407595,-0.9439247846603394,-0.9021222591400146,-0.8003785610198975,-0.8558558225631714,-0.9272047281265259,-0.882667601108551,-0.8895273208618164,-0.6527293920516968,-0.8681737184524536,-0.8748766779899597,-0.8704156279563904,-0.8708908557891846,-0.8333794474601746,-0.8585031032562256,-0.6715930104255676,-0.9115121960639954,-0.9080148935317993,-0.8786236047744751,-0.8680920600891113,-0.9238430261611938,-1.040561318397522,-0.9609720706939697,-0.721943199634552,-0.9871743321418762,-0.8822832107543945,-0.9359458684921265,-0.976336658000946,-0.906227707862854,-0.9065674543380737,-0.9647756218910217,-2.8161230087280273,-0.8696179389953613,-0.8842045664787292,-0.9185571074485779,-0.3857773244380951,-0.7432975769042969,-0.8817785978317261,-1.0968629121780396,-1.0056734085083008,0.04076017439365387
5292.0,105.83900000000004,-28.591285729102545,300.22938980348727,386.5459284902118,333123.03081970924,-28.57454121853124,300.3523339961497,386.5459900000001,333218.7794840002,1.53700390332452,9.44971324156288,0.0020506952865613,19200.000000000007,-0.0029835891445203,-0.0002759464743025,6.150998230598187e-05,0.0,1.4125918286762793,19.225700701891327,9.481187651876592,-11.29190396428479,0.0004735018876538,7.082482622314504,19200.203844402367,-59.99672859559964,0.002,-3.639614212849932,1.1710683695405246,-0.91785884113769,6.0,10.0,180.0,-1.1880540761519978,-6.138526107586709,-0.1259859541444472,-3.2992028370001107,691.5386172282476,296.48814423135445,167.18568387770262,753.1534156418414,575.9250000000002,-1.1880540761519978,-0.9903745651245117,-0.9567930698394775,-0.8599430322647095,-0.9210904836654663,-1.0294713973999023,-0.9585686326026917,-0.9159966707229614,-0.6770874261856079,-0.9040215015411377,-0.9721223711967468,-0.9394561648368835,-0.9441952705383301,-0.8891180753707886,-0.9142197370529175,-0.6568318605422974,-0.9486160278320312,0.5929516553878784,-0.9870631694793701,-0.9308606386184692,-0.9514394998550415,-1.10546875,-0.9663397669792175,-0.7623974680900574,-1.0154927968978882,-0.9375002384185791,-0.9734549522399902,-1.0418728590011597,-0.9673136472702026,-0.9375267028808594,-1.0098645687103271,-2.8664050102233887,-0.9564024209976196,-0.950437605381012,-1.0417896509170532,-0.47469380497932434,-0.7980257868766785,-0.9683175086975098,-1.184531331062317,-0.9687682390213013,-0.13911406695842743
5293.0,105.85900000000004,-28.5592650902529,300.4183571488806,386.5459735461075,333507.0303467892,-28.538188431072665,300.54083721785963,386.5459900000001,333602.7794840001,1.8861463668090503,9.39272489098457,0.0005480226863548,19200.000000000007,-0.0033672487733217,0.000108424934628,1.645401393762282e-05,0.0,1.7910261605824906,21.06127707703645,9.44920383488304,2.082229633387456,0.0163669982041138,-1.587926992998902,19200.10028078573,64.33028111656276,0.002,-3.68473372888545,1.066685973438591,-0.9193689270253342,6.0,10.0,180.0,-1.2261293700780704,-6.101387840017043,-0.1215730082776532,-3.3012844113770066,702.1698086141239,270.6635721156772,167.2623419388513,753.4162078209207,576.9000000000001,-1.2261293700780704,-1.0171927213668823,-1.0030502080917358,-0.8316377401351929,-0.9896393418312073,-1.0937986373901367,-1.0155502557754517,-0.9333665370941162,-0.7256019115447998,-0.9287286996841431,-1.0148009061813354,-0.9882662296295166,-1.0008100271224976,-0.9341959953308105,-0.9619606733322144,-0.7897436022758484,-0.9993373155593872,1.267980933189392,-0.9519658088684082,-0.982368528842926,-0.9620401859283447,-1.1126755475997925,-1.0011588335037231,-0.7644404172897339,-1.0592750310897827,-0.9387237429618835,-0.99906986951828,-1.0429332256317139,-0.9477361440658569,-0.9301224946975708,-1.0035181045532227,-3.459205150604248,-1.039871096611023,-1.0205971002578735,-1.0360671281814575,-0.5766285061836243,-0.9031073451042175,-1.0378168821334839,-1.2591310739517212,-1.2099031209945679,-0.14266858994960785
5294.0,105.87900000000003,-28.520158781204053,300.6060747124231,386.5460078700627,333891.0362429231,-28.494625576251856,300.7278060370098,386.5459900000001,333986.7794840001,2.237683261514288,9.31841024174394,-0.0005951719880291,19200.000000000007,-0.0035906293093935,0.0003882837445729,-1.7870972191377434e-05,0.0,2.1210967804595406,15.250089705109522,9.314940887744129,-4.282266218432443,0.0043983956963402,-2.569477859039501,19200.41129437508,-47.31419065955518,0.002,-3.766772972505162,0.9755779863684636,-0.9204555187280876,6.0,10.0,180.0,-1.2748883532126265,-6.128439128237041,-0.1225253299167546,-3.2464206488038747,710.757904307062,243.7472860578386,167.03117096942566,752.3656039104603,577.8750000000001,-1.2748883532126265,-1.022936463356018,-1.002988576889038,-0.8560949563980103,-1.024684190750122,-1.1480028629302979,-1.0522518157958984,-0.9525357484817505,-0.731675386428833,-0.9323468208312988,-1.0702122449874878,-1.0089327096939087,-1.0326253175735474,-0.9476937651634216,-0.9734387397766113,-0.7951444387435913,-0.9979697465896606,2.9026763439178467,-1.0023319721221924,-0.9985499382019043,-0.959675669670105,-1.1110438108444214,-1.0040034055709839,-0.7735508680343628,-1.056474208831787,-0.9517171382904053,-1.0142852067947388,-1.065407395362854,-0.9800081253051758,-0.9498509168624878,-1.0196462869644165,-3.107971668243408,-1.0974626541137695,-1.0524884462356567,-1.0881272554397583,-0.5746227502822876,-0.9440143704414368,-1.0865000486373901,-1.2962883710861206,-1.1852866411209106,-0.311947762966156
5295.0,105.89900000000004,-28.47438762520657,300.7923368701824,386.5460263617304,334275.03715635295,-28.44391691678356,300.9129646538897,386.5459900000001,334370.7794840001,2.6032013388649027,9.224524278749644,-0.0012143369398333,19200.000000000007,-0.0032902280810889,0.0004923448901636,-3.636318349908984e-05,0.0,2.4709513596743,19.11401888406465,9.298362521654123,-9.088007750806067,0.0092516401909026,-3.169047334011455,19199.91475559076,-12.877416252467157,0.002,-3.8201308964861385,0.7635189937379507,-0.9440784464981536,6.0,10.0,180.0,-1.419375419764944,-6.089484800255495,-0.1244857325678465,-3.233600125315396,719.728952153531,218.1431430289193,167.20108548471285,753.0368019552302,579.5250000000001,-1.419375419764944,-1.079229474067688,-1.075722098350525,-0.9071974754333496,-1.0995155572891235,-1.2575595378875732,-1.1373136043548584,-0.9787193536758423,-0.7856298685073853,-0.9764106273651123,-1.165927767753601,-1.0795097351074219,-1.1090052127838135,-1.0113308429718018,-1.0379745960235596,-0.8217504024505615,-1.0496602058410645,2.9961915016174316,-1.0866553783416748,-1.0685114860534668,-0.9887961745262146,-1.168599009513855,-1.0221431255340576,-0.8102876543998718,-1.1027462482452393,-1.005085825920105,-1.0655919313430786,-1.1191391944885254,-1.0300040245056152,-0.9811543226242065,-1.0629010200500488,-3.275033950805664,-1.1818172931671143,-1.131149172782898,-1.1746113300323486,-0.7009032964706421,-1.001349687576294,-1.1692094802856445,-1.3869247436523438,-1.2074010372161865,-0.36757561564445496
5296.0,105.91900000000004,-28.421383401248,300.9767569133612,386.5460352568762,334659.0376585096,-28.38613724829549,301.09604006938724,386.5459900000001,334754.7794840002,2.9609861362580583,9.114912980560309,-0.0015071748760708,19200.000000000007,-0.0031016959121146,0.0005322166054198,-4.5156962393030224e-05,0.0,2.8420374550253613,19.468911725016312,9.157936957656634,-5.676111220567593,-0.0136502888184282,-6.838027670488538,19200.17092191045,-77.16539110880771,0.002,-3.79535516933566,0.6064994408679526,-0.920342128820076,6.0,10.0,180.0,-1.509765863590276,-6.018156785468864,-0.1289135589636186,-3.2361552363586865,727.3449760767655,189.8215715144597,167.15004274235642,752.765900977615,575.0250000000001,-1.509765863590276,-1.100980520248413,-1.1162705421447754,-0.9116782546043396,-1.1608166694641113,-1.3138610124588013,-1.192853569984436,-0.9944590926170349,-0.8161023855209351,-0.9971134662628174,-1.2250494956970215,-1.122758388519287,-1.1604293584823608,-1.051832914352417,-1.0788190364837646,-0.8932526111602783,-1.088038682937622,2.7526566982269287,-1.099276065826416,-1.1120660305023193,-0.9976617097854614,-1.180711269378662,-1.0389474630355835,-0.8199442625045776,-1.1307265758514404,-1.0197155475616455,-1.0921951532363892,-1.135635256767273,-1.0381653308868408,-0.9904024600982666,-1.069177508354187,-3.351841926574707,-1.2487974166870117,-1.1889597177505493,-1.201331377029419,-0.8260536193847656,-1.0650368928909302,-1.228337287902832,-1.4550246000289917,-1.2892438173294067,-0.4384533762931824
5297.0,105.939,-28.360828495691056,301.15888596418154,386.5459881908605,335043.0370977333,-28.321371971059296,301.2767622804687,386.5459900000001,335138.7794840001,3.297298151947367,8.995667196500339,5.7653217072578965e-05,19200.000000000007,-0.003421831693889,0.0006853805000088,1.810573658909764e-06,0.0,3.210925156567208,15.317847905569351,9.049634460630877,-9.038510667453028,-0.0082951316515657,-0.6067836999811845,19199.91167689274,-29.99620290285764,0.002,-3.8183967236001046,0.5107072812783144,-0.9065089941993169,6.0,10.0,180.0,-1.487366615232138,-5.999083629855966,-0.126976836724807,-3.247931559920879,734.3019880383828,160.98928575722982,167.18202137117822,752.8569504888076,576.6750000000001,-1.487366615232138,-1.1126306056976318,-1.1348505020141602,-0.9257398843765259,-1.2103575468063354,-1.343922734260559,-1.2256625890731812,-1.0172383785247803,-0.822982907295227,-1.0092121362686157,-1.2689752578735352,-1.1501083374023438,-1.1930387020111084,-1.0729458332061768,-1.0964720249176025,-0.8991971015930176,-1.094942331314087,1.0836389064788818,-1.1289584636688232,-1.1347672939300537,-0.9955413341522217,-1.195845603942871,-1.0391981601715088,-0.8295639753341675,-1.1300406455993652,-1.03217351436615,-1.1004480123519897,-1.1635385751724243,-1.0639140605926514,-0.9978057146072388,-1.083561897277832,-3.096524477005005,-1.2922933101654053,-1.212903380393982,-1.2582122087478638,-0.8726662397384644,-1.1039773225784302,-1.272690773010254,-1.5013703107833862,-1.2570440769195557,-0.6233975291252136
5298.0,105.95900000000002,-28.29339791358757,301.3385301862646,386.54597760075455,335427.0383376832,-28.24971618815617,301.4548648877601,386.5459900000001,335522.7794840002,3.63117576681939,8.864453502495643,0.0004195724129336,19200.000000000007,-0.0036642284439724,0.0008762720675849,1.2400247939823478e-05,0.0,3.5447180229145645,17.5181506209072,8.900151817056834,-12.699450208852586,-0.0105016834149719,4.088562424063054,19200.049386991668,-51.5718687487424,0.002,-3.8862987854021767,0.4352823013178351,-0.9123328757444376,6.0,10.0,180.0,-1.4595236580115365,-5.966749956778695,-0.1259943626385974,-3.228436436890943,739.6454940191913,132.13264287861492,167.10401068558912,752.4854752444038,578.4000000000001,-1.4595236580115365,-1.1505727767944336,-1.190446376800537,-0.9606798887252808,-1.2767221927642822,-1.4025424718856812,-1.2763320207595825,-1.0379090309143066,-0.8590522408485413,-1.0411014556884766,-1.3295661211013794,-1.2040414810180664,-1.249537706375122,-1.122180700302124,-1.1437640190124512,-0.9120693206787109,-1.1317336559295654,-1.667038917541504,-1.1864725351333618,-1.187109112739563,-1.0096248388290405,-1.2406327724456787,-1.0453709363937378,-0.8550850749015808,-1.1570407152175903,-1.0643178224563599,-1.130996823310852,-1.2084592580795288,-1.0996018648147583,-1.0146042108535767,-1.1148432493209839,-3.0605130195617676,-1.3496019840240479,-1.266100287437439,-1.3335155248641968,-0.9655443429946899,-1.1434862613677979,-1.33246910572052,-1.578249454498291,-1.2483021020889282,-0.7197281718254089
5299.0,105.979,-28.219151868267904,301.51533870239075,386.5459921125517,335811.0390012184,-28.171276097713783,301.6300853933357,386.5459900000001,335906.77948400006,3.960821695008072,8.724328172599398,-0.0001046523666044,19200.000000000007,-0.0038675837904564,0.001190662602741,-2.112863675230478e-06,0.0,3.86986326391214,12.875825638531415,8.777851143266329,-7.4359611848608385,0.0026658460809812,4.088077167173419,19199.67358896881,-55.877255310663,0.002,-3.935373032479058,0.2255312051923887,-0.937937654207829,6.0,10.0,180.0,-1.4423896559159517,-5.987651379618101,-0.1284206296016558,-3.2345996083409845,744.1602470095957,104.27032143930744,167.12000534279457,752.5247376222019,577.9500000000002,-1.4423896559159517,-1.1414884328842163,-1.1945390701293945,-0.937638521194458,-1.2997510433197021,-1.40810227394104,-1.2947407960891724,-1.0520412921905518,-0.8550754189491272,-1.0403540134429932,-1.3369600772857666,-1.2098424434661865,-1.2588850259780884,-1.1278743743896484,-1.1467812061309814,-0.9610154032707214,-1.1342785358428955,-1.6283029317855835,-1.1576567888259888,-1.191999912261963,-1.0011255741119385,-1.2259430885314941,-1.0509082078933716,-0.847688615322113,-1.154968023300171,-1.0596965551376343,-1.1293960809707642,-1.204545497894287,-1.0892682075500488,-1.0112555027008057,-1.101820945739746,-2.869830369949341,-1.3666749000549316,-1.2746974229812622,-1.3213332891464233,-1.0652673244476318,-1.1796895265579224,-1.3505492210388184,-1.596656084060669,-1.284288763999939,-0.8191123008728027
5300.0,105.99900000000002,-28.13859239487082,301.6894877745867,386.5459960338758,336195.0359981208,-28.08616689588461,301.8021649954185,386.5459900000001,336290.7794840002,4.298818492572595,8.5609560229058,-0.0002397078144948,19200.000000000007,-0.0036396670068729,0.0011917897947882,-6.033987196564337e-06,0.0,4.202390932461936,15.206692396103966,8.601040789598725,-3.787671924010525,0.0051254633183777,1.0433211721181876,19199.72565058465,30.068799654066275,0.002,-3.866359077816347,-0.0447488775814938,-0.9386007656999756,6.0,10.0,180.0,-1.5351486633715414,-5.903749840241398,-0.1269395731758692,-3.263831620185548,747.2701235047978,75.38016071965373,167.0430026713973,752.1713688111009,579.45,-1.5351486633715414,-1.1648386716842651,-1.2383981943130493,-0.945781409740448,-1.3432978391647339,-1.4473074674606323,-1.3330752849578857,-1.0661585330963135,-0.8915656805038452,-1.0645819902420044,-1.3741283416748047,-1.247565746307373,-1.2994179725646973,-1.1675305366516113,-1.1855149269104004,-1.0139691829681396,-1.1713123321533203,-1.3563213348388672,-1.1722798347473145,-1.230965495109558,-1.0116934776306152,-1.2457510232925415,-1.0658437013626099,-0.8608445525169373,-1.1857240200042725,-1.0788037776947021,-1.159124732017517,-1.2193018198013306,-1.0988242626190186,-1.0194753408432007,-1.113855004310608,-2.8093461990356445,-1.4069485664367676,-1.3225172758102417,-1.3335365056991577,-1.2038755416870117,-1.2210038900375366,-1.391399621963501,-1.6518012285232544,-1.3498603105545044,-0.8161365985870361
5301.0,106.01900000000003,-28.05110268265168,301.86042080960783,386.5459502455205,336579.0334855293,-27.99451378639795,301.97085079255885,386.5459900000001,336674.7794840002,4.620181061190079,8.384551095580353,0.0013248944456048,19200.000000000007,-0.0037148798013005,0.0011789527746356,3.975572086676952e-05,0.0,4.537845604918954,15.679991542668557,8.46850080870075,-3.3496128825146294,0.0068572016020798,-2.4998859814540886,19199.89598726351,17.25951772255571,0.002,-3.7979301304850384,-0.1904460829591976,-0.9239893946323632,6.0,10.0,180.0,-1.5405428194569128,-5.874567611599015,-0.1249862714663287,-3.289945860592424,750.0465617523989,47.13358035982687,167.15050133569866,752.6156844055504,581.1750000000002,-1.5405428194569128,-1.1841262578964233,-1.2704050540924072,-0.9630442261695862,-1.3790525197982788,-1.469751000404358,-1.355087161064148,-1.0826996564865112,-0.9274840950965881,-1.085817575454712,-1.411444067955017,-1.2744544744491577,-1.331170678138733,-1.19785475730896,-1.2143141031265259,-1.0495610237121582,-1.1955575942993164,-1.268721103668213,-1.196753978729248,-1.258965253829956,-1.0194171667099,-1.2585433721542358,-1.0789207220077515,-0.8748575448989868,-1.210292100906372,-1.094478726387024,-1.1883574724197388,-1.2348363399505615,-1.1174288988113403,-1.0358948707580566,-1.1326651573181152,-2.651111125946045,-1.4362704753875732,-1.3589129447937012,-1.3443071842193604,-1.2976243495941162,-1.245876431465149,-1.4222650527954102,-1.6901527643203735,-1.3693134784698486,-0.823888897895813
5302.0,106.03900000000004,-27.95681433625824,302.0276380723434,386.5459618938809,336963.035261955,-27.896452473896773,302.1358934865132,386.5459900000001,337058.7794840001,4.924506968847503,8.203649068768168,0.0009366487216036,19200.000000000007,-0.0040916144169151,0.0014000864789146,2.810737231762157e-05,0.0,4.865495677919001,12.567857126382336,8.240749218257525,-4.893871393136271,0.000974409184488,-0.8001541734401119,19200.2549823225,133.08941068408612,0.002,-3.790094579448369,-0.2377996179622893,-0.9118338510682606,6.0,10.0,180.0,-1.4492311360659471,-5.829186137504725,-0.1215907181716537,-3.2607077481938327,750.8152808761995,17.053290179913432,167.0447506678493,752.1563422027752,582.9000000000001,-1.4492311360659471,-1.1826680898666382,-1.2722547054290771,-0.9722055792808533,-1.3871809244155884,-1.4721567630767822,-1.3572269678115845,-1.0962586402893066,-0.9397429823875427,-1.0914885997772217,-1.434894323348999,-1.2848252058029175,-1.343490481376648,-1.2098948955535889,-1.2226390838623047,-1.061090111732483,-1.1967463493347168,-1.292201280593872,-1.2117555141448975,-1.269002914428711,-1.0184392929077148,-1.2584099769592285,-1.0791683197021484,-0.8805182576179504,-1.2105834484100342,-1.1012616157531738,-1.1940191984176636,-1.248325228691101,-1.1308057308197021,-1.0443719625473022,-1.143021821975708,-2.371066093444824,-1.4439363479614258,-1.367569923400879,-1.3575366735458374,-1.3399784564971924,-1.2529407739639282,-1.4357486963272095,-1.709028959274292,-1.333930492401123,-0.9105560183525085
5303.0,106.059,-27.85666427096453,302.1908502214237,386.54600980098127,337347.04220509704,-27.792127755158123,302.2970499773366,386.5459900000001,337442.7794840001,5.237927121731806,8.019922256915816,-0.0006906139453524,19200.000000000007,-0.0039717610197444,0.0018974291243549,-1.970144807280043e-05,0.0,5.14819439025873,17.088191130741723,8.097173719096844,-4.825512657622902,0.0021772680830307,-2.750765132584966,19200.18631184699,-90.17664898419926,0.002,-3.816116478318048,-0.3219494823189703,-0.9114705739817738,6.0,10.0,180.0,-1.4237972191926789,-5.814072017220059,-0.1206296664715034,-3.21922337100593,751.2461404380997,-10.230854910043284,167.09837533392465,752.3841711013877,575.2500000000001,-1.4237972191926789,-1.2129600048065186,-1.3080978393554688,-0.9994064569473267,-1.4129724502563477,-1.4993746280670166,-1.3886730670928955,-1.1081074476242065,-0.9781529903411865,-1.1186676025390625,-1.4835374355316162,-1.3269314765930176,-1.3900328874588013,-1.2561038732528687,-1.2681909799575806,-1.0984904766082764,-1.2413866519927979,-1.4041941165924072,-1.2447041273117065,-1.3135273456573486,-1.0317189693450928,-1.283994436264038,-1.0913138389587402,-0.9047049880027771,-1.2463037967681885,-1.125063419342041,-1.2319453954696655,-1.2775267362594604,-1.1534343957901,-1.0619252920150757,-1.1643502712249756,-2.3119382858276367,-1.484170913696289,-1.4178797006607056,-1.391187310218811,-1.5193932056427002,-1.2770953178405762,-1.475183367729187,-1.7691158056259155,-1.339829921722412,-0.9315979480743408
5304.0,106.07900000000002,-27.75042419524962,302.35065744403687,386.545990085294,337731.04171407205,-27.681692724611946,302.4540824624196,386.5459900000001,337826.7794840001,5.547455780192582,7.805625559928235,-4.340710987920434e-06,19200.000000000007,-0.0037308111210059,0.0018294945182044,-8.678539398437132e-08,0.0,5.447030226678783,14.225323556801357,7.859653278374813,-14.64319989378273,-0.0038929108941749,-0.0561966818784831,19200.033490428017,85.74508264258051,0.002,-3.918422123575344,-0.446660152535612,-0.9118517681290156,6.0,10.0,180.0,-1.48630586634532,-5.748579596272036,-0.1220793815091138,-3.205883611214502,749.8180702190498,-39.046927455021645,166.9886876669623,751.9220855506939,576.7500000000001,-1.48630586634532,-1.2170629501342773,-1.303501844406128,-1.0430570840835571,-1.4304691553115845,-1.4982483386993408,-1.4079372882843018,-1.1212153434753418,-0.9943724870681763,-1.1314754486083984,-1.5170884132385254,-1.3376392126083374,-1.4058350324630737,-1.2689142227172852,-1.276944875717163,-1.0771335363388062,-1.2347334623336792,-1.548829197883606,-1.3031320571899414,-1.3241513967514038,-1.0347018241882324,-1.2998746633529663,-1.0880168676376343,-0.91685551404953,-1.2525920867919922,-1.1463298797607422,-1.2441390752792358,-1.31049382686615,-1.1963438987731934,-1.0839741230010986,-1.199108600616455,-2.1432342529296875,-1.4904519319534302,-1.4250479936599731,-1.4350697994232178,-1.4057778120040894,-1.2573684453964233,-1.4865243434906006,-1.786791443824768,-1.2218619585037231,-1.0315206050872803
5305.0,106.09900000000002,-27.638317480755887,302.5054944412832,386.5460173365714,338115.0405010757,-27.56531058413936,302.6067593402116,386.5459900000001,338210.7794840001,5.854892801626944,7.60540086582921,-0.0009142806109203,19200.000000000007,-0.0033019922743649,0.0025263830680609,-2.733723746737824e-05,0.0,5.776629913044999,18.79440059101552,7.668704526879407,-8.055224206580416,-0.0119547755820897,-0.9118953354538218,19199.79455965264,-4.30521515659799,0.002,-3.8702013858573454,-0.6132925537896895,-0.935066106188296,6.0,10.0,180.0,-1.5141798055070477,-5.7098594480043,-0.1259623862303984,-3.2253184147758573,748.199535109525,-68.04896372751082,167.09534383348117,752.392542775347,576.4500000000002,-1.5141798055070477,-1.2439508438110352,-1.339434266090393,-1.0432859659194946,-1.4497644901275635,-1.523105263710022,-1.4252212047576904,-1.1318559646606445,-1.0258843898773193,-1.1541450023651123,-1.5519530773162842,-1.3714466094970703,-1.4387595653533936,-1.308326005935669,-1.3143445253372192,-1.1263549327850342,-1.2764592170715332,-1.5418426990509033,-1.2989094257354736,-1.3607308864593506,-1.042526364326477,-1.3223778009414673,-1.1004436016082764,-0.9367936849594116,-1.2862980365753174,-1.161048412322998,-1.2741081714630127,-1.3260554075241089,-1.2006219625473022,-1.087599754333496,-1.202759027481079,-1.9832367897033691,-1.5165399312973022,-1.4641591310501099,-1.4389665126800537,-1.6454429626464844,-1.2919951677322388,-1.5144567489624023,-1.8369718790054321,-1.2937390804290771,-1.0175009965896606
5306.0,106.11900000000004,-27.51976360049408,302.6568668685687,386.5459629005031,338499.0357820197,-27.44315324097146,302.75485591077734,386.5459900000001,338594.7794840002,6.134878856976807,7.361738338766595,0.0009035328275319,19200.000000000007,-0.0034328347850939,0.0022528345978251,2.709971070342535e-05,0.0,6.062242129071456,15.632171341541374,7.466072655678593,-15.92606969655302,0.0002385395529617,3.719362508418184,19199.82780809491,55.880171651444286,0.002,-3.742990243432313,-0.8681841854507174,-0.9438196854825625,6.0,10.0,180.0,-1.4380019030961435,-5.724965437413796,-0.1254682841730947,-3.272513120189777,745.6942675547625,-96.0659818637554,167.21767191674058,752.9342713876736,576.3000000000002,-1.4380019030961435,-1.2440681457519531,-1.3331401348114014,-1.0762066841125488,-1.4660077095031738,-1.5149465799331665,-1.4388716220855713,-1.1444286108016968,-1.0333709716796875,-1.1644800901412964,-1.5490374565124512,-1.376697301864624,-1.4469959735870361,-1.3157176971435547,-1.317515254020691,-1.1077536344528198,-1.2658061981201172,-1.5843545198440552,-1.3381597995758057,-1.367096185684204,-1.0431230068206787,-1.3359458446502686,-1.0977517366409302,-0.9430972933769226,-1.29008948802948,-1.1796166896820068,-1.280227541923523,-1.3537296056747437,-1.2332520484924316,-1.103874683380127,-1.2296193838119507,-1.9033257961273193,-1.5144767761230469,-1.460032343864441,-1.47732412815094,-1.5660784244537354,-1.2712483406066895,-1.5182404518127441,-1.847906231880188,-1.174717903137207,-1.1374365091323853
5307.0,106.13900000000004,-27.39543600681445,302.8033691481671,386.54591816442326,338883.03123261256,-27.315400095713585,302.89815347595567,386.5459900000001,338978.7794840002,6.403645519639548,7.114414834096749,0.0023955737564771,19200.000000000007,-0.0036235857612739,0.0021917222098537,7.183571794450907e-05,0.0,6.361320911771331,13.55565430180943,7.208264094008173,-12.881964931913815,-0.0010042516309002,4.699878784811763,19200.203853357303,4.32944487577762,0.002,-3.732648161309605,-0.9470301987417686,-0.9043183736338392,6.0,10.0,180.0,-1.421861505987165,-5.654742283047378,-0.1215821989128563,-3.317149671431706,741.5186337773812,-125.3469909318777,167.2628359583703,753.1581356938368,577.5750000000002,-1.421861505987165,-1.2379000186920166,-1.3319910764694214,-1.0674573183059692,-1.4650790691375732,-1.5068707466125488,-1.4306142330169678,-1.1520394086837769,-1.0376148223876953,-1.165135383605957,-1.5372374057769775,-1.3758493661880493,-1.4441221952438354,-1.3199012279510498,-1.3179869651794434,-1.1275277137756348,-1.2650070190429688,-1.5777908563613892,-1.3227660655975342,-1.3682470321655273,-1.0410025119781494,-1.3309720754623413,-1.0978962182998657,-0.9454715847969055,-1.2916213274002075,-1.1795251369476318,-1.2811424732208252,-1.3496686220169067,-1.2301723957061768,-1.1029374599456787,-1.2252057790756226,-1.6684796810150146,-1.5039334297180176,-1.4541913270950317,-1.46122407913208,-1.6729528903961182,-1.2736358642578125,-1.5133320093154907,-1.8485032320022583,-1.1683685779571533,-1.1881393194198608
5308.0,106.15900000000003,-27.2661679680766,302.9447285873921,386.545989467329,339267.0359001902,-27.18223984067538,303.03644103882874,386.5459900000001,339362.7794840002,6.682468640415683,6.865684633115729,2.075508189999124e-05,19200.000000000007,-0.0032244742733899,0.0023997434212744,5.326300065728935e-07,0.0,6.583511098276695,17.205601949381037,6.943115971643358,-10.681004693393684,0.014180564639966,0.5560776888510486,19200.23829450272,12.848707787881889,0.002,-3.767735164745356,-1.0766560442978126,-0.9232847224690904,6.0,10.0,180.0,-1.4335933726370873,-5.65140972772938,-0.1142817411969723,-3.275089621094547,735.5543168886907,-153.33449546593886,167.09391797918516,752.4710678469185,577.2750000000001,-1.4335933726370873,-1.2546977996826172,-1.3581435680389404,-1.080801248550415,-1.4752004146575928,-1.5295841693878174,-1.4477636814117432,-1.1549911499023438,-1.0705899000167847,-1.1809756755828857,-1.5537269115447998,-1.394956111907959,-1.4658455848693848,-1.3464388847351074,-1.3426882028579712,-1.1564610004425049,-1.292508840560913,-1.5765252113342285,-1.3351612091064453,-1.389430046081543,-1.0477871894836426,-1.345740795135498,-1.1060495376586914,-0.9597499966621399,-1.3198046684265137,-1.190507173538208,-1.3112417459487915,-1.3575974702835083,-1.2443368434906006,-1.1102373600006104,-1.2343991994857788,-1.5265012979507446,-1.5188759565353394,-1.4819632768630981,-1.4574674367904663,-1.7883026599884033,-1.2860358953475952,-1.527000069618225,-1.8742163181304932,-1.1970492601394653,-1.1555269956588745
5309.0,106.17900000000002,-27.13135650279986,303.08121963290046,386.5460001371711,339651.0396641098,-27.04386877556613,303.16951459809405,386.5459900000001,339746.7794840002,6.944469287958887,6.59980400302739,-0.0003347980079185,19200.000000000007,-0.0030294817404387,0.0023934595945683,-1.0137187362340772e-05,0.0,6.892593032645247,13.362981266425797,6.675056093637193,-17.330568240343922,-0.0026658117657933,-2.087872310757652,19200.10172324604,-47.23705916192287,0.002,-3.621887291138312,-1.300662439218043,-0.9476037741438136,6.0,10.0,180.0,-1.3794119272549197,-5.538642566699775,-0.119161562423523,-3.2443365643301627,728.9191584443454,-182.76024773296945,167.1224589895926,752.6385339234592,577.1250000000001,-1.3794119272549197,-1.2475028038024902,-1.3468551635742188,-1.1104403734207153,-1.4751898050308228,-1.5209574699401855,-1.4588682651519775,-1.1624969244003296,-1.0851249694824219,-1.186134696006775,-1.5166068077087402,-1.3851238489151,-1.4626312255859375,-1.3443406820297241,-1.3375413417816162,-1.1498368978500366,-1.2765111923217773,-1.5684517621994019,-1.3659608364105225,-1.3812580108642578,-1.0475525856018066,-1.3416136503219604,-1.1120582818984985,-0.9620640873908997,-1.3238525390625,-1.2002644538879395,-1.325007438659668,-1.3651574850082397,-1.274085521697998,-1.1292145252227783,-1.2676036357879639,-1.466504693031311,-1.5045467615127563,-1.4717332124710083,-1.4547340869903564,-1.660556435585022,-1.2562617063522339,-1.5150771141052246,-1.8590501546859741,-1.0988065004348755,-1.2036192417144775
5310.0,106.19900000000004,-26.99118448961845,303.2121322255065,386.5459245571831,340035.0373032627,-26.90049100766878,303.2971778478329,386.5459900000001,340130.7794840001,7.188739572726099,6.334160632635897,0.0021796339906774,19200.000000000007,-0.0030545308230436,0.0026830276941137,6.544281818378011e-05,0.0,7.137233477378824,12.82517681795703,6.421897154812046,-13.424879492920509,0.0068321714730671,-0.724746878263592,19199.91354938437,4.252900012791457,0.002,-3.5726634479506942,-1.381399196809302,-0.9251636962198464,6.0,10.0,180.0,-1.4311678839681727,-5.535698248770112,-0.116209426816133,-3.261273414449179,721.6030792221727,-210.67612386648472,167.16272949479628,752.8602669617296,577.0500000000001,-1.4311678839681727,-1.24297297000885,-1.3508787155151367,-1.1001667976379395,-1.4708666801452637,-1.5149989128112793,-1.4500317573547363,-1.1666877269744873,-1.089963436126709,-1.189929485321045,-1.5069507360458374,-1.3844276666641235,-1.4587187767028809,-1.3487250804901123,-1.3383474349975586,-1.1666531562805176,-1.2786006927490234,-1.561793565750122,-1.346613883972168,-1.3832950592041016,-1.0464106798171997,-1.339804768562317,-1.1122132539749146,-0.9649669528007507,-1.3261592388153076,-1.1989507675170898,-1.3304532766342163,-1.3603957891464233,-1.2707029581069946,-1.125047206878662,-1.260756254196167,-1.2700936794281006,-1.4932726621627808,-1.4644949436187744,-1.4393693208694458,-1.801844835281372,-1.2580196857452393,-1.5078444480895996,-1.8583252429962158,-1.0968445539474487,-1.2454454898834229
5311.0,106.21900000000002,-26.845871828758003,303.3377264336442,386.5460154770215,340419.036508552,-26.75231793593856,303.4192424880463,386.5459900000001,340514.7794840001,7.415360417247757,6.054018202532407,-0.0008494493283034,19200.000000000007,-0.0032870228905074,0.0028133672119544,-2.5477020073635672e-05,0.0,7.395762174193488,8.480921380219835,6.161354638239198,-15.26370184024483,-0.0005098631985197,-7.018662207274426,19200.154338744826,-34.32598626289307,0.002,-3.5624417094495344,-1.4964268364915732,-0.932183175793146,6.0,10.0,180.0,-1.3320214368556618,-5.542498951924172,-0.1103356877252148,-3.271019705883428,713.6465396110864,-238.1600619332424,167.28686474739814,753.4461334808648,584.4750000000001,-1.3320214368556618,-1.2298576831817627,-1.3352313041687012,-1.109154224395752,-1.4555081129074097,-1.507893681526184,-1.4472358226776123,-1.1723437309265137,-1.1032010316848755,-1.1918439865112305,-1.4618327617645264,-1.3601889610290527,-1.4387776851654053,-1.3343915939331055,-1.3211562633514404,-1.1664879322052002,-1.256286859512329,-1.5498679876327515,-1.3512320518493652,-1.360564112663269,-1.0433683395385742,-1.321304440498352,-1.122169852256775,-0.9626770615577698,-1.3249731063842773,-1.195770502090454,-1.333253264427185,-1.3452939987182617,-1.2816756963729858,-1.13874089717865,-1.2813119888305664,-1.1417938470840454,-1.4640486240386963,-1.4423047304153442,-1.3935681581497192,-1.694103717803955,-1.2334016561508179,-1.4807000160217285,-1.8156226873397827,-1.056679129600525,-1.2195589542388916
5312.0,106.23900000000005,-26.6966346307096,303.457699872775,386.54597268844367,340803.03826182743,-26.59956815684305,303.5355288238205,386.5459900000001,340898.7794840002,7.657379939638043,5.763683913258454,0.0005435321627441,19200.000000000007,-0.0027246453762011,0.0029014621120167,1.7311556659219836e-05,0.0,7.5468803965678735,11.600648592764278,5.81569105098504,-18.131884746013533,-0.0034085764961766,1.2240632614932294,19199.998580467985,-29.954725215439545,0.002,-3.461121028166767,-1.6098955212607258,-0.9377027776001132,6.0,10.0,180.0,-1.3642235283067383,-5.520975300641434,-0.1088682241648058,-3.265422182735881,702.4382698055432,-265.3380309666212,166.93643237369906,752.0110667404324,584.4750000000001,-1.3642235283067383,-1.2380489110946655,-1.348602533340454,-1.1301437616348267,-1.474149227142334,-1.5107817649841309,-1.4607484340667725,-1.1712889671325684,-1.1127327680587769,-1.198726773262024,-1.4721413850784302,-1.3784918785095215,-1.4535796642303467,-1.352897047996521,-1.3341939449310303,-1.1544815301895142,-1.263498306274414,-1.5441988706588745,-1.373867392539978,-1.3816736936569214,-1.0474435091018677,-1.3552234172821045,-1.1136133670806885,-0.9742866158485413,-1.3344733715057373,-1.209598422050476,-1.3461028337478638,-1.37700355052948,-1.3012776374816895,-1.140068531036377,-1.2939331531524658,-1.212524652481079,-1.469510793685913,-1.4489374160766602,-1.4427381753921509,-1.7284696102142334,-1.226028561592102,-1.4888403415679932,-1.8507353067398071,-1.0000243186950684,-1.3019465208053589
5313.0,106.25900000000004,-26.54283538570201,303.5715465456109,386.5459514509679,341187.0390124506,-26.44246637322508,303.6458653545928,386.5459900000001,341282.7794840002,7.885876195527848,5.47458892384469,0.0012921437643746,19200.000000000007,-0.0022250047652141,0.0032778211510197,3.85490321673484e-05,0.0,7.8398342711780415,11.599462798929505,5.56301844644391,-18.31237986411754,-0.015863941951428,0.9618922524798248,19199.894631681065,-81.56451876584667,0.002,-3.434623087171885,-1.7528768410867055,-0.9322689217945966,6.0,10.0,180.0,-1.4008686406321422,-5.523395720003451,-0.1064349894051008,-3.247975909057247,692.5086349027715,-292.4925154833106,167.11971618684953,752.8640333702162,577.0500000000001,-1.4008686406321422,-1.2372052669525146,-1.3549168109893799,-1.140367031097412,-1.4750385284423828,-1.5062427520751953,-1.4656740427017212,-1.1742143630981445,-1.1253727674484253,-1.2073321342468262,-1.4630128145217896,-1.380340814590454,-1.4577150344848633,-1.361360788345337,-1.340896725654602,-1.1686897277832031,-1.2682523727416992,-1.533443808555603,-1.3749759197235107,-1.3868169784545898,-1.0486865043640137,-1.3565022945404053,-1.1157264709472656,-0.9807677865028381,-1.3435170650482178,-1.2177085876464844,-1.3613569736480713,-1.3824148178100586,-1.314928650856018,-1.1514832973480225,-1.3028969764709473,-1.129436731338501,-1.4647457599639893,-1.447678565979004,-1.441572666168213,-1.8132206201553345,-1.2161093950271606,-1.4846768379211426,-1.855891466140747,-0.955870509147644,-1.3579331636428833
5314.0,106.27900000000004,-26.384039298414592,303.6800290529544,386.5459655822203,341571.03803939145,-26.28124458554793,303.75008947790536,386.5459900000001,341666.7794840001,8.078455332799617,5.15612352012186,0.0008127511675182,19200.000000000007,-0.0024508008439925,0.0030103446237567,2.441777907142244e-05,0.0,8.028088801303813,8.543489048769052,5.278074087464441,-15.01149735556504,-0.003416999730798,1.2263266188675082,19199.94771476833,-47.31670746586434,0.002,-3.3086258996439706,-1.8448299904390504,-0.95789197812321,6.0,10.0,180.0,-1.333503386069414,-5.454066032430349,-0.1049916870107555,-3.272505604818889,681.5648174513858,-318.1317577416553,167.18885809342476,753.2310166851081,575.9250000000002,-1.333503386069414,-1.214867353439331,-1.3371659517288208,-1.1223289966583252,-1.4520808458328247,-1.485056757926941,-1.4441286325454712,-1.1723895072937012,-1.1185227632522583,-1.1999866962432861,-1.4314792156219482,-1.3607792854309082,-1.4345927238464355,-1.3469109535217285,-1.323319673538208,-1.1745727062225342,-1.2513413429260254,-1.5265257358551025,-1.3441739082336426,-1.369856834411621,-1.043161392211914,-1.3331916332244873,-1.1110748052597046,-0.9747447371482849,-1.3286499977111816,-1.2055363655090332,-1.3480134010314941,-1.361506462097168,-1.3029025793075562,-1.143972396850586,-1.29164457321167,-0.9406838417053223,-1.4353841543197632,-1.4185866117477417,-1.4062896966934204,-1.8892136812210083,-1.2030524015426636,-1.459035873413086,-1.8256429433822632,-0.9294322729110718,-1.407647967338562
5315.0,106.29900000000002,-26.22154108599446,303.7823205108656,386.5459284665359,341955.04087744857,-26.116140490726288,303.8480468934125,386.5459900000001,342050.7794840001,8.27018414710082,4.830993106538016,0.002047358449759,19200.000000000007,-0.0023416235665077,0.0027664086226514,6.15334622102473e-05,0.0,8.22633584993154,6.7686272134963446,4.911609206846836,-20.013012855776623,-0.0005165667805724,4.8888554552035375,19199.88020726921,0.0169171423476541,0.002,-3.154775292724916,-1.944473714882165,-0.9430040769174364,6.0,10.0,180.0,-1.3612988915372497,-5.395958066644125,-0.0996375692653968,-3.243800870215826,667.8314087256929,-345.3243788708277,167.11192904671236,752.984008342554,576.2250000000001,-1.3612988915372497,-1.2033131122589111,-1.3222572803497314,-1.1413147449493408,-1.4429748058319092,-1.4700130224227905,-1.4452537298202515,-1.1705106496810913,-1.1204944849014282,-1.197628378868103,-1.4028915166854858,-1.3510369062423706,-1.4249494075775146,-1.3404946327209473,-1.3128700256347656,-1.1548383235931396,-1.2306206226348877,-1.492064118385315,-1.3598928451538086,-1.3627336025238037,-1.0412139892578125,-1.3417987823486328,-1.1060372591018677,-0.9782248139381409,-1.321981430053711,-1.2094253301620483,-1.3485867977142334,-1.3732575178146362,-1.318819522857666,-1.1576945781707764,-1.315108299255371,-1.033866286277771,-1.4162284135818481,-1.3981232643127441,-1.4186137914657593,-1.8018218278884888,-1.1730419397354126,-1.4421160221099854,-1.8169621229171753,-0.8350863456726074,-1.4848530292510986
5316.0,106.31900000000005,-26.054978483013265,303.8775729294828,386.54594854674326,342339.0364418891,-25.947397491547747,303.9395939991633,386.5459900000001,342434.7794840002,8.440708136325705,4.522920687723691,0.0013836908194078,19200.000000000007,-0.0024988378236528,0.0032437023446908,4.1453264886696505e-05,0.0,8.425557066550848,8.300445636974858,4.617901205472011,-4.943819768271467,0.0258862257525138,-0.8006553833747141,19199.775715274776,38.70980963458472,0.002,-3.1332219055593744,-2.0786125799080217,-0.917536218886392,6.0,10.0,180.0,-1.24656719257924,-5.352991494412435,-0.0927918635614898,-3.2889601625755667,654.4297043628465,-370.9601894354138,167.18696452335618,753.3890041712771,574.8000000000001,-1.24656719257924,-1.194158911705017,-1.330641508102417,-1.090670108795166,-1.4087271690368652,-1.462304949760437,-1.413855791091919,-1.1705362796783447,-1.1277964115142822,-1.1969335079193115,-1.3972233533859253,-1.3388323783874512,-1.4058246612548828,-1.3376253843307495,-1.3082962036132812,-1.2016746997833252,-1.245439052581787,-1.5095348358154297,-1.2829147577285767,-1.3535113334655762,-1.038769245147705,-1.3122551441192627,-1.1124546527862549,-0.9796237349510193,-1.3215713500976562,-1.1878881454467773,-1.3474600315093994,-1.324004054069519,-1.2809882164001465,-1.1294851303100586,-1.2623684406280518,-0.5339376330375671,-1.3947359323501587,-1.3863245248794556,-1.3371378183364868,-2.1131083965301514,-1.1952229738235474,-1.421724796295166,-1.7901023626327515,-0.950141191482544,-1.432136058807373
5317.0,106.33900000000004,-25.8849977478346,303.9667505572096,386.5459993408821,342723.0386304001,-25.77526418981146,304.0245953957357,386.5459900000001,342818.7794840002,8.60314663837089,4.195524929965085,-0.0003114986337492,19200.000000000007,-0.0025215786152351,0.0033368797982996,-9.340837520836644e-06,0.0,8.544176943740434,1.9558783477787696,4.27371916479966,-16.36300369366895,0.0021837241626485,-0.0570491641658069,19200.238026557952,107.31760884677252,0.002,-3.1024202589991914,-2.183834720810293,-0.9388487200892316,6.0,10.0,180.0,-1.264239983500611,-5.313979300972187,-0.095204137296334,-3.2586634211772703,639.0068521814233,-395.5475947177069,166.99398226167807,752.6500020856386,575.1000000000001,-1.264239983500611,-1.1633005142211914,-1.2846004962921143,-1.1216986179351807,-1.386608600616455,-1.409122109413147,-1.409104585647583,-1.1544008255004883,-1.1205520629882812,-1.181044578552246,-1.3336344957351685,-1.3058820962905884,-1.3781790733337402,-1.308342456817627,-1.27567720413208,-1.1583852767944336,-1.1948206424713135,-1.4482311010360718,-1.3170108795166016,-1.321847915649414,-1.0304608345031738,-1.3040801286697388,-1.1061115264892578,-0.9726371169090271,-1.2976692914962769,-1.1856331825256348,-1.3341501951217651,-1.3284966945648193,-1.3035236597061157,-1.1509287357330322,-1.3057621717453003,-0.7654656767845154,-1.3568650484085083,-1.3436591625213623,-1.3382645845413208,-1.8241912126541138,-1.1351279020309448,-1.3847851753234863,-1.7451776266098022,-0.7776147127151489,-1.5178987979888916
5318.0,106.35900000000004,-25.71253240651733,304.0491908522192,386.54597464213447,343107.0459095899,-25.599994682981524,304.1029255891105,386.5459900000001,343202.7794840002,8.780023884548886,3.8670030712509735,0.0005115620086718,19200.000000000007,-0.001727116188641,0.0035765796539175,1.5357796949166167e-05,0.0,8.718752609187039,12.505993867993556,3.96851772915677,-12.699104517747417,-0.0075316139239448,-1.4067486509969456,19200.135249186234,-85.8692810202663,0.002,-3.1001884463557654,-2.33062719640787,-0.9281441247727884,6.0,10.0,180.0,-1.2608454369119697,-5.353015641272272,-0.0981158990732408,-3.2083815534719875,623.9209260907116,-419.26579735885343,167.00699113083903,752.7935010428193,573.6750000000002,-1.2608454369119697,-1.2046303749084473,-1.3464841842651367,-1.1449236869812012,-1.4125070571899414,-1.461146593093872,-1.4388824701309204,-1.1732956171035767,-1.166797399520874,-1.2123255729675293,-1.3841564655303955,-1.3435055017471313,-1.4178266525268555,-1.3526675701141357,-1.3180644512176514,-1.1919050216674805,-1.247312307357788,-1.409271240234375,-1.3361440896987915,-1.3621101379394531,-1.046345829963684,-1.3453465700149536,-1.1142264604568481,-0.996002733707428,-1.3436025381088257,-1.2009334564208984,-1.3838776350021362,-1.3543065786361694,-1.3243290185928345,-1.1657823324203491,-1.3031147718429565,-0.6598665714263916,-1.3895092010498047,-1.3914448022842407,-1.363038182258606,-2.016732692718506,-1.1595218181610107,-1.4121644496917725,-1.8036459684371948,-0.8465351462364197,-1.4544305801391602
5319.0,106.37900000000003,-25.53620802021105,304.1249268731784,386.5460116140041,343491.0402636484,-25.421847073220853,304.17446997814136,386.5459900000001,343586.7794840001,8.916777464064282,3.5326765637818447,-0.0007178255057968,19200.000000000007,-0.0017454924048752,0.003808243277832,-2.161427049941798e-05,0.0,8.865494230719259,4.217400648625312,3.643073682363968,-12.50457430949427,0.0085518941168854,-3.1679319032342725,19199.758736270065,98.64512670089836,0.002,-2.988022267889914,-2.56711790175465,-0.9629755817178792,6.0,10.0,180.0,-1.2515054609817091,-5.355369163484415,-0.0956848303393105,-3.2473593691719054,608.0529630453558,-442.3738986794267,167.03699556541952,753.0122505214097,581.3250000000002,-1.2515054609817091,-1.1593186855316162,-1.287337064743042,-1.1230891942977905,-1.3559988737106323,-1.3880574703216553,-1.3948161602020264,-1.1545861959457397,-1.1457585096359253,-1.1879198551177979,-1.3082177639007568,-1.2887990474700928,-1.3596388101577759,-1.303945541381836,-1.2654242515563965,-1.1662101745605469,-1.188389539718628,-1.3883813619613647,-1.2992088794708252,-1.3095989227294922,-1.0313751697540283,-1.3063595294952393,-1.1128534078598022,-0.9819203019142151,-1.3044321537017822,-1.1761069297790527,-1.3474124670028687,-1.3135031461715698,-1.3046257495880127,-1.1557832956314087,-1.303900957107544,-0.5567351579666138,-1.325653314590454,-1.3232661485671997,-1.2935177087783813,-1.8742870092391968,-1.116869568824768,-1.3528318405151367,-1.7184690237045288,-0.7786781191825867,-1.4823968410491943
5320.0,106.39900000000004,-25.357485611334777,304.19431108220374,386.54597466832905,343875.04008516,-25.24108436314476,304.23912175250246,386.5459900000001,343970.7794840002,9.053251226563294,3.1775771221317326,0.000514044861727,19200.000000000007,-0.0013751906244113,0.0035670149641534,1.533198201946834e-05,0.0,9.033983486914456,13.795014832074532,3.2841713241489807,-19.46308638170836,-0.0080649407663855,-2.1378023127463583,19200.051869194507,-21.48199191544869,0.002,-2.7214285622998062,-2.698504012599575,-0.9641016101318368,6.0,10.0,180.0,-1.2304342655571106,-5.276408393976192,-0.0957046194810803,-3.260178626488949,590.8344815226778,-466.11744933971335,167.16699778270976,753.6661252607048,579.8250000000002,-1.2304342655571106,-1.2018115520477295,-1.3407800197601318,-1.1869746446609497,-1.391363501548767,-1.439046025276184,-1.4374746084213257,-1.1703300476074219,-1.1994065046310425,-1.2210912704467773,-1.3472769260406494,-1.3276379108428955,-1.4070771932601929,-1.347696304321289,-1.3073961734771729,-1.1715303659439087,-1.2262967824935913,-1.243110179901123,-1.369119644165039,-1.350416660308838,-1.0482854843139648,-1.3686867952346802,-1.1163240671157837,-1.009499192237854,-1.351316213607788,-1.2109628915786743,-1.4028209447860718,-1.3693643808364868,-1.3579151630401611,-1.2008217573165894,-1.3425263166427612,-0.8003643751144409,-1.362867832183838,-1.3719031810760498,-1.3613251447677612,-1.8786799907684326,-1.115636944770813,-1.382990837097168,-1.7871111631393433,-0.747559130191803,-1.4651743173599243
5321.0,106.41900000000004,-25.175379927206865,304.25653576260595,386.545913402652,344259.03694604,-25.05797285109302,304.29678671294977,386.5459900000001,344354.7794840002,9.147613752541972,2.8257374833167,0.0025578965360983,19200.000000000007,-0.0018658655470413,0.0035590112003217,7.659873663909591e-05,0.0,9.12230076271278,2.1326088882951764,2.944337476134588,-19.11381742233344,-0.010508317048553,2.624594508664391,19199.89651189028,73.05126381959306,0.002,-2.5875941569736987,-2.4493019660119297,-0.9397622860041218,6.0,10.0,180.0,-1.187437904231352,-5.247756170829185,-0.0888671655984907,-3.293542048615224,572.631740761339,-488.1607246698567,167.12049889135488,753.5620626303523,578.1000000000001,-1.187437904231352,-1.128273606300354,-1.2584917545318604,-1.1452890634536743,-1.3174474239349365,-1.3302502632141113,-1.3579370975494385,-1.134446382522583,-1.145521640777588,-1.174943447113037,-1.2551875114440918,-1.2613705396652222,-1.3312538862228394,-1.2819733619689941,-1.2369471788406372,-1.130918264389038,-1.145684838294983,-1.2546014785766602,-1.307370662689209,-1.286979079246521,-1.0238076448440552,-1.3215535879135132,-1.101231575012207,-0.9840753674507141,-1.2840814590454102,-1.1724414825439453,-1.3390389680862427,-1.318969488143921,-1.3226048946380615,-1.1749378442764282,-1.3274096250534058,-0.7368041276931763,-1.283240795135498,-1.277923822402954,-1.3001765012741089,-1.7820736169815063,-1.0608726739883423,-1.3116436004638672,-1.6920582056045532,-0.619671642780304,-1.605747938156128
5322.0,106.43900000000004,-24.99185431542736,304.3111792801889,386.5459709712448,344643.03171330533,-24.87278263551493,304.3473792715822,386.5459900000001,344738.7794840002,9.25621486412113,2.488676190794169,0.0006376927605842,19200.000000000007,-0.0015218648872739,0.0041142595232532,1.9029727609943576e-05,0.0,9.256121787606393,9.16254097919781,2.525634596058917,-17.029136409929187,0.0002582369005421,-5.375648782444934,19199.82564898602,-47.1291881443556,0.002,-2.5588037417841485,-2.776302661366849,-0.9720522048235593,6.0,10.0,180.0,-1.1454846083610686,-5.292525068586987,-0.0839690165517799,-3.3407658050814626,551.7563703806695,-511.71986233492834,167.13424944567743,753.7285313151762,576.3750000000001,-1.1454846083610686,-1.1465882062911987,-1.291907548904419,-1.1653404235839844,-1.318543553352356,-1.3550238609313965,-1.378445029258728,-1.146600604057312,-1.1890077590942383,-1.192586898803711,-1.2668155431747437,-1.2726044654846191,-1.3490296602249146,-1.3030776977539062,-1.258699655532837,-1.1604230403900146,-1.1779255867004395,-1.171701431274414,-1.3203480243682861,-1.2986419200897217,-1.0354758501052856,-1.3310823440551758,-1.1110502481460571,-0.9948301911354065,-1.3132574558258057,-1.1751093864440918,-1.3738081455230713,-1.3165234327316284,-1.3404474258422852,-1.186821699142456,-1.3279435634613037,-0.6267472505569458,-1.294619083404541,-1.304573655128479,-1.2832605838775635,-1.8431665897369385,-1.0667524337768555,-1.3148390054702759,-1.7074432373046875,-0.6703954339027405,-1.5175507068634033
5323.0,106.45900000000005,-24.806297283281573,304.3591498998511,386.5459385710695,345027.0287049457,-24.685786416491204,304.390824831391,386.5459900000001,345122.7794840001,9.349504381717882,2.1339311838614434,0.0017185145827351,19200.000000000007,-0.001225777245764,0.0042428988057957,5.152811754391235e-05,0.0,9.292715366216164,7.199304794478505,2.274626266981167,-22.401544799830823,-0.0088171548943983,8.063621824022423,19200.237678937363,72.88812333835048,0.002,-2.431303720359501,-2.865529174503373,-0.951256342888107,6.0,10.0,180.0,-1.15236929954488,-5.3378754149333325,-0.0878770695167057,-3.3725431625492925,533.6991851903348,-530.2124311674642,167.0251247228387,753.3492656575881,581.0250000000002,-1.15236929954488,-1.1264742612838745,-1.268862247467041,-1.1731842756271362,-1.301355004310608,-1.3192639350891113,-1.3487093448638916,-1.128994345664978,-1.1693031787872314,-1.1791024208068848,-1.2447690963745117,-1.2576518058776855,-1.3254928588867188,-1.28334641456604,-1.2308356761932373,-1.1103428602218628,-1.1337554454803467,-1.1306382417678833,-1.324469804763794,-1.2874195575714111,-1.027489423751831,-1.3549705743789673,-1.0906964540481567,-0.9945463538169861,-1.2891221046447754,-1.1754902601242065,-1.351156234741211,-1.336422085762024,-1.3456299304962158,-1.19276762008667,-1.3386930227279663,-0.88523930311203,-1.266258716583252,-1.2652003765106201,-1.3231948614120483,-1.791521430015564,-1.0311566591262817,-1.2926158905029297,-1.7009795904159546,-0.5454621911048889,-1.6427109241485596
5324.0,106.47900000000004,-24.61885378775954,304.40058844021644,386.545925682923,345411.03830392414,-24.49726029555548,304.42705951828646,386.5459900000001,345506.7794840002,9.4230515376093,1.7549439971746186,0.0021444637332019,19200.000000000007,-0.0011065475952504,0.0037326023128205,6.431563531165822e-05,0.0,9.460215061274315,5.06348544750487,1.8737927687205016,-19.465939199254525,0.0024520933976545,2.187570069914266,19200.29148457009,-47.31655037226604,0.002,-2.2823299027882937,-2.8961484825335284,-0.9587195987900552,6.0,10.0,180.0,-1.087891073893669,-5.2555156879127605,-0.0791061976243571,-3.28433960396208,513.6330925951675,-551.3292155837321,167.29306236141937,754.5976328287941,579.3750000000001,-1.087891073893669,-1.100733757019043,-1.241808533668518,-1.1599233150482178,-1.2620787620544434,-1.2791204452514648,-1.3197335004806519,-1.1205099821090698,-1.169412612915039,-1.166504979133606,-1.2009243965148926,-1.2269234657287598,-1.2954907417297363,-1.2608919143676758,-1.2085248231887817,-1.115869164466858,-1.1149061918258667,-1.122780442237854,-1.2926530838012695,-1.2578818798065186,-1.0201160907745361,-1.3279412984848022,-1.0941295623779297,-0.9866083264350891,-1.2745237350463867,-1.1546251773834229,-1.3424861431121826,-1.3022652864456177,-1.3348000049591064,-1.1850457191467285,-1.3261709213256836,-0.7127517461776733,-1.2320330142974854,-1.2347956895828247,-1.2626055479049683,-1.769843339920044,-1.010928988456726,-1.2564902305603027,-1.6541942358016968,-0.5400415658950806,-1.627947211265564
5325.0,106.49900000000002,-24.42999591866345,304.4343990229131,386.5459245277051,345795.0366044312,-24.30748207854732,304.4560295078214,386.5459900000001,345890.7794840002,9.483271948267078,1.3867920467907282,0.002178924772269,19200.000000000007,-0.0009684946730898,0.0036195486762269,6.547187033630999e-05,0.0,9.438973313119266,1.217846903976624,1.4929590994310613,-22.768717854005835,0.0088064510699176,4.94356717164599,19199.51990504707,-25.72899878487176,0.002,-2.2000151589203925,-3.055132724069002,-0.9615335740985428,6.0,10.0,180.0,-1.092291661010074,-5.166550740057857,-0.0791200938731234,-3.2956435388348018,490.8450462975837,-570.472107791866,167.0605311807097,753.703816414397,577.6500000000001,-1.092291661010074,-1.059752345085144,-1.2012066841125488,-1.1553517580032349,-1.220719337463379,-1.2237796783447266,-1.270263671875,-1.0955018997192383,-1.1490824222564697,-1.137711524963379,-1.1494204998016357,-1.1918855905532837,-1.2574782371520996,-1.2259371280670166,-1.1703145503997803,-1.0795129537582397,-1.0685129165649414,-1.137465238571167,-1.2782235145568848,-1.2238636016845703,-1.0042245388031006,-1.3113341331481934,-1.0800014734268188,-0.9737673401832581,-1.2414369583129883,-1.136633276939392,-1.3150326013565063,-1.280185580253601,-1.325975775718689,-1.1807469129562378,-1.3224362134933472,-0.857789933681488,-1.1910080909729004,-1.188385009765625,-1.2457165718078613,-1.6816463470458984,-0.9704317450523376,-1.2162145376205444,-1.6110680103302002,-0.43894636631011963,-1.70365309715271
5326.0,106.51900000000003,-24.24021156347425,304.4605661610115,386.5460261822236,346179.037312744,-24.116731375947005,304.4776926497565,386.5459900000001,346274.7794840001,9.53706301880623,1.0288696808615567,-0.0012016014360848,19200.000000000007,-0.0006026397207931,0.0038694135981136,-3.618196411792325e-05,0.0,9.557650874376233,2.442959626777583,1.1440367982653148,-12.022539849991135,0.0066085379314374,-5.737626941704147,19200.806205993813,12.9518324421839,0.002,-2.0846691752709097,-3.1931747275772744,-0.9712334767570876,6.0,10.0,180.0,-1.0346913565408484,-5.148244251867047,-0.0830280151994731,-3.302824413056632,469.3945231487919,-589.3520538959331,167.23376559035484,754.5419082071985,574.7250000000001,-1.0346913565408484,-1.0422444343566895,-1.1657637357711792,-1.120195984840393,-1.182073950767517,-1.201968789100647,-1.2346845865249634,-1.097240686416626,-1.1566112041473389,-1.13241708278656,-1.1265592575073242,-1.1667389869689941,-1.231732964515686,-1.2119531631469727,-1.157783031463623,-1.1156412363052368,-1.0748443603515625,-1.1131865978240967,-1.2153301239013672,-1.1989243030548096,-1.0003199577331543,-1.2696751356124878,-1.088104486465454,-0.9671925902366638,-1.2375810146331787,-1.1060832738876343,-1.3121904134750366,-1.2216285467147827,-1.3004224300384521,-1.150932788848877,-1.2822343111038208,-0.4895913004875183,-1.1637673377990723,-1.1705923080444336,-1.1559714078903198,-1.7864948511123657,-0.9748731255531311,-1.1853379011154175,-1.5637545585632324,-0.5284150242805481,-1.6132497787475586
5327.0,106.53900000000004,-24.04896564266752,304.47991558176,386.5459410656414,346563.0425160226,-23.92529099552132,304.49197735058937,386.5459900000001,346658.7794840002,9.556921791838004,0.6453990489089956,0.0016309441419895,19200.000000000007,-0.0008246658263682,0.0036171521960538,4.893444918584002e-05,0.0,9.548840981145023,-4.636393209624432,0.7689621593708182,-22.824761657555253,0.0029137226400756,-3.348264725084233,19199.79167045641,-47.14875024083948,0.002,-2.040950376679004,-3.237100807046625,-0.959938501555062,6.0,10.0,180.0,-1.0063108239285028,-5.083349872576783,-0.0805745559583964,-3.254098081468593,445.978761574396,-606.8100269479665,167.12888279517742,754.1894541035992,573.0750000000002,-1.0063108239285028,-0.9927606582641602,-1.118011713027954,-1.138265609741211,-1.1410157680511475,-1.1319185495376587,-1.1816937923431396,-1.063281536102295,-1.1336174011230469,-1.0939387083053589,-1.0551676750183105,-1.119566798210144,-1.1874823570251465,-1.164228916168213,-1.108126163482666,-1.0518382787704468,-1.004767656326294,-1.196414589881897,-1.2298476696014404,-1.1525533199310303,-0.9724727869033813,-1.251391053199768,-1.0739229917526245,-0.9507203102111816,-1.206976294517517,-1.0965253114700317,-1.2749608755111694,-1.1990211009979248,-1.3030292987823486,-1.165919303894043,-1.3038127422332764,-0.827843189239502,-1.1150997877120972,-1.113442301750183,-1.149368166923523,-1.5689300298690796,-0.9090529084205627,-1.1355414390563965,-1.509324312210083,-0.3486778736114502,-1.7174161672592163
5328.0,106.55900000000004,-23.857680060712937,304.4911910074758,386.5460158575461,346947.0356567538,-23.73345174412247,304.49879440399764,386.5459900000001,347042.77948400006,9.580816493757858,0.3077607982834264,-0.0008590992458735,19200.000000000007,-0.0004974740589587,0.0039811410301369,-2.585759442395541e-05,0.0,9.591785891760562,0.1816768002076081,0.391291971318672,-16.976551977752592,0.0031421035776304,-3.23791977583262,19199.756938729017,8.555541034562657,0.002,-1.889259593661476,-3.364237837493575,-0.970406676093107,6.0,10.0,180.0,-0.9408603580501276,-5.099147293506761,-0.0810406223481873,-3.3094465418655035,422.12688078719793,-623.9030134739833,167.16044139758873,754.4202270517997,577.5750000000002,-0.9408603580501276,-0.991506040096283,-1.1182607412338257,-1.1261553764343262,-1.1237366199493408,-1.1323654651641846,-1.1711095571517944,-1.0641300678253174,-1.1448616981506348,-1.0959012508392334,-1.0554853677749634,-1.115913987159729,-1.1780738830566406,-1.1645207405090332,-1.1047111749649048,-1.0626115798950195,-1.0108376741409302,-1.1540982723236084,-1.2024364471435547,-1.149775743484497,-0.9775369167327881,-1.2583515644073486,-1.0695663690567017,-0.9526312947273254,-1.2074880599975586,-1.0834968090057373,-1.276816725730896,-1.1870923042297363,-1.2911133766174316,-1.1503400802612305,-1.2780264616012573,-0.660880982875824,-1.1041150093078613,-1.1091402769088745,-1.1287281513214111,-1.6494684219360352,-0.9132828116416931,-1.1237083673477173,-1.5064915418624878,-0.40293818712234497,-1.6681629419326782
5329.0,106.57900000000004,-23.666119838122693,304.49631230800594,386.5459509661507,347331.03434444696,-23.541459831536127,304.50021203876946,386.5459900000001,347426.7794840002,9.595948449035069,0.1153452189894865,0.0013039989794455,19200.000000000007,-0.0001425585880603,0.0033900253416149,3.903383896100381e-05,0.0,9.585698103029772,3.9041461635081527,0.1464490357691214,-7.508828897571898,-0.0139343929363498,5.6104730834415895,19199.48409217012,-85.9676199530571,0.002,-1.7553990288330243,-3.677787564927356,-1.0096218124127063,6.0,10.0,180.0,-1.0122917814870038,-5.113380362453278,-0.0844527334738375,-3.3360840863824768,401.7859403935989,-637.2945067369917,167.12272069879435,754.3351135258998,576.4500000000002,-1.0122917814870038,-0.9855142831802368,-1.1062262058258057,-1.0875864028930664,-1.1015809774398804,-1.1191202402114868,-1.13787043094635,-1.0596383810043335,-1.1292533874511719,-1.0934711694717407,-1.068399429321289,-1.1153695583343506,-1.1609926223754883,-1.1606688499450684,-1.0950665473937988,-1.0691487789154053,-1.0102804899215698,-1.0704721212387085,-1.1390706300735474,-1.1508852243423462,-0.9743836522102356,-1.2550994157791138,-1.0535690784454346,-0.9528346061706543,-1.188269853591919,-1.0701439380645752,-1.2633756399154663,-1.1818350553512573,-1.263118028640747,-1.1179978847503662,-1.2341737747192383,-0.608595609664917,-1.08920156955719,-1.0916355848312378,-1.126199722290039,-1.8402738571166992,-0.9248801469802856,-1.1150367259979248,-1.5114768743515015,-0.4432216286659241,-1.7064274549484253
5330.0,106.59900000000005,-23.47385549105621,304.49880016752616,386.54592800071146,347715.02825337724,-23.34944956126293,304.5000362014739,386.5459900000001,347810.7794840002,9.586866339726834,0.0399361156962104,0.0020339115427738,19200.000000000007,-0.0003991118823742,0.0013680158386816,6.199929052470016e-05,0.0,9.599380631324284,-4.700902514933157,0.0947032235427121,-4.206516325136898,-0.0048349342928687,4.086298227628053,19199.65744233456,-21.47084081197844,0.002,-1.5937532026705723,-3.3936809116212645,-0.9836023373852818,6.0,10.0,180.0,-0.8892930809589557,-5.055770098162995,-0.0790975371222068,-3.388908469953362,390.0679701967995,-645.1682533684959,167.1583603493972,754.5310567629499,575.4750000000001,-0.8892930809589557,-0.9431729316711426,-1.0463207960128784,-1.046121597290039,-1.0553295612335205,-1.0551397800445557,-1.0608431100845337,-1.03690505027771,-1.0888662338256836,-1.0588557720184326,-1.0043785572052002,-1.0579242706298828,-1.0988268852233887,-1.1058461666107178,-1.039251685142517,-1.0391566753387451,-0.9509763121604919,-1.1492083072662354,-1.0691440105438232,-1.0953342914581299,-0.9302911758422852,-1.2045537233352661,-1.0471642017364502,-0.9308140873908997,-1.1478476524353027,-1.0432071685791016,-1.2181411981582642,-1.1206755638122559,-1.2250709533691406,-1.0888818502426147,-1.2067147493362427,-0.5393416881561279,-1.0296180248260498,-1.0215269327163696,-1.0550798177719116,-1.7998647689819336,-0.8922229409217834,-1.0597642660140991,-1.4245723485946655,-0.38965919613838196,-1.7493071556091309
5331.0,106.61900000000004,-23.282157454221423,304.49967341795724,386.5459369773122,348099.0218809879,-23.157449023846723,304.5000107095929,386.5459900000001,348194.7794840001,9.596959917799785,0.0113161018038992,0.0017680025957292,19200.000000000007,-9.119219776535795e-05,0.0003404104032074,5.302268867388823e-05,0.0,9.60183219779508,0.3644181755150179,-0.007809185117503,-0.5534778720704988,0.0061283355852759,0.252792770917371,19199.948176145583,60.18949195445748,0.002,-1.6404245034773846,-3.188769437116736,-0.9434980433601357,6.0,10.0,180.0,-0.9336118584591327,-5.024889865183795,-0.0727553933867109,-3.4586577595898143,380.7529850983997,-651.135126684248,167.1836801746986,754.674028381475,579.9750000000001,-0.9336118584591327,-0.962081253528595,-1.065934181213379,-1.048635482788086,-1.0597947835922241,-1.0742411613464355,-1.0810718536376953,-1.0483440160751343,-1.111670732498169,-1.0719729661941528,-1.0240055322647095,-1.0672136545181274,-1.1090607643127441,-1.1193041801452637,-1.052459716796875,-1.0600634813308716,-0.9738427400588989,-1.0812819004058838,-1.0681970119476318,-1.1039930582046509,-0.947486162185669,-1.2096748352050781,-1.0537877082824707,-0.9357214570045471,-1.1617467403411865,-1.0444273948669434,-1.2354604005813599,-1.1199867725372314,-1.227823257446289,-1.0929638147354126,-1.2002876996994019,-0.6120808124542236,-1.0390028953552246,-1.038694143295288,-1.0435292720794678,-1.8623502254486084,-0.906925618648529,-1.0653963088989258,-1.433961272239685,-0.45759859681129456,-1.6624224185943604
5332.0,106.63900000000004,-23.090201343894016,304.4994316039954,386.546024920318,348483.0288691422,-22.965449005867644,304.5000102558788,386.5459900000001,348578.7794840002,9.59841891126656,0.0192787828867212,-0.0011637814853029,19200.000000000007,-4.757264816909646e-05,0.0005789181769647,-3.4920318959493086e-05,0.0,9.568806507333608,-2.749813493057499,-0.0198510194301621,1.95857402537118,0.0128975127557254,-1.642084472521414,19200.409400046978,77.34222718224282,0.002,-1.7346639968863675,-3.160901227639747,-0.9446241371661191,6.0,10.0,180.0,-0.8666003216989877,-5.081898634955133,-0.0737210957199679,-3.377627768591047,375.1489925491999,-653.968063342124,167.05684008734931,754.1495141907375,578.8500000000001,-0.8666003216989877,-0.9451012015342712,-1.041867971420288,-1.0271605253219604,-1.0407488346099854,-1.0537042617797852,-1.0494046211242676,-1.038012981414795,-1.095210313796997,-1.05657958984375,-0.9992173910140991,-1.0427736043930054,-1.0827407836914062,-1.0962663888931274,-1.0293970108032227,-1.0515623092651367,-0.9521616101264954,-1.1086013317108154,-1.0328590869903564,-1.0796830654144287,-0.92719566822052,-1.1819347143173218,-1.0512990951538086,-0.9234655499458313,-1.1434894800186157,-1.031200647354126,-1.215824007987976,-1.086866855621338,-1.2070173025131226,-1.0772738456726074,-1.1839501857757568,-0.6124268770217896,-1.014785885810852,-1.0107269287109375,-1.007922649383545,-1.8640812635421753,-0.8966047763824463,-1.0421339273452759,-1.3951486349105835,-0.44839906692504883,-1.6672272682189941
5333.0,106.65900000000003,-22.898745069372804,304.4994845991066,386.5460490769934,348867.0441276742,-22.77344899970161,304.50001003874434,386.5459900000001,348962.7794840002,9.616540914257795,0.0174869406268358,-0.0019677595168455,19200.000000000007,0.0004962644320571,0.0005256553539922,-5.907699484699562e-05,0.0,9.581294227284529,0.2488170025904748,0.0087657622169682,4.337341848614501,-0.0029507285384723,-2.9394265981765857,19200.632344246955,-98.77960191720688,0.002,-1.778774874625697,-3.2429108118576013,-0.960608967966334,6.0,10.0,180.0,-0.945196787817458,-5.107830849110313,-0.0834896448860106,-3.256091737256323,373.5229962745999,-654.9715316710619,167.04542004367465,754.1062570953687,577.8750000000001,-0.945196787817458,-0.9595227241516113,-1.0563678741455078,-1.0276789665222168,-1.0478838682174683,-1.0670795440673828,-1.0641067028045654,-1.0471465587615967,-1.1068432331085205,-1.0679885149002075,-1.0189858675003052,-1.0539946556091309,-1.0943946838378906,-1.109104871749878,-1.0424774885177612,-1.068692684173584,-0.9710298776626587,-1.061923861503601,-1.0321481227874756,-1.0906901359558105,-0.9395474791526794,-1.1863950490951538,-1.0561453104019165,-0.9286901354789734,-1.1529262065887451,-1.0349509716033936,-1.2296096086502075,-1.0925627946853638,-1.2092680931091309,-1.0799157619476318,-1.1807334423065186,-0.7113258242607117,-1.0258522033691406,-1.025417447090149,-1.0099265575408936,-1.9380069971084595,-0.9089688658714294,-1.0516822338104248,-1.4091607332229614,-0.4848065972328186,-1.6334574222564697
5334.0,106.67900000000002,-22.706920952507936,304.49972974763944,386.5460351914418,349251.0463857217,-22.58144899950877,304.50000999347054,386.5459900000001,349346.7794840002,9.622403172116694,0.0093425465845531,-0.0015474988275083,19200.000000000007,0.0006721519393909,0.0002802634715784,-4.519142839156753e-05,0.0,9.585709553683008,1.399548827646732,0.0309970121695298,6.53130952855085,-0.0004633131585843,-2.251475256245536,19200.06800130422,102.89002532815871,0.002,-1.7711653219490031,-3.443459311271126,-0.9680314363462786,6.0,10.0,180.0,-0.9579326465737832,-5.108430213034188,-0.0854556744109896,-3.21969466563021,373.5439981372999,-655.0942658355309,167.05971002183733,754.1671285476843,576.9000000000001,-0.9579326465737832,-0.9649399518966675,-1.0595592260360718,-1.0213072299957275,-1.0488841533660889,-1.0708410739898682,-1.0671963691711426,-1.0508145093917847,-1.1076350212097168,-1.0723648071289062,-1.0289841890335083,-1.059161901473999,-1.0975639820098877,-1.113939642906189,-1.0472609996795654,-1.0768542289733887,-0.9787548780441284,-1.0277057886123657,-1.0222419500350952,-1.0958425998687744,-0.9429222345352173,-1.1866238117218018,-1.0571645498275757,-0.9302106499671936,-1.1536850929260254,-1.0358507633209229,-1.2331372499465942,-1.0945680141448975,-1.2060506343841553,-1.0774812698364258,-1.1739165782928467,-0.7877576947212219,-1.0297787189483643,-1.0293525457382202,-1.0109678506851196,-1.9922780990600586,-0.9172650575637817,-1.0562385320663452,-1.415796160697937,-0.5050972700119019,-1.6306860446929932
5335.0,106.69900000000004,-22.51483712151025,304.5002267367545,386.5460547007264,349635.0475024967,-22.389449000024047,304.50000999919695,386.5459900000001,349730.7794840002,9.619609544509476,-0.0072228039823402,-0.0021867665350889,19200.000000000007,0.0005883235638075,-0.0002167407343304,-6.470068712683677e-05,0.0,9.615003279242838,4.645104616429124,0.0359080599172871,-4.163131456668295,0.0029375226565313,-3.849929135491784,19199.98362836184,-42.92545953752919,0.002,-1.7445042028128572,-3.4230074023080026,-0.965958011784486,6.0,10.0,180.0,-0.9556058564533,-5.065516098527117,-0.0879011724455887,-3.2186814804271178,374.19099906864994,-655.3986329177654,167.18985501091868,754.7245642738421,575.2500000000001,-0.9556058564533,-0.981377899646759,-1.101393461227417,-1.0807642936706543,-1.0796878337860107,-1.1042759418487549,-1.1177510023117065,-1.0603411197662354,-1.140962839126587,-1.0902961492538452,-1.045669674873352,-1.0837270021438599,-1.135084629058838,-1.1399364471435547,-1.0748690366744995,-1.0737707614898682,-0.9971896409988403,-1.0907708406448364,-1.1112210750579834,-1.1199232339859009,-0.9661437273025513,-1.2287521362304688,-1.0610626935958862,-0.9475045800209045,-1.1870654821395874,-1.0595730543136597,-1.2630627155303955,-1.1395416259765625,-1.2538739442825317,-1.1144130229949951,-1.2216556072235107,-0.704273521900177,-1.060668706893921,-1.0658224821090698,-1.0653636455535889,-1.8905179500579834,-0.9065600037574768,-1.0798571109771729,-1.4579781293869019,-0.44288891553878784,-1.6276001930236816
5336.0,106.71900000000002,-22.32231224694537,304.50040977336363,386.5460076106612,350019.04353535257,-22.197449000011886,304.5000099999943,386.5459900000001,350114.7794840001,9.602123258542186,-0.0133287712302977,-0.0006213439045272,19200.000000000007,6.374855418917503e-05,-0.0003997733647874,-1.7610775871413065e-05,0.0,9.607911198096977,-3.174956443098959,-0.0053609758599301,-3.956397092691936,-0.0097778588707946,-1.224473466609483,19199.99952072693,103.11118669748636,0.002,-1.6987351542960814,-3.368708100131621,-0.9498265088913852,6.0,10.0,180.0,-0.8985551138047558,-5.004920789863149,-0.0898565878195789,-3.2581801207879755,372.99549953432495,-656.2723164588826,167.22492750545933,754.8792821369211,572.325,-0.8985551138047558,-0.9427006840705872,-1.053166151046753,-1.0520126819610596,-1.0489836931228638,-1.0538264513015747,-1.0579830408096313,-1.0366370677947998,-1.1009851694107056,-1.0594723224639893,-0.9963977932929993,-1.0464529991149902,-1.0924766063690186,-1.1003568172454834,-1.0344460010528564,-1.044044017791748,-0.949664831161499,-1.1584376096725464,-1.0669169425964355,-1.0837883949279785,-0.9298800826072693,-1.194757342338562,-1.0506430864334106,-0.9286696314811707,-1.152180552482605,-1.040623664855957,-1.2225667238235474,-1.1018123626708984,-1.2266736030578613,-1.0913962125778198,-1.2055833339691162,-0.6036337018013,-1.020482063293457,-1.0156630277633667,-1.0331438779830933,-1.8327651023864746,-0.8812153935432434,-1.0453537702560425,-1.4061321020126343,-0.3779229521751404,-1.711403727531433
5337.0,106.73900000000005,-22.130592563500816,304.5002623681088,386.545961911335,350403.0455820263,-22.005448999998883,304.5000099999996,386.5459900000001,350498.7794840001,9.611459606870586,-0.0084160253215001,0.0009044659918416,19200.000000000007,0.0003438641060293,-0.0002523683884609,2.80884230097022e-05,0.0,9.58907232604504,4.51836274920286,-0.0061087886881238,-0.2419384227124862,-0.0026841772406065,4.706982031554139,19200.340728070936,-21.39392052939568,0.002,-1.6946800546968042,-3.403564860545961,-0.9477837099446544,6.0,10.0,180.0,-0.9404967787080264,-4.978917352440504,-0.0888765312373899,-3.2433176490997893,372.0662497671625,-656.5046582294412,167.16246375272965,754.6151410684606,555.6750000000001,-0.9404967787080264,-0.9669315814971924,-1.0913445949554443,-1.053463101387024,-1.0663403272628784,-1.081050157546997,-1.0860399007797241,-1.0489965677261353,-1.1134685277938843,-1.082953691482544,-1.0549168586730957,-1.0931984186172485,-1.134033203125,-1.1417357921600342,-1.0774304866790771,-1.0856044292449951,-1.00162935256958,-1.0754408836364746,-1.0666193962097168,-1.1283636093139648,-0.9588099718093872,-1.2173621654510498,-1.0482165813446045,-0.9448530077934265,-1.1658129692077637,-1.055100440979004,-1.250627040863037,-1.144216775894165,-1.233231544494629,-1.0938713550567627,-1.1945970058441162,-0.7906979918479919,-1.0625238418579102,-1.0592230558395386,-1.0910290479660034,-2.0673553943634033,-0.9145583510398865,-1.0873358249664307,-1.479858636856079,-0.41112464666366577,-1.772784948348999
5338.0,106.75900000000004,-21.938623008984347,304.5001982989328,386.5459904514121,350787.0468269939,-21.813448999999217,304.50001,386.5459900000001,350882.7794840002,9.612473497425846,-0.0063049789779426,-1.2823470756988774e-05,19200.000000000007,0.0003742100572161,-0.0001882989551191,-4.5086816066103643e-07,0.0,9.594020341940563,0.6679597669508816,0.0051103126975406,-3.301434645374244,-0.0043789958525754,2.3811150061798343,19199.928836818646,-21.50972911216551,0.002,-1.7460878263140438,-3.467057983106538,-0.9502517821577158,6.0,10.0,180.0,-0.9603940462748624,-4.965237917150727,-0.0942331056638391,-3.227409199772564,372.0671248835813,-656.4623291147207,167.15273187636484,754.5745705342304,548.3250000000002,-0.9603940462748624,-0.949578046798706,-1.0771350860595703,-1.0551291704177856,-1.0583198070526123,-1.0607635974884033,-1.0676814317703247,-1.039068341255188,-1.1029194593429565,-1.0703680515289307,-1.028849482536316,-1.077613353729248,-1.1226180791854858,-1.1271684169769287,-1.0651073455810547,-1.07655668258667,-0.9845857620239258,-1.1502009630203247,-1.0670034885406494,-1.112565517425537,-0.9453779458999634,-1.2008663415908813,-1.046377420425415,-0.937802255153656,-1.157600998878479,-1.0490213632583618,-1.2385166883468628,-1.1269859075546265,-1.231001615524292,-1.091691255569458,-1.2005157470703125,-0.7152910828590393,-1.05056631565094,-1.043813943862915,-1.0798267126083374,-2.018963098526001,-0.8963615894317627,-1.0740646123886108,-1.4579482078552246,-0.3535376787185669,-1.8162260055541992
5339.0,106.77900000000004,-21.746647807167363,304.5001739074282,386.54601391511335,351171.0469507291,-21.62144899999997,304.50001000000015,386.5459900000001,351266.7794840002,9.613300572110756,-0.0054582741499769,-0.0007924062080338,19200.000000000007,0.0003991050103004,-0.0001639071532967,-2.3913637066208543e-05,0.0,9.62134013686732,3.176404077138814,0.0073389603078244,2.4426807953842684,0.0070855653240555,0.0618869255358273,19199.99932004319,-43.01069918772793,0.002,-1.748100385185945,-3.455097122965664,-0.9529629165306094,6.0,10.0,180.0,-0.9222466871421702,-4.950206057455622,-0.093256781237247,-3.2310100859433817,372.58156244179065,-656.7121645573603,167.26236593818243,755.0437852671153,550.8000000000001,-0.9222466871421702,-0.9641919136047363,-1.081874966621399,-1.0413527488708496,-1.0597649812698364,-1.0713725090026855,-1.0740108489990234,-1.0488169193267822,-1.1111687421798706,-1.07980215549469,-1.0448973178863525,-1.0843465328216553,-1.1272406578063965,-1.1363842487335205,-1.0745158195495605,-1.0982248783111572,-1.003318428993225,-1.091902494430542,-1.0442808866500854,-1.1189978122711182,-0.953647792339325,-1.1950578689575195,-1.0530784130096436,-0.9392430782318115,-1.1621465682983398,-1.047706127166748,-1.2480463981628418,-1.1228855848312378,-1.2227344512939453,-1.0866689682006836,-1.1857025623321533,-0.7880280017852783,-1.0564230680465698,-1.0535856485366821,-1.061605453491211,-2.100360870361328,-0.9166989922523499,-1.079957365989685,-1.4617856740951538,-0.4294872581958771,-1.7600109577178955
5340.0,106.79900000000004,-21.55458239446376,304.50022450059186,386.5459872546398,351555.0434034572,-21.429449000000005,304.5000100000001,386.5459900000001,351650.7794840001,9.611119154878342,-0.0071498410687724,6.340665632998807e-05,19200.000000000007,0.0003334880017784,-0.0002145006070515,2.8460193743547723e-06,0.0,9.586184738630752,-2.6868941390529817,-0.014657030348785,-1.766581121789907,0.0014619789251697,2.0067496221830416,19199.845832464307,25.74864513913901,0.002,-1.7204554801907712,-3.4231524132489555,-0.9700808164207234,6.0,10.0,180.0,-0.9413447411032952,-4.924383385058444,-0.0962016496938617,-3.2587344049059155,371.5247812208953,-656.8600822786802,167.17018296909123,754.6513926335576,544.6500000000001,-0.9413447411032952,-0.9327801465988159,-1.0543792247772217,-1.0370731353759766,-1.0430047512054443,-1.0407042503356934,-1.038679599761963,-1.0288538932800293,-1.0851671695709229,-1.0563091039657593,-1.0069690942764282,-1.0604950189590454,-1.1032776832580566,-1.1098203659057617,-1.0484695434570312,-1.0710371732711792,-0.9676482677459717,-1.1791362762451172,-1.0376768112182617,-1.0953388214111328,-0.9278790950775146,-1.1779667139053345,-1.0426712036132812,-0.9278925061225891,-1.1411235332489014,-1.0370614528656006,-1.2206850051879883,-1.1052441596984863,-1.2140098810195923,-1.078055739402771,-1.1883347034454346,-0.6777023077011108,-1.0330828428268433,-1.0223270654678345,-1.056840181350708,-2.0172576904296875,-0.8888466954231262,-1.0585373640060425,-1.43207585811615,-0.3373987376689911,-1.8486721515655518
5341.0,106.81900000000005,-21.36273345512708,304.50007938074503,386.5460142400767,351939.04500542104,-21.237449000000005,304.50001000000003,386.5459900000001,352034.7794840002,9.61615332712555,-0.0023129827243074,-0.0008444944701693,19200.000000000007,0.0004846517374333,-6.938188060388658e-05,-2.424118482961914e-05,0.0,9.634260536692718,3.549966530193312,-0.0019758663927479,0.7244744892804279,-0.0009779040028063,-3.349409585620488,19200.256947053866,-29.969187821638933,0.002,-1.6622501568759125,-3.419265195456469,-0.9524812194472848,6.0,10.0,180.0,-0.9370362841955266,-4.92344630204432,-0.0976618288288909,-3.2536208927617216,372.1988906104476,-657.2395411393402,167.32509148454562,755.3126963167788,533.4000000000001,-0.9370362841955266,-0.9624093770980835,-1.091496467590332,-1.0503666400909424,-1.0641589164733887,-1.0696420669555664,-1.077081561088562,-1.0462454557418823,-1.115671157836914,-1.0812091827392578,-1.0465624332427979,-1.092468500137329,-1.1415458917617798,-1.1457358598709106,-1.0884408950805664,-1.1170368194580078,-1.0194101333618164,-1.1394827365875244,-1.0524868965148926,-1.1252386569976807,-0.9574871063232422,-1.1853057146072388,-1.0549445152282715,-0.9404565691947937,-1.167097568511963,-1.0505115985870361,-1.2559611797332764,-1.1210676431655884,-1.2279809713363647,-1.0898642539978027,-1.1908591985702515,-0.7774891257286072,-1.0690871477127075,-1.0670408010482788,-1.0701005458831787,-2.1577789783477783,-0.9154784083366394,-1.0884296894073486,-1.4748464822769165,-0.39718568325042725,-1.8070714473724365
5342.0,106.83900000000004,-21.170237116445985,304.5000110360852,386.5459706199058,352323.0457446796,-21.04544900000001,304.50001000000003,386.5459900000001,352418.7794840002,9.599609215279692,-3.9346299396311006e-05,0.0006452169136489,19200.000000000007,-1.1780651396456878e-05,-1.0374083859778015e-06,1.9378776473009e-05,0.0,9.58714687031956,-8.432608260239029,-0.006334506900309,-0.9085315858726638,0.000962461656277,-1.7752074806718483,19199.98042158894,-8.513889814639858,0.002,-1.7014614787220128,-3.406422691587886,-0.9576531572932208,6.0,10.0,180.0,-0.9238772708216706,-4.927349274791308,-0.094715571303836,-3.250014870214136,371.6319453052238,-656.9722705696702,167.20554574227282,754.8003481583894,528.0000000000001,-0.9238772708216706,-0.9048935174942017,-1.0232656002044678,-1.0153577327728271,-1.0226099491119385,-1.00728440284729,-0.9948859810829163,-1.0107535123825073,-1.059954285621643,-1.0347309112548828,-0.9733560085296631,-1.0354979038238525,-1.0800598859786987,-1.085935115814209,-1.0289126634597778,-1.0728185176849365,-0.9483463168144226,-1.2450053691864014,-0.9978039264678955,-1.0690927505493164,-0.8971771001815796,-1.133479356765747,-1.0394620895385742,-0.9086938500404358,-1.1186527013778687,-1.0217781066894531,-1.2006217241287231,-1.0645978450775146,-1.1906827688217163,-1.060960292816162,-1.1748428344726562,-0.6104102730751038,-1.0119439363479614,-0.9949394464492798,-1.0216128826141357,-2.0389163494110107,-0.8737604022026062,-1.0371837615966797,-1.39380943775177,-0.28661224246025085,-1.9242658615112305
5343.0,106.859,-20.978771343132767,304.50005073866777,386.5459699321793,352707.04781280167,-20.853449000000005,304.50001000000003,386.5459900000001,352802.7794840002,9.617419518316982,-0.0013572364436302,0.000671391085243,19200.000000000007,0.0005226471368806,-4.063837327024972e-05,2.0067616422300576e-05,0.0,9.60158483293286,3.787503070398229,-0.0058277560571411,-0.6736603049931916,-0.0058559626488636,1.5807166348333628,19200.11766006844,-12.936438429146476,0.002,-1.661249585038308,-3.363310575722544,-0.972352704441368,6.0,10.0,180.0,-0.9150784889512944,-4.926746021149402,-0.0947140261602428,-3.2248476545310254,371.5969726526119,-656.9946352848351,167.2057728711364,754.8026740791947,532.5000000000001,-0.9150784889512944,-0.95864337682724,-1.0930917263031006,-1.0523407459259033,-1.0640640258789062,-1.068079948425293,-1.0756561756134033,-1.0424610376358032,-1.1091217994689941,-1.0797147750854492,-1.0515491962432861,-1.097513198852539,-1.1430203914642334,-1.1466257572174072,-1.0879899263381958,-1.1081666946411133,-1.0152463912963867,-1.1354386806488037,-1.0577483177185059,-1.130333423614502,-0.956958532333374,-1.1964937448501587,-1.0480140447616577,-0.9426540732383728,-1.1633391380310059,-1.0536613464355469,-1.2528218030929565,-1.1356233358383179,-1.229996681213379,-1.0890684127807617,-1.1916844844818115,-0.7902127504348755,-1.070988416671753,-1.0660146474838257,-1.0939401388168335,-2.1629960536956787,-0.912847638130188,-1.0925060510635376,-1.487432837486267,-0.37016069889068604,-1.851220965385437
5344.0,106.87900000000003,-20.7866485064162,304.4999606338316,386.54599912577135,353091.05033857824,-20.66144900000223,304.50001000000003,386.5459900000001,353186.7794840002,9.61330192891641,0.0016405822307441,-0.0003362905328149,19200.000000000007,0.0003996073040889,4.936765026126112e-05,-9.125506616665082e-06,0.0,9.591556058518744,-2.9875869103448403,-0.0031876065974881,-2.0683742836078944,-0.0019437102742195,0.3119328644159914,19199.879413663373,-68.77927069892189,0.002,-1.664414770558611,-3.3079150573318987,-0.9513983681720104,6.0,10.0,180.0,-0.9297184916538642,-4.933527684520664,-0.0957015509622773,-3.218157907711562,371.5104863263059,-656.8403176424176,167.1643864355682,754.6253370395973,528.2250000000001,-0.9297184916538642,-0.9278748035430908,-1.0569541454315186,-1.0364904403686523,-1.0427886247634888,-1.0343868732452393,-1.0327340364456177,-1.0247071981430054,-1.0821037292480469,-1.0548869371414185,-1.0070571899414062,-1.065144658088684,-1.1107354164123535,-1.1143224239349365,-1.0568631887435913,-1.0873563289642334,-0.9782140254974365,-1.2085094451904297,-1.0320734977722168,-1.098292589187622,-0.9272757768630981,-1.164844274520874,-1.0422050952911377,-0.9265872836112976,-1.1398018598556519,-1.0370385646820068,-1.2238110303878784,-1.1005498170852661,-1.2118422985076904,-1.0751395225524902,-1.1866092681884766,-0.6863261461257935,-1.0404003858566284,-1.0281881093978882,-1.0619138479232788,-2.090606689453125,-0.8884310126304626,-1.0636928081512451,-1.440028190612793,-0.30844423174858093,-1.9062690734863281
5345.0,106.89900000000004,-20.59461823974711,304.4998927162204,386.545975582401,353475.0509718515,-20.46944900003229,304.5000100000005,386.5459900000001,353570.7794840002,9.612314635454132,0.003913154033605,0.0004843485940247,19200.000000000007,0.000369538552161,0.0001172845681702,1.4417636666532595e-05,0.0,9.610097440331042,-1.4058165483097782,-0.0105257704244968,0.8426935354852958,0.0066138779767604,1.400261648388528,19200.01793138791,0.0135033345587885,0.002,-1.6792539876085226,-3.3672031915991565,-0.9502299344494088,6.0,10.0,180.0,-0.8857193215832726,-4.9443129966489625,-0.092781420774731,-3.203302515451319,371.51424316315297,-657.1186588212088,167.2211932177841,754.8696685197987,526.0500000000001,-0.8857193215832726,-0.9342018365859985,-1.0608599185943604,-1.0285229682922363,-1.0433788299560547,-1.038478136062622,-1.033758521080017,-1.028709888458252,-1.0831249952316284,-1.0602319240570068,-1.0193734169006348,-1.073069453239441,-1.1157323122024536,-1.121768593788147,-1.0643510818481445,-1.0993798971176147,-0.9896188974380493,-1.1871932744979858,-1.0180270671844482,-1.1058266162872314,-0.932741641998291,-1.1650487184524536,-1.0427300930023193,-0.9291060566902161,-1.1404880285263062,-1.0381028652191162,-1.231316089630127,-1.102983832359314,-1.2075910568237305,-1.0716097354888916,-1.1773630380630493,-0.7298759818077087,-1.0462026596069336,-1.0344862937927246,-1.0643318891525269,-2.1610889434814453,-0.8998216390609741,-1.0706093311309814,-1.451278567314148,-0.3365134596824646,-1.908801794052124
5346.0,106.91900000000004,-20.402874053064355,304.4998688828867,386.545980142549,353859.05106101587,-20.27744900007983,304.5000100000123,386.5459900000001,353954.77948400006,9.620840863601432,0.0046757615536141,0.0002942501792913,19200.000000000007,0.0006251521382253,0.0001411169416965,9.857410822098829e-06,0.0,9.572268682225769,-0.1881485631492362,-0.0004564329796281,1.406494603443922,0.004847890423153,2.3893187871835297,19199.86181896083,-25.642986255436163,0.002,-1.6973387828104425,-3.40691891712216,-0.9734951216522348,6.0,10.0,180.0,-0.9643091395314418,-4.965280808537224,-0.0918064957837442,-3.205358380356066,371.2521215815765,-656.6263294106044,167.09109660889206,754.3118342598993,524.0250000000001,-0.9643091395314418,-0.9368419647216797,-1.0661829710006714,-1.0276256799697876,-1.0452699661254883,-1.0422897338867188,-1.038222312927246,-1.0299183130264282,-1.0837278366088867,-1.0606269836425781,-1.028632402420044,-1.0795542001724243,-1.121067762374878,-1.126818299293518,-1.069332480430603,-1.1035813093185425,-0.9964301586151123,-1.1730856895446777,-1.0180469751358032,-1.1116464138031006,-0.9365927577018738,-1.1677740812301636,-1.0412405729293823,-0.9306220412254333,-1.1409902572631836,-1.0395559072494507,-1.2343796491622925,-1.1075422763824463,-1.2070977687835693,-1.0701091289520264,-1.1742380857467651,-0.7719206213951111,-1.0519551038742065,-1.040521502494812,-1.0733082294464111,-2.1952600479125977,-0.9046609997749329,-1.0764052867889404,-1.461138129234314,-0.3415171504020691,-1.9150328636169434
5347.0,106.93900000000004,-20.2107480916802,304.50005621186426,386.5460000315292,354243.0503664988,-20.085449000081905,304.5000100000633,386.5459900000001,354338.7794840002,9.616643101958292,-0.0015412335724511,-0.0003348671975826,19200.000000000007,0.0004991915294348,-4.621201280574736e-05,-1.003153483500908e-05,0.0,9.623533532654282,-2.193700369403308,0.0048968466161012,3.4830599448697,0.0078050386993754,0.0564007352237455,19199.979999678948,103.07010593923329,0.002,-1.6709195590683668,-3.378416178739443,-0.9461554838323594,6.0,10.0,180.0,-0.9057480056155204,-4.955975789467314,-0.0908228101312862,-3.199199657354752,372.1265607907882,-656.8671647053022,167.24104830444602,754.9524171299497,520.8750000000001,-0.9057480056155204,-0.9312147498130798,-1.0532177686691284,-1.0153067111968994,-1.0377674102783203,-1.0319232940673828,-1.0218538045883179,-1.0267854928970337,-1.077061414718628,-1.055665373802185,-1.0160895586013794,-1.0691756010055542,-1.110884666442871,-1.1187241077423096,-1.0624687671661377,-1.1083953380584717,-0.9912766218185425,-1.1899641752243042,-0.9949452877044678,-1.1013777256011963,-0.9276963472366333,-1.1496801376342773,-1.0436575412750244,-0.9244944453239441,-1.1347734928131104,-1.0338685512542725,-1.2304344177246094,-1.0877352952957153,-1.1959104537963867,-1.063384771347046,-1.1666064262390137,-0.7497113347053528,-1.0425223112106323,-1.029928207397461,-1.0495086908340454,-2.213278293609619,-0.9035699367523193,-1.0674127340316772,-1.4433177709579468,-0.3482125401496887,-1.918586015701294
5348.0,106.95900000000005,-20.01856165076535,304.5000175669888,386.5459866761468,354627.0507928172,-19.89344900001766,304.5000100000969,386.5459900000001,354722.7794840002,9.610427310927482,-0.0002513942497489,0.0001095226721302,19200.000000000007,0.0003128506125086,-7.566897407203026e-06,3.323855401957381e-06,0.0,9.58717106957016,-1.5873151370403735,-0.0027300731392146,1.100799631661335,-0.0002332281668143,-2.9268991169354126,19200.031606578348,-42.986489472379816,0.002,-1.7256582140422836,-3.39940646804151,-0.9489392760594312,6.0,10.0,180.0,-0.932623394809718,-4.949217774561364,-0.0908119498127177,-3.220746783291961,371.7187803953941,-656.7160823526511,167.16352415222303,754.6197085649749,519.6000000000001,-0.932623394809718,-0.9329630136489868,-1.0614359378814697,-1.0281176567077637,-1.0432072877883911,-1.0371930599212646,-1.033974051475525,-1.0270655155181885,-1.0857648849487305,-1.0573716163635254,-1.0159430503845215,-1.0715330839157104,-1.1182897090911865,-1.122379183769226,-1.0672916173934937,-1.1101751327514648,-0.9964938163757324,-1.20270836353302,-1.0160243511199951,-1.1030937433242798,-0.9326047301292419,-1.151305079460144,-1.045903205871582,-0.9256351590156555,-1.1413915157318115,-1.0355499982833862,-1.2326024770736694,-1.0897091627120972,-1.20469069480896,-1.0700976848602295,-1.1762762069702148,-0.7254316806793213,-1.048478364944458,-1.0386426448822021,-1.051902174949646,-2.1801865100860596,-0.9003191590309143,-1.0699611902236938,-1.4456673860549927,-0.3384019434452057,-1.9004149436950684
5349.0,106.979,-19.826799654965747,304.49997892732154,386.5460295719242,355011.0518129262,-19.70144874631885,304.5000099998968,386.5459900000001,355106.7794840001,9.618427566319996,0.0010314673247837,-0.0013173430617175,19200.000000000007,0.0005510559757237,3.1072802330481353e-05,-3.957192342965032e-05,0.0,9.584003503190567,2.6214543191939645,0.0117069879400956,3.9674996286572566,1.6129140888919252e-05,-3.6634645515282913,19200.033625955984,59.96510487855702,0.002,-1.751427713737396,-3.443218408356486,-0.9451122016571432,6.0,10.0,180.0,-0.9199327151629724,-4.9527192564032845,-0.0942216269457287,-3.1951009368151064,371.956890197697,-656.3230411763255,167.11126207611153,754.3948542824874,518.325,-0.9199327151629724,-0.951755166053772,-1.0813466310501099,-1.0293776988983154,-1.053755521774292,-1.0560499429702759,-1.0558242797851562,-1.0384403467178345,-1.1004408597946167,-1.0693438053131104,-1.044185996055603,-1.0907564163208008,-1.137290596961975,-1.142218828201294,-1.0873445272445679,-1.13096022605896,-1.0238350629806519,-1.152520775794983,-1.0179595947265625,-1.1213860511779785,-0.9496885538101196,-1.1601446866989136,-1.050650715827942,-0.933485746383667,-1.153444766998291,-1.0422673225402832,-1.2516125440597534,-1.1011215448379517,-1.208261489868164,-1.07308030128479,-1.1708738803863525,-0.842606246471405,-1.067281723022461,-1.0621289014816284,-1.0618749856948853,-2.268892288208008,-0.9198055863380432,-1.0873591899871826,-1.4715434312820435,-0.39048194885253906,-1.86506187915802
5350.0,106.99900000000002,-19.634828179405936,304.5000551963849,386.5460076894093,355395.05045628163,-19.509445435475783,304.50000995141795,386.5459900000001,355490.7794840002,9.619600140144124,-0.0015212145534513,-0.0005897433114701,19200.000000000007,0.0005804318055113,-4.519623679259804e-05,-1.7689409136782487e-05,0.0,9.596637095565852,1.534791742189614,0.0107545343958414,-2.146398264587696,-0.0046594378418954,-0.3057676607019498,19199.94936493048,4.282717221291337,0.002,-1.755364799011922,-3.412786349654332,-0.9541653349348312,6.0,10.0,180.0,-0.962500453679172,-4.948338408277435,-0.0952000751620827,-3.214564736693027,372.2469450988485,-656.2915205881627,167.13813103805575,754.5104271412437,517.2750000000001,-0.962500453679172,-0.9455357193946838,-1.0862971544265747,-1.050452470779419,-1.0593209266662598,-1.053844928741455,-1.06075918674469,-1.0337826013565063,-1.0996460914611816,-1.0690603256225586,-1.0386077165603638,-1.0928860902786255,-1.1414968967437744,-1.1415997743606567,-1.086726188659668,-1.114142656326294,-1.013411283493042,-1.1900160312652588,-1.0513688325881958,-1.1242588758468628,-0.949113130569458,-1.1780585050582886,-1.0458930730819702,-0.9379135966300964,-1.1570299863815308,-1.0499346256256104,-1.2475184202194214,-1.1228951215744019,-1.2251129150390625,-1.084176778793335,-1.1914894580841064,-0.7516928911209106,-1.0697838068008423,-1.0613926649093628,-1.092174768447876,-2.192178964614868,-0.9041195511817932,-1.0896227359771729,-1.4819337129592896,-0.32254886627197266,-1.9172152280807495
5351.0,107.01900000000003,-19.442718133201083,304.50011241880856,386.546022178289,355779.04936725216,-19.31743973625216,304.5000087982316,386.5459900000001,355874.7794840002,9.616128183785005,-0.0035486134047239,-0.0010715165911951,19200.000000000007,0.0004747606349865,-0.0001026500948158,-3.217828878347563e-05,0.0,9.602772307369028,1.351376469804407,0.0051272733321262,-1.8364540255909696,-0.0102257996397498,-2.9931281565966263,19200.11982432552,94.53848112405302,0.002,-1.7750144210115737,-3.4524229658707184,-0.9449689755868056,6.0,10.0,180.0,-0.9468164602767788,-4.937469833246126,-0.0976588189187866,-3.2335875943821195,372.29697254942425,-656.4552602940814,167.17706551902788,754.6777135706218,516.2250000000001,-0.9468164602767788,-0.9459523558616638,-1.085679054260254,-1.050450086593628,-1.0590953826904297,-1.0537375211715698,-1.0611799955368042,-1.034616231918335,-1.1024943590164185,-1.069008469581604,-1.0352624654769897,-1.0904537439346313,-1.1414014101028442,-1.1410928964614868,-1.087133765220642,-1.1188504695892334,-1.015777826309204,-1.1962406635284424,-1.050262451171875,-1.1215934753417969,-0.949101984500885,-1.171336054801941,-1.0488083362579346,-0.936360776424408,-1.1587905883789062,-1.0483335256576538,-1.2483597993850708,-1.1153147220611572,-1.2242122888565063,-1.0844289064407349,-1.1916388273239136,-0.7400511503219604,-1.0692496299743652,-1.062480092048645,-1.08130943775177,-2.1891257762908936,-0.904265820980072,-1.0876400470733643,-1.4760819673538208,-0.33020952343940735,-1.9000980854034424
5352.0,107.03900000000004,-19.250954653527423,304.50006122366045,386.54597538590303,356163.05140780634,-19.125433619886927,304.5000042112765,386.5459900000001,356258.7794840002,9.624210638320797,-0.0020813519558633,0.0004883232604412,19200.000000000007,0.0007174572026637,-5.3588613794408816e-05,1.4614097044281684e-05,0.0,9.586234136408134,2.500730433222641,-0.0056367570102028,-1.590962330511773,-0.0134374235318204,2.625572077857756,19200.22052179961,-51.42710399525034,0.002,-1.744600367742413,-3.4118197581682663,-0.9490618016790296,6.0,10.0,180.0,-1.009775749286892,-4.928056585528253,-0.095725749145932,-3.21468421933497,371.6884862747121,-656.5546301470407,167.12703275951395,754.4643567853109,508.3500000000001,-1.009775749286892,-0.9442291259765625,-1.0905954837799072,-1.0473898649215698,-1.0600967407226562,-1.0523570775985718,-1.057991862297058,-1.0310466289520264,-1.0949229001998901,-1.0661606788635254,-1.0485337972640991,-1.1024973392486572,-1.148430585861206,-1.1481761932373047,-1.094140887260437,-1.1218137741088867,-1.021952509880066,-1.1887884140014648,-1.0448920726776123,-1.1328376531600952,-0.9513767957687378,-1.1795846223831177,-1.0414327383041382,-0.9398084282875061,-1.154466986656189,-1.0524144172668457,-1.2513662576675415,-1.1298657655715942,-1.22307288646698,-1.0803978443145752,-1.1856873035430908,-0.7860422134399414,-1.0772624015808105,-1.0672086477279663,-1.1106637716293335,-2.2647523880004883,-0.9085243940353394,-1.0981625318527222,-1.4999034404754639,-0.3089001178741455,-1.970414638519287
5353.0,107.05900000000004,-19.05848617127,304.50011191217874,386.5459404643917,356547.0491530559,-18.93342750188146,304.4999980918496,386.5459900000001,356642.7794840001,9.608802113206533,-0.0039795946321501,0.0016536547193864,19200.000000000007,0.0002548881757247,-0.00010983534743,4.953560847618712e-05,0.0,9.647781720162616,3.175533209444724,0.0050932355856832,-2.441145460906978,0.0041493543359873,6.537880017104191,19199.825547955163,4.254910724143651,0.002,-1.604398090968904,-3.3297420035165874,-0.9302125904457986,6.0,10.0,180.0,-0.9321231113951118,-4.919779465855714,-0.0986562080664904,-3.2336548047191784,372.741743137356,-657.1078150735203,167.36101637975696,755.4651783926554,514.9500000000002,-0.9321231113951118,-0.950982928276062,-1.0959234237670898,-1.054194688796997,-1.068422794342041,-1.0585532188415527,-1.0651867389678955,-1.0352354049682617,-1.098177433013916,-1.074816346168518,-1.056318998336792,-1.1082707643508911,-1.1517679691314697,-1.1527385711669922,-1.0969079732894897,-1.1143736839294434,-1.0199949741363525,-1.1734894514083862,-1.0550063848495483,-1.1401540040969849,-0.955719530582428,-1.1990865468978882,-1.0411194562911987,-0.9453155398368835,-1.159221887588501,-1.0598524808883667,-1.256016492843628,-1.1495200395584106,-1.2322523593902588,-1.087656855583191,-1.1925983428955078,-0.7844977378845215,-1.0801687240600586,-1.0686687231063843,-1.1276217699050903,-2.24643874168396,-0.9099141955375671,-1.103203535079956,-1.5117675065994263,-0.30838823318481445,-1.9750065803527832
5354.0,107.07900000000002,-18.86700367139254,304.5000174999051,386.54599526090703,356931.05265176704,-18.74966960643612,304.49999196771967,386.5459900000001,357026.7794840001,7.7155063650685936,-0.0010519647166629,-0.0001693146765274,19200.000000000007,0.000749800661617,-2.153886887700245e-05,-5.260906944078202e-06,0.0,9.299827414270784,-95.5223332956671,0.0033777914720746,3.1744387980135165,0.0004797281130394,0.7248600754068597,19200.34221688376,-12.967212723620042,0.002,-0.3198132836421963,-2.524560967062933,-0.6281837865752765,6.0,10.0,180.0,-0.4613805233948861,-4.920786075466799,-0.0981419966233569,-3.206457923235528,367.601871568678,-653.3629075367602,166.0060081898785,749.6810891963278,514.2750000000001,-0.4613805233948861,-0.5166715979576111,-0.4530998170375824,-0.6706575751304626,-0.5515371561050415,-0.5539520978927612,-0.3640228807926178,-0.6422345638275146,-0.35948944091796875,-0.5640802383422852,-0.5557632446289062,-0.5641132593154907,-0.5781359672546387,-0.6007649898529053,-0.5412526726722717,-0.6073557138442993,-0.39130741357803345,-1.5195212364196777,-0.4466979205608368,-0.6052924990653992,-0.051723212003707886,-0.5066049695014954,-0.8883245587348938,-0.6044774651527405,-0.6175034642219543,-0.6790938377380371,-0.6077865958213806,-0.4296392500400543,-0.8322477340698242,-0.7565485239028931,-0.5372403860092163,0.5176914930343628,-0.5501380562782288,-0.4512748718261719,-0.565204918384552,-0.6823935508728027,-0.5999178290367126,-0.6093986630439758,-0.723177969455719,0.2800773084163666,-2.540351629257202
5355.0,107.09900000000002,-18.732404126839604,304.49995522801964,386.5461640467694,357315.06305151776,-18.661345799266456,304.50158646872075,386.5459900000001,357410.7794840002,2.704496518118181,0.466957244940568,-0.0058028107246319,19200.000000000007,0.0281185579620281,3.461695387763265e-05,-0.0001740467692427,0.0,3.235663348113988,-313.8624457889842,-0.0452466888659528,9.341441368626317,0.0305140513209648,-0.2374825957580515,19201.35655529389,115.83138967266716,0.002,-0.4796214081766963,-1.1042044256547394,-0.236292466810129,6.0,10.0,180.0,1.0469970529744863,-5.05760382866416,-0.1034892968936015,-3.115153005761589,256.031435784339,-555.2464537683801,132.49600409493925,614.5465445981639,513.825,1.0469970529744863,0.8352320194244385,1.2466487884521484,0.8597829341888428,0.766782820224762,0.6621482372283936,0.9484080672264099,1.2249983549118042,0.8301824927330017,1.2177989482879639,0.5632334351539612,1.0445728302001953,0.9666624069213867,0.9409116506576538,1.1429355144500732,1.1086385250091553,1.2240877151489258,-1.4768723249435425,0.9699959754943848,1.0588738918304443,0.7969142198562622,1.1439889669418335,1.3761999607086182,1.0060330629348755,0.926506757736206,1.3037317991256714,1.490869402885437,0.9513206481933594,0.5406470894813538,1.0897116661071777,1.5296990871429443,-1.2749042510986328,1.0833876132965088,1.1429011821746826,0.815281093120575,1.8966307640075684,0.465160071849823,0.9545764327049255,1.3721400499343872,1.8310588598251343,-2.8819222450256348
5356.0,107.11900000000004,-18.69340311021328,304.51479396492,386.5466536546451,357699.11985708546,-18.648014478337192,304.53801469260753,386.5459900000001,357794.7794840002,1.379312003677446,3.734603410590906,-0.0221225296185454,19200.000000000007,0.040989032729162,-0.0074432669541484,-0.0006636546449727,0.0,1.8860275533141475,-5.555470752906436,2.0366184241077927,194.96015617584865,0.0343877512701506,-1.6500872273950904,19204.000022930788,17.236068963612617,0.002,-1.5343861435542288,0.04653317828709,-0.3588675287156157,6.0,10.0,180.0,-0.5747618131683818,-6.293386644413699,-0.1733289813076411,-2.598797751152427,331.0922178921695,-375.53972688419,112.21100204746963,532.7232722990819,513.45,-0.5747618131683818,-0.6247859597206116,-0.5832278728485107,0.14903131127357483,-0.6567925214767456,-0.5822264552116394,-0.5418050289154053,-0.23200997710227966,-0.3181021213531494,-0.26150381565093994,-0.9575377702713013,-0.6268570423126221,-0.4469364881515503,-0.45499855279922485,-0.4390230178833008,-0.8565307855606079,-0.579025149345398,-1.8644307851791382,0.2893812656402588,-0.5173638463020325,0.22585877776145935,-0.33429720997810364,-0.08902335911989212,-0.1436474621295929,-0.5787249207496643,-0.06257088482379913,-0.0050968993455171585,0.48695847392082214,0.10771495848894119,-0.1289292275905609,0.07688671350479126,-5.634667873382568,-0.7962881326675415,-0.505649745464325,-0.43280884623527527,-3.7169606685638428,-1.0121562480926514,-0.7100611329078674,-0.7876065969467163,-1.9885379076004028,-0.6435832381248474
5357.0,107.13900000000004,-18.669649619128368,304.61289616465825,386.5470766487157,358083.20209513104,-18.64800979745438,304.6816601243767,386.5459900000001,358178.7794840001,0.7211241199366265,8.137220196043389,-0.0362205848993939,19200.000000000007,0.0216438103066705,-0.038439704544009,-0.001086648715484,0.0,0.3618454155141598,-34.860742014087094,7.822512541864756,186.28089439043072,-0.0204874737025523,-6.7266246098799005,19203.517337023924,-162.99362751743308,0.002,-2.311784538510088,0.2103124321190814,-0.5144009204294444,6.0,10.0,180.0,-0.3940905766915564,-6.728100986410771,-0.2978708718527026,-1.8174421527837896,477.9696089460848,-44.552863442095,131.8780010237348,610.047136149541,513.1500000000001,-0.3940905766915564,-0.5959960222244263,-0.3847848176956177,0.057393260300159454,-0.4831593632698059,-0.4826625883579254,-0.33572500944137573,-0.044510260224342346,-0.33653485774993896,-0.21223945915699005,-0.4461670517921448,-0.3809967637062073,-0.3152315616607666,-0.24833199381828308,-0.20262490212917328,-0.8658214211463928,-0.4426778554916382,-1.6898444890975952,0.48453179001808167,-0.31093892455101013,0.3029360771179199,-0.2564716935157776,-0.1334162950515747,-0.11253761500120163,-0.3185291886329651,0.08483994007110596,0.047283466905355453,0.5390349626541138,0.005743570625782013,-0.06368948519229889,0.17186439037322998,-5.182092189788818,-0.5813114643096924,-0.31287479400634766,-0.26498401165008545,-3.5439441204071045,-0.8916268944740295,-0.47880053520202637,-0.5929673314094543,-1.9073675870895386,-0.4553333520889282
5358.0,107.15900000000006,-18.66013326130192,304.7780074219503,386.5466142186901,358467.2284013308,-18.64801590474782,304.8733253054687,386.5459900000001,358562.7794840002,0.4037294461826629,8.617450596130812,-0.020808938557295,19200.000000000007,0.0121213365083589,-0.0294860854217287,-0.0006242186899904,0.0,0.5571773158021625,-33.62922741516826,8.330126070702494,49.929857752569305,-0.0239026696056449,-6.763168049470418,19199.31060150168,-180.288011408468,0.002,-2.585482135410295,0.2823975708502484,-0.5821088536872979,6.0,10.0,180.0,-0.7997691562579042,-6.095199994031637,-0.3296123704194968,-1.554971297608314,561.5313044730424,122.6270682789525,144.0950005118674,658.6240680747705,512.9250000000002,-0.7997691562579042,-0.49495694041252136,-0.4355621337890625,-0.3469935655593872,-0.48725420236587524,-0.5637874603271484,-0.5100289583206177,-0.45928382873535156,-0.4601341784000397,-0.4090513586997986,-0.5701261758804321,-0.478663831949234,-0.5069575309753418,-0.4189412593841553,-0.3906518816947937,-0.6976978778839111,-0.5239179134368896,-1.8264893293380737,-0.21953071653842926,-0.45505350828170776,-0.09678041934967041,-0.4092348515987396,-0.6730148196220398,-0.5058972835540771,-0.4527508020401001,-0.3761427700519562,-0.5632933378219604,-0.2680288851261139,-0.3834855854511261,-0.5826175212860107,-0.42961087822914124,-0.9829473495483398,-0.6807594895362854,-0.49784743785858154,-0.5611186027526855,-0.9541101455688477,-0.7251920104026794,-0.6019462943077087,-0.7122839689254761,-0.9518634080886841,-0.6687331199645996
5359.0,107.17900000000004,-18.65524935193657,304.95326454274635,386.5460464272601,358851.2021623006,-18.64802176388461,305.0653314195612,386.5459900000001,358946.7794840002,0.2408061495172882,9.175730416691191,-0.0019149808125037,19200.000000000007,0.0072313095586982,-0.0127372953119221,-5.642726000465262e-05,0.0,0.1420011733218445,10.931524065624451,9.03688963833748,16.180662399413343,-0.01317206307419,7.020915810806983,19198.31681565717,-43.04605449586787,0.002,-2.7483363680785065,0.3462887321640175,-0.6318317454189771,6.0,10.0,180.0,-1.0482691505242765,-6.084027616405183,-0.3159387513374253,-1.8067067828486352,604.1686522365212,233.73453413947624,153.2520002559337,695.8070340373853,512.7750000000001,-1.0482691505242765,-0.7391722798347473,-0.7889780402183533,-0.607985258102417,-0.7218645811080933,-0.7786698341369629,-0.7306432723999023,-0.7803259491920471,-0.5338225960731506,-0.7276273965835571,-0.7337713241577148,-0.7292466759681702,-0.7186380624771118,-0.6903560757637024,-0.6891934871673584,-0.6421421766281128,-0.7928011417388916,-2.042135238647461,-0.6476896405220032,-0.722754955291748,-0.7185184955596924,-0.8315088152885437,-0.8606299757957458,-0.6058275103569031,-0.809770941734314,-0.743037223815918,-0.7854447364807129,-0.7661410570144653,-0.7095193862915039,-0.7326689958572388,-0.7991777658462524,-2.17482328414917,-0.7764459252357483,-0.7160003781318665,-0.8281946182250977,-0.8938895463943481,-0.6647685170173645,-0.7509427666664124,-0.9440003633499146,-0.764781653881073,-0.20703811943531036
5360.0,107.19900000000004,-18.65110302584077,305.1377715713662,386.5458416541115,359235.17739355366,-18.64802457859303,305.2573374908082,386.5459900000001,359330.7794840002,0.1026078201180333,9.425675685917614,0.004948254819775,19200.000000000007,0.0030798103058763,-0.0052386173875346,0.0001483458881514,0.0,0.1031357771876545,-19.7056182111415,9.401646197017124,10.743229441780432,-0.0075904422497855,10.376152894701267,19198.85029286232,60.09198152875329,0.002,-2.894886978833042,0.4171974836856061,-0.6809994200900825,6.0,10.0,180.0,-0.9468025385567452,-6.065231946594137,-0.3061869891491846,-2.034878035080121,629.0328261182606,296.6897670697381,159.39050012796685,721.0405170186926,512.7000000000002,-0.9468025385567452,-0.5505008101463318,-0.5602672696113586,-0.5503666400909424,-0.5913360118865967,-0.5440643429756165,-0.5629711151123047,-0.6795406341552734,-0.4409853518009186,-0.5427942872047424,-0.5829748511314392,-0.5330449342727661,-0.5520416498184204,-0.5124680399894714,-0.5115788578987122,-0.5486229062080383,-0.6170092821121216,-1.9414080381393433,-0.4626643657684326,-0.5244173407554626,-0.42539554834365845,-0.598019540309906,-0.8205167651176453,-0.5420554876327515,-0.6159498691558838,-0.5752421617507935,-0.6881980299949646,-0.6704542636871338,-0.6638733744621277,-0.7389019131660461,-0.6040378212928772,0.18328411877155304,-0.6118654012680054,-0.5352115631103516,-0.6615139245986938,-0.30374863743782043,-0.5591784119606018,-0.58022141456604,-0.7382153272628784,-0.5675337910652161,-0.4978792667388916
5361.0,107.219,-18.650102914502376,305.3268437820524,386.54586724397495,359619.16011051304,-18.64802500053603,305.4493424556952,386.5459900000001,359714.7794840001,0.0692670960078772,9.523357476343836,0.0040604835004327,19200.000000000007,0.0020780522598248,-0.002304741862968,0.0001227560231495,0.0,0.0829484080232907,4.886211842973671,9.490709685908913,10.493724413481278,0.0126912326113901,0.548595510551625,19199.1578486253,12.959000058167078,0.002,-2.9563924284837424,0.4709574143374269,-0.7060224813758643,6.0,10.0,180.0,-1.083519956205939,-6.010794808305548,-0.2822468867844746,-2.2081826660354986,642.1079130591303,330.32488353486906,162.83525006398344,735.2642585093463,512.6250000000001,-1.083519956205939,-0.7308816909790039,-0.7133108377456665,-0.6580160856246948,-0.6648882031440735,-0.6619235873222351,-0.6895763874053955,-0.7633250951766968,-0.5298993587493896,-0.7166412472724915,-0.6682482361793518,-0.6625607013702393,-0.667560338973999,-0.6508018374443054,-0.6644158959388733,-0.6466892957687378,-0.7692394852638245,-1.850471019744873,-0.5958412885665894,-0.6692690253257751,-0.7297840118408203,-0.7801447510719299,-0.8807921409606934,-0.6113842129707336,-0.8060500621795654,-0.7454832196235657,-0.7998932600021362,-0.7590816020965576,-0.7448840737342834,-0.8014168739318848,-0.7708299160003662,-1.0388797521591187,-0.6693624258041382,-0.6697337031364441,-0.7107555866241455,-0.5135294198989868,-0.5737788677215576,-0.6601754426956177,-0.8650371432304382,-0.7080861926078796,-0.09557268023490906
5362.0,107.23900000000005,-18.64904914857104,305.5176955747428,386.545838049193,360003.1447117805,-18.64802500018588,305.64134399144285,386.5459900000001,360098.7794840002,0.0341381211928182,9.561597225601414,0.0050683134100312,19200.000000000007,0.0010241484579119,-0.0011522364774704,0.0001519508120645,0.0,-0.0041495917791141,1.7642402560767865,9.562039543325335,5.420473700982716,0.0027029640846418,-6.538230957349947,19199.39693445712,128.78923837511385,0.002,-3.0085095391152525,0.5475837524576136,-0.7280666309341306,6.0,10.0,180.0,-1.0668940659002677,-6.029770798068787,-0.2626590745406847,-2.3363107244245205,647.7864565295652,351.2949417674345,164.85612503199172,743.6636292546732,512.5500000000002,-1.0668940659002677,-0.7170210480690002,-0.6813822388648987,-0.676699161529541,-0.633042573928833,-0.6211443543434143,-0.6730899214744568,-0.7355906367301941,-0.5235106348991394,-0.7004812955856323,-0.6445122957229614,-0.6291656494140625,-0.6422847509384155,-0.6251398921012878,-0.642192006111145,-0.6317945718765259,-0.745517373085022,-1.6475821733474731,-0.6012601852416992,-0.6417964696884155,-0.7248910665512085,-0.7378665804862976,-0.8742648959159851,-0.6046555638313293,-0.7975101470947266,-0.7361907362937927,-0.8032947182655334,-0.7441321015357971,-0.7597154378890991,-0.8245606422424316,-0.7391521334648132,-0.6298700571060181,-0.6338667869567871,-0.6505903601646423,-0.6684955358505249,-0.39963608980178833,-0.5303763151168823,-0.6256071329116821,-0.8230011463165283,-0.6496133208274841,-0.03154575079679489
5363.0,107.25900000000004,-18.648528112870885,305.7089982438544,386.5458173644193,360387.13818497496,-18.64802500005456,305.8333440001405,386.5459900000001,360482.7794840002,0.0167676791860963,9.584849618179506,0.0057547177588969,19200.000000000007,0.0005031127692524,-0.0004545389359286,0.0001726356204267,0.0,0.0258564324830071,-3.661143032996324,9.569858732513344,4.335195667906246,-0.0021986700601246,-6.217763945885219,19199.6031800768,-85.85938654447042,0.002,-3.064456219740661,0.6598876429855407,-0.7550689271363556,6.0,10.0,180.0,-1.077119132048986,-6.041950979830899,-0.2455446194528439,-2.425516628297641,651.2957282647826,360.8759708837173,165.8990625159959,747.9993146273366,512.4750000000001,-1.077119132048986,-0.6804313659667969,-0.6395029425621033,-0.6680141091346741,-0.6117649674415588,-0.5848180651664734,-0.6462604999542236,-0.7162103056907654,-0.5074563026428223,-0.6770084500312805,-0.6245034337043762,-0.5970087051391602,-0.6156234741210938,-0.59543776512146,-0.613157331943512,-0.6211327910423279,-0.7155889272689819,-1.601784586906433,-0.5713289976119995,-0.6091309785842896,-0.6787501573562622,-0.6901489496231079,-0.8651495575904846,-0.5924180150032043,-0.7662959098815918,-0.7059106826782227,-0.7849521040916443,-0.7253895401954651,-0.7541316747665405,-0.8237918615341187,-0.6996657848358154,-0.19069282710552216,-0.6086466312408447,-0.6219209432601929,-0.6416743397712708,-0.30173495411872864,-0.5150904059410095,-0.5991338491439819,-0.7912051677703857,-0.6224601864814758,-0.08872377872467041
5364.0,107.27900000000004,-18.648436386254453,305.90088737639337,386.5458116890435,360771.12924395,-18.64802500001908,306.02534400009864,386.5459900000001,360866.7794840001,0.0137102228028327,9.588545541226418,0.0059461760099228,19200.000000000007,0.0004113861967038,-0.0003435746392106,0.0001783109279097,0.0,0.0009681019139428,2.686983779330008,9.642864351107916,-4.708091440647311,-0.0117299830868519,-2.6881698311297164,19199.69004253004,107.23041827371,0.002,-3.0923715954555884,0.7393986679100429,-0.7645529082017728,6.0,10.0,180.0,-1.091316120612627,-6.087871407824263,-0.2250740770340356,-2.491707412433405,653.4073641323913,367.6969854418586,166.72653125799792,751.4811573136683,504.97500000000014,-1.091316120612627,-0.7302532196044922,-0.6893678903579712,-0.720549464225769,-0.6317806243896484,-0.6405107378959656,-0.69537353515625,-0.7386181354522705,-0.5072873830795288,-0.7093073725700378,-0.6577069759368896,-0.6388856172561646,-0.6536961793899536,-0.6362435817718506,-0.6565039157867432,-0.5891668200492859,-0.7541331648826599,-1.3383060693740845,-0.6612439155578613,-0.6528960466384888,-0.7648992538452148,-0.7506070733070374,-0.8796941637992859,-0.6153971552848816,-0.8134507536888123,-0.7694977521896362,-0.805589497089386,-0.7993796467781067,-0.8026264309883118,-0.8566856384277344,-0.759870707988739,-0.49299484491348267,-0.6289673447608948,-0.6556310057640076,-0.7068765163421631,-0.4379028379917145,-0.4992106854915619,-0.6270797252655029,-0.8309423923492432,-0.5205231308937073,-0.08401373028755188
5365.0,107.29900000000002,-18.64822751244003,306.0928589569256,386.5457880371903,361155.1237827576,-18.64802500000294,306.217344000051,386.5459900000001,361250.7794840002,0.0067482847002677,9.5894722660768,0.0067275398148127,19200.000000000007,0.000202512425462,-0.0003153600415518,0.0002019624910535,0.0,0.0019727672974422,0.3694170251103639,9.579102798835596,-0.905870431240339,-0.0168488666916003,4.580379082948097,19199.82838261222,12.850299379036343,0.002,-3.116335491325113,0.8015776162711139,-0.7703971474773934,6.0,10.0,180.0,-1.0840130418625016,-6.05077867034163,-0.205091179060202,-2.55324402644151,653.7491820661957,370.0434927209293,166.87276562899896,752.0745786568341,504.97500000000014,-1.0840130418625016,-0.7064948081970215,-0.6721857786178589,-0.6933373808860779,-0.6246025562286377,-0.6255485415458679,-0.6677463054656982,-0.7331883907318115,-0.49409180879592896,-0.6964115500450134,-0.6371223330497742,-0.6256314516067505,-0.6373838186264038,-0.6227951049804688,-0.641655445098877,-0.5862439870834351,-0.7430529594421387,-1.4694072008132935,-0.6111196279525757,-0.6354943513870239,-0.7266597747802734,-0.7422016859054565,-0.8718762993812561,-0.6041237711906433,-0.7859306335449219,-0.7464438080787659,-0.7783481478691101,-0.7904871106147766,-0.7789947986602783,-0.8324152827262878,-0.745749294757843,-0.2769785523414612,-0.6148252487182617,-0.632698655128479,-0.6998175382614136,-0.3977566659450531,-0.5066908597946167,-0.6141636967658997,-0.8231322765350342,-0.5351959466934204,-0.16946828365325928
5366.0,107.31900000000005,-18.648117016855263,306.2847938060906,386.5457753666807,361539.1189342092,-18.648025000000008,306.40934400001214,386.5459900000001,361634.7794840002,0.0030690686996347,9.591670602817851,0.0071547464757761,19200.000000000007,9.201685417303812e-05,-0.0002500098746018,0.0002146334371416,0.0,0.006093767256266,1.4003091770209777,9.600573230437169,-6.468740264704897,0.0007314053509366,8.357609802180008,19199.89628860621,81.64591319091036,0.002,-3.136503789343454,0.876874940599116,-0.7911786445033979,6.0,10.0,180.0,-1.082496519587918,-6.056693291363674,-0.1904395628696654,-2.603996588075393,654.2465910330978,371.42124636046464,167.03588281449947,752.7562893284171,512.4000000000001,-1.082496519587918,-0.7218352556228638,-0.6845225095748901,-0.7157589197158813,-0.6306093335151672,-0.6494362354278564,-0.676804780960083,-0.7431102395057678,-0.48694470524787903,-0.7063833475112915,-0.6466901302337646,-0.6384684443473816,-0.6474118232727051,-0.6326700448989868,-0.6511313915252686,-0.5414513349533081,-0.7451235055923462,-1.3301695585250854,-0.6626567244529724,-0.6459904909133911,-0.7481322288513184,-0.7704114317893982,-0.8729682564735413,-0.613073468208313,-0.7959967851638794,-0.7588292956352234,-0.7784648537635803,-0.825728178024292,-0.8043113350868225,-0.8464252352714539,-0.7738733291625977,-0.358070433139801,-0.6209901571273804,-0.6387321352958679,-0.7353507280349731,-0.3721431791782379,-0.5016199350357056,-0.6253058314323425,-0.83289635181427,-0.49038589000701904,-0.1745598465204239
5367.0,107.33900000000004,-18.64809656862841,306.47632215447425,386.545832914184,361923.1154219816,-18.648025000000008,306.6013440000001,386.5459900000001,362018.7794840002,0.0023852105127005,9.607384648300595,0.0052361922647651,19200.000000000007,7.156862833556071e-05,0.0002214478420003,0.000157087506894,0.0,0.0014739595844985,2.137036955733154,9.580574569695631,0.5556847255754832,0.0124529056979259,4.031945542539107,19200.014519265093,-51.4431532910746,0.002,-3.1648359277088054,0.9462611865716836,-0.8130750017270377,6.0,10.0,180.0,-1.0824907025779456,-6.144572117407368,-0.1772478213719287,-2.6403982111505107,654.1752955165489,371.9446231802323,167.03294140724972,752.7371446642085,512.4000000000001,-1.0824907025779456,-0.7199617028236389,-0.6823296546936035,-0.6915405988693237,-0.6305880546569824,-0.6328179836273193,-0.6700090765953064,-0.7420474290847778,-0.5056829452514648,-0.7067301869392395,-0.6431445479393005,-0.6342214345932007,-0.6435394883155823,-0.6311372518539429,-0.6504571437835693,-0.5898509621620178,-0.7505683898925781,-1.484623908996582,-0.6160398721694946,-0.643886923789978,-0.7404768466949463,-0.7605165839195251,-0.8749260306358337,-0.6091269850730896,-0.796693742275238,-0.7499708533287048,-0.7841843962669373,-0.7903744578361511,-0.7799703478813171,-0.8332909345626831,-0.7607372999191284,-0.42070120573043823,-0.6184227466583252,-0.6408587098121643,-0.6979334950447083,-0.36952874064445496,-0.5151789784431458,-0.6202519536018372,-0.8302326202392578,-0.5788698196411133,-0.11476168781518936
5368.0,107.359,-18.648037062889426,306.6684755393343,386.5458691602939,362307.1101446893,-18.648025000000008,306.79334400000005,386.5459900000001,362402.7794840002,0.0004025859816603,9.602270922831474,0.0040303193913325,19200.000000000007,1.2062888474797917e-05,6.806865181752301e-05,0.000120840848889,0.0,0.0034058762304962,0.6128870365266039,9.602519753569524,-2.6318734867568807,0.0158739915349086,-1.0317483349630865,19199.65428721044,38.55042619895407,0.002,-3.180566332623301,0.989436623445117,-0.8247695790658442,6.0,10.0,180.0,-1.0722775073845094,-6.0981131933199695,-0.1645659356035222,-2.687020223219424,654.4316477582745,372.49731159011617,167.1244707036249,753.1250723321043,512.4000000000001,-1.0722775073845094,-0.7157195806503296,-0.6703082323074341,-0.7037415504455566,-0.6224782466888428,-0.6230880618095398,-0.6721317172050476,-0.7322976589202881,-0.5041016936302185,-0.700282096862793,-0.6428955793380737,-0.6246393918991089,-0.6387765407562256,-0.6226149797439575,-0.6426344513893127,-0.5835760235786438,-0.7396800518035889,-1.3851351737976074,-0.6349676251411438,-0.6365624666213989,-0.740131139755249,-0.7364831566810608,-0.8750881552696228,-0.6078442335128784,-0.7974122762680054,-0.7470102906227112,-0.7908804416656494,-0.7863705158233643,-0.7905055284500122,-0.8464416265487671,-0.7460026144981384,-0.33935147523880005,-0.6152086853981018,-0.639914333820343,-0.6886764764785767,-0.3438613712787628,-0.5017451643943787,-0.614833414554596,-0.8168482780456543,-0.5522949695587158,-0.08795944601297379
5369.0,107.37900000000003,-18.64808700632038,306.8602208606295,386.5458934422711,362691.1067623024,-18.648025000000008,306.98534400000005,386.5459900000001,362786.7794840002,0.0020639634629876,9.61076609448062,0.0031848791303823,19200.000000000007,6.200631852186983e-05,0.0003229435046619,9.665503387952656e-05,0.0,0.0080471903501365,1.956814008752332,9.584746750940203,5.551000736131204,0.0058492108359032,-6.168576377620578,19199.96532978353,-30.129781806787527,0.002,-3.196638327774712,1.0523837567925154,-0.8370575087723724,6.0,10.0,180.0,-1.0786383963148618,-6.07272720210771,-0.1572475170622276,-2.721364186924296,654.4433238791373,372.3251557950581,167.09473535181243,752.9960361660521,512.4000000000001,-1.0786383963148618,-0.7182950973510742,-0.6726654171943665,-0.6837188005447388,-0.6261405944824219,-0.6079807281494141,-0.6684738993644714,-0.7343011498451233,-0.5259873867034912,-0.7037086486816406,-0.6446148157119751,-0.6232074499130249,-0.637728214263916,-0.6240559220314026,-0.6450695395469666,-0.6410521268844604,-0.7492749691009521,-1.5887024402618408,-0.5847081542015076,-0.6380967497825623,-0.7357430458068848,-0.73073410987854,-0.87580806016922,-0.6071589589118958,-0.798448920249939,-0.7412433624267578,-0.8021783232688904,-0.7458652257919312,-0.7624064087867737,-0.8343126773834229,-0.7358214855194092,-0.47971558570861816,-0.615485429763794,-0.6459255218505859,-0.6486769914627075,-0.3464427888393402,-0.5191630125045776,-0.6120354533195496,-0.8180830478668213,-0.6590502858161926,-0.011810705065727234
5370.0,107.39900000000004,-18.64804971285344,307.05231150621347,386.5458934897604,363075.102181041,-18.648025000000008,307.17734400000006,386.5459900000001,363170.7794840002,0.0008237996847921,9.60774071268794,0.0032155057731967,19200.000000000007,2.4712863875136e-05,0.0002320910347207,9.650619031553192e-05,0.0,0.0073244863018527,-0.2508417736907917,9.626938301733594,-0.725506710428313,-0.001702524749784,-3.4812473646835222,19199.863078933704,-25.745202143044896,0.002,-3.211850350040732,1.1242682486586386,-0.85121421152768,6.0,10.0,180.0,-1.075695232964234,-6.145020281900772,-0.1499096219714723,-2.759852031148939,654.9206619395686,372.94607789752905,167.2573676759062,753.691018083026,512.4000000000001,-1.075695232964234,-0.7099132537841797,-0.6625539064407349,-0.6978877782821655,-0.6194756031036377,-0.610371470451355,-0.6676412224769592,-0.7292386889457703,-0.5081275701522827,-0.6964349746704102,-0.6400086879730225,-0.6167997717857361,-0.6329507827758789,-0.6161626577377319,-0.6363152265548706,-0.5984928607940674,-0.7352258563041687,-1.4178193807601929,-0.6173890829086304,-0.630068302154541,-0.7302086353302002,-0.7229525446891785,-0.8752997517585754,-0.6048452258110046,-0.7928252220153809,-0.7390947937965393,-0.7934569716453552,-0.7680115103721619,-0.7826151847839355,-0.8441928029060364,-0.7343738079071045,-0.3046491742134094,-0.6112139225006104,-0.63653564453125,-0.6706101894378662,-0.3312772214412689,-0.5029804706573486,-0.6089542508125305,-0.8087058067321777,-0.5742073059082031,-0.0695740208029747
5371.0,107.41900000000004,-18.64805283918101,307.24428982803295,386.5459239797365,363459.0998682146,-18.648025000000008,307.3693440000001,386.5459900000001,363554.7794840002,0.0009257408367315,9.608462652433571,0.0022042113338515,19200.000000000007,2.783922951718337e-05,0.0002539691800167,6.622016660818742e-05,0.0,0.0026850608824663,-1.7061552497987793,9.580580015102516,-0.431362702134542,-0.006100653255666,-1.8323806305510004,19199.965275699204,-51.44703379652053,0.002,-3.227691522434036,1.1747045646671936,-0.8551100811118106,6.0,10.0,180.0,-1.0771303471067182,-6.168938937787738,-0.142081149804969,-2.792155670826722,654.5358309697842,372.6660389487645,167.14368383795312,753.204509041513,512.4000000000001,-1.0771303471067182,-0.6944319009780884,-0.6513838768005371,-0.6884368658065796,-0.6134890913963318,-0.6023353338241577,-0.6557676792144775,-0.7222384214401245,-0.5005296468734741,-0.6878671646118164,-0.6306180953979492,-0.6087297201156616,-0.6247243881225586,-0.6078912019729614,-0.6273918151855469,-0.5923915505409241,-0.7267026305198669,-1.4439964294433594,-0.6052328944206238,-0.6205661296844482,-0.7124243974685669,-0.7118624448776245,-0.8704664707183838,-0.5996784567832947,-0.7801612615585327,-0.7273552417755127,-0.7827324271202087,-0.7636597752571106,-0.7759829759597778,-0.8374891877174377,-0.7239071726799011,-0.18581102788448334,-0.6052795052528381,-0.626858651638031,-0.6670587658882141,-0.30604496598243713,-0.5016021728515625,-0.6025318503379822,-0.8019736409187317,-0.5687317252159119,-0.09981389343738556
5372.0,107.43900000000004,-18.648025524269883,307.4363678090116,386.545911115207,363843.0964808228,-18.648025000000008,307.5613440000001,386.5459900000001,363938.7794840002,1.7215590169774796e-05,9.60585916612344,0.002628535401474,19200.000000000007,5.241793919606176e-07,0.00017559093419,7.888788122143452e-05,0.0,0.0083198575618966,-1.6490113281334484,9.598144304422808,-5.430979609519214,-0.0068226669504868,2.012241868958669,19199.67187957379,-38.54519652974715,0.002,-3.24523094255347,1.2411080019267229,-0.8529106926940139,6.0,10.0,180.0,-1.0771111803361082,-6.085437369597315,-0.134744570102239,-2.8270210206008275,654.6564154848921,372.6190194743823,167.16134191897658,753.2792545207565,512.4000000000001,-1.0771111803361082,-0.7001256346702576,-0.6573992371559143,-0.7047834992408752,-0.6159830689430237,-0.6188254356384277,-0.6632237434387207,-0.7260656952857971,-0.48817068338394165,-0.6907025575637817,-0.6339398622512817,-0.6157481670379639,-0.6305534839630127,-0.6127141714096069,-0.6316702365875244,-0.5570601224899292,-0.7264426946640015,-1.3358291387557983,-0.6412794589996338,-0.625716507434845,-0.7234916687011719,-0.7252486348152161,-0.8717729449272156,-0.6037317514419556,-0.783130407333374,-0.7375019788742065,-0.7781314253807068,-0.7988789081573486,-0.7948440313339233,-0.8463916182518005,-0.7388666272163391,-0.17936955392360687,-0.6091076135635376,-0.6277368664741516,-0.6982895135879517,-0.3165876865386963,-0.4935746490955353,-0.6089569926261902,-0.8080456852912903,-0.5063359141349792,-0.14355289936065674
5373.0,107.45900000000005,-18.648024263104343,307.6282520535857,386.5459041704677,364227.0928467247,-18.648025000000008,307.7533440000001,386.5459900000001,364322.7794840002,-2.4093284896876955e-05,9.609728102088024,0.0028578608755292,19200.000000000007,-7.371550616766586e-07,0.0002917464405081,8.583124234312105e-05,0.0,-0.0022151684436969,-1.6443336542229945,9.608892800516488,0.5502769962464626,0.0031471831549975,2.876277475527293,19199.85977334227,-30.048919755767805,0.002,-3.3006212932487253,1.324066207091281,-0.8581679354327558,6.0,10.0,180.0,-1.0742165053462576,-6.169414380099555,-0.1293733820999278,-2.8531793274499755,654.635207742446,373.1280097371912,167.2151709594883,753.5096272603782,512.4000000000001,-1.0742165053462576,-0.6923191547393799,-0.6547627449035645,-0.6820812225341797,-0.615886926651001,-0.6060727834701538,-0.651590883731842,-0.7279788851737976,-0.4959242343902588,-0.6892459988594055,-0.6271340847015381,-0.6104686260223389,-0.6237871050834656,-0.6087362766265869,-0.6273694634437561,-0.5846184492111206,-0.7278293967247009,-1.4809520244598389,-0.5937802791595459,-0.6202611923217773,-0.7056736350059509,-0.7242860198020935,-0.8686662316322327,-0.5991093516349792,-0.775708794593811,-0.7274004220962524,-0.7739494442939758,-0.7725205421447754,-0.772318422794342,-0.8305823802947998,-0.7312039136886597,-0.17091761529445648,-0.6034485697746277,-0.6208524107933044,-0.6767950057983398,-0.3188602030277252,-0.5066036581993103,-0.602708637714386,-0.805039644241333,-0.5633063912391663,-0.14217665791511536
5374.0,107.47900000000004,-18.64808371181176,307.82044743326094,386.5459454803096,364611.0893466538,-18.648025000000008,307.94534400000003,386.5459900000001,364706.7794840002,0.0019566262544133,9.603211816758911,0.0014864221679343,19200.000000000007,5.871223651414693e-05,9.636682826048498e-05,4.451935040897853e-05,0.0,-0.0056234633774306,-1.3512171203188683,9.561995477988017,-2.93261000883408,0.0022230408994902,0.4183741701705387,19199.466348941463,-77.37822282368545,0.002,-3.370390653310248,1.3718255290386203,-0.8806114408936334,6.0,10.0,180.0,-1.0805929044426283,-6.183095087390892,-0.1235322775190073,-2.8967288300909018,654.020603871223,372.7460048685956,167.04558547974415,752.7848136301891,512.4000000000001,-1.0805929044426283,-0.696734607219696,-0.6551454663276672,-0.694240927696228,-0.6138208508491516,-0.6116464138031006,-0.658108115196228,-0.7227039337158203,-0.49400967359542847,-0.6892739534378052,-0.6312363743782043,-0.6131131649017334,-0.6277255415916443,-0.6110984086990356,-0.6303611993789673,-0.5731890201568604,-0.7274790406227112,-1.3946466445922852,-0.6239935159683228,-0.6237378716468811,-0.7193552255630493,-0.7197052836418152,-0.8704386949539185,-0.601184070110321,-0.7820922136306763,-0.7326064109802246,-0.7787383198738098,-0.7817878723144531,-0.7848646640777588,-0.8399970531463623,-0.7321354150772095,-0.18327657878398895,-0.6067113876342773,-0.6274044513702393,-0.683570384979248,-0.3101128935813904,-0.4968375265598297,-0.6056620478630066,-0.8060398101806641,-0.5377423167228699,-0.11972034722566605
5375.0,107.49900000000002,-18.64819820631222,308.0123458087083,386.5459425077956,364995.08326549694,-18.648025000000008,308.1373440000001,386.5459900000001,365090.7794840002,0.0057717110798626,9.606601196801112,0.0015861433897825,19200.000000000007,0.0001732077541005,0.0001979913580938,4.749185500011325e-05,0.0,-0.0087882727158602,-0.1813330232148253,9.628187381486637,3.787325558340674,0.0029104614044162,-0.5507480032793438,19199.502697947908,29.996676771166136,0.002,-3.3869121420908472,1.3932332546024295,-0.892234156571838,6.0,10.0,180.0,-1.0962075198995809,-6.212448306647108,-0.1201322208732123,-2.949506669136817,654.4138019356114,373.7295024342978,167.23879273987205,753.6129068150946,512.4000000000001,-1.0962075198995809,-0.7016698122024536,-0.6611820459365845,-0.6800506114959717,-0.6190563440322876,-0.6023834943771362,-0.6555662155151367,-0.7312123775482178,-0.5098518133163452,-0.6950785517692566,-0.6318857073783875,-0.613093912601471,-0.6266328692436218,-0.6129769086837769,-0.6324191689491272,-0.6118624210357666,-0.7358320951461792,-1.5573471784591675,-0.5792945623397827,-0.6251542568206787,-0.7137775421142578,-0.7268116474151611,-0.8710867762565613,-0.6013960242271423,-0.7828723192214966,-0.7310435771942139,-0.7848377823829651,-0.7548351287841797,-0.7637420892715454,-0.8293963670730591,-0.7317402362823486,-0.28450047969818115,-0.6051043272018433,-0.6279107332229614,-0.6597166657447815,-0.3332799971103668,-0.5125561356544495,-0.6033599376678467,-0.8073643445968628,-0.609696090221405,-0.08580473065376282
5376.0,107.51900000000003,-18.64815062531888,308.20457608661826,386.5459576481106,365379.07599796,-18.648025000000008,308.3293440000001,386.5459900000001,365474.7794840002,0.0041837674656352,9.59892626136113,0.0010435016311506,19200.000000000007,0.0001255261319927,-3.2090700586229125e-05,3.235193896606047e-05,0.0,-0.0002405670631036,-3.6000497028048657,9.590579726463949,7.745448434866598,-0.0007161875338303,-4.268040300965614,19199.5366300149,-34.2589609495585,0.002,-3.333714396509129,1.4731337318531763,-0.8801868454419868,6.0,10.0,180.0,-1.1089082662641885,-6.16014929641725,-0.1147578562825679,-3.02796583003545,654.3434009678058,373.32275121714895,167.17739636993605,753.3494534075473,519.8250000000002,-1.1089082662641885,-0.6731257438659668,-0.6317154765129089,-0.655719518661499,-0.6061640977859497,-0.5696982741355896,-0.628856897354126,-0.7177675366401672,-0.5116304159164429,-0.6788345575332642,-0.6151954531669617,-0.5886755585670471,-0.6051605939865112,-0.5898536443710327,-0.6086702346801758,-0.6262691617012024,-0.7132436037063599,-1.664799451828003,-0.5395244359970093,-0.600753664970398,-0.6701916456222534,-0.6882085204124451,-0.8622573614120483,-0.5917850136756897,-0.7590906023979187,-0.6957352161407471,-0.7769718766212463,-0.7138715982437134,-0.7423168420791626,-0.8183961510658264,-0.6980886459350586,-0.1120663732290268,-0.5914735794067383,-0.6112235188484192,-0.6184409856796265,-0.23146924376487732,-0.5169050097465515,-0.5861266255378723,-0.7823340892791748,-0.668893039226532,-0.055113017559051514
5377.0,107.53900000000006,-18.64813986921081,308.3965643939663,386.5459049726471,365763.0677274638,-18.648025000000008,308.5213440000001,386.5459900000001,365858.7794840002,0.003830462007474,9.59931325965389,0.0028003019116458,19200.000000000007,0.0001148682385477,-2.050155265439208e-05,8.502739511080784e-05,0.0,0.0061281093981025,1.0944873020738886,9.59983734207746,-1.6429315877621078,-0.0012360987131059,2.869562615494849,19199.878108709,167.47251748020443,0.002,-3.342185846466659,1.474764871227106,-0.8997069513757042,6.0,10.0,180.0,-1.1132979614958738,-6.194739707851511,-0.1093715519636519,-3.089005509237992,654.5362004839029,373.0478756085745,167.18519818496804,753.3807267037737,527.4000000000001,-1.1132979614958738,-0.7195875644683838,-0.6751272082328796,-0.697224497795105,-0.6282234787940979,-0.6306712627410889,-0.6616637110710144,-0.7435204982757568,-0.5061497688293457,-0.7074238061904907,-0.6415076851844788,-0.629761278629303,-0.6387162804603577,-0.6253855228424072,-0.6437216997146606,-0.5607653856277466,-0.7373197674751282,-1.403458833694458,-0.6413395404815674,-0.6380290985107422,-0.7384989261627197,-0.7632876038551331,-0.87486332654953,-0.6103830933570862,-0.7983721494674683,-0.740049421787262,-0.7832805514335632,-0.7973549365997314,-0.7918699979782104,-0.8417903184890747,-0.7667174339294434,-0.4290153384208679,-0.6156013607978821,-0.6386011838912964,-0.6962118148803711,-0.2617022693157196,-0.5135892033576965,-0.6196884512901306,-0.8201158046722412,-0.592130720615387,-0.056993141770362854
5378.0,107.55900000000004,-18.647996390078667,308.5882442855165,386.545968931261,366147.069102796,-18.648025000000008,308.7133440000001,386.5459900000001,366242.7794840002,-0.0009570460900248,9.609980921053634,0.0007046168262829,19200.000000000007,-2.8611310745450223e-05,0.0002994113243006,2.106873886289965e-05,0.0,-0.0197871689951803,0.6818877275156627,9.59298653668874,6.287118085200131,-0.0092687916404517,-4.582438986516737,19199.99729160904,-47.21213418673237,0.002,-3.3442948336583576,1.558180870007004,-0.8875071349593359,6.0,10.0,180.0,-1.096659475168672,-6.251931112896798,-0.1069283714963652,-3.1028553263857392,654.0506002419515,373.6859378042873,167.16009909248402,753.2753633518869,533.0250000000001,-1.096659475168672,-0.7092335820198059,-0.6614729166030884,-0.6706029176712036,-0.6213706135749817,-0.5987673401832581,-0.6444148421287537,-0.7363852262496948,-0.525672197341919,-0.7024818658828735,-0.631306529045105,-0.6137555241584778,-0.6247076988220215,-0.6129857301712036,-0.631919264793396,-0.6098098158836365,-0.7314941883087158,-1.5773500204086304,-0.5880188345909119,-0.6254398822784424,-0.7178792953491211,-0.7322118282318115,-0.8710393309593201,-0.6048999428749084,-0.7915210723876953,-0.7184228897094727,-0.7907982468605042,-0.7409013509750366,-0.7616738677024841,-0.8286359310150146,-0.7422139048576355,-0.46572691202163696,-0.6060085296630859,-0.634529173374176,-0.6387546062469482,-0.20418640971183777,-0.5246949791908264,-0.6061643958091736,-0.8028396368026733,-0.7026726007461548,0.048917606472969055
5379.0,107.57900000000002,-18.64800273971088,308.7802931632342,386.54593477010985,366531.067798359,-18.648025000000008,308.9053440000001,386.5459900000001,366626.7794840001,-0.0007375007022524,9.60835078144648,0.0018394165550751,19200.000000000007,-2.226060143250698e-05,0.0002505414104006,5.522988734681872e-05,0.0,0.0085422941349747,0.055407929957802,9.633830330026017,-3.356915936086753,-0.0078231049298288,2.143071156613716,19200.03283053023,59.98457490590496,0.002,-3.3621040229553376,1.6095626475332452,-0.900529383111309,6.0,10.0,180.0,-1.1015376746632746,-6.28523895785102,-0.1030306549733528,-3.1033201963306314,654.8258001209758,373.6949689021436,167.31854954624202,753.9526816759435,538.4250000000002,-1.1015376746632746,-0.7183332443237305,-0.6685490608215332,-0.7000465989112854,-0.6259517669677734,-0.6278642416000366,-0.6551235318183899,-0.7448223829269409,-0.5056600570678711,-0.7072664499282837,-0.6396295428276062,-0.6249223351478577,-0.6338422894477844,-0.6194823980331421,-0.6369527578353882,-0.5369935035705566,-0.7256758213043213,-1.360702633857727,-0.6588528156280518,-0.6320955753326416,-0.7346287965774536,-0.7628405690193176,-0.8753851652145386,-0.6112289428710938,-0.7983254194259644,-0.7328346967697144,-0.7823410630226135,-0.8020532727241516,-0.8010522127151489,-0.8474492430686951,-0.7701703310012817,-0.4260156750679016,-0.6126047968864441,-0.6351088881492615,-0.6948334574699402,-0.18227088451385498,-0.5118333101272583,-0.6183198690414429,-0.8105624318122864,-0.5975150465965271,-0.01913207769393921
5380.0,107.59900000000002,-18.648063440826107,308.97225900764795,386.54593664346703,366915.0660449099,-18.648025000000008,309.0973440000001,386.5459900000001,367010.7794840002,0.0012806264894817,9.609495054681622,0.0017815571074701,19200.000000000007,3.844110511356342e-05,0.0002848980100382,5.335653264389791e-05,0.0,-0.0019431984638344,3.0497168053394343,9.565905902971062,-1.4684792248797356,0.0012390506827711,3.7133393800560897,19199.863163448605,12.81804618771476,0.002,-3.3313922220076635,1.6726762963340285,-0.8939734455524874,6.0,10.0,180.0,-1.1020361898812217,-6.198342264231757,-0.1010744805927873,-3.1248007748196565,654.2304000604879,372.9629844510718,167.11277477312103,753.0728408379717,543.0750000000002,-1.1020361898812217,-0.735013484954834,-0.6878565549850464,-0.6991424560546875,-0.6363318562507629,-0.645256757736206,-0.6600223779678345,-0.7550409436225891,-0.5146088600158691,-0.7200629711151123,-0.6490054726600647,-0.6419533491134644,-0.6458375453948975,-0.6352388262748718,-0.6529202461242676,-0.5430085062980652,-0.7419326305389404,-1.4026174545288086,-0.6648818850517273,-0.6479229927062988,-0.7543601989746094,-0.7923896908760071,-0.8761966228485107,-0.6176393032073975,-0.8107427954673767,-0.7402596473693848,-0.7857574224472046,-0.8067667484283447,-0.7991902828216553,-0.8436666131019592,-0.7932507991790771,-0.6247121095657349,-0.6217225193977356,-0.648160457611084,-0.70393967628479,-0.18591246008872986,-0.5240699052810669,-0.6301756501197815,-0.8290090560913086,-0.6404246091842651,0.018761754035949707
5381.0,107.61900000000004,-18.64802547315596,309.1642813288208,386.54595680246416,367299.0639969541,-18.648025000000008,309.2893440000001,386.5459900000001,367394.7794840002,1.4212521094795171e-05,9.608748759621722,0.0010071448979999,19200.000000000007,4.732691835730924e-07,0.0002626722021438,3.319753594412735e-05,0.0,-0.0056239321973865,0.7448163203957858,9.63550468236756,1.337452102563312,0.0114761965606531,1.5885885847581511,19200.05153107412,73.0680235651125,0.002,-3.319875191669307,1.6517981012013372,-0.9078926116523016,6.0,10.0,180.0,-1.0976333404310068,-6.230997874093086,-0.0991152445783788,-3.1525316276474444,654.660700030244,373.8434922255359,167.3018873865605,753.8834204189859,552.6000000000001,-1.0976333404310068,-0.7205767631530762,-0.6699647307395935,-0.6773350238800049,-0.6288692355155945,-0.6223254799842834,-0.6418206095695496,-0.7524236440658569,-0.5183041095733643,-0.7129577398300171,-0.6344835758209229,-0.6243863105773926,-0.6297589540481567,-0.6183786392211914,-0.6351840496063232,-0.5441217422485352,-0.7240437865257263,-1.443940281867981,-0.640282154083252,-0.6303372383117676,-0.7282106876373291,-0.7714743614196777,-0.8734613060951233,-0.6123338341712952,-0.7978295683860779,-0.7189153432846069,-0.7818124890327454,-0.7828983664512634,-0.7887723445892334,-0.8376443386077881,-0.7762891054153442,-0.5492876172065735,-0.6106951236724854,-0.6345828175544739,-0.6755157709121704,-0.10257682204246521,-0.5285176038742065,-0.6184084415435791,-0.8073838949203491,-0.6836329102516174,0.05539175868034363
5382.0,107.63900000000004,-18.64803018425412,309.35633496512867,386.5459365193427,367683.0632904938,-18.648025000000008,309.4813440000001,386.5459900000001,367778.7794840002,0.000173995804012,9.606957278824812,0.0017816927997605,19200.000000000007,5.1840832763541e-06,0.0002086345498399,5.348065749791548e-05,0.0,0.0046440964783197,1.149931749733735,9.59229469692146,-3.0440235879354747,-0.0022079506126745,4.643455785182811,19200.20342395865,-21.356940855844265,0.002,-3.2960810773325337,1.7226580087729688,-0.8952764375180989,6.0,10.0,180.0,-1.100097235720248,-6.293909682498174,-0.1001015203385425,-3.157729891854483,654.577350015122,373.234746112768,167.21494369328025,753.509210209493,556.2750000000001,-1.100097235720248,-0.7267563343048096,-0.6763242483139038,-0.6967591047286987,-0.6324676871299744,-0.640066921710968,-0.6467224359512329,-0.7556205987930298,-0.5101243257522583,-0.7166624069213867,-0.6432585120201111,-0.6336474418640137,-0.6368366479873657,-0.6250300407409668,-0.6412132978439331,-0.5104715824127197,-0.7247838377952576,-1.3745484352111816,-0.6774711012840271,-0.6370738744735718,-0.7408695220947266,-0.7910473942756653,-0.8746577501296997,-0.6161625981330872,-0.8036161065101624,-0.7267589569091797,-0.7806606292724609,-0.8116369247436523,-0.806221604347229,-0.845612645149231,-0.7939602136611938,-0.5694962739944458,-0.6162475347518921,-0.6388784050941467,-0.7034193277359009,-0.082277312874794,-0.52386873960495,-0.6268137097358704,-0.8161046504974365,-0.6457852721214294,0.03839634358882904
5383.0,107.65900000000003,-18.647943366467068,309.54829303738734,386.5459883717949,368067.0618642476,-18.648025000000008,309.6733440000001,386.5459900000001,368162.7794840002,-0.0027225266642398,9.608347983361202,2.277838952828271e-05,19200.000000000007,-8.16337775781125e-05,0.0002507637373008,1.6282051844723654e-06,0.0,0.00978232046346,1.3994387949811644,9.589107943054016,-2.4447625582853023,0.0148794880437882,-0.3690313829793653,19199.808251587016,17.099764298268678,0.002,-3.2908954236356216,1.723762307828389,-0.908911670415059,6.0,10.0,180.0,-1.088889006188391,-6.2597528614598215,-0.0986438467205637,-3.168479847068564,654.600675007561,372.706373056384,167.15897184664013,753.2681051047465,559.4250000000002,-1.088889006188391,-0.7318607568740845,-0.6750956773757935,-0.6991147994995117,-0.6319794058799744,-0.6355115175247192,-0.6495585441589355,-0.7539343237876892,-0.5198624134063721,-0.7181413173675537,-0.6420304179191589,-0.6325074434280396,-0.6375130414962769,-0.6247048377990723,-0.6418489217758179,-0.5238398313522339,-0.7244353294372559,-1.3770250082015991,-0.681705892086029,-0.6378159523010254,-0.746769905090332,-0.7842470407485962,-0.8765583634376526,-0.6180245876312256,-0.8090900778770447,-0.7262524366378784,-0.7900750041007996,-0.7982633113861084,-0.806725025177002,-0.8500806093215942,-0.7897986173629761,-0.6352425813674927,-0.6183029413223267,-0.645487368106842,-0.6884961128234863,-0.05862338840961456,-0.5248005986213684,-0.6275535225868225,-0.8127133846282959,-0.6758827567100525,0.09843423962593079
5384.0,107.67900000000004,-18.64794339591392,309.7401794182037,386.5460195508288,368451.0621990629,-18.648025000000008,309.86534400000016,386.5459900000001,368546.7794840002,-0.0027180708239725,9.612145333609838,-0.0009825631134519,19200.000000000007,-8.160340425471287e-05,0.0003643818398174,-2.9550828672452963e-05,0.0,-0.0014989970382843,1.5884872982405125,9.625746469987558,3.544419332669446,0.0117333809491108,-4.762728219868828,19200.23963644387,-17.271796687302533,0.002,-3.2706434647203824,1.7657117792118282,-0.8945891453899327,6.0,10.0,180.0,-1.078603881287006,-6.245644562639411,-0.1030267349594316,-3.171018325836697,654.8128375037804,373.415686528192,167.28348592332006,753.8035525523733,562.2000000000002,-1.078603881287006,-0.7302294373512268,-0.6710848808288574,-0.6743543148040771,-0.6310263276100159,-0.6190704107284546,-0.6421375870704651,-0.7543500065803528,-0.5350444316864014,-0.7184573411941528,-0.6348193287849426,-0.624657154083252,-0.6307286024093628,-0.619348406791687,-0.637163519859314,-0.562362790107727,-0.724765419960022,-1.4689933061599731,-0.643054723739624,-0.6327193975448608,-0.7369450926780701,-0.7685727477073669,-0.875702440738678,-0.6166906952857971,-0.8057974576950073,-0.7153975367546082,-0.7963483929634094,-0.7647655010223389,-0.7864189147949219,-0.8406885862350464,-0.7760346531867981,-0.7093590497970581,-0.6138052940368652,-0.6446871161460876,-0.6520331501960754,-0.04242523014545441,-0.5356830358505249,-0.6207683682441711,-0.8043004870414734,-0.7530838251113892,0.16372795403003693
5385.0,107.69900000000004,-18.647917981203143,309.9327173177353,386.5460359257109,368835.06366619805,-18.648025000000008,310.05734400000017,386.5459900000001,368930.7794840002,-0.0035684559047904,9.594215552996152,-0.0015341013746488,19200.000000000007,-0.0001070174609156,-0.0001734197566556,-4.592571074216787e-05,0.0,0.01049016605649,-0.7250019066770219,9.603277432136744,-6.774564232988507,-0.002679953612356,-3.0435507666724093,19200.10311885576,-34.32553999805465,0.002,-3.3323648188484887,1.8344890175217667,-0.9047112684281284,6.0,10.0,180.0,-1.069820526365986,-6.265548706512641,-0.1078980844581279,-3.1551481365016363,654.8934187518903,372.998843264096,167.25224296166004,753.6672762761866,564.6750000000002,-1.069820526365986,-0.7238943576812744,-0.6604564189910889,-0.7104412317276001,-0.6236358880996704,-0.6282023191452026,-0.645698070526123,-0.7454899549484253,-0.5133262276649475,-0.7107623815536499,-0.6419162154197693,-0.622016429901123,-0.6300598382949829,-0.6137614250183105,-0.6305501461029053,-0.49605679512023926,-0.7075806856155396,-1.3118468523025513,-0.7085375785827637,-0.6273525953292847,-0.7410978078842163,-0.7648176550865173,-0.8739137649536133,-0.6167506575584412,-0.8044480681419373,-0.7198259234428406,-0.7893111109733582,-0.7990468740463257,-0.8198826313018799,-0.8618332147598267,-0.7790975570678711,-0.5296053886413574,-0.6134655475616455,-0.6402991414070129,-0.6872475147247314,0.007558614015579224,-0.5111218094825745,-0.6222794055938721,-0.7975491285324097,-0.6412235498428345,0.11789701879024506
5386.0,107.71900000000002,-18.64795994516675,310.124150070198,386.54606658452985,369219.0653409542,-18.648025000000008,310.24934400000006,386.5459900000001,369314.7794840001,-0.0021731268251598,9.613096494908328,-0.0025497261718361,19200.000000000007,-6.515525216146077e-05,0.0003936276258642,-7.658452968671945e-05,0.0,-0.0007243478800671,-0.4820400147258871,9.57177797815877,1.4004064586928124,-0.0078094414042352,-2.813102528984285,19200.102397618284,-72.91726972037826,0.002,-3.345287803295105,1.8317164172800968,-0.8973897715309013,6.0,10.0,180.0,-1.063521878615075,-6.318668994935908,-0.1152226299554003,-3.145402024310006,654.3542093759452,372.665921632048,167.10412148083003,753.0336381380932,566.8500000000001,-1.063521878615075,-0.7138603925704956,-0.6569218635559082,-0.6712707281112671,-0.6239213347434998,-0.6128029227256775,-0.6286306977272034,-0.7465368509292603,-0.5235210061073303,-0.7089250087738037,-0.6268532872200012,-0.6159428358078003,-0.6216673254966736,-0.6090511083602905,-0.6255775690078735,-0.5346803665161133,-0.7100052833557129,-1.445029377937317,-0.6507992744445801,-0.6213891506195068,-0.7197774648666382,-0.758296012878418,-0.8714675307273865,-0.6118507981300354,-0.7934682369232178,-0.7032177448272705,-0.7834722399711609,-0.7668544054031372,-0.7891161441802979,-0.8388246297836304,-0.7682968378067017,-0.5630353093147278,-0.6082553863525391,-0.6342911124229431,-0.6559561491012573,0.02061687409877777,-0.5302510857582092,-0.6156067252159119,-0.7948348522186279,-0.7318927645683289,0.13937906920909882
5387.0,107.73900000000005,-18.648068146087443,310.31657151037155,386.5459952175349,369603.0622275357,-18.648025000000008,310.4413440000001,386.5459900000001,369698.7794840002,0.0014436305945692,9.599077686123724,-0.000173728681959,19200.000000000007,4.314388913272586e-05,-2.770981052416769e-05,-5.21753475253429e-06,0.0,0.0005055386269798,-1.356065915727682,9.617634671167243,-4.150778314501299,-0.0002703470022262,1.2808483427622763,19199.70651021053,-25.70374177816903,0.002,-3.3558985512863826,1.7819341379278797,-0.9080277724443668,6.0,10.0,180.0,-1.0732838295899036,-6.280690962293305,-0.1157178354210309,-3.176156776937118,654.6381046879726,373.200460816024,167.223560740415,753.5448190690466,568.7250000000001,-1.0732838295899036,-0.7143007516860962,-0.656988263130188,-0.6907803416252136,-0.6230777502059937,-0.6234109997749329,-0.6316285133361816,-0.7488179802894592,-0.5098249912261963,-0.7087349891662598,-0.6311317086219788,-0.6178267002105713,-0.6229381561279297,-0.6086583137512207,-0.6239780187606812,-0.4889582097530365,-0.7027087807655334,-1.3549096584320068,-0.6853552460670471,-0.6207071542739868,-0.723069429397583,-0.7705145478248596,-0.8717821836471558,-0.6128070950508118,-0.7946987748146057,-0.7087477445602417,-0.7775840163230896,-0.7979992628097534,-0.8090702295303345,-0.8490680456161499,-0.7795237898826599,-0.4929337501525879,-0.6078691482543945,-0.6292665004730225,-0.6855258941650391,0.03386244177818298,-0.519446074962616,-0.6182106137275696,-0.7940369844436646,-0.6611731648445129,0.09110888838768005
5388.0,107.75900000000004,-18.64806268452086,310.5085207914927,386.5459901455504,369987.060228986,-18.648025000000008,310.6333440000001,386.5459900000001,370082.7794840002,0.0012495713675511,9.60076494317082,-6.544003061315735e-06,19200.000000000007,3.75835986048472e-05,2.3014124411520847e-05,-1.455503281094702e-07,0.0,-0.0026779448892401,-1.1561281380393356,9.6052239469463,0.1743107584913836,-0.013391159692612,2.144134076142797,19199.87775771667,-38.63221617899708,0.002,-3.3381620360432858,1.7861781037799564,-0.9024324919169016,6.0,10.0,180.0,-1.074724455321699,-6.293016390470855,-0.1181765408267954,-3.191548125546771,654.5750523439863,373.375230408012,167.2307803702075,753.5764095345232,570.3000000000001,-1.074724455321699,-0.7097256183624268,-0.6562763452529907,-0.6702371835708618,-0.6243799924850464,-0.6162109971046448,-0.6227566599845886,-0.7510216236114502,-0.514548659324646,-0.7086939811706543,-0.6249715685844421,-0.6156301498413086,-0.6190845966339111,-0.6070007681846619,-0.622058629989624,-0.5078374743461609,-0.7047373056411743,-1.4280025959014893,-0.6549135446548462,-0.6182706356048584,-0.7120106220245361,-0.7685787677764893,-0.8703257441520691,-0.6108737587928772,-0.7882422208786011,-0.7000285983085632,-0.7732040286064148,-0.7836384773254395,-0.7935143709182739,-0.836804211139679,-0.775793194770813,-0.5108974575996399,-0.6053335070610046,-0.6260516047477722,-0.6710122227668762,0.0390658974647522,-0.5304277539253235,-0.6152987480163574,-0.7938637733459473,-0.7086036801338196,0.09869752824306488
5389.0,107.77900000000004,-18.648025323687627,310.7007549295938,386.5460087544969,370371.0591875898,-18.648025000000008,310.8253440000001,386.5459900000001,370466.7794840001,1.0311893328874765e-05,9.592954672454336,-0.0006217804857235,19200.000000000007,3.248689249990978e-07,-0.0002114221161381,-1.8754496726162064e-05,0.0,0.0077995587023307,-2.869205698037148,9.562755377720013,-3.531901788399921,0.0019225573518886,3.2884450371218783,19199.724217057214,-60.16822422467565,0.002,-3.333113857814412,1.8030696936587511,-0.8919413473123178,6.0,10.0,180.0,-1.0781350254805535,-6.265180298873354,-0.1176991732789058,-3.2156302686857217,654.2580261719932,372.41911520400606,167.05639018510374,752.8282047672617,564.3000000000002,-1.0781350254805535,-0.6975545883178711,-0.6461609601974487,-0.6786410808563232,-0.6176404356956482,-0.6158188581466675,-0.6221054196357727,-0.7409676909446716,-0.5014531016349792,-0.6988629102706909,-0.6253015995025635,-0.6103802919387817,-0.6160487532615662,-0.6011940240859985,-0.6160887479782104,-0.48949921131134033,-0.6965616941452026,-1.3728747367858887,-0.6673997640609741,-0.6121194362640381,-0.7038120031356812,-0.7562598586082458,-0.8673478960990906,-0.6065348982810974,-0.7809807062149048,-0.6987778544425964,-0.7643484473228455,-0.7944303750991821,-0.7988746762275696,-0.8401685953140259,-0.7658045291900635,-0.3564767837524414,-0.6032975912094116,-0.6197039484977722,-0.683351457118988,0.03268231451511383,-0.5185900330543518,-0.612174391746521,-0.7899335622787476,-0.6496023535728455,0.036404773592948914
5390.0,107.79900000000004,-18.64802242115333,310.892387635001,386.54600588700407,370755.060523027,-18.648025000000008,311.0173440000001,386.5459900000001,370850.7794840001,-8.73796422062775e-05,9.605200826164433,-0.0005596606658499,19200.000000000007,-2.577882621067096e-06,0.0001559674709561,-1.5887003918315432e-05,0.0,0.0012259398550689,-0.1252213146053328,9.613776249554965,9.645725545773873,0.0036668483375081,-2.812819807750348,19200.03443701956,38.61392055870539,0.002,-3.329846811909267,1.7707285183511912,-0.8952686260969859,6.0,10.0,180.0,-1.0790826720033089,-6.324268305855792,-0.1210984989847518,-3.1982058664807247,654.5575130859966,372.987557602003,167.18269509255185,753.3696023836308,558.0000000000001,-1.0790826720033089,-0.7075188159942627,-0.6570566892623901,-0.6496535539627075,-0.6257574558258057,-0.5966946482658386,-0.6230502128601074,-0.7490187883377075,-0.5334552526473999,-0.7074233889579773,-0.6192463636398315,-0.6106163263320923,-0.6167982816696167,-0.6066038608551025,-0.6236453652381897,-0.59029620885849,-0.7184059619903564,-1.6278657913208008,-0.5828272700309753,-0.6181983947753906,-0.6998244524002075,-0.7419124245643616,-0.8685988783836365,-0.6063440442085266,-0.7839880585670471,-0.6950341463088989,-0.783897340297699,-0.7343204021453857,-0.7563690543174744,-0.8210662603378296,-0.7505275011062622,-0.5685073733329773,-0.6041257381439209,-0.6286635994911194,-0.6271164417266846,-0.05141492187976837,-0.5461307764053345,-0.6080819964408875,-0.7951819896697998,-0.7937852740287781,0.11843137443065643
5391.0,107.81900000000005,-18.648006860019635,311.0847034049298,386.5459678949298,371139.06061704224,-18.648025000000008,311.2093440000001,386.5459900000001,371234.7794840002,-0.0006067386229991,9.59468054105512,0.0007381739362766,19200.000000000007,-1.814012407968992e-05,-0.0001596081522529,2.2105070318313583e-05,0.0,-0.0121976287271313,-1.7066052454582334,9.58053626545146,0.1814730115618147,-0.0017003888389887,1.7808864898197847,19199.67317185286,-17.107077304085067,0.002,-3.339830827539744,1.7742913439674488,-0.9103543532236008,6.0,10.0,180.0,-1.0736923871031343,-6.268601248405995,-0.1205904647364179,-3.202847644599884,654.0667565429983,373.1982788010015,167.10684754627593,753.0478011918153,551.6250000000001,-1.0736923871031343,-0.6989448070526123,-0.6511098742485046,-0.6700646877288818,-0.6179540157318115,-0.6087895035743713,-0.6280901432037354,-0.7389009594917297,-0.5076122283935547,-0.698998212814331,-0.6248205900192261,-0.6105663180351257,-0.6176837086677551,-0.6045774221420288,-0.6206661462783813,-0.532067596912384,-0.7089890241622925,-1.4360498189926147,-0.6339677572250366,-0.6155911087989807,-0.7054933309555054,-0.7470837235450745,-0.8679719567298889,-0.6047179102897644,-0.7821997404098511,-0.7049716114997864,-0.7704910635948181,-0.776942789554596,-0.784876823425293,-0.8332270383834839,-0.756561815738678,-0.3605339527130127,-0.6024085879325867,-0.6220588088035583,-0.6690218448638916,-0.06551156938076019,-0.5203295350074768,-0.6083539724349976,-0.7939964532852173,-0.66058748960495,0.023411527276039124
5392.0,107.83900000000004,-18.64800595382309,311.2762639633867,386.54604683661057,371523.0582640829,-18.648025000000008,311.4013440000001,386.5459900000001,371618.7794840002,-0.0006363472080158,9.609323902584732,-0.0018964005408781,19200.000000000007,-1.904660152069882e-05,0.0002798324403934,-5.683661041175242e-05,0.0,-0.0017207280339968,-1.16217372829959,9.606950850480958,7.143017265699425,0.0034051893361222,-6.169395478199854,19200.100949684725,120.22627986880914,0.002,-3.301393774929252,1.776220597191287,-0.8906806509203479,6.0,10.0,180.0,-1.0717641427288986,-6.288609102269716,-0.1215727111659286,-3.2099837080899034,654.3263782714992,373.3671394005007,167.17892377313797,753.3564005959076,553.2,-1.0717641427288986,-0.702010989189148,-0.6478972434997559,-0.6582430005073547,-0.6184693574905396,-0.5919764041900635,-0.6259520649909973,-0.7386398315429688,-0.5302920937538147,-0.7006525993347168,-0.6202530860900879,-0.6035223603248596,-0.6135544180870056,-0.6008176803588867,-0.6186152100563049,-0.5896618366241455,-0.7124325633049011,-1.5658867359161377,-0.592666745185852,-0.6130542159080505,-0.699636697769165,-0.7265905141830444,-0.866977334022522,-0.6041670441627502,-0.7832841873168945,-0.6958416700363159,-0.7871705889701843,-0.7307934761047363,-0.7624671459197998,-0.8279019594192505,-0.7386255264282227,-0.47763365507125854,-0.6010370254516602,-0.627534031867981,-0.6223104000091553,-0.05634857714176178,-0.5331191420555115,-0.6028556227684021,-0.7869819402694702,-0.7605296969413757,0.11851261556148529
5393.0,107.85900000000004,-18.64805076615836,311.46849046681484,386.5459716806042,371907.06210825767,-18.648025000000008,311.59334400000006,386.5459900000001,372002.7794840002,0.0008616647653941,9.601778354207628,0.0006114779256016,19200.000000000007,2.5766210802362752e-05,5.3331315485594925e-05,1.831939585961388e-05,0.0,-0.0004788764068174,1.4692311440463848,9.595938748973946,-2.750096201474699,-0.006327423925023,0.3004119656198717,19200.13520090263,-47.23870576770669,0.002,-3.2991853224438623,1.85745897453082,-0.8840754114080401,6.0,10.0,180.0,-1.078147790281863,-6.29152616252486,-0.1206101766217947,-3.196602073049586,654.3531891357495,373.2310697002504,167.16896188656898,753.3127002979538,543.9750000000001,-1.078147790281863,-0.7278848886489868,-0.6756341457366943,-0.7026248574256897,-0.6294066309928894,-0.6332360506057739,-0.6570676565170288,-0.747749388217926,-0.5136957168579102,-0.7135407328605652,-0.6446306109428406,-0.6314061284065247,-0.6386840343475342,-0.6256194710731506,-0.643388032913208,-0.5401638746261597,-0.7309341430664062,-1.371414303779602,-0.6688328981399536,-0.6387477517127991,-0.74680495262146,-0.773466169834137,-0.8763026595115662,-0.615037202835083,-0.8072567582130432,-0.7351605892181396,-0.7879638075828552,-0.798612117767334,-0.8023239374160767,-0.8489842414855957,-0.7793746590614319,-0.5441747307777405,-0.6169142723083496,-0.6437790989875793,-0.6920366883277893,-0.15755251049995422,-0.5160810351371765,-0.6235493421554565,-0.8156983256340027,-0.6298823952674866,0.03735542297363281
5394.0,107.87900000000003,-18.64796975154041,311.66006155070835,386.5460038599916,372291.0616850519,-18.648025000000008,311.78534400000007,386.5459900000001,372386.7794840002,-0.001844030044356,9.616075779071943,-0.0004974870037583,19200.000000000007,-5.52473075944754e-05,0.0004823514102713,-1.385999144377374e-05,0.0,-0.0115034950380976,0.5492828057057568,9.610625638432214,3.482896793903561,-0.0056294146874933,1.5249764051789725,19200.033139624866,94.36190868603045,0.002,-3.348745113294201,1.827179035848676,-0.905066932813086,6.0,10.0,180.0,-1.069371715838618,-6.345226291457985,-0.1240305463101302,-3.18019532030934,654.3225945678748,373.7780348501252,167.22548094328448,753.556850148977,540.0750000000002,-1.069371715838618,-0.7116786241531372,-0.6665761470794678,-0.6724295616149902,-0.6256635189056396,-0.6137344241142273,-0.6420455574989319,-0.7451866269111633,-0.5159812569618225,-0.7065412998199463,-0.6323881149291992,-0.6201888918876648,-0.6273055076599121,-0.6162929534912109,-0.6336803436279297,-0.5710025429725647,-0.7286025881767273,-1.5062373876571655,-0.6110048294067383,-0.6278058290481567,-0.719444990158081,-0.7556762099266052,-0.8711304068565369,-0.6073427796363831,-0.7911412715911865,-0.7193893790245056,-0.7800965905189514,-0.7678471803665161,-0.7745640873908997,-0.8296520709991455,-0.7610447406768799,-0.4616071581840515,-0.6078312397003174,-0.6311529278755188,-0.6665680408477783,-0.17374476790428162,-0.5264597535133362,-0.6123812794685364,-0.8080014586448669,-0.6741931438446045,0.011188119649887085
5395.0,107.89900000000004,-18.64804308254853,311.85231753043325,386.5459638503902,372675.0617200224,-18.648025000000008,311.9773440000001,386.5459900000001,372770.7794840001,0.0006018119821175,9.607541111871132,0.0008706117296102,19200.000000000007,1.808387086945469e-05,0.0002261749773715,2.6149609860892066e-05,0.0,-0.0031374752377031,1.4684673967734865,9.61641847678125,-3.357743276573096,-0.0121947321262407,4.887540877529199,19199.9312389346,-17.191906553938686,0.002,-3.3259011172155133,1.820326664348292,-0.8941856543832453,6.0,10.0,180.0,-1.0707924991590576,-6.270053088754185,-0.1264627577680163,-3.1925053095105294,654.5362972839374,373.85951742506256,167.27874047164224,753.7829250744885,536.5500000000002,-1.0707924991590576,-0.7252240180969238,-0.6792047023773193,-0.7033881545066833,-0.6306462287902832,-0.6387242078781128,-0.6594184637069702,-0.7496523857116699,-0.5045779347419739,-0.7126641273498535,-0.642949640750885,-0.6337084174156189,-0.6400634050369263,-0.6276645660400391,-0.6450577974319458,-0.5346105098724365,-0.7347366809844971,-1.3675693273544312,-0.6623727083206177,-0.6401095390319824,-0.7442103624343872,-0.7796066403388977,-0.8755360245704651,-0.6139703989028931,-0.8023308515548706,-0.7398226857185364,-0.7815018892288208,-0.8122069239616394,-0.8020582795143127,-0.8457366228103638,-0.7825911641120911,-0.48294997215270996,-0.6160168647766113,-0.638929545879364,-0.7078028917312622,-0.21390804648399353,-0.5139971375465393,-0.6233217120170593,-0.8210282325744629,-0.5905237197875977,-0.0346493273973465
5396.0,107.91900000000004,-18.64810770903367,312.0446210420725,386.5459618753776,373059.0600966409,-18.648025000000008,312.1693440000001,386.5459900000001,373154.7794840001,0.0027576425407337,9.59742058352725,0.000940822771091,19200.000000000007,8.260873802021048e-05,-7.733814215270077e-05,2.8124622561845646e-05,0.0,0.000252840226371,3.420381373655485,9.6284453591565,-2.507233519757653,0.0102600454904682,3.794269028155391,19200.085469920537,94.46852181252704,0.002,-3.325405469148285,1.8373488134665648,-0.8989466187378561,6.0,10.0,180.0,-1.0804970656435269,-6.294493299276896,-0.1210822667512542,-3.2089329217010145,654.8461486419687,373.9772587125313,167.3553702358211,754.1104625372443,533.4750000000001,-1.0804970656435269,-0.7403898239135742,-0.6929690837860107,-0.7077677845954895,-0.6376634240150452,-0.6483933925628662,-0.6720295548439026,-0.7563026547431946,-0.5130082368850708,-0.7214677929878235,-0.6524255275726318,-0.6442479491233826,-0.6501815319061279,-0.6386795043945312,-0.6571916937828064,-0.5512654185295105,-0.74822998046875,-1.375779628753662,-0.6650427579879761,-0.6520587801933289,-0.7616140842437744,-0.7921199202537537,-0.8787471055984497,-0.6192565560340881,-0.8142824172973633,-0.7521801590919495,-0.7909060120582581,-0.8131769895553589,-0.8033407926559448,-0.8489879965782166,-0.7922785878181458,-0.611199140548706,-0.6231200695037842,-0.6500949263572693,-0.7109586000442505,-0.26105454564094543,-0.5184321999549866,-0.6306189894676208,-0.8324488401412964,-0.6031890511512756,-0.017806753516197205
5397.0,107.93900000000004,-18.64799332759452,312.23642739805564,386.5460009843865,373443.0622014833,-18.648025000000008,312.3613440000001,386.5459900000001,373538.7794840002,-0.0010570286065134,9.603877342403768,-0.0003585892218139,19200.000000000007,-3.167388661708712e-05,0.0001162003910145,-1.0984386371704648e-05,0.0,0.0021593442743327,-0.3684818003825171,9.563981674819154,1.5827279607046545,0.0099985532428454,1.882204225888448,19200.410110812136,-51.42028968759496,0.002,-3.3715494683002154,1.8635659928501307,-0.8880627664088321,6.0,10.0,180.0,-1.0741839430171976,-6.318336448128387,-0.124992323343592,-3.195132300708379,654.2945743209843,372.9281293562657,167.12218511791056,753.1117312686222,530.8500000000001,-1.0741839430171976,-0.7035216689109802,-0.6611614227294922,-0.6776821613311768,-0.6218096613883972,-0.6137272119522095,-0.6454012393951416,-0.7369937300682068,-0.507828950881958,-0.6992228031158447,-0.6314283609390259,-0.6179475784301758,-0.6273103356361389,-0.6143074035644531,-0.6322811841964722,-0.571998655796051,-0.7277085781097412,-1.479781150817871,-0.6120310425758362,-0.6257708072662354,-0.7158058881759644,-0.7445598244667053,-0.8694533705711365,-0.604548990726471,-0.7855695486068726,-0.7223415970802307,-0.7765957713127136,-0.7726268768310547,-0.7759829759597778,-0.8308941125869751,-0.7504417896270752,-0.3463209867477417,-0.6080215573310852,-0.6290528178215027,-0.6735221147537231,-0.21297195553779602,-0.51894611120224,-0.6107041835784912,-0.8087661266326904,-0.6324408650398254,-0.04688241332769394
5398.0,107.95900000000005,-18.648037976292663,312.4286080638282,386.5460214075418,373827.0617898578,-18.648025000000008,312.5533439999927,386.5459900000001,373922.7794840002,0.00043196543915,9.59785264700713,-0.0010464919654576,19200.000000000007,1.297550614767495e-05,-6.436970775969668e-05,-3.140754168661995e-05,0.0,0.0024448985283236,0.5428969696255315,9.637440113030992,-1.211853361975012,0.0143934949429376,-2.800242055528296,19199.86034127221,47.1702173885167,0.002,-3.3549605452714872,1.85858574039417,-0.90932395319162,6.0,10.0,180.0,-1.0752336416617931,-6.302198054830514,-0.1254904129489159,-3.19872974461217,654.8722871604922,373.5835646781328,167.31509255895529,753.9383656343111,528.4500000000002,-1.0752336416617931,-0.7197630405426025,-0.6681828498840332,-0.6985790729522705,-0.6238043308258057,-0.6186541318893433,-0.6629355549812317,-0.7388149499893188,-0.5141642093658447,-0.7053067088127136,-0.6428537368774414,-0.6223678588867188,-0.6349734663963318,-0.6197807788848877,-0.6390366554260254,-0.5749037265777588,-0.7325155735015869,-1.3907285928726196,-0.6394710540771484,-0.63346266746521,-0.7382540702819824,-0.7447806000709534,-0.876621663570404,-0.6098813414573669,-0.8014925718307495,-0.7365713119506836,-0.7935376763343811,-0.7783949375152588,-0.7915863990783691,-0.8474363684654236,-0.7543141841888428,-0.4318850040435791,-0.6131800413131714,-0.64009028673172,-0.6755648851394653,-0.24430546164512634,-0.510091245174408,-0.615031898021698,-0.8096102476119995,-0.6094455718994141,-0.0054979026317596436
5399.0,107.97900000000004,-18.648100391702883,312.62057644129925,386.5460058515637,374211.0613659772,-18.648024999998466,312.7453439999561,386.5459900000001,374306.7794840001,0.0025160635223555,9.59891770159663,-0.0005295577250856,19200.000000000007,7.53918684930915e-05,-3.25471769148373e-05,-1.58515635548055e-05,0.0,0.0034282802882262,2.4440055888349583,9.587140357077782,-0.432028990608997,-0.0044045762149524,-3.906961475883501,19200.08490858289,-38.70852349885961,0.002,-3.3589246606031327,1.7766511670531862,-0.917495019610435,6.0,10.0,180.0,-1.0810887805439915,-6.255416160017162,-0.1284203239173348,-3.208986151862254,654.600643580246,373.0642823390664,167.20004627947765,753.4451828171556,526.2750000000001,-1.0810887805439915,-0.731067955493927,-0.6795775294303894,-0.7004406452178955,-0.6296311020851135,-0.6275368332862854,-0.6715555191040039,-0.741622805595398,-0.5204214453697205,-0.7118552923202515,-0.6504664421081543,-0.6325068473815918,-0.6440175771713257,-0.6301872134208679,-0.6502155065536499,-0.5891786813735962,-0.7450593709945679,-1.408673644065857,-0.6438844799995422,-0.6445567607879639,-0.754443883895874,-0.7563213109970093,-0.8783282041549683,-0.6139864325523376,-0.8113231062889099,-0.746933102607727,-0.800233781337738,-0.7777256965637207,-0.7906384468078613,-0.8482460975646973,-0.7625744342803955,-0.5478014945983887,-0.620177149772644,-0.6515920758247375,-0.6776636838912964,-0.2737440764904022,-0.5134820342063904,-0.6218701004981995,-0.821713924407959,-0.6269474625587463,0.019722864031791687
5400.0,107.99900000000002,-18.64803400995169,312.81291810798774,386.5459795904199,374595.06070913136,-18.648024999984905,312.9373439999074,386.5459900000001,374690.7794840002,0.0003035225903533,9.58751457646579,0.000347912516864,19200.000000000007,9.010080074140115e-06,-0.0003742096147971,1.0409580261627776e-05,0.0,0.005124725289143,0.0001361211496004,9.62305676877213,-0.9133411465570308,0.0049005459578871,-2.569345644828026,19200.06866806721,-25.755027653461912,0.002,-3.318369598214029,1.8059888992479685,-0.8861726387209942,6.0,10.0,180.0,-1.079115033607457,-6.303252591066735,-0.1240227315897269,-3.2038697448057656,654.910821790123,373.3266411695332,167.29352313973882,753.8440914085778,524.3250000000002,-1.079115033607457,-0.7137657403945923,-0.6643022298812866,-0.6953864097595215,-0.6217319369316101,-0.6147832870483398,-0.6615458726882935,-0.73505699634552,-0.5111463069915771,-0.7011627554893494,-0.640230119228363,-0.6193107962608337,-0.6328049898147583,-0.6171994209289551,-0.6365216970443726,-0.580484926700592,-0.7315906286239624,-1.403232455253601,-0.6304248571395874,-0.630639910697937,-0.7321556806564331,-0.7368860840797424,-0.875532329082489,-0.607308030128479,-0.7966541647911072,-0.7344550490379333,-0.7912137508392334,-0.7744992971420288,-0.7874606847763062,-0.8447515964508057,-0.7468589544296265,-0.37337327003479004,-0.6116354465484619,-0.6372497081756592,-0.6733630299568176,-0.26105988025665283,-0.5085428953170776,-0.6122527122497559,-0.8082904815673828,-0.6007260084152222,-0.029297351837158203
5401.0,108.01900000000003,-18.64797360480096,313.0047822263061,386.5460137701064,374979.063482037,-18.64802499995093,313.12934399988615,386.5459900000001,375074.7794840002,-0.0016841924664225,9.592053411097949,-0.0007910953606289,19200.000000000007,-5.139512496466737e-05,-0.0002382231212026,-2.377010623247312e-05,0.0,0.0144038499108136,-1.094236275880363,9.56860562203337,-4.819178290101651,-0.0036742323433804,-2.443993278024653,19200.325663994463,-51.45228375730587,0.002,-3.3197562807605645,1.940766786700328,-0.8787138708155187,6.0,10.0,180.0,-1.076182178127289,-6.31192484130624,-0.125493319201529,-3.190520977256424,654.6179108950615,372.2583205847666,167.1107615698694,753.061045704289,522.6750000000001,-1.076182178127289,-0.7074571251869202,-0.6576733589172363,-0.7064085006713867,-0.6174084544181824,-0.617676317691803,-0.6622092127799988,-0.7273439168930054,-0.5005029439926147,-0.6950826644897461,-0.6386027932167053,-0.6173271536827087,-0.6321898102760315,-0.614229142665863,-0.6334913969039917,-0.5607850551605225,-0.7252143025398254,-1.3347878456115723,-0.6534493565559387,-0.6279124617576599,-0.7316020727157593,-0.7275850176811218,-0.873617947101593,-0.6064242720603943,-0.7930123805999756,-0.7345897555351257,-0.7872343063354492,-0.7883620858192444,-0.7980057001113892,-0.8508211970329285,-0.7419670224189758,-0.28088492155075073,-0.6122132539749146,-0.6359869837760925,-0.6849905252456665,-0.24939122796058655,-0.49829337000846863,-0.6122589707374573,-0.8063831925392151,-0.5563721060752869,-0.05601135641336441
5402.0,108.03900000000004,-18.647963785533868,313.1967653191906,386.5460253239863,375363.0650386832,-18.64802499985634,313.3213439999668,386.5459900000001,375458.7794840001,-0.0020394019330082,9.59261412290748,-0.001180861785092,19200.000000000007,-6.121413967172075e-05,-0.0002214157786797,-3.532398609435385e-05,0.0,-0.0019465921919035,-1.2311896935936613,9.613037091293757,-4.156513061816468,-0.0051232089866864,0.862636763312732,19199.8264171283,-60.00469507872484,0.002,-3.393544970102721,1.8727210191799164,-0.9244445158504428,6.0,10.0,180.0,-1.0683544461565675,-6.308996962229995,-0.1298923181370481,-3.179244479309966,654.6689554475308,373.00516029238327,167.20738078493468,753.4750228521445,514.5000000000001,-1.0683544461565675,-0.7027654647827148,-0.6588003039360046,-0.7016509771347046,-0.6165158748626709,-0.616288959980011,-0.6623605489730835,-0.7276095747947693,-0.4936528205871582,-0.6928271651268005,-0.6347028017044067,-0.6156809329986572,-0.6302464604377747,-0.6131766438484192,-0.6321852207183838,-0.5639384984970093,-0.7276873588562012,-1.3563495874404907,-0.6360701322555542,-0.6262314319610596,-0.724888801574707,-0.7268170714378357,-0.8725555539131165,-0.6038929224014282,-0.7863316535949707,-0.7368031144142151,-0.7815023064613342,-0.7916842699050903,-0.7926709055900574,-0.8454856276512146,-0.7397935390472412,-0.21746514737606049,-0.6086173057556152,-0.6291065216064453,-0.6908224821090698,-0.30930256843566895,-0.49632784724235535,-0.6085219383239746,-0.8069593906402588,-0.5270479917526245,-0.1163126677274704
5403.0,108.05900000000004,-18.647981651981823,313.38853285780743,386.5459951852163,375747.06229522696,-18.64802499954953,313.51334493647335,386.5459900000001,375842.7794840002,-0.0014199409638312,9.600494985968464,-0.0002014301145408,19200.000000000007,-4.3348204905098334e-05,1.068441986085781e-05,-5.185216184141277e-06,0.0,-0.0046475133259598,-2.6814425806393247,9.571605948189449,0.2053346052600289,-0.0134244584319701,3.112812421147845,19199.825659865182,-12.90612900977509,0.002,-3.3673643250289604,1.7958999821881658,-0.9008595791373284,6.0,10.0,180.0,-1.06103404636223,-6.289086689463747,-0.1328229443506882,-3.1951528203990955,654.1654777237654,372.8030801461916,167.08169039246735,752.9375114260722,513.225,-1.06103404636223,-0.6822933554649353,-0.6461999416351318,-0.677071750164032,-0.6111690998077393,-0.600067675113678,-0.6438480615615845,-0.7219338417053223,-0.49088233709335327,-0.6831564903259277,-0.6211169362068176,-0.604485809803009,-0.6180854439735413,-0.6026169657707214,-0.6207919716835022,-0.5784012079238892,-0.7208393812179565,-1.4829210042953491,-0.5910889506340027,-0.6135834455490112,-0.6948021650314331,-0.7149277925491333,-0.8658589720726013,-0.5958502888679504,-0.7681268453598022,-0.7191663384437561,-0.7679391503334045,-0.7694509029388428,-0.7697867155075073,-0.8278424739837646,-0.7236233949661255,-0.09495745599269867,-0.5996098518371582,-0.6153305172920227,-0.673424243927002,-0.29329851269721985,-0.503639280796051,-0.5982969999313354,-0.7993483543395996,-0.5584684014320374,-0.15019266307353973
5404.0,108.07900000000002,-18.648130059805503,313.58079350093186,386.5459609729632,376131.0607793528,-18.648025228680584,313.7053494079462,386.5459900000001,376226.7794840002,0.0034949026814873,9.592027959425344,0.0009387576514756,19200.000000000007,0.0001050551574636,-0.0002476324436534,2.902703696429045e-05,0.0,0.006837428188074,-0.1274267202546507,9.602725817823105,-2.934467831076111,0.00707353722551,1.5252946251152997,19199.689762164,-64.4912389376328,0.002,-3.355207889354309,1.8485579398661884,-0.8892091828714402,6.0,10.0,180.0,-1.0820275923100389,-6.269063023907522,-0.1250060469461403,-3.228452669311696,654.4952388618827,372.81204007309583,167.14984519623368,753.2282557130361,519.5250000000001,-1.0820275923100389,-0.7108043432235718,-0.6664940714836121,-0.7001367211341858,-0.6220089793205261,-0.62317955493927,-0.6630527973175049,-0.7346135377883911,-0.4999893605709076,-0.6994368433952332,-0.638224184513092,-0.6224997043609619,-0.6347301006317139,-0.6191622018814087,-0.6380373239517212,-0.5649087429046631,-0.7327260971069336,-1.3804526329040527,-0.6378068327903748,-0.6321083307266235,-0.7316133975982666,-0.7426851987838745,-0.8736794590950012,-0.6069103479385376,-0.7923389673233032,-0.7390645146369934,-0.7830350995063782,-0.7936071157455444,-0.7918751239776611,-0.8437420129776001,-0.750899076461792,-0.3142167925834656,-0.6124316453933716,-0.6340944766998291,-0.6931196451187134,-0.2925463616847992,-0.5044312477111816,-0.6140323877334595,-0.8136692643165588,-0.5573419332504272,-0.09152168035507202
5405.0,108.09900000000002,-18.6479798648228,313.7721444219207,386.5460293037284,376515.061831746,-18.648027503927853,313.89735539110285,386.5459900000001,376610.7794840002,-0.0017421503905506,9.61386611585513,-0.0013096118887126,19200.000000000007,-4.576675138846363e-05,0.0004069094744479,-3.930372825880119e-05,0.0,-0.0038127172556776,-3.24773346298018,9.54715113599107,10.563056239261114,0.0048723030776883,-2.2623320456401528,19200.06928491714,30.010524114492863,0.002,-3.3549289758828467,1.815111679283168,-0.9027031615644044,6.0,10.0,180.0,-1.0726851652480545,-6.356467380722302,-0.127928064832184,-3.2105045350202075,653.8111194309413,372.28152003654793,166.94942259811685,752.3711278565181,518.5500000000001,-1.0726851652480545,-0.6687361001968384,-0.630402684211731,-0.6443133354187012,-0.6075363159179688,-0.5685403347015381,-0.622885525226593,-0.7183509469032288,-0.5122241973876953,-0.6743162870407104,-0.6114756464958191,-0.5898358821868896,-0.6041907072067261,-0.590768575668335,-0.6091926097869873,-0.6371369361877441,-0.7166781425476074,-1.7692384719848633,-0.5179058909416199,-0.6007320284843445,-0.6613212823867798,-0.6880871653556824,-0.860549807548523,-0.5901947617530823,-0.7522270083427429,-0.6915030479431152,-0.7696444988250732,-0.7061042785644531,-0.7287877798080444,-0.807970404624939,-0.6955780982971191,-0.1095762699842453,-0.5913180112838745,-0.6089926362037659,-0.6153008937835693,-0.24420514702796936,-0.5248045325279236,-0.5857693552970886,-0.7865700721740723,-0.6930623650550842,-0.07205110043287277
5406.0,108.11900000000004,-18.64804687495068,313.9644675498525,386.54596283122567,376899.0635603253,-18.64803316080551,314.08936151022453,386.5459900000001,376994.7794840002,0.0002755616132079,9.603299311940066,0.0009031731996661,19200.000000000007,1.751063988765761e-05,8.977747538748282e-05,2.716877440258724e-05,0.0,-0.0063911055688723,0.1933907533982538,9.62869089626318,0.4816946184027103,-0.0048738802127676,0.2437735024416415,19199.811028000087,-21.365237485433823,0.002,-3.3017451662984314,1.8843415693731047,-0.8889022319391693,6.0,10.0,180.0,-1.076636167664256,-6.301794551382272,-0.129388983009488,-3.203859087790537,654.3590597154707,373.421260018274,167.1922112990584,753.412063928259,517.6500000000002,-1.076636167664256,-0.7094572186470032,-0.6660399436950684,-0.6901374459266663,-0.6215665340423584,-0.6137442588806152,-0.6599480509757996,-0.7347182035446167,-0.5069234371185303,-0.6994259357452393,-0.6361900568008423,-0.6190721988677979,-0.6315103769302368,-0.6173309683799744,-0.636351466178894,-0.5871869325637817,-0.7351711988449097,-1.457135796546936,-0.6118207573890686,-0.6300452947616577,-0.7259845733642578,-0.7380908131599426,-0.8731653094291687,-0.6048962473869324,-0.7906919717788696,-0.7361130714416504,-0.7855560183525085,-0.7736824750900269,-0.779028058052063,-0.837235689163208,-0.7450527548789978,-0.3315410017967224,-0.6092612743377686,-0.6325060129165649,-0.676317036151886,-0.3084907829761505,-0.508938729763031,-0.6096184849739075,-0.8108853697776794,-0.588469922542572,-0.0731237530708313
5407.0,108.13900000000004,-18.64800013782452,314.15659420421724,386.5460077547861,377283.0609976575,-18.648039267803803,314.2813488120353,386.5459900000001,377378.7794840002,-0.0014897641504245,9.57809749038624,-0.0006243743819409,19200.000000000007,-3.516265829269507e-05,-3.066293675432411e-05,-1.775478594798287e-05,0.0,-0.0019544615921657,-0.3089689386480902,9.61630159046559,6.350164083788127,0.0024580677820966,-2.931628175092332,19199.84337875353,111.6708230699459,0.002,-3.0954735785061853,1.2947954419957364,-0.7983278961198053,6.0,10.0,180.0,-1.0722782103422126,-6.272022744057543,-0.1293851018019749,-3.2120338562288047,654.5765298577353,373.639630009137,167.2616056495292,753.7090319641295,516.9750000000001,-1.0722782103422126,-0.7001372575759888,-0.6576157808303833,-0.6722860336303711,-0.6189162731170654,-0.5946168899536133,-0.6501555442810059,-0.7311919331550598,-0.5173591375350952,-0.6949601173400879,-0.6310613751411438,-0.60978102684021,-0.6236605644226074,-0.6103079319000244,-0.6298661828041077,-0.6259605884552002,-0.7339904308319092,-1.6154038906097412,-0.565619170665741,-0.6224205493927002,-0.7079341411590576,-0.7204814553260803,-0.8706066012382507,-0.6006396412849426,-0.7817243337631226,-0.7232831716537476,-0.7878641486167908,-0.7391923666000366,-0.7555391788482666,-0.8263784646987915,-0.7268723845481873,-0.3191225528717041,-0.6040313839912415,-0.6284276843070984,-0.6425182223320007,-0.29776084423065186,-0.5193173289299011,-0.6013993620872498,-0.803739070892334,-0.6558886170387268,-0.04471519589424133
5408.0,108.15900000000006,-18.647934608854943,314.3405043942627,386.54600276769446,377667.0612774743,-18.648045377365456,314.44368602469694,386.5459900000001,377762.7794840002,-0.0038883454857524,5.493945895297797,-0.0004268160975836,19200.000000000007,-0.0001068066532219,0.0065996733200577,-1.2767694385579648e-05,0.0,-0.0020284834991384,1.2203234885896117,7.595169416025645,-326.85655644204905,-0.006348984127526,1.525487801393148,19200.23778978401,-4.326762131433052,0.002,-2.228535285826691,0.1893844641480832,-0.5364214128721585,6.0,10.0,180.0,-1.0601111012577915,-4.942781246004385,-0.130352801906926,-3.2299569493198623,629.6257649288676,340.5263150045685,158.3013028247646,716.0205159820648,516.3750000000001,-1.0601111012577915,-0.9787766337394714,-0.7365639209747314,-1.3135799169540405,-0.7497491836547852,-0.6663891077041626,-0.8362345695495605,-0.8147422075271606,-0.8263469934463501,-1.0528433322906494,-0.7961089611053467,-0.6049631834030151,-0.7723168730735779,-0.5706769227981567,-0.6159526109695435,0.7161881327629089,-0.5133135318756104,-1.7875404357910156,-1.5363190174102783,-0.7134827375411987,-0.7999856472015381,-0.9120869040489197,-0.6007636189460754,-0.6714826226234436,-1.0832629203796387,-1.322281837463379,-0.4416934847831726,-0.5054143071174622,-1.8499630689620972,-1.6108330488204956,-1.0563576221466064,3.3605709075927734,-0.5672553777694702,-0.5468593835830688,-1.0346112251281738,1.2008850574493408,0.18932028114795685,-0.5367441177368164,-0.7731096744537354,1.8238683938980103,-0.1245386153459549
5409.0,108.17900000000004,-18.64604593845803,314.4313645487165,386.5462959007308,378051.08434655896,-18.640762940311213,314.4956318322128,386.5459900000001,378146.7794840002,1.1505041208932545,2.2455097340236687,-0.0102004110294514,19200.000000000007,-0.0018593827199968,0.0409494845123349,-0.0003059007307228,0.0,0.4436128445030472,82.3400026413155,2.6123762942993904,-89.36033484024847,0.0207326812598128,1.9560812260182727,19202.57363000903,218.81110626711387,0.002,-2.218216024518773,-0.5533581814985515,-0.539683077942054,6.0,10.0,180.0,-1.415063267007156,-5.541890077567636,-0.1596489792130144,-3.012077627022202,534.4703824644338,197.84965750228423,124.0966514123823,579.3932579910324,516.0000000000001,-1.415063267007156,-0.7899169921875,-1.0131038427352905,-1.0378143787384033,-0.9137791395187378,-1.2340469360351562,-0.9264311790466309,-0.6318798065185547,-0.8023046255111694,-0.6492793560028076,-1.0144586563110352,-1.1714675426483154,-1.0904591083526611,-1.073614239692688,-1.0912147760391235,-0.32715344429016113,-1.0573163032531738,0.540136992931366,-1.5041369199752808,-1.1314914226531982,-1.057480812072754,-1.0847522020339966,-0.7302609086036682,-0.7721205353736877,-1.1600804328918457,-1.0606634616851807,-0.9327530860900879,-0.862383246421814,-0.9640713930130005,-1.0587114095687866,-1.0025583505630493,-1.5735337734222412,-1.0641698837280273,-1.1143337488174438,-1.433933138847351,1.068026065826416,-0.4738129675388336,-1.1175373792648315,-1.5073788166046143,-0.4265390634536743,0.37898290157318115
5410.0,108.19900000000004,-18.609030311409164,314.4678555660206,386.5465677820662,378435.143507576,-18.56928421997223,314.50002922016984,386.5459900000001,378530.7794840002,6.153029424755779,1.050541698179299,-0.0192587889452854,19200.000000000007,-0.0190207645228131,0.0315258743933412,-0.0005777820660485,0.0,4.088805079928067,319.4719278094544,1.1176670692830035,-23.49812827982177,0.0097711581228512,-4.883254776933727,19202.76385162418,-94.45230329427244,0.002,-2.61307031413468,-1.3970624761215868,-0.6857855430005795,6.0,10.0,180.0,-2.680675079851885,-5.650441956554586,-0.2236266433421941,-2.4604022738687843,423.71969123221686,-116.51017124885789,118.41582570619116,555.9666289955162,515.6250000000001,-2.680675079851885,-2.007791042327881,-2.411212921142578,-1.7531037330627441,-2.189673662185669,-2.2900819778442383,-2.212176561355591,-1.5270426273345947,-1.9726088047027588,-1.7512935400009155,-2.4046685695648193,-2.20532488822937,-2.3011555671691895,-2.0419912338256836,-2.0879781246185303,-0.9125092625617981,-2.070711374282837,-0.8810110092163086,-1.8634068965911865,-2.205516815185547,-1.1158604621887207,-2.191894054412842,-1.3565212488174438,-1.6040233373641968,-2.4406936168670654,-2.0293121337890625,-2.2385056018829346,-2.0383083820343018,-1.90474534034729,-2.3006646633148193,-2.099083662033081,-3.9156417846679688,-2.7586350440979004,-2.642568826675415,-2.5960631370544434,-1.8797158002853394,-1.7833600044250488,-2.7530603408813477,-3.285968780517578,-2.7182652950286865,1.0711939334869385
5411.0,108.21900000000002,-18.46665248527983,314.4868427152211,386.5462277639949,378819.1672207552,-18.392051446042213,314.5000231030177,386.5459900000001,378914.7794840002,8.017426892094269,0.439162877774906,-0.0079198682189945,19200.000000000007,-0.0474869547906306,0.0131843466322177,-0.0002377639947891,0.0,8.9397249830759,0.4327644623595305,0.7151079430717802,-29.54736376518948,-0.0258747693343319,-0.1874961794836254,19199.46770372333,-47.1740275419648,0.002,-2.233020946536868,-1.6351214388718571,-0.662861939743393,6.0,10.0,180.0,-1.3133676569492256,-5.526505518909067,-0.2548911960325648,-2.226571087551233,412.5473456161084,-364.0970856244289,140.10741285309558,643.7903144977581,515.4000000000001,-1.3133676569492256,-0.8585611581802368,-1.0621699094772339,-1.0206270217895508,-1.0655767917633057,-1.0943686962127686,-1.1246521472930908,-0.8963955044746399,-1.0218546390533447,-0.9552978277206421,-0.9723636507987976,-1.090559482574463,-1.1215384006500244,-1.065880537033081,-1.028653621673584,-0.9408529996871948,-0.913213849067688,-1.0176594257354736,-1.21014404296875,-1.065239429473877,-0.9005323648452759,-1.0941663980484009,-0.9663597941398621,-0.850317656993866,-1.0933318138122559,-0.9900496602058411,-1.121230959892273,-1.1314411163330078,-1.114577293395996,-0.9843286275863647,-1.1449065208435059,-0.12559084594249725,-1.143784999847412,-1.1047192811965942,-1.2254434823989868,-0.4301142692565918,-0.8158154487609863,-1.131467342376709,-1.5710606575012207,-0.6822872161865234,-1.5832515954971313
5412.0,108.23900000000005,-18.301119312708884,314.49501399761914,386.54612060278725,379203.1541445761,-18.20004531827728,314.5000169717392,386.5459900000001,379298.7794840001,8.809307312184847,0.166595262413973,-0.0043564130797487,19200.000000000007,-0.0237302823055585,0.0050069477088806,-0.000130602787102,0.0,8.085640368068866,85.02913697136273,0.1989253401975127,-7.996844758002885,-0.0155915995461084,3.002882307183607,19200.17007230609,17.244758948092926,0.002,-2.2683958649546687,-1.8887155405090543,-0.6981081980893723,6.0,10.0,180.0,-1.4390533340725344,-5.473557460593094,-0.2597866408513492,-2.355263261857232,375.1206728080542,-487.9035428122145,147.0222064265478,671.261157248879,515.1750000000002,-1.4390533340725344,-1.1940879821777344,-1.496234655380249,-1.2108269929885864,-1.3898379802703857,-1.5891666412353516,-1.4192143678665161,-1.070330023765564,-1.3377656936645508,-1.2209267616271973,-1.5155442953109741,-1.460599422454834,-1.505021333694458,-1.4434525966644287,-1.398362398147583,-1.1511088609695435,-1.3783788681030273,-1.1181942224502563,-1.4142415523529053,-1.4423537254333496,-1.0743690729141235,-1.4377555847167969,-1.0313091278076172,-1.0238209962844849,-1.4226746559143066,-1.2189757823944092,-1.4753493070602417,-1.4258177280426025,-1.3131024837493896,-1.207411766052246,-1.171094298362732,-1.0469592809677124,-1.532654047012329,-1.5540269613265991,-1.588131070137024,-2.213209390640259,-1.1317461729049683,-1.4844672679901123,-2.0762124061584473,-1.1593539714813232,-1.1522737741470337
5413.0,108.25900000000004,-18.12008736934327,314.4984442740786,386.5460350772604,379587.15324955306,-18.00803919663347,314.5000117835699,386.5459900000001,379682.7794840002,9.175101416771202,0.0521865382938215,-0.0015003006032548,19200.000000000007,-0.0127561045925724,0.0015705984541757,-4.507726005112281e-05,0.0,9.433402780147956,-40.347094980302536,0.1108016767338052,-12.07022599618465,-0.0056535288339115,3.357093337913875,19199.551202491093,8.586270812672035,0.002,-2.267124366009196,-2.0613911744255864,-0.7211695054104752,6.0,10.0,180.0,-0.9137400288004492,-5.432975914461317,-0.252464371392668,-2.362501689290562,374.6553364040272,-568.2232714061072,156.4091032132739,710.0055786244395,515.1000000000001,-0.9137400288004492,-0.722581148147583,-0.8110972046852112,-0.8983025550842285,-0.8553110957145691,-0.837399959564209,-0.7935127019882202,-0.8540430665016174,-0.8404746651649475,-0.9171792268753052,-0.7956653237342834,-0.871014416217804,-0.8965275883674622,-0.8915355205535889,-0.8381690979003906,-0.8641594648361206,-0.7111468315124512,-1.3216971158981323,-0.8921006321907043,-0.889549970626831,-0.5670661926269531,-0.944192111492157,-0.9809959530830383,-0.7962096333503723,-0.9580355882644653,-0.895370602607727,-0.9904025197029114,-0.9126405119895935,-1.06376051902771,-0.9423165917396545,-1.039374589920044,-0.4374227523803711,-0.8740183115005493,-0.8095604181289673,-0.9291101694107056,-1.0897860527038574,-0.7258009314537048,-0.9059268832206726,-1.2005993127822876,-0.12879323959350586,-2.1364858150482178
5414.0,108.27900000000004,-17.936695377713956,314.4995295237518,386.5458853648185,379971.1478192098,-17.816033310030853,314.5000101374672,386.5459900000001,380066.7794840002,9.462196522729243,0.0160182186198201,0.003495737357965,19200.000000000007,-0.0041419823180785,0.0004813529392235,0.0001046351833427,0.0,9.371386504294986,50.11364823428872,0.0423698581525374,4.211313673025562,0.0134140982223155,4.810181882898507,19200.01576024056,-34.43141220417813,0.002,-2.215503834717705,-2.196724125534082,-0.7495954639439257,6.0,10.0,180.0,-1.3686729692647213,-5.397516409950468,-0.2480529450386508,-2.418417632970903,371.0671682020136,-609.0006357030536,160.83605160663694,728.2497893122197,507.60000000000014,-1.3686729692647213,-1.1202902793884277,-1.3992056846618652,-1.1388256549835205,-1.2500600814819336,-1.3670839071273804,-1.3281936645507812,-1.108599066734314,-1.2605605125427246,-1.1885576248168945,-1.339039921760559,-1.3230140209197998,-1.3700584173202515,-1.3505606651306152,-1.2994778156280518,-1.222663402557373,-1.265634536743164,-0.8983787298202515,-1.2233717441558838,-1.3352422714233398,-1.050917387008667,-1.3434455394744873,-1.0642060041427612,-1.0039936304092407,-1.329489827156067,-1.1448469161987305,-1.422377586364746,-1.3209878206253052,-1.3027254343032837,-1.1602668762207031,-1.1831622123718262,-1.4194986820220947,-1.3226755857467651,-1.3480956554412842,-1.355568289756775,-2.597907304763794,-1.0617247819900513,-1.3123252391815186,-1.842885971069336,-0.7850440144538879,-1.5971550941467285
5415.0,108.29900000000004,-17.745800847646706,314.5002957109885,386.5459180656669,380355.1409809296,-17.624029461654025,314.5000100002599,386.5459900000001,380450.7794840002,9.499054167871192,-0.0095181377069963,0.0023954054185184,19200.000000000007,-0.0030310209585351,-0.0002856923709066,7.193433301923044e-05,0.0,9.414237370949897,-21.380096062457334,0.0056408054005508,-3.481350726674255,0.0061474413432457,0.9808953927174948,19199.588347085155,-8.630336528406122,0.002,-2.2433126190029413,-2.346756427795759,-0.7810268298770306,6.0,10.0,180.0,-0.9705204518560108,-5.341919770790625,-0.2421797001024535,-2.478355011306914,368.6955841010068,-630.6128178515269,163.23202580331846,738.1538946561099,507.52500000000015,-0.9705204518560108,-0.8212328553199768,-0.9268147349357605,-0.9579706788063049,-0.9658228158950806,-0.9276427626609802,-0.89555424451828,-0.9398527145385742,-0.9795653223991394,-0.9873046875,-0.8966939449310303,-0.9714651107788086,-1.005994200706482,-1.008612871170044,-0.9546023607254028,-1.010256052017212,-0.8610566258430481,-1.295841097831726,-0.9301162362098694,-0.9981513023376465,-0.7809330224990845,-1.0484957695007324,-1.0097333192825317,-0.8592827320098877,-1.0463443994522095,-0.9726836085319519,-1.1178520917892456,-0.989992618560791,-1.124298095703125,-1.010150671005249,-1.1183816194534302,-0.4809788465499878,-0.9554769396781921,-0.9174317717552185,-0.9858575463294983,-1.8327447175979614,-0.8164089918136597,-0.9836747050285339,-1.3163808584213257,-0.18295496702194214,-2.0858328342437744
5416.0,108.31900000000005,-17.556291719639795,314.50045908208665,386.545935277724,380739.1357081396,-17.432028999891845,314.5000099999303,386.5459900000001,380834.7794840002,9.582074020154549,-0.0149723434460508,0.0018224827655161,19200.000000000007,-0.0005379597889175,-0.0004490822561344,5.4722252525390046e-05,0.0,9.668452764420111,8.056375747600397,0.0092718340283148,-0.1145411601225012,0.0097602657876853,-5.973853537220428,19199.8453201788,-42.81605441661383,0.002,-2.182010623357144,-2.4488546390199764,-0.7946661909905292,6.0,10.0,180.0,-1.2162237672811167,-5.2915510205602345,-0.227055761292143,-2.5393639299903983,371.71879205050345,-644.2929089257634,165.50001290165923,747.6799473280549,507.4500000000001,-1.2162237672811167,-0.9712332487106323,-1.1226463317871094,-1.0595827102661133,-1.079307198524475,-1.0906672477722168,-1.1007583141326904,-1.044107437133789,-1.129050374031067,-1.0848240852355957,-1.0720525979995728,-1.1223692893981934,-1.1752629280090332,-1.1725643873214722,-1.121650218963623,-1.1492148637771606,-1.0581026077270508,-1.1397265195846558,-1.0700950622558594,-1.1492613554000854,-0.9725538492202759,-1.1827768087387085,-1.0556144714355469,-0.9454200267791748,-1.1830543279647827,-1.0565496683120728,-1.2785828113555908,-1.136904001235962,-1.233549952507019,-1.0905283689498901,-1.1887563467025757,-0.791559100151062,-1.1065893173217773,-1.1063672304153442,-1.1069296598434448,-2.2662084102630615,-0.9242300391197205,-1.118727684020996,-1.5267421007156372,-0.414087176322937,-1.8477224111557007
5417.0,108.339,-17.36442774826028,314.5004991466687,386.545868112336,381123.1281410773,-17.240028999844082,314.5000099999205,386.5459900000001,381218.7794840002,9.586607812818997,-0.016296659361924,0.0040675303840973,19200.000000000007,-0.0004017533229002,-0.0004891467588309,0.0001218876370058,0.0,9.518368047020031,5.242131178204293,-0.0007466268416197,2.249886392702667,-0.0070822506908621,-2.575123111647028,19199.49915805376,-17.05598067937307,0.002,-2.158812332218353,-2.5575491478843952,-0.8131447287425838,6.0,10.0,180.0,-1.033161435742033,-5.230053424787522,-0.2177881558570978,-2.6101886257260207,370.4798960252517,-649.5969544628817,166.0045064508296,749.7499736640275,514.8000000000002,-1.033161435742033,-0.9547937512397766,-1.0964393615722656,-1.0373519659042358,-1.060085654258728,-1.0670281648635864,-1.0725111961364746,-1.036468744277954,-1.1058852672576904,-1.0690393447875977,-1.0573705434799194,-1.1040246486663818,-1.150244116783142,-1.151766300201416,-1.0972861051559448,-1.131992220878601,-1.0342087745666504,-1.1292874813079834,-1.03853178024292,-1.1321312189102173,-0.9574264287948608,-1.1699012517929077,-1.046665906906128,-0.9366295337677002,-1.1585417985916138,-1.0441758632659912,-1.255564570426941,-1.1165412664413452,-1.213499903678894,-1.0739855766296387,-1.1722025871276855,-0.8498722910881042,-1.0821946859359741,-1.0785928964614868,-1.0878435373306274,-2.264824390411377,-0.9208769202232361,-1.0998508930206299,-1.4958916902542114,-0.39729398488998413,-1.864255428314209
5418.0,108.359,-17.172253339421694,314.5005586135209,386.5458730316547,381507.1234934916,-17.048028999910567,314.5000099999803,386.5459900000001,381602.7794840002,9.580796311641992,-0.0182904287215846,0.0039007920881651,19200.000000000007,-0.000576162419091,-0.0005486135579004,0.0001169685373941,0.0,9.618170258546163,-12.255859672026892,0.0073012188755636,0.6112759009271524,-0.0105004626979394,-3.294651441776579,19199.79106680837,-38.736556833361234,0.002,-2.13535798665598,-2.6281414894361856,-0.8262091665952251,6.0,10.0,180.0,-1.013212457757417,-5.17776762457845,-0.2055662752287747,-2.6532282662077025,371.73744801262586,-653.2449772314409,166.6757532254148,752.5764868320138,514.8000000000002,-1.013212457757417,-0.8850756883621216,-0.9985837936401367,-0.9942653179168701,-1.0068769454956055,-0.9828835129737854,-0.9615189433097839,-0.9945223331451416,-1.039252519607544,-1.0270371437072754,-0.9513853192329407,-1.0191197395324707,-1.0625407695770264,-1.069098949432373,-1.0148048400878906,-1.0743380784988403,-0.9345381259918213,-1.2723554372787476,-0.9624921679496765,-1.051201343536377,-0.8713223934173584,-1.1007033586502075,-1.035879373550415,-0.894414484500885,-1.1013340950012207,-1.0114001035690308,-1.1865264177322388,-1.0320862531661987,-1.1697874069213867,-1.046701431274414,-1.1561819314956665,-0.5544908046722412,-0.9976875185966492,-0.97564297914505,-0.999645471572876,-2.0653629302978516,-0.8636829853057861,-1.0233925580978394,-1.37125563621521,-0.2634378671646118,-1.9817161560058594
5419.0,108.37900000000003,-16.981196436858976,314.50053299997705,386.5458417385162,381891.1187353592,-16.85602899996551,314.50000999999867,386.5459900000001,381986.7794840002,9.612226799666248,-0.0174368320469273,0.0049420831450069,19200.000000000007,0.0003668401774328,-0.0005229999835291,0.000148261609202,0.0,9.5986369389768,10.860880854260122,-0.0014469276416555,-3.3564283608080885,-0.0017041193382578,3.600430434607312,19199.537009014413,-64.54416079295872,0.002,-2.095774024887465,-2.699359153363684,-0.8352160850829552,6.0,10.0,180.0,-1.1109049369543371,-5.1297947811013485,-0.1913929051410432,-2.70851873654569,371.75672400631294,-655.0154886157204,166.9298766127074,753.6422434160069,514.8000000000002,-1.1109049369543371,-0.9824342727661133,-1.1497251987457275,-1.0816779136657715,-1.1009718179702759,-1.1099268198013306,-1.1211063861846924,-1.0507831573486328,-1.1342934370040894,-1.0974714756011963,-1.100593090057373,-1.1432883739471436,-1.1926476955413818,-1.1887125968933105,-1.1337499618530273,-1.1379586458206177,-1.0643799304962158,-1.1134603023529053,-1.1004351377487183,-1.1731441020965576,-0.9834261536598206,-1.227321743965149,-1.048275351524353,-0.9558703899383545,-1.1908495426177979,-1.0763719081878662,-1.2875653505325317,-1.17801034450531,-1.2561190128326416,-1.106290578842163,-1.2041113376617432,-0.8843446969985962,-1.1195610761642456,-1.117888331413269,-1.161591649055481,-2.2877590656280518,-0.9312506318092346,-1.1357401609420776,-1.56215500831604,-0.3649601340293884,-1.9001545906066895
5420.0,108.39900000000004,-16.788563472734324,314.50053792037187,386.5458535664633,382275.1138553265,-16.664028999996408,314.50001,386.5459900000001,382370.7794840002,9.591139415218793,-0.0175968869180813,0.0045466567346236,19200.000000000007,-0.0002658204772601,-0.0005279203718704,0.0001364326636164,0.0,9.57080662806647,-9.093075480382693,-0.0127036483939111,-3.230682259077196,0.0002141988033751,2.8691564629983937,19199.74387102179,30.132946300200285,0.002,-2.082703946648728,-2.7728382525237625,-0.8453291606145029,6.0,10.0,180.0,-1.0483685165935184,-5.084894350586985,-0.1767540924886867,-2.747013916493933,370.93236200315647,-655.7967443078602,166.9394383063537,753.6746217080034,514.8000000000002,-1.0483685165935184,-0.8936717510223389,-1.0236482620239258,-1.0167038440704346,-1.0204360485076904,-0.9973621368408203,-0.9848235845565796,-1.00250244140625,-1.0477712154388428,-1.0314589738845825,-0.9743725061416626,-1.0415276288986206,-1.0836312770843506,-1.0866752862930298,-1.0312323570251465,-1.0701640844345093,-0.946361780166626,-1.2604002952575684,-0.9991451501846313,-1.0738677978515625,-0.8920449614524841,-1.1352497339248657,-1.0303329229354858,-0.9092701077461243,-1.1118711233139038,-1.0234817266464233,-1.1970750093460083,-1.078615427017212,-1.1906156539916992,-1.0599873065948486,-1.1753709316253662,-0.6430181264877319,-1.0166276693344116,-0.994178831577301,-1.0514695644378662,-2.078253984451294,-0.8665977716445923,-1.0430175065994263,-1.410922884941101,-0.22788763046264648,-2.024646759033203
5421.0,108.41900000000004,-16.596949197009216,314.50040815338053,386.5458496739562,382659.11010248633,-16.472029000000006,314.50001,386.5459900000001,382754.7794840001,9.603994875494298,-0.0132684807557879,0.0046418622303754,19200.000000000007,0.0001198992525285,-0.0003981533804455,0.000140324569985,0.0,9.636248593777232,2.6184097766305143,-0.0109766048210485,2.494457596641942,0.0063515169279754,3.7938304641644303,19199.689394952777,-25.608996235929578,0.002,-2.041305249534564,-2.839487302278128,-0.8546839496217933,6.0,10.0,180.0,-1.0331820316696978,-5.048341631189027,-0.1635823002213408,-2.7911475607835405,371.63318100157824,-656.9088721539301,167.21921915317685,754.8663108540018,514.8000000000002,-1.0331820316696978,-0.9481416940689087,-1.0829262733459473,-1.03171706199646,-1.0553935766220093,-1.0518523454666138,-1.0498080253601074,-1.034913182258606,-1.0917997360229492,-1.0687196254730225,-1.0502309799194336,-1.0989595651626587,-1.1399800777435303,-1.1453557014465332,-1.0896211862564087,-1.1234389543533325,-1.0195966958999634,-1.156872034072876,-1.0196902751922607,-1.1300816535949707,-0.9494812488555908,-1.1766116619110107,-1.0428857803344727,-0.9386427998542786,-1.150144338607788,-1.0485759973526,-1.2520601749420166,-1.1234897375106812,-1.213346004486084,-1.0740605592727661,-1.1729023456573486,-0.8259395360946655,-1.0703097581863403,-1.059932827949524,-1.0952931642532349,-2.2921969890594482,-0.9168539047241211,-1.0942292213439941,-1.4926724433898926,-0.35252028703689575,-1.944938063621521
5422.0,108.43900000000004,-16.404891617120125,314.5003377839668,386.54585375915866,383043.1036545435,-16.280029000000006,314.50001,386.5459900000001,383138.7794840002,9.602074677118145,-0.010929068232711,0.0045480367913252,19200.000000000007,6.230978448395512e-05,-0.0003277839667093,0.0001363404961361,0.0,9.550528873343216,-1.8255326641808267,-0.0080839248003097,4.587618822390671,0.0061363783313765,0.1750709592285648,19199.79089494651,111.58126054768866,0.002,-2.033030719926507,-2.9033904062093607,-0.8703206455327337,6.0,10.0,180.0,-1.028347553830897,-5.019536082349575,-0.1518578498573814,-2.8331286053523788,370.7010905007891,-656.4189360769651,166.99860957658842,753.9206554270008,514.8000000000002,-1.028347553830897,-0.9264103770256042,-1.0517289638519287,-1.0077173709869385,-1.0334315299987793,-1.0282907485961914,-1.0163612365722656,-1.0227251052856445,-1.0714300870895386,-1.0485219955444336,-1.0180317163467407,-1.0705574750900269,-1.1108773946762085,-1.1183452606201172,-1.0628108978271484,-1.113457441329956,-0.994860827922821,-1.1834502220153809,-0.9840587377548218,-1.1012063026428223,-0.9255397319793701,-1.1407915353775024,-1.0399872064590454,-0.9214038252830505,-1.1285240650177002,-1.0300565958023071,-1.2276811599731445,-1.0803563594818115,-1.1874972581863403,-1.0556564331054688,-1.157285451889038,-0.8010350465774536,-1.043839454650879,-1.030751347541809,-1.0505484342575073,-2.2589833736419678,-0.9060997366905212,-1.068535566329956,-1.4453119039535522,-0.34615325927734375,-1.938950777053833
5423.0,108.45900000000002,-16.212851458305302,314.5003282450217,386.5458788363472,383427.10318206425,-16.088029000000002,314.50001,386.5459900000001,383522.7794840002,9.60074142803426,-0.0106091449580199,0.0037058362145649,19200.000000000007,2.23493345521212e-05,-0.0003182450216468,0.0001111651578221,0.0,9.632073101001204,-2.755572970349393,0.0080448269086046,2.380260393268048,0.0082784705679099,-3.056327826599022,19199.91211876941,-51.570578629552095,0.002,-2.0004701356239765,-2.949234205971418,-0.8818016683046541,6.0,10.0,180.0,-1.0166222564270395,-4.995611843125916,-0.1406179279672139,-2.863877983247835,372.0955452503946,-656.8009680384826,167.23080478829422,754.9103277135005,514.8000000000002,-1.0166222564270395,-0.9289156198501587,-1.0543949604034424,-1.0197649002075195,-1.038685917854309,-1.0295575857162476,-1.0218714475631714,-1.0247257947921753,-1.0795772075653076,-1.0539442300796509,-1.0104504823684692,-1.0675262212753296,-1.113360047340393,-1.118769645690918,-1.0646860599517822,-1.1141231060028076,-0.9941954612731934,-1.214617133140564,-0.999565839767456,-1.0990099906921387,-0.9270367622375488,-1.1414494514465332,-1.0460118055343628,-0.9221938252449036,-1.1367465257644653,-1.0333112478256226,-1.2314070463180542,-1.0804311037063599,-1.1978631019592285,-1.0653067827224731,-1.1706706285476685,-0.7176452875137329,-1.044327974319458,-1.0322812795639038,-1.044094204902649,-2.212827444076538,-0.8997341990470886,-1.066643238067627,-1.4398928880691528,-0.33417099714279175,-1.9247987270355225
5424.0,108.479,-16.021123003866663,314.50028229202746,386.5458983720736,383811.09883789415,-15.896029000000008,314.50001,386.5459900000001,383906.7794840002,9.609785949894215,-0.0090740272617726,0.003053072198112,19200.000000000007,0.0002937039507564,-0.0002722920273047,9.163018369516756e-05,0.0,9.552962439053369,2.749596536760341,0.0088409805680634,2.9253018234872785,0.000969047873224,-5.488020480094623,19199.827619359537,64.32054410871353,0.002,-1.988145235041743,-2.9983654032315283,-0.8943653919246639,6.0,10.0,180.0,-1.0810309686112425,-4.975090571454347,-0.1288954582819469,-2.89365315276791,371.5502726251973,-656.0634840192413,167.0149023941471,753.9841638567502,514.8000000000002,-1.0810309686112425,-0.9504668712615967,-1.0843987464904785,-1.0338422060012817,-1.0551133155822754,-1.0564595460891724,-1.0591156482696533,-1.0369235277175903,-1.1028789281845093,-1.0677542686462402,-1.0429400205612183,-1.091524362564087,-1.1407151222229004,-1.1433554887771606,-1.089695692062378,-1.1337082386016846,-1.0270414352416992,-1.1655018329620361,-1.0250308513641357,-1.1213734149932861,-0.9506219625473022,-1.156744360923767,-1.0510776042938232,-0.9328679442405701,-1.155171513557434,-1.042153000831604,-1.251808762550354,-1.0981935262680054,-1.2103779315948486,-1.0743980407714844,-1.1736998558044434,-0.8302977085113525,-1.0704041719436646,-1.0660206079483032,-1.0622905492782593,-2.264742612838745,-0.9179111123085022,-1.0884877443313599,-1.4720414876937866,-0.381157785654068,-1.8663465976715088
5425.0,108.49900000000002,-15.828995977350557,314.50029548544865,386.5459033619536,384195.0962563384,-15.704029000000006,314.50001,386.5459900000001,384290.7794840002,9.605553081604691,-0.0095195215919196,0.0028870728054875,19200.000000000007,0.0001667799719518,-0.000285485448467,8.663921530929553e-05,0.0,9.624785013317505,-0.1256787145837087,0.0019367889262292,-0.7236762633177275,-0.0070794430383523,-3.6066241687012783,19199.948650738865,-0.0087137625555101,0.002,-1.982990295468956,-3.0251813675500068,-0.8926924301926628,6.0,10.0,180.0,-1.0165574699280184,-4.955033801502322,-0.1205971179442363,-2.924918840559031,372.1951363125986,-656.6577420096206,167.20845119707354,754.8115819283751,514.8000000000002,-1.0165574699280184,-0.9401698112487793,-1.0757174491882324,-1.0417410135269165,-1.052718162536621,-1.045393943786621,-1.0483570098876953,-1.0311530828475952,-1.0958771705627441,-1.064194679260254,-1.0257384777069092,-1.0825835466384888,-1.1327104568481445,-1.1339046955108643,-1.0802991390228271,-1.1183807849884033,-1.0091534852981567,-1.2081356048583984,-1.0351282358169556,-1.1138129234313965,-0.9422577023506165,-1.1605019569396973,-1.0486021041870117,-0.9320502877235413,-1.152377963066101,-1.0435987710952759,-1.2433840036392212,-1.1034901142120361,-1.216665267944336,-1.079075574874878,-1.1862094402313232,-0.7211280465126038,-1.0612577199935913,-1.0530177354812622,-1.0679314136505127,-2.1942427158355713,-0.9017075896263123,-1.0804944038391113,-1.463724970817566,-0.3290513753890991,-1.9085561037063599
5426.0,108.51900000000003,-15.637089868058856,314.5002458074106,386.545890691534,384579.09270892025,-15.512029000000004,314.50001,386.5459900000001,384674.7794840001,9.60868425716251,-0.0078600434492869,0.0033093563073823,19200.000000000007,0.0002606630936545,-0.0002358074104395,9.940777974563436e-05,0.0,9.576153906399608,3.057275754451222,0.0012178129814025,-1.8376432577868151,-0.0112245805651611,0.8559498117875197,19199.862159857235,98.78395500225288,0.002,-2.0040571137909566,-3.063487943122884,-0.8976773770710057,6.0,10.0,180.0,-1.056120039546108,-4.934996633724993,-0.1113295043964722,-2.960805162213729,371.7120681562993,-656.4083710048103,167.10122559853676,754.3527909641875,514.8000000000002,-1.056120039546108,-0.9493781328201294,-1.0937988758087158,-1.052066445350647,-1.0623905658721924,-1.0588161945343018,-1.0670995712280273,-1.0349370241165161,-1.1021337509155273,-1.070902705192566,-1.0493285655975342,-1.1014107465744019,-1.1491594314575195,-1.1488404273986816,-1.093991994857788,-1.1195363998413086,-1.0223045349121094,-1.177278757095337,-1.0540789365768433,-1.1322208642959595,-0.9542848467826843,-1.1833347082138062,-1.0446821451187134,-0.9404485821723938,-1.1595120429992676,-1.0528249740600586,-1.252695918083191,-1.1300921440124512,-1.2269394397735596,-1.0845927000045776,-1.1898090839385986,-0.7857125997543335,-1.0773941278457642,-1.0697966814041138,-1.1042381525039673,-2.2274560928344727,-0.909384548664093,-1.0971333980560303,-1.495682716369629,-0.32669660449028015,-1.9259216785430908
5427.0,108.53900000000006,-15.444965050174332,314.500181533277,386.54591312822873,384963.0906998222,-15.320029000000002,314.50001,386.5459900000001,385058.7794840002,9.60453440097246,-0.0057191519724852,0.0025626499073898,19200.000000000007,0.0001355469292191,-0.0001715332769229,7.687029073992706e-05,0.0,9.616446758477071,-0.1810313901702748,0.0029400819853472,-1.3445431819721505,-0.0007195845145232,1.3436356800815787,19200.04926500692,-64.30744443743917,0.002,-1.928983257935062,-3.1301215218457825,-0.9133426862673046,6.0,10.0,180.0,-1.0317589888266991,-4.923285875453116,-0.1069415634700859,-2.980827429946078,372.17553407814967,-656.7141855024051,167.2161127992684,754.8453954820937,507.3750000000001,-1.0317589888266991,-0.93477463722229,-1.0760622024536133,-1.0396840572357178,-1.0513875484466553,-1.039982557296753,-1.0410469770431519,-1.0268139839172363,-1.086236834526062,-1.0595687627792358,-1.0310726165771484,-1.0892611742019653,-1.1354572772979736,-1.1361641883850098,-1.0828347206115723,-1.1170648336410522,-1.0089774131774902,-1.2136389017105103,-1.0308616161346436,-1.1199936866760254,-0.9407273530960083,-1.1657114028930664,-1.0415581464767456,-0.9342357516288757,-1.1465580463409424,-1.046480417251587,-1.242440104484558,-1.1153627634048462,-1.215678334236145,-1.0756480693817139,-1.1833356618881226,-0.7421920895576477,-1.0649421215057373,-1.052275538444519,-1.0921756029129028,-2.2429909706115723,-0.9010098576545715,-1.0865423679351807,-1.479280710220337,-0.29535162448883057,-1.9825061559677124
5428.0,108.55900000000004,-15.253361540783809,314.5002501198798,386.5458690897004,385347.08562344057,-15.128029000000003,314.50001,386.5459900000001,385442.7794840002,9.6177333429204,-0.0079948737168661,0.0040322646882684,19200.000000000007,0.0005318494302405,-0.0002401198796999,0.0001209096613638,0.0,9.59425274667741,9.587790183684556,0.0102227517065419,-4.88773492035506,-0.0121959307879817,5.25093767689399,19199.705812302247,34.273462121895726,0.002,-1.886398162240419,-3.146641864508473,-0.9167853326446632,6.0,10.0,180.0,-1.0977326515032206,-4.909164563244232,-0.1015579851979504,-3.026976512681263,372.3017670390748,-656.4715927512026,167.1810563996342,754.6951977410469,507.3750000000001,-1.0977326515032206,-0.9748412370681763,-1.1473474502563477,-1.0831799507141113,-1.099581241607666,-1.098832368850708,-1.1125328540802002,-1.045833945274353,-1.1266417503356934,-1.0919873714447021,-1.0966161489486694,-1.142878770828247,-1.1924134492874146,-1.1866455078125,-1.132824420928955,-1.1366933584213257,-1.0610089302062988,-1.1469621658325195,-1.0999891757965088,-1.172755479812622,-0.9801954627037048,-1.2250604629516602,-1.0446752309799194,-0.9546726942062378,-1.1866884231567383,-1.078408122062683,-1.2839593887329102,-1.1804009675979614,-1.2566603422164917,-1.1054048538208008,-1.206709384918213,-0.8699278831481934,-1.1187512874603271,-1.113905429840088,-1.171768307685852,-2.3088574409484863,-0.925669252872467,-1.1356115341186523,-1.5643213987350464,-0.32206201553344727,-1.9578042030334473
5429.0,108.57900000000004,-15.060570182206416,314.50023828978544,386.5459071707217,385731.0840276031,-14.936029000000005,314.50001,386.5459900000001,385826.7794840002,9.591367761693188,-0.0076125379478491,0.002763809571768,19200.000000000007,-0.0002589092130552,-0.0002282897850533,8.282949336682156e-05,0.0,9.622332166604114,-7.087837682352803,-0.0200099503507829,-2.011831342798443,0.0046206974116296,2.98846953298464,19199.948031036613,-30.126703397136,0.002,-1.9040255258902488,-3.1599793896395054,-0.91051095171663,6.0,10.0,180.0,-0.980458968274944,-4.890624207227028,-0.0922649431170058,-3.054148058595248,371.7843835195374,-657.2597963756014,167.28102819981711,755.1260988705235,514.8000000000002,-0.980458968274944,-0.9053792953491211,-1.0344955921173096,-1.0204732418060303,-1.027553677558899,-1.0074632167816162,-0.9963744878768921,-1.0104981660842896,-1.0572354793548584,-1.0390030145645142,-0.987080991268158,-1.0527408123016357,-1.0949522256851196,-1.0990183353424072,-1.0437519550323486,-1.0828412771224976,-0.9612923264503479,-1.249037504196167,-1.0018367767333984,-1.085392951965332,-0.9053541421890259,-1.1439822912216187,-1.0342371463775635,-0.9160582423210144,-1.1206531524658203,-1.030102252960205,-1.209607720375061,-1.0888067483901978,-1.1967215538024902,-1.0635488033294678,-1.1767593622207642,-0.6521400809288025,-1.026701807975769,-1.0065345764160156,-1.0583146810531616,-2.123910665512085,-0.8769853711128235,-1.0529966354370117,-1.42670738697052,-0.25115132331848145,-2.012897253036499
5430.0,108.59900000000002,-14.869129056932383,314.50013129692854,386.5459198454092,386115.0810943655,-14.744029000000006,314.50001,386.5459900000001,386210.7794840002,9.609989494484717,-0.0040421120818282,0.0023350462478562,19200.000000000007,0.0002998536321245,-0.0001212969268032,7.0154730128479e-05,0.0,9.608147352594342,7.325851898091959,-0.0002684389700837,1.825014133054422,0.0104924922790202,0.987219345714876,19199.98336948125,-0.0020350305559759,0.002,-1.888778081572945,-3.183049076086464,-0.9264999467195458,6.0,10.0,180.0,-1.0643578318455904,-4.886707258249542,-0.0878769000714968,-3.073122787712607,371.9696917597687,-657.1068981878007,167.27151409990856,755.0840494352617,522.2250000000001,-1.0643578318455904,-0.9720752239227295,-1.1113665103912354,-1.052344560623169,-1.0769083499908447,-1.0856506824493408,-1.089966058731079,-1.0489821434020996,-1.119122862815857,-1.0878783464431763,-1.0768859386444092,-1.1179683208465576,-1.163780927658081,-1.166776418685913,-1.1105395555496216,-1.134458303451538,-1.0447697639465332,-1.1033227443695068,-1.0541436672210693,-1.1490321159362793,-0.9694374799728394,-1.1986151933670044,-1.0508826971054077,-0.9488807320594788,-1.172393560409546,-1.060107946395874,-1.2717019319534302,-1.144285798072815,-1.2321033477783203,-1.08989679813385,-1.1844780445098877,-0.8905126452445984,-1.091987133026123,-1.0892163515090942,-1.1084715127944946,-2.2833733558654785,-0.9309012293815613,-1.111734390258789,-1.5168591737747192,-0.39861923456192017,-1.8633354902267456
5431.0,108.61900000000004,-14.67684761668868,314.5001009851444,386.54594929683407,386499.0815281709,-14.552029000000005,314.50001,386.5459900000001,386594.7794840001,9.600609786216236,-0.0030391111667597,0.001324151552865,19200.000000000007,1.8409336608209147e-05,-9.098514449477194e-05,4.070312452478823e-05,0.0,9.581291376984442,-6.162764770954918,-0.0082932353089237,3.666609385311098,0.0063555565555187,-1.475955750795849,19199.99932626273,-38.53162081723662,0.002,-1.8778128441916635,-3.1857845152416364,-0.9295285710595652,6.0,10.0,180.0,-1.0180099988176738,-4.878485661042205,-0.0864306927223573,-3.074128110183979,371.3563458798843,-656.8764490939003,167.1537570499543,754.5810247176308,522.2250000000001,-1.0180099988176738,-0.9123967885971069,-1.0282816886901855,-1.0013834238052368,-1.0221835374832153,-1.012052297592163,-0.9951798915863037,-1.0150094032287598,-1.0604662895202637,-1.0402733087539673,-0.9877266883850098,-1.0460455417633057,-1.0871727466583252,-1.0960838794708252,-1.0396586656570435,-1.0937912464141846,-0.9667543768882751,-1.2162963151931763,-0.9740078449249268,-1.078428030014038,-0.9052413702011108,-1.1274064779281616,-1.0402027368545532,-0.9106228947639465,-1.1180660724639893,-1.0212066173553467,-1.2095900774002075,-1.0583587884902954,-1.1802667379379272,-1.0521761178970337,-1.159268856048584,-0.6896678805351257,-1.0205168724060059,-1.004760503768921,-1.02090322971344,-2.1561648845672607,-0.8906334638595581,-1.0464591979980469,-1.4074510335922241,-0.3280141055583954,-1.9261255264282227
5432.0,108.63900000000004,-14.485028074056672,314.500064391005,386.5459716297118,386883.0767097565,-14.360029000000006,314.50001,386.5459900000001,386978.7794840002,9.606627307762151,-0.0018181987168669,0.0006131268633315,19200.000000000007,0.0001988727707768,-5.4391028451328446e-05,1.8370271979828723e-05,0.0,9.638170297648283,-0.8625996113357874,0.0027101429794011,-2.13144125553119,0.0017069821100892,-3.962187336249176,19199.65400243074,-8.526444828075824,0.002,-1.8385928178009256,-3.3100384354308736,-0.9477541743358612,6.0,10.0,180.0,-1.0161523653161724,-4.881964048670565,-0.0849746639530319,-3.122819091832989,372.34167293994216,-657.2052245469501,167.33437852497713,755.3530123588155,517.6500000000002,-1.0161523653161724,-0.938933253288269,-1.0742526054382324,-1.046995997428894,-1.0533956289291382,-1.0445462465286255,-1.0489332675933838,-1.030828833580017,-1.0970802307128906,-1.0652501583099365,-1.0201383829116821,-1.0788514614105225,-1.1303671598434448,-1.1308374404907227,-1.0771265029907227,-1.1122300624847412,-1.0033146142959595,-1.21553635597229,-1.0428543090820312,-1.1106928586959839,-0.9407070875167847,-1.1631122827529907,-1.0493682622909546,-0.9317893385887146,-1.1537271738052368,-1.0443072319030762,-1.2410385608673096,-1.1051359176635742,-1.2206765413284302,-1.0836498737335205,-1.1923706531524658,-0.6963258385658264,-1.058347463607788,-1.049644112586975,-1.0664249658584595,-2.1540863513946533,-0.8968011140823364,-1.0772432088851929,-1.4583470821380615,-0.3180362582206726,-1.903588056564331
5433.0,108.65900000000006,-14.29295398228695,314.5001578831741,386.54597545489895,387267.0751425541,-14.168029000000008,314.50001,386.5459900000001,387362.7794840002,9.604150465997702,-0.0049262944088633,0.000481899206287,19200.000000000007,0.0001242855986848,-0.0001478832007475,1.4545102358280093e-05,0.0,9.558850141223628,-1.944929642939177,0.0078329509996597,-2.816414160793549,-0.0014854465897214,-2.868251106470658,19200.0488011636,-38.68203362615122,0.002,-1.8347735274274883,-3.2907699279939067,-0.9435435121545278,6.0,10.0,180.0,-0.997641330501075,-4.874522251783241,-0.0835011077717486,-3.1330617783855965,371.7318364699711,-656.3521122734751,167.09068926248858,754.3095061794077,527.7,-0.997641330501075,-0.9329404830932617,-1.0651946067810059,-1.04417085647583,-1.048255443572998,-1.0416467189788818,-1.0450880527496338,-1.0273066759109497,-1.0912784337997437,-1.0576145648956299,-1.0110920667648315,-1.0686912536621094,-1.118250846862793,-1.1194820404052734,-1.0631157159805298,-1.0936520099639893,-0.9868934154510498,-1.2065337896347046,-1.0449233055114746,-1.1011077165603638,-0.9334485530853271,-1.1646329164505005,-1.0458418130874634,-0.9278884530067444,-1.1465184688568115,-1.0386852025985718,-1.2292238473892212,-1.0991506576538086,-1.2169032096862793,-1.0794440507888794,-1.1915721893310547,-0.6930559873580933,-1.04712975025177,-1.0379043817520142,-1.0598684549331665,-2.082233428955078,-0.8905114531517029,-1.0674325227737427,-1.4424744844436646,-0.3171910047531128,-1.8772636651992798
5434.0,108.67900000000006,-14.101054667144853,314.5001541063368,386.5459327300467,387651.0721112463,-13.976029000000006,314.50001,386.5459900000001,387746.7794840002,9.60750952809914,-0.0048034752149088,0.0019053750783313,19200.000000000007,0.0002253695000264,-0.0001441061426601,5.726995478851e-05,0.0,9.637688397439351,0.4813745217414332,-0.0058714779596933,0.2500852956723357,-0.0119621668743541,3.111836719938169,19199.55294277396,-60.18878983085849,0.002,-1.8039111493748183,-3.334159500736492,-0.9611693510253576,6.0,10.0,180.0,-1.0308454945120946,-4.857327483184835,-0.080559879083258,-3.173566200481845,372.2309182349856,-657.1050561367375,167.30084463124427,755.2102530897039,527.325,-1.0308454945120946,-0.9436359405517578,-1.0731875896453857,-1.0372538566589355,-1.0517327785491943,-1.0488462448120117,-1.0479671955108643,-1.0341606140136719,-1.090972661972046,-1.0684574842453003,-1.0338542461395264,-1.084636926651001,-1.1271767616271973,-1.1327323913574219,-1.0746097564697266,-1.102795124053955,-0.9995027780532837,-1.169835090637207,-1.031825065612793,-1.1177964210510254,-0.9426312446594238,-1.180395245552063,-1.043813943862915,-0.9358182549476624,-1.1490435600280762,-1.0460712909698486,-1.2408292293548584,-1.1207445859909058,-1.2169438600540161,-1.0783226490020752,-1.1831965446472168,-0.7481005787849426,-1.0563688278198242,-1.0464258193969727,-1.0821038484573364,-2.1753323078155518,-0.9049784541130066,-1.0808488130569458,-1.4703174829483032,-0.34329497814178467,-1.9044474363327026
5435.0,108.69900000000004,-13.908765784108075,314.5001554344285,386.5459310222257,388035.0690414143,-13.784029000000004,314.50001,386.5459900000001,388130.7794840002,9.597877706617307,-0.0048470189036489,0.0019704642006006,19200.000000000007,-6.371650190156566e-05,-0.0001454343070794,5.897777454349399e-05,0.0,9.578145486357323,-1.5805988824274098,-0.0010065079692148,-2.382757138797684,-0.0009625700568913,3.5992885290947263,19199.674443115822,-0.0147850174362929,0.002,-1.8069541663362585,-3.369275873811613,-0.9568638306036916,6.0,10.0,180.0,-0.9902521855854056,-4.84565953829394,-0.0766536441553252,-3.1997443500791194,371.6874591174928,-656.6995280683687,167.15592231562215,754.589626544852,532.9500000000002,-0.9902521855854056,-0.9333668947219849,-1.0637112855911255,-1.0404548645019531,-1.0471186637878418,-1.0416555404663086,-1.041602611541748,-1.0283403396606445,-1.084481120109558,-1.0595659017562866,-1.0182496309280396,-1.0727531909942627,-1.1157214641571045,-1.119856834411621,-1.0605130195617676,-1.0826025009155273,-0.980381190776825,-1.1862382888793945,-1.0406904220581055,-1.1064186096191406,-0.9331830739974976,-1.1801620721817017,-1.0400837659835815,-0.9315292835235596,-1.1427421569824219,-1.0420607328414917,-1.2268142700195312,-1.1157662868499756,-1.2169075012207031,-1.0783147811889648,-1.188637375831604,-0.7150128483772278,-1.0453238487243652,-1.0331419706344604,-1.078878402709961,-2.0894620418548584,-0.8922471404075623,-1.070117473602295,-1.453384280204773,-0.31377971172332764,-1.9046698808670044
5436.0,108.71900000000002,-13.716918821606091,314.5000567379292,386.54597354906815,388419.0619171062,-13.592029000000004,314.50001,386.5459900000001,388514.7794840002,9.602979402460267,-0.0015559520583005,0.0005506458152511,19200.000000000007,8.94188106660289e-05,-4.6738838205398914e-05,1.6450931973601703e-05,0.0,9.611288977174226,-1.4687561770632624,-0.0031368511743079,5.555876474343331,0.0168702878161171,2.994483816787804,19199.69058512408,12.963489772912196,0.002,-1.778496472565653,-3.396842748924857,-0.9536778597827288,6.0,10.0,180.0,-0.9691997030990324,-4.844759204953872,-0.0756815890570354,-3.2725663158287324,371.8762295587464,-656.9207640341845,167.22296115781108,754.875313272426,536.4000000000002,-0.9691997030990324,-0.9367629289627075,-1.0493162870407104,-1.0083403587341309,-1.0358436107635498,-1.0376794338226318,-1.0240774154663086,-1.0314326286315918,-1.0768780708312988,-1.0594398975372314,-1.0205020904541016,-1.0663894414901733,-1.1026575565338135,-1.1150002479553223,-1.0548009872436523,-1.0960508584976196,-0.9830892086029053,-1.1368954181671143,-0.9888219833374023,-1.1001777648925781,-0.9280276894569397,-1.1610347032546997,-1.0428173542022705,-0.925654411315918,-1.1330654621124268,-1.0324714183807373,-1.2273786067962646,-1.0923051834106445,-1.192345142364502,-1.0617244243621826,-1.1610432863235474,-0.7931860685348511,-1.0355826616287231,-1.0234102010726929,-1.0447490215301514,-2.176630735397339,-0.909011721611023,-1.0637472867965698,-1.4380849599838257,-0.3884645700454712,-1.8687889575958252
5437.0,108.73900000000005,-13.524827860270156,314.50019799631866,386.546006657445,388803.0609369844,-13.400029000000004,314.50001,386.5459900000001,388898.7794840001,9.59995030378287,-0.0062621686223841,-0.0005499612387255,19200.000000000007,-1.6413217682898888e-06,-0.0001879977698093,-1.6657444866600416e-05,0.0,9.579100474291524,-3.294990921726594,-0.0056121094005129,1.156435676718959,0.0092741685148548,-3.242735655714992,19200.23812568869,115.95306751546693,0.002,-1.8155533104732031,-3.2713325020136863,-0.9399225624483036,6.0,10.0,180.0,-1.0209643378903883,-4.824257157631747,-0.0781239747870338,-3.2684441996687688,371.3641147793732,-656.7043820170923,167.11998057890554,754.4351566362129,534.6000000000001,-1.0209643378903883,-0.9296468496322632,-1.0485765933990479,-1.0242927074432373,-1.0373896360397339,-1.0341992378234863,-1.0283203125,-1.0260192155838013,-1.0831239223480225,-1.0525240898132324,-1.0011920928955078,-1.055713176727295,-1.10111665725708,-1.1078965663909912,-1.0499191284179688,-1.0904662609100342,-0.9761213064193726,-1.1952621936798096,-1.014143466949463,-1.0889049768447876,-0.923707127571106,-1.1515980958938599,-1.0465370416641235,-0.920991837978363,-1.1368014812469482,-1.0292304754257202,-1.220861554145813,-1.0797590017318726,-1.2011113166809082,-1.068955659866333,-1.176863431930542,-0.6831260323524475,-1.0320037603378296,-1.022116780281067,-1.0311678647994995,-2.0821757316589355,-0.8935249447822571,-1.055018663406372,-1.4198273420333862,-0.3542705178260803,-1.846693992614746
5438.0,108.75900000000004,-13.332993169402958,314.49995059487094,386.5460017458833,389187.0648572771,-13.208029000000709,314.50001,386.5459900000001,389282.7794840002,9.605458782573155,0.0019775527108803,-0.0003937211349023,19200.000000000007,0.0001637724430468,5.950503896519298e-05,-1.1745883634923025e-05,0.0,9.595964798849971,-0.1190313362327323,-0.0117205097961034,2.3267553193991315,0.0007365531562067,-2.800212848877257,19199.77426791265,-68.70432143681185,0.002,-1.7829089975376995,-3.3222136241086835,-0.9419326894668504,6.0,10.0,180.0,-1.0204847845917508,-4.832471275048976,-0.0776399788630106,-3.2550970414740625,371.1745573896866,-656.9121910085462,167.14049028945277,754.5225783181065,538.3500000000001,-1.0204847845917508,-0.944905161857605,-1.0643715858459473,-1.0300769805908203,-1.0466315746307373,-1.0502510070800781,-1.047817587852478,-1.035624384880066,-1.0961432456970215,-1.0645078420639038,-1.0215755701065063,-1.0695734024047852,-1.1145079135894775,-1.1222177743911743,-1.0632944107055664,-1.100008249282837,-0.9926621317863464,-1.1548513174057007,-1.023792028427124,-1.1028803586959839,-0.9384324550628662,-1.166108250617981,-1.04995596408844,-0.9289523959159851,-1.1479809284210205,-1.0362768173217773,-1.2345725297927856,-1.09489107131958,-1.2085886001586914,-1.0754109621047974,-1.1781463623046875,-0.7423267364501953,-1.0445239543914795,-1.0386115312576294,-1.0421857833862305,-2.1140358448028564,-0.9054211378097534,-1.0670212507247925,-1.439692735671997,-0.39113521575927734,-1.8102107048034668
5439.0,108.77900000000002,-13.141207461563653,314.4999108798416,386.5459884462376,389571.06409298966,-13.016029000022096,314.50000999999986,386.5459900000001,389666.7794840002,9.61259742679132,0.0033057399645386,5.5369696085564526e-05,19200.000000000007,0.0003778661902851,9.912155669721278e-05,1.5537604578132224e-06,0.0,9.590106668216546,3.90694247369827,0.0031472086891511,2.4459422343682364,-0.0056283007470408,-1.8324479320350189,19200.428301423257,77.14281493456369,0.002,-1.775799262222133,-3.3349048430531707,-0.9681881304666368,6.0,10.0,180.0,-0.9999781321318328,-4.851460802179364,-0.0795990584494083,-3.246359831435588,371.4872786948433,-656.656095504273,167.12474514472638,754.4537891590533,536.1750000000002,-0.9999781321318328,-0.9617248773574829,-1.0881232023239136,-1.0414729118347168,-1.06047785282135,-1.069313406944275,-1.073505163192749,-1.0457754135131836,-1.1110217571258545,-1.078992486000061,-1.049683928489685,-1.091538906097412,-1.1371560096740723,-1.1433415412902832,-1.0846104621887207,-1.114553451538086,-1.0172375440597534,-1.1135456562042236,-1.0418074131011963,-1.1241779327392578,-0.9557904005050659,-1.1841992139816284,-1.0523349046707153,-0.9387281537055969,-1.1620993614196777,-1.0474656820297241,-1.2527071237564087,-1.118329405784607,-1.2208201885223389,-1.0836604833602905,-1.1821786165237427,-0.8243856430053711,-1.0660184621810913,-1.063639760017395,-1.0682166814804077,-2.174247980117798,-0.918928861618042,-1.0869734287261963,-1.472896933555603,-0.41246938705444336,-1.7995579242706299
5440.0,108.79900000000004,-12.948694728567984,314.4999663318721,386.5460233487888,389955.070980849,-12.824029000058012,314.5000099999932,386.5459900000001,390050.7794840002,9.595509662811711,0.0014315192696343,-0.0011443613483557,19200.000000000007,-0.0001346712425853,4.3669151954008456e-05,-3.334878472466278e-05,0.0,9.633803829173686,0.3070261992321054,0.0192434674818404,0.7235040167948361,-0.0048650408240701,-3.6692508076129258,19200.189552455813,-0.0145373586858738,0.002,-1.7693032396533337,-3.0418262418105715,-0.9435596284961864,6.0,10.0,180.0,-0.9657841059868952,-4.861406066739854,-0.0810624255151976,-3.1899474171729003,372.89513934742166,-656.7200477521365,167.3003725723632,755.2043945795267,544.3500000000001,-0.9657841059868952,-0.9526703357696533,-1.071347713470459,-1.0418152809143066,-1.054518699645996,-1.0587146282196045,-1.0611495971679688,-1.0412505865097046,-1.1056711673736572,-1.071037769317627,-1.0246917009353638,-1.0717073678970337,-1.1193170547485352,-1.1260473728179932,-1.0665098428726196,-1.0967727899551392,-0.9938110113143921,-1.1541759967803955,-1.0424352884292603,-1.1060491800308228,-0.9440413117408752,-1.1774821281433105,-1.0543732643127441,-0.9332491755485535,-1.1574203968048096,-1.0421311855316162,-1.2407432794570923,-1.1049067974090576,-1.2199004888534546,-1.0847206115722656,-1.1896158456802368,-0.7087019681930542,-1.0477076768875122,-1.043742299079895,-1.0449589490890503,-2.0702953338623047,-0.9044989943504333,-1.0692908763885498,-1.4419854879379272,-0.39564573764801025,-1.778193712234497
5441.0,108.81900000000005,-12.75650101409324,314.4998228594503,386.5459080333303,390339.068252523,-12.632029000034716,314.50000999996814,386.5459900000001,390434.7794840002,9.589056882152423,0.0062361664184825,0.0027007060289302,19200.000000000007,-0.0003281898328158,0.0001871404793609,8.196670573704792e-05,0.0,9.5776030116621,-0.2492260194655148,-0.0241379916959219,0.8033819859346616,-0.0002543103791538,3.176338298227185,19199.707432581585,73.09547495459614,0.002,-1.920111163956435,-3.0901469643032287,-0.9187078231553,6.0,10.0,180.0,-1.0082561044641083,-4.87229049069333,-0.0737332427666653,-3.218697325476384,371.2210696737109,-656.9495238760683,167.1536862861816,754.5796972897633,541.6500000000001,-1.0082561044641083,-0.9410915374755859,-1.0632647275924683,-1.0321309566497803,-1.045994758605957,-1.048400640487671,-1.0453929901123047,-1.0337228775024414,-1.0886759757995605,-1.0629866123199463,-1.0245999097824097,-1.0727603435516357,-1.113029956817627,-1.1210417747497559,-1.0598008632659912,-1.085424780845642,-0.9838019609451294,-1.1465810537338257,-1.0295709371566772,-1.106868028640747,-0.9368143081665039,-1.1812883615493774,-1.0427274703979492,-0.9314355850219727,-1.1438394784927368,-1.0397377014160156,-1.229578971862793,-1.1117455959320068,-1.2120182514190674,-1.0756046772003174,-1.1802794933319092,-0.7411144971847534,-1.0433732271194458,-1.0341225862503052,-1.065578579902649,-2.0948894023895264,-0.9020094275474548,-1.0692685842514038,-1.4499435424804688,-0.3658963441848755,-1.8492960929870605
5442.0,108.83900000000004,-12.564949095718676,314.4995823048363,386.5460733099888,390723.0644697735,-12.440028999984769,314.50000999993074,386.5459900000001,390818.7794840002,9.603987777022382,0.014262353851708,-0.0028101632223931,19200.000000000007,0.0001194925785371,0.0004276949008724,-8.331001127547715e-05,0.0,9.591314992804213,3.117818796866544,0.0181066517076352,-2.630909438208046,-0.0017446009774878,-1.337520819911158,19200.168675139248,-25.692284649204243,0.002,-1.892444825516281,-3.2903556954024165,-0.9551164057271356,6.0,10.0,180.0,-1.0068312678263522,-4.926787867661902,-0.0810534313508299,-3.25616952558288,372.04253483685545,-656.3987619380341,167.1368431430908,754.5048486448816,551.5500000000001,-1.0068312678263522,-0.963570237159729,-1.091214895248413,-1.063069462776184,-1.0674468278884888,-1.0769401788711548,-1.08819580078125,-1.0479273796081543,-1.1193864345550537,-1.0798349380493164,-1.0412135124206543,-1.085245132446289,-1.1338558197021484,-1.137763500213623,-1.0762385129928589,-1.0883437395095825,-1.0003063678741455,-1.1259561777114868,-1.0794082880020142,-1.1197633743286133,-0.956553041934967,-1.2055596113204956,-1.0530688762664795,-0.9418846368789673,-1.1700584888458252,-1.053023338317871,-1.2519582509994507,-1.130631685256958,-1.2382447719573975,-1.098386287689209,-1.2046325206756592,-0.7392551302909851,-1.060848355293274,-1.0593334436416626,-1.075217604637146,-2.023892641067505,-0.9051613211631775,-1.081229329109192,-1.4648398160934448,-0.3915475904941559,-1.7550244331359863
5443.0,108.85900000000004,-12.373103354419326,314.5000378688696,386.54599150696856,391107.0666130075,-12.248028917386154,314.50000999988225,386.5459900000001,391202.7794840002,9.60913237910752,-0.0009254866974632,-5.0080166160970665e-05,19200.000000000007,0.0002741549795433,-2.7868942451377205e-05,-1.5072235075936398e-06,0.0,9.607416375139964,6.769603569026363,0.025141740622584,-5.623975679520383,-0.0138987874640592,3.9054649068355167,19200.10052956215,-21.55865455366993,0.002,-1.8413673964235984,-3.3336150223621703,-0.9422028550135032,6.0,10.0,180.0,-1.0659883618989632,-4.923162678468815,-0.0893480388958646,-3.236662805449952,372.9517674184277,-656.1728809690171,167.1964215715454,754.7569243224408,548.4000000000001,-1.0659883618989632,-0.9771847724914551,-1.1180000305175781,-1.0845487117767334,-1.0872629880905151,-1.1014690399169922,-1.1150568723678589,-1.0529530048370361,-1.1311144828796387,-1.0948480367660522,-1.0702778100967407,-1.1117262840270996,-1.1600236892700195,-1.1605678796768188,-1.0983781814575195,-1.0920296907424927,-1.019157886505127,-1.1102973222732544,-1.11201810836792,-1.1462996006011963,-0.972017228603363,-1.237701416015625,-1.0502159595489502,-0.9523369073867798,-1.1848647594451904,-1.0704289674758911,-1.27008855342865,-1.1690746545791626,-1.2578259706497192,-1.1130517721176147,-1.2186555862426758,-0.7991090416908264,-1.085351824760437,-1.084337592124939,-1.1272426843643188,-2.060654401779175,-0.9121171832084656,-1.1054517030715942,-1.5111398696899414,-0.37282538414001465,-1.79269278049469
5444.0,108.87900000000002,-12.18019126582536,314.5002045590161,386.5459628707655,391491.0680352853,-12.056026548414264,314.5000100193438,386.5459900000001,391586.7794840001,9.578949679537365,-0.0064805435860615,0.000901847695959,19200.000000000007,-0.0006377507553748,-0.000194559103165,2.7129341347378627e-05,0.0,9.65103354832362,-5.71953913714429,-0.0053501090126304,-2.554910741263542,0.0043911942054205,2.562986097913436,19200.102798259937,-25.845240818973544,0.002,-1.836933775886328,-3.358348045847216,-0.9412612020439446,6.0,10.0,180.0,-0.9283403503084467,-4.899272491383305,-0.0834910577098923,-3.2258596783755267,373.0688837092139,-657.1554404845085,167.4087107857727,755.6684621612204,551.2500000000001,-0.9283403503084467,-0.925277590751648,-1.038957118988037,-1.0340664386749268,-1.0370956659317017,-1.0304778814315796,-1.0246632099151611,-1.0254887342453003,-1.0775517225265503,-1.050876498222351,-0.9884046316146851,-1.045576810836792,-1.08770751953125,-1.095919132232666,-1.0333596467971802,-1.0544426441192627,-0.9471147060394287,-1.1997994184494019,-1.0319844484329224,-1.0822508335113525,-0.9154233932495117,-1.1751724481582642,-1.042911171913147,-0.9235935807228088,-1.135376214981079,-1.0350382328033447,-1.211613655090332,-1.0994871854782104,-1.2118639945983887,-1.0775878429412842,-1.1914596557617188,-0.6123486757278442,-1.017547845840454,-1.0040041208267212,-1.0424913167953491,-1.947970986366272,-0.8785073757171631,-1.0452022552490234,-1.410504698753357,-0.3233656883239746,-1.8478997945785522
5445.0,108.89900000000004,-11.98879956583895,314.5001379684657,386.5460086336389,391875.0696961928,-11.864022102165276,314.5000108842863,386.5459900000001,391970.7794840002,9.5993477392097,-0.0041647405230575,-0.0006243447760411,19200.000000000007,-2.596077347475879e-05,-0.0001278231322258,-1.863240669016548e-05,0.0,9.541200560529589,4.20840204455836,-0.006099469053486,3.060169759389764,0.0055947751129696,0.4886660102394611,19200.17222177844,12.895175706290294,0.002,-1.7755777233831422,-3.353075401034665,-0.9605460905155117,6.0,10.0,180.0,-1.0219806594754346,-4.885716829479006,-0.0844765031719533,-3.204857963319564,371.3339418546069,-656.3932202422543,167.05335539288637,754.1502310806102,553.9500000000002,-1.0219806594754346,-0.9648412466049194,-1.0834829807281494,-1.0390621423721313,-1.0588204860687256,-1.0764970779418945,-1.077920913696289,-1.0487436056137085,-1.1113462448120117,-1.0779094696044922,-1.0496129989624023,-1.0858181715011597,-1.1271727085113525,-1.136549472808838,-1.073603868484497,-1.0960407257080078,-1.0045596361160278,-1.0611021518707275,-1.0446319580078125,-1.1198573112487793,-0.9549731016159058,-1.196563720703125,-1.0508843660354614,-0.9383223056793213,-1.1602718830108643,-1.0456945896148682,-1.2458982467651367,-1.122202754020691,-1.2198467254638672,-1.0838253498077393,-1.1811528205871582,-0.8367637395858765,-1.057193636894226,-1.055576205253601,-1.0628052949905396,-2.0986313819885254,-0.9199817776679993,-1.0807702541351318,-1.4628595113754272,-0.4428403973579407,-1.7414077520370483
5446.0,108.91900000000004,-11.796705541680256,314.5001327025023,386.5459648394316,392259.0714341335,-11.672019239866346,314.5000140784533,386.5459900000001,392354.7794840002,9.59625246864496,-0.0038227404381109,0.000802328090472,19200.000000000007,-0.0001154626458871,-0.000120991843216,2.5161794196151723e-05,0.0,9.65466303863629,-4.099067289984744,-0.0064469938973118,1.7715428366103785,0.0029677427100739,-3.1135620949559217,19200.11927917969,-47.10504637614635,0.002,-1.7837862189949365,-3.199369684147269,-0.946135524739524,6.0,10.0,180.0,-0.9970355633200534,-4.869694034571206,-0.0830046226042604,-3.1982350411470435,372.2809709273034,-657.3286101211272,167.3521776964432,755.4301155403051,550.3500000000001,-0.9970355633200534,-0.9347632527351379,-1.0419824123382568,-1.024035930633545,-1.0369914770126343,-1.037257432937622,-1.029409408569336,-1.0309176445007324,-1.0867700576782227,-1.0554054975509644,-0.9946883916854858,-1.046203374862671,-1.090299129486084,-1.1008461713790894,-1.0398415327072144,-1.0768473148345947,-0.9633208513259888,-1.181097149848938,-1.0146816968917847,-1.0818538665771484,-0.9216745495796204,-1.159789800643921,-1.0507798194885254,-0.921558141708374,-1.1395190954208374,-1.0303101539611816,-1.2184869050979614,-1.0795975923538208,-1.2031431198120117,-1.0731128454208374,-1.1805462837219238,-0.6323396563529968,-1.020707368850708,-1.0121501684188843,-1.014829158782959,-2.0057384967803955,-0.8916375041007996,-1.0457075834274292,-1.403993010520935,-0.38396602869033813,-1.7854928970336914
5447.0,108.93900000000004,-11.604635798801244,314.49999295492773,386.5459708766874,392643.07211358426,-11.48001753269176,314.5000183079263,386.5459900000001,392738.7794840002,9.594007075917238,0.0009615771126998,0.0006377434667868,19200.000000000007,-0.0001834372962189,2.26053250457871e-05,1.922284437465257e-05,0.0,9.583359973211929,2.634260498715736,-0.0112559179039936,-0.4305538276015536,0.0014551659573118,-1.4068955387474844,19199.86006231997,0.0432555138205714,0.002,-1.8154391625160216,-3.1515535390494755,-0.9229134297433176,6.0,10.0,180.0,-0.9975333262403622,-4.872691502751983,-0.0805534045260452,-3.1941394015818623,371.4449854636517,-657.0693050605636,167.2030888482216,754.7930577701525,552.6750000000002,-0.9975333262403622,-0.9604151248931885,-1.0828649997711182,-1.0519068241119385,-1.0608534812927246,-1.071092128753662,-1.0783780813217163,-1.0460426807403564,-1.1140758991241455,-1.076073408126831,-1.0371010303497314,-1.0802690982818604,-1.1265053749084473,-1.1328926086425781,-1.0710335969924927,-1.0896399021148682,-0.9973808526992798,-1.115531086921692,-1.0619537830352783,-1.1147751808166504,-0.952612042427063,-1.1970471143722534,-1.0525301694869995,-0.9383043646812439,-1.163797378540039,-1.0475432872772217,-1.2461274862289429,-1.121536135673523,-1.2291994094848633,-1.0915815830230713,-1.1951136589050293,-0.7455392479896545,-1.0545521974563599,-1.052790880203247,-1.0623399019241333,-2.038153886795044,-0.907957136631012,-1.0762300491333008,-1.4560297727584839,-0.40777868032455444,-1.7498624324798584
5448.0,108.95900000000005,-11.412596613062195,314.49984606608143,386.5460253815626,393027.0717109732,-11.29081766061939,314.5000224886804,386.5459900000001,393122.7794840002,8.715177270385723,0.0059735927928259,-0.0011815195713659,19200.000000000007,-0.0002208319408926,0.0001737123367825,-3.538305381635458e-05,0.0,9.54056932481721,-38.15976947756072,0.0089984690148765,-1.2169733219629486,0.0004772869162296,-0.8499474820493539,19200.169398405986,-12.95303103400426,0.002,-0.8717917693222901,-2.61595492188523,-0.7113542578261997,6.0,10.0,180.0,-0.8159171070766618,-4.903938683128424,-0.0820332415127534,-3.1915498146764127,371.02849273182585,-656.0491525302818,166.9480444241108,753.6995288850762,548.7750000000001,-0.8159171070766618,-0.778435230255127,-0.8142598867416382,-0.9095840454101562,-0.8760777711868286,-0.8661936521530151,-0.794851541519165,-0.9045326709747314,-0.9002296328544617,-0.9582828283309937,-0.8187774419784546,-0.871624231338501,-0.9045741558074951,-0.9201837778091431,-0.8577456474304199,-0.9154229164123535,-0.7481040358543396,-1.3254973888397217,-0.8493577241897583,-0.9111897945404053,-0.6240463852882385,-0.9752290844917297,-1.0186851024627686,-0.8237624764442444,-0.9883087873458862,-0.9635812044143677,-1.0397660732269287,-0.8841738700866699,-1.0907176733016968,-0.9962420463562012,-1.0548884868621826,-0.26402437686920166,-0.8510162234306335,-0.8021867871284485,-0.8565263152122498,-1.5304439067840576,-0.7762053608894348,-0.8914701342582703,-1.1537624597549438,-0.12109281867742538,-2.0400497913360596
5449.0,108.979,-11.254998354038898,314.5001227302204,386.5460849680004,393411.08013624273,-11.173029484558118,314.49935216527166,386.5459900000001,393506.7794840002,3.865200422545781,-0.2617435259124653,-0.0031677457627914,19200.000000000007,0.0188877743679144,-9.879355027158864e-05,-9.496866668835651e-05,0.0,4.940477559953216,-340.0471726811048,-0.076486162329869,-26.252098982644004,0.0041527549185352,3.23091293223503,19200.56638067188,-30.13978861455333,0.002,-0.3459013113953639,-2.3442666349322097,-0.6037678431591574,6.0,10.0,180.0,0.9252925885705504,-4.876028031185208,-0.0908398308816854,-3.1325818193643444,288.6007463659129,-592.1105762651409,144.1680222120554,660.342764442538,555.3000000000002,0.9252925885705504,0.8145129680633545,1.2530783414840698,0.8753544092178345,0.8433927893638611,0.6736788749694824,0.9451051354408264,0.9958462715148926,0.9255340099334717,1.2021260261535645,0.541511058807373,1.0399250984191895,0.9799160361289978,0.9196724891662598,1.125930905342102,1.104839563369751,1.249707818031311,-1.6974807977676392,0.802067220211029,1.032095193862915,0.719277024269104,1.1513464450836182,1.348628044128418,1.0415819883346558,0.9272353649139404,1.3701775074005127,1.5641063451766968,0.9308593273162842,0.40606123208999634,0.9565695524215698,1.4886780977249146,-2.0843610763549805,1.0546237230300903,1.0528435707092285,0.6677721738815308,1.6975001096725464,0.5042811632156372,0.8683949112892151,1.3414820432662964,2.131941556930542,-2.899263858795166
5450.0,108.99900000000002,-11.189279927343971,314.4863161091968,386.5465095865637,393795.1157222876,-11.120163706502884,314.4721214822401,386.5459900000001,393890.7794840002,4.245263508747067,-2.6238993774602064,-0.0173219575110311,19200.000000000007,0.0359700681015543,0.0090610279091238,-0.0005195863296273,0.0,3.5004286213104017,138.5508523375232,-1.6295351684369646,-107.1205803207225,0.008091511557661,-0.4248500312058965,19202.67847184577,81.58729755052204,0.002,-0.3239162888703151,-3.263208429424317,-0.8305341466724088,6.0,10.0,180.0,-1.2906304523691463,-4.186905718225014,-0.152840304357159,-2.797788511517291,121.88437318295648,-551.9597881325705,125.9725111060277,587.055882221269,557.3250000000002,-1.2906304523691463,-1.055848479270935,-1.3881592750549316,-1.3381612300872803,-1.594907283782959,-1.5888875722885132,-1.5368354320526123,-0.9068892002105713,-1.3448221683502197,-1.006858468055725,-1.4783196449279785,-1.3817572593688965,-1.4718451499938965,-1.343043565750122,-1.2277815341949463,-0.407766193151474,-1.1554665565490723,-1.6189146041870117,-1.6975672245025635,-1.3487262725830078,-1.0801293849945068,-1.65170419216156,-0.937387228012085,-1.1059385538101196,-1.4498329162597656,-1.4899013042449951,-1.4284981489181519,-1.2578139305114746,-1.5333563089370728,-1.4819486141204834,-1.3473650217056274,-3.9609169960021973,-1.5702859163284302,-1.4241056442260742,-1.9647382497787476,0.34642764925956726,-0.8774914741516113,-1.5704678297042847,-1.9519280195236206,-0.1542034149169922,-0.6936201453208923
5451.0,109.01900000000003,-11.090596346333296,314.4183253377041,386.546383667374,394179.15557879215,-11.018250168269136,314.3720588974006,386.5459900000001,394274.7794840002,6.604776440060047,-5.611294206552734,-0.0131143415200782,19200.000000000007,-0.0032203419358698,0.0278585994977354,-0.0003936672022489,0.0,6.286258632825419,116.89564636688893,-5.219125903103482,-132.1514913302181,-0.0305270454711902,0.4265966653327453,19200.239197876188,-188.7547010891284,0.002,0.2412797071667052,-3.6800349751371018,-0.9353123341440386,6.0,10.0,180.0,-1.292469040124902,-3.777669805357216,-0.2055602713895609,-2.4203894122906378,-11.878313408521764,-619.5173940662853,140.33175555301386,644.6984411106346,549.5250000000001,-1.292469040124902,-0.8869279026985168,-1.2470359802246094,-1.3370414972305298,-1.3483738899230957,-1.407677412033081,-1.3847181797027588,-0.8115624189376831,-1.3189764022827148,-1.0045301914215088,-1.2623170614242554,-1.2511563301086426,-1.3712494373321533,-1.243201494216919,-1.1388739347457886,-0.350481778383255,-0.9945225715637207,-1.6179492473602295,-1.6486198902130127,-1.215531826019287,-1.0600565671920776,-1.5257331132888794,-0.9893187880516052,-1.0827404260635376,-1.3887180089950562,-1.4570186138153076,-1.3369489908218384,-1.2011350393295288,-1.5794134140014648,-1.47306227684021,-1.4477620124816895,-1.8095695972442627,-1.40950345993042,-1.3241301774978638,-1.8152023553848267,0.5922952890396118,-0.757757842540741,-1.3879424333572388,-1.892666220664978,0.037859804928302765,-1.2330431938171387
5452.0,109.03900000000006,-10.954273344528142,314.3062370110737,386.5458367820695,394563.1278981223,-10.880178878307008,314.2393100743235,386.5459900000001,394658.7794840002,6.429491391417559,-5.961332011676153,0.0051078101347564,19200.000000000007,-0.0160689515508013,0.0193590140496023,0.0001532177191363,0.0,6.563822237594809,-70.13465411988459,-5.716232242292411,-38.26442026594857,0.0178054410173385,3.7253250184624336,19197.92029438001,64.41190043889817,0.002,0.5174137249389382,-3.627564317477576,-0.9401988117541252,6.0,10.0,180.0,-0.3040888705190726,-4.103548535896357,-0.1762764957784756,-2.658765824420265,-84.58315670426089,-662.3356970331427,149.91037777650695,683.5902205553173,551.2500000000001,-0.3040888705190726,-0.01523587480187416,-0.21356405317783356,-0.35638463497161865,-0.21444374322891235,-0.19662773609161377,-0.21460957825183868,-0.33402150869369507,0.028510842472314835,-0.28468531370162964,-0.2699199318885803,-0.17751076817512512,-0.17213284969329834,-0.15304860472679138,-0.07031475752592087,0.12500078976154327,0.09997808933258057,-0.7733249664306641,-0.4088769555091858,-0.16292473673820496,0.08459198474884033,-0.12077245861291885,-0.3040456175804138,-0.27005264163017273,-0.0027014687657356262,-0.23096871376037598,0.24731077253818512,-0.12023576349020004,-0.5678718090057373,-0.33240553736686707,-0.2511318027973175,-1.2621307373046875,-0.23219263553619385,-0.1402534544467926,-0.46351808309555054,0.016691356897354126,-0.18838247656822205,-0.24140280485153198,-0.45235753059387207,0.6544008255004883,-2.252819776535034
5453.0,109.05900000000004,-10.825565779314466,314.1853254443173,386.54567093898805,394947.10009149264,-10.739983918150283,314.1081267873324,386.5459900000001,395042.7794840002,6.862668548511602,-6.249589550678819,0.0106318896743845,19200.000000000007,-0.0057455794639716,0.0078563505098512,0.0003190607905152,0.0,6.913234394725848,65.67952385442727,-6.227011334898024,-6.900380066360006,0.0016992351108611,3.3552226072501865,19199.2768009929,12.818643715537622,0.002,0.639929088726164,-3.4735604941172573,-0.9456201964705914,6.0,10.0,180.0,-0.8232354327230169,-4.141237810161977,-0.1499159162276135,-2.9443625214483715,-124.37957835213044,-694.2858485165714,157.30168888825347,714.0761102776587,553.0500000000002,-0.8232354327230169,-0.5134377479553223,-0.8788058757781982,-0.893386960029602,-0.7720272541046143,-0.84070885181427,-0.8976073861122131,-0.6977948546409607,-1.042210340499878,-0.7204203605651855,-0.8314856290817261,-0.8780937790870667,-0.8639717698097229,-0.8717234134674072,-0.7967506647109985,-0.761457085609436,-0.7687312364578247,-1.026392936706543,-0.9239265322685242,-0.8378127813339233,-0.8441110849380493,-0.9019338488578796,-0.8268792033195496,-0.7770362496376038,-0.8378692865371704,-0.8213742971420288,-0.9851632118225098,-0.8689764738082886,-1.0065524578094482,-0.9034245014190674,-0.9102276563644409,-0.4390490651130676,-0.8828023672103882,-0.9017588496208191,-1.0246636867523193,-1.7039294242858887,-0.6713621020317078,-0.8322696089744568,-1.3481813669204712,-0.43390166759490967,-1.2738621234893799
5454.0,109.07900000000004,-10.684986456020036,314.0598358932031,386.5459120596573,395331.0898430247,-10.598018916989004,313.97885956980605,386.5459900000001,395426.7794840002,6.958509007798189,-6.320727256343522,0.0025972424420567,19200.000000000007,-0.0055080249483118,0.002830628303567,7.794113115299079e-05,0.0,6.79226081310564,-15.672006664006927,-6.33518428578234,-2.4999024683652955,-0.008535666123724,-4.525311917540312,19199.707548789826,111.50220420421022,0.002,0.5962588507567061,-3.533947059644317,-0.9321252003994398,6.0,10.0,180.0,-0.3516406687891392,-4.124967733779852,-0.1420829552396742,-3.034074975627832,-150.61328917606522,-708.4544242582857,160.92784444412672,729.0120551388293,555.825,-0.3516406687891392,-0.1512746959924698,-0.3401796519756317,-0.49120596051216125,-0.3796996474266052,-0.3846021592617035,-0.39210206270217896,-0.48341915011405945,-0.4848298728466034,-0.4691641926765442,-0.4618581533432007,-0.39803647994995117,-0.3793290853500366,-0.39638224244117737,-0.3279792368412018,-0.39841562509536743,-0.23174038529396057,-1.0610466003417969,-0.3823060393333435,-0.38013842701911926,-0.03430643677711487,-0.287764310836792,-0.628012478351593,-0.49770596623420715,-0.27282699942588806,-0.5265716314315796,-0.38776689767837524,-0.1836278885602951,-0.6312419772148132,-0.6178039312362671,-0.3711754083633423,-0.06462542712688446,-0.40117061138153076,-0.36720433831214905,-0.5237775444984436,-1.172846794128418,-0.39189815521240234,-0.3924291431903839,-0.7119237780570984,0.133073627948761,-1.7545664310455322
5455.0,109.09900000000002,-10.545507892823077,313.93310150226193,386.5459117940876,395715.0871154895,-10.454309977605933,313.851532150812,386.5459900000001,395810.7794840002,7.148288737086412,-6.2849746874504175,0.0025076184864445,19200.000000000007,-0.0024076452255566,0.0009738504119689,7.820763465165598e-05,0.0,7.25036017113341,12.871427901501566,-6.28579838033358,6.7153026501435615,0.0097722440059759,-6.2179949737201845,19200.086278294995,-17.16105088341565,0.002,0.6671445777053798,-3.6321187843233305,-0.9368136705744594,6.0,10.0,180.0,-0.558599182297651,-4.236746421460542,-0.1186446321062107,-3.0658569272161413,-149.18864458803262,-724.4927121291428,164.04292222206334,742.0705275694147,557.5500000000002,-0.558599182297651,-0.31138700246810913,-0.5142055153846741,-0.6127748489379883,-0.5293494462966919,-0.5413446426391602,-0.5587655305862427,-0.6048027276992798,-0.7872090339660645,-0.6163220405578613,-0.6016626954078674,-0.5630370378494263,-0.5440061092376709,-0.5751510262489319,-0.5101948976516724,-0.6321658492088318,-0.4433131814002991,-0.7577410936355591,-0.49701231718063354,-0.5421384572982788,-0.2508661448955536,-0.5212875008583069,-0.7489487528800964,-0.6213389039039612,-0.5223090648651123,-0.6562453508377075,-0.6690152883529663,-0.4063061475753784,-0.7591063380241394,-0.7202020883560181,-0.6127016544342041,-0.8762555122375488,-0.5446321964263916,-0.5440564751625061,-0.6349219083786011,-1.6139225959777832,-0.509916365146637,-0.5280642509460449,-0.9159573316574097,-0.12207233160734177,-1.5348973274230957
5456.0,109.11900000000004,-10.40173887620187,313.80789030506367,386.5458379327442,396099.0874103038,-10.308887054125217,313.7261701242695,386.5459900000001,396194.7794840002,7.25139058971794,-6.233835800548095,0.0050696474333538,19200.000000000007,-0.001864017742534,-0.0004568433687253,0.000152167531228,0.0,7.129152092943775,11.653517128053672,-6.223660111434123,4.761527675239285,0.0004608468468027,-0.7879867689702934,19199.947705957184,55.90345723570251,0.002,0.6413031775219467,-3.725635286055245,-0.9639248588310622,6.0,10.0,180.0,-0.4535890649965142,-4.228011619799669,-0.1084215149082024,-3.063880316185474,-150.33882229401632,-729.6968560645714,165.04346111103166,746.2112637847074,559.3500000000001,-0.4535890649965142,-0.3085477948188782,-0.5045759677886963,-0.6251949071884155,-0.5284768342971802,-0.5346566438674927,-0.5479865670204163,-0.6042202115058899,-0.7721665501594543,-0.6055319905281067,-0.5923703908920288,-0.5593156218528748,-0.5378057956695557,-0.5675100684165955,-0.4997616410255432,-0.6051461696624756,-0.42948776483535767,-0.7543954849243164,-0.49900731444358826,-0.5402704477310181,-0.23875567317008972,-0.5273537039756775,-0.7387115955352783,-0.6256842613220215,-0.5157876014709473,-0.6536482572555542,-0.6590052843093872,-0.4166848361492157,-0.7563198804855347,-0.7174816131591797,-0.6307858824729919,-0.8576164245605469,-0.5370791554450989,-0.5320946574211121,-0.6519455909729004,-1.6432976722717285,-0.5046660304069519,-0.5236709117889404,-0.9122744798660278,-0.05963713675737381,-1.595608115196228
5457.0,109.13900000000004,-10.256060939698184,313.68414527395174,386.5459017179229,396483.0834182656,-10.161776620802993,313.60279500191984,386.5459900000001,396578.7794840002,7.34641523595887,-6.1647787249837,0.00294762833896,19200.000000000007,-0.0015257037929129,-0.0013811583641081,8.82796208227536e-05,0.0,7.355013829070124,-0.6048794551202391,-6.140914540208902,0.18912950690036,-0.0068250896597838,-0.3074479890717082,19199.894503948577,-72.92005597141738,0.002,0.675387612742276,-3.6933246691485095,-1.0192497486931835,6.0,10.0,180.0,-0.4492357550751095,-4.185987159814781,-0.0976841423700326,-3.10389613075692,-142.25241114700816,-736.1569280322857,166.04123055551582,750.4251318923536,554.9250000000002,-0.4492357550751095,-0.2823846638202667,-0.45897603034973145,-0.6242731809616089,-0.4792165458202362,-0.48755988478660583,-0.48417967557907104,-0.59110426902771,-0.7082552909851074,-0.6070381999015808,-0.5476261377334595,-0.5111255645751953,-0.4941200613975525,-0.5240378975868225,-0.45628470182418823,-0.5500979423522949,-0.3667084276676178,-0.9295762777328491,-0.47114333510398865,-0.49943655729293823,-0.16169163584709167,-0.4668915271759033,-0.7329900860786438,-0.6060997843742371,-0.45856213569641113,-0.634879469871521,-0.6039013862609863,-0.36640334129333496,-0.7524824142456055,-0.7178585529327393,-0.5825269222259521,-0.5622511506080627,-0.49260714650154114,-0.4769032895565033,-0.6170117855072021,-1.5726020336151123,-0.4658340513706207,-0.48370563983917236,-0.8521494269371033,0.06664437800645828,-1.7264399528503418
5458.0,109.15900000000003,-10.108979798510244,313.56177397827906,386.5458663428013,396867.0753901141,-10.013005195542457,313.48142808782615,386.5459900000001,396962.7794840002,7.449254201696414,-6.073906867394987,0.0041250391454354,19200.000000000007,-0.0009123185021402,-0.0016847821831108,0.0001236547424452,0.0,7.430418886645585,14.642158940882885,-6.083236995666637,1.0363390091984612,-0.0107134238603547,-0.1812670894495365,19199.551527502044,47.13934352789544,0.002,0.6916334786170447,-3.700804882788063,-0.9579803391007444,6.0,10.0,180.0,-0.4965800278153356,-4.126952902082584,-0.084955345283471,-3.1792196261795214,-134.5272055735041,-740.4314640161429,166.6306152777579,752.9245659461768,556.5750000000002,-0.4965800278153356,-0.36124926805496216,-0.5612933039665222,-0.7150943279266357,-0.5780155062675476,-0.5769270658493042,-0.5852505564689636,-0.6485234498977661,-0.8281666040420532,-0.6585808992385864,-0.6303658485412598,-0.6049151420593262,-0.590359091758728,-0.6207492351531982,-0.5523879528045654,-0.6492594480514526,-0.47860443592071533,-0.7077685594558716,-0.5710105299949646,-0.5903301239013672,-0.32030585408210754,-0.6003567576408386,-0.768049418926239,-0.6681098341941833,-0.5791100859642029,-0.6946277022361755,-0.737948477268219,-0.5017326474189758,-0.8336974382400513,-0.7765214443206787,-0.7302203178405762,-0.907910943031311,-0.5794992446899414,-0.5803322196006775,-0.7001998424530029,-1.715091586112976,-0.5253600478172302,-0.5637853145599365,-0.9703746438026428,-0.04573435336351395,-1.6237080097198486
5459.0,109.17900000000004,-9.959024010069042,313.4407482544406,386.5458369650317,397251.07015518507,-9.86259957693827,313.3620921682651,386.5459900000001,397346.7794840001,7.50995465229076,-5.959559706125146,0.0050752734796109,19200.000000000007,-0.0015213770826124,-0.0013173797768204,0.0001531352436173,0.0,7.504169783792181,-0.9737204486183828,-5.996094646575104,5.001308508869764,0.0119283344917821,2.494629690217069,19199.91334849809,-17.22142323855598,0.002,0.7213213851365149,-3.716756174816613,-0.9832071545690032,6.0,10.0,180.0,-0.419869372072508,-4.177790801476481,-0.0688167704341024,-3.2341101717694216,-126.23760278675203,-743.3432320080715,166.93530763887895,754.2217829730885,555.825,-0.419869372072508,-0.31261128187179565,-0.46437662839889526,-0.6246103048324585,-0.4861891567707062,-0.5042234659194946,-0.4910597801208496,-0.6150279641151428,-0.7167137861251831,-0.6103558540344238,-0.5558478236198425,-0.529204249382019,-0.5069716572761536,-0.5451078414916992,-0.4769296646118164,-0.5823231935501099,-0.38940826058387756,-0.9166096448898315,-0.44774943590164185,-0.5201454162597656,-0.17605619132518768,-0.5015748739242554,-0.7363706231117249,-0.6155896782875061,-0.49658018350601196,-0.6459054946899414,-0.6316056847572327,-0.3858884572982788,-0.743401825428009,-0.723159670829773,-0.5970146656036377,-0.7311104536056519,-0.5026623010635376,-0.48529359698295593,-0.6189186573028564,-1.6409504413604736,-0.49108704924583435,-0.5002105236053467,-0.8671616315841675,0.03566717356443405,-1.7508745193481445
5460.0,109.19900000000004,-9.808685124265896,313.3222805022263,386.5459275143445,397635.0704616475,-9.71058746056478,313.24480944609394,386.5459900000001,397730.7794840002,7.610633904530763,-5.861439652106371,0.002046072368594,19200.000000000007,-0.0008895401325575,-0.0014693444137077,6.24873764628418e-05,0.0,7.598140028726601,9.331705649004007,-5.884077243479005,-1.5175780574321718,-0.0156049545434886,-0.1747042272545215,19199.999835825824,-30.05687580679988,0.002,0.6715241901480397,-3.7306674447894856,-0.9745572893541063,6.0,10.0,180.0,-0.517972165718034,-4.1249824086757005,-0.0737088328592742,-3.229034249896459,-116.40430139337602,-745.7431160040358,167.1066538194395,754.9583914865443,557.2500000000001,-0.517972165718034,-0.37416544556617737,-0.5611746311187744,-0.7414442300796509,-0.575372576713562,-0.576818585395813,-0.5779227018356323,-0.6593024730682373,-0.8232376575469971,-0.6817417740821838,-0.6269099116325378,-0.600249171257019,-0.590052604675293,-0.6209728717803955,-0.5513045191764832,-0.6399083733558655,-0.4690389037132263,-0.7778077125549316,-0.5856595039367676,-0.5911281108856201,-0.3053401708602905,-0.6043865084648132,-0.7788615822792053,-0.6750609278678894,-0.5839939117431641,-0.69996178150177,-0.7429861426353455,-0.5053149461746216,-0.8554660677909851,-0.7963451743125916,-0.73960280418396,-0.8128752708435059,-0.574832022190094,-0.5723226070404053,-0.6972459554672241,-1.6817772388458252,-0.5190727114677429,-0.5615690350532532,-0.9592972993850708,0.0030751749873161316,-1.6750094890594482
5461.0,109.21900000000002,-9.655989698340292,313.20558674248457,386.5459502637028,398019.07158680784,-9.55699743892328,313.1296010284665,386.5459900000001,398114.7794840002,7.684569455095255,-5.752694884083491,0.0013277934349636,19200.000000000007,-0.0010177500753849,-0.00133489803031,3.973708459984785e-05,0.0,7.662346867469272,0.1932187636469597,-5.781999273127108,7.991359027233829,0.0063500080262319,1.581048657531822,19200.11977027552,-51.4630202457325,0.002,0.5449767075633102,-3.7224748297349786,-0.9668814759250646,6.0,10.0,180.0,-0.4384097687764396,-4.165569264047974,-0.0673781029691082,-3.2289985682379987,-106.887650696688,-747.3730580020178,167.14582690971974,755.1316957432721,552.3750000000001,-0.4384097687764396,-0.3502827286720276,-0.4937478303909302,-0.6443310379981995,-0.5079674124717712,-0.5339246988296509,-0.5162100195884705,-0.6386198997497559,-0.7465808391571045,-0.6455493569374084,-0.5817720890045166,-0.5582476854324341,-0.5367492437362671,-0.5789206027984619,-0.5114148855209351,-0.6311686635017395,-0.4284263849258423,-0.8945749998092651,-0.4560641944408417,-0.5510234832763672,-0.21189381182193756,-0.548478901386261,-0.7548626661300659,-0.633418619632721,-0.5461782217025757,-0.6677785515785217,-0.677980363368988,-0.41576552391052246,-0.7620275020599365,-0.7394216060638428,-0.6319001317024231,-0.9310933947563171,-0.5276965498924255,-0.5124244093894958,-0.6297427415847778,-1.7042263746261597,-0.5175222754478455,-0.5272876024246216,-0.8949661254882812,-0.0024615898728370667,-1.7487318515777588
5462.0,109.23900000000005,-9.50201092607389,313.09078964665133,386.5459746634029,398403.06860990176,-9.401857712591044,313.0164883140793,386.5459900000001,398498.7794840002,7.766588895034725,-5.636720350171623,0.0005145985215323,19200.000000000007,-0.0008605038650595,-0.0010149194783447,1.533639196043455e-05,0.0,7.738995207275051,0.6056560292831712,-5.7016524284627055,4.942570798746826,0.0021978727992381,-1.037430612759773,19199.65479520676,-8.491453815056508,0.002,0.4797041564332541,-3.777955621016122,-0.9571050533686644,6.0,10.0,180.0,-0.5107479278072334,-4.255482322896059,-0.0698251134625101,-3.248439144294344,-97.760325348344,-748.9810290010089,167.22291345485988,755.467847871636,554.0250000000001,-0.5107479278072334,-0.3669983148574829,-0.5171873569488525,-0.6817505359649658,-0.526863694190979,-0.550625205039978,-0.5361905694007874,-0.6510448455810547,-0.7786598205566406,-0.6772083640098572,-0.5995022058486938,-0.5710691809654236,-0.5563523769378662,-0.5958733558654785,-0.5278810262680054,-0.6408613920211792,-0.4434792995452881,-0.9117261171340942,-0.5010250210762024,-0.5657024383544922,-0.23745481669902802,-0.568193256855011,-0.770991861820221,-0.6499201059341431,-0.5645936727523804,-0.6816985607147217,-0.7068581581115723,-0.43934130668640137,-0.8027620315551758,-0.7642179727554321,-0.6664046049118042,-0.8414015769958496,-0.5431780219078064,-0.531365156173706,-0.6413072943687439,-1.679923176765442,-0.5199258327484131,-0.5395548343658447,-0.9087095260620117,0.0016921088099479675,-1.7307124137878418
5463.0,109.25900000000004,-9.346537307953398,312.9785761095444,386.5460215472226,398787.0668273872,-9.245196186191368,312.9054922976434,386.5459900000001,398882.7794840002,7.848670976633798,-5.535732294004744,-0.0010500232527811,19200.000000000007,-0.0006584974593022,-0.0011758037313189,-3.1547392773666945e-05,0.0,7.833035108724071,4.393098410186509,-5.531235671159267,4.883692035320843,-4.960308827436574e-06,0.3064641284846914,19200.18633878111,17.12645575653603,0.002,0.481120999770347,-3.8403406337551926,-0.9815740986649908,6.0,10.0,180.0,-0.4956627960711253,-4.15958417748437,-0.075191320081447,-3.262772978149364,-85.814662674172,-750.1600145005045,167.16195672742992,755.214923935818,553.3500000000001,-0.4956627960711253,-0.4038098454475403,-0.5592673420906067,-0.7230229377746582,-0.5646415948867798,-0.5880346298217773,-0.573714017868042,-0.6762312650680542,-0.822250247001648,-0.7026091814041138,-0.6330578327178955,-0.6073429584503174,-0.5934816598892212,-0.6335121393203735,-0.5645508766174316,-0.6744810342788696,-0.48298412561416626,-0.8540968894958496,-0.5409978032112122,-0.6027542352676392,-0.29751306772232056,-0.6277937293052673,-0.7861543297767639,-0.675250232219696,-0.6174472570419312,-0.7064015865325928,-0.7577271461486816,-0.4979187250137329,-0.8355845212936401,-0.78847336769104,-0.7267857789993286,-0.9923372268676758,-0.5756480693817139,-0.5672138333320618,-0.677182674407959,-1.7321727275848389,-0.5411654114723206,-0.5714905261993408,-0.9527084827423096,-0.02366682142019272,-1.7207410335540771
5464.0,109.27900000000004,-9.189357811791965,312.8687208943698,386.5459973146435,399171.06729724206,-9.0870423610099,312.79663348209306,386.5459900000001,399266.7794840002,7.92281492714114,-5.441543003906858,-0.0002393736289341,19200.000000000007,-0.0006508665351685,-0.0015708064168345,-7.314612758832772e-06,0.0,7.864512570229567,-0.0625694075917392,-5.457767894169293,3.050003318375439,0.0004750099423372,1.8307885286976413,19199.604460804232,-43.03901735149832,0.002,0.4993570671745457,-3.8077028003472586,-0.9884491578667916,6.0,10.0,180.0,-0.5093088335581218,-4.13996526585247,-0.0790928541645128,-3.2760870906354045,-76.890331337086,-750.7395072502522,167.06397836371497,754.800961967909,554.7750000000001,-0.5093088335581218,-0.39897605776786804,-0.5445702075958252,-0.7248014211654663,-0.55394446849823,-0.5771757364273071,-0.5580272078514099,-0.6720783710479736,-0.7953945398330688,-0.7015483975410461,-0.6212688088417053,-0.5948447585105896,-0.58099365234375,-0.6208088397979736,-0.5503731369972229,-0.6497184038162231,-0.4622371196746826,-0.9098172187805176,-0.5396387577056885,-0.5928677320480347,-0.268350750207901,-0.6152125000953674,-0.7850486636161804,-0.670705258846283,-0.6046477556228638,-0.7016562223434448,-0.7434366345405579,-0.4895428419113159,-0.8343505859375,-0.7891278862953186,-0.7169876098632812,-0.8402256369590759,-0.5633279085159302,-0.5503184199333191,-0.6720234751701355,-1.6799595355987549,-0.5303446650505066,-0.5617958307266235,-0.9353503584861755,0.016389675438404083,-1.765791654586792
5465.0,109.29900000000004,-9.030718227082025,312.7602621528522,386.5459649490707,399555.0668356119,-8.927425338584909,312.6899317696997,386.5459900000001,399650.7794840001,7.996239933083645,-5.321438747953367,0.0008369651283957,19200.000000000007,-0.0006212271425924,-0.001218277071986,2.505094963350108e-05,0.0,8.020501036187621,5.069530443845392,-5.3886887089602125,6.592811632902934,0.0002556380505776,-0.2436918782973421,19200.00059260713,12.885607501239894,0.002,0.4578054526838562,-3.779327686142622,-0.9814808319416668,6.0,10.0,180.0,-0.5204858556076385,-4.171413945878305,-0.0771392901060869,-3.275616620344372,-66.158165668543,-753.1652536251261,167.3909891818575,756.2109809839544,556.5000000000001,-0.5204858556076385,-0.4382542073726654,-0.5837504267692566,-0.744756281375885,-0.5857995748519897,-0.6169095039367676,-0.5999494791030884,-0.6996514201164246,-0.8517677187919617,-0.7250303030014038,-0.6529202461242676,-0.6323519945144653,-0.6195942759513855,-0.6636576652526855,-0.5939927101135254,-0.7070562839508057,-0.5141454339027405,-0.8351025581359863,-0.5598242878913879,-0.6304837465286255,-0.3416185677051544,-0.6709617972373962,-0.8049871921539307,-0.6914383172988892,-0.6610102653503418,-0.7253981828689575,-0.792262613773346,-0.5320165157318115,-0.8534689545631409,-0.8075424432754517,-0.7565784454345703,-1.0687904357910156,-0.5975311994552612,-0.5919663310050964,-0.6860854029655457,-1.748669981956482,-0.5634228587150574,-0.5950832962989807,-0.9778450131416321,-0.06677953153848648,-1.7027629613876343
5466.0,109.31900000000005,-8.870150720077316,312.65419885611374,386.545996056287,399939.0677503792,-8.766374219628492,312.58540665437204,386.5459900000001,400034.7794840002,8.052344578893711,-5.208064917774349,-0.0002017096953387,19200.000000000007,-0.0010667143909258,-0.0010965910602636,-6.056287469095792e-06,0.0,8.003413410771214,-0.1189793449506277,-5.233625686009968,8.419025204275162,0.0061036787171873,1.8941645633976936,19200.016277339008,-4.184630766380371,0.002,0.4267114881700133,-3.804088499299177,-0.988918494339828,6.0,10.0,180.0,-0.4770568253225403,-4.096822451382951,-0.0761616746577605,-3.273095828904327,-56.81308283427151,-752.8491268125631,167.13549459092874,755.1194904919772,548.8500000000001,-0.4770568253225403,-0.4280761480331421,-0.5603960156440735,-0.7203406095504761,-0.5632508397102356,-0.5984457731246948,-0.5710691809654236,-0.68956458568573,-0.8112902045249939,-0.7162604331970215,-0.6372845768928528,-0.6170695424079895,-0.6004700064659119,-0.6459668874740601,-0.5770767331123352,-0.6968197226524353,-0.4946168065071106,-0.8629872798919678,-0.517471969127655,-0.6163367033004761,-0.2933404743671417,-0.6514802575111389,-0.7954469323158264,-0.6764127612113953,-0.6406846642494202,-0.7144553065299988,-0.7694889307022095,-0.5021111965179443,-0.823800802230835,-0.7863962650299072,-0.7253702878952026,-1.092795491218567,-0.5805773735046387,-0.5665225982666016,-0.672675609588623,-1.759760856628418,-0.5583240389823914,-0.5836993455886841,-0.9536235928535461,-0.028212718665599823,-1.7824006080627441
5467.0,109.33900000000004,-8.70892487121456,312.55072401583084,386.54596779023314,400323.0676718786,-8.60391929779729,312.4830776346193,386.5459900000001,400418.7794840002,8.132480869755929,-5.107248798300647,0.0007443862200307,19200.000000000007,-0.0007465425641049,-0.0013805642883022,2.220976545715441e-05,0.0,8.136976000634146,7.262391815553957,-5.126965704092092,7.818554074749793,0.0080787738040495,1.7063971734002206,19199.997507240267,51.53883684994925,0.002,0.2714818246108582,-3.6943548567937343,-0.9804148355906926,6.0,10.0,180.0,-0.5215276874775461,-4.164186706378196,-0.075677728701187,-3.2607630287020606,-45.39754141713576,-754.0460634062815,167.23774729546437,755.5632452459886,557.7750000000002,-0.5215276874775461,-0.4810892939567566,-0.6215311288833618,-0.7795462608337402,-0.6161556839942932,-0.6564785242080688,-0.6367820501327515,-0.7279161214828491,-0.8848509788513184,-0.7435405850410461,-0.6806493401527405,-0.6676988005638123,-0.6545770168304443,-0.7006521224975586,-0.6294594407081604,-0.7390521764755249,-0.5521177053451538,-0.7925033569335938,-0.5900484323501587,-0.6678914427757263,-0.4045944809913635,-0.7300878167152405,-0.8229047656059265,-0.7124618887901306,-0.7154532670974731,-0.7487716674804688,-0.8340330123901367,-0.5847865343093872,-0.8775970339775085,-0.8303775787353516,-0.8069841861724854,-1.2383923530578613,-0.6283230185508728,-0.6238420605659485,-0.7164788842201233,-1.7933058738708496,-0.5891863703727722,-0.6278778314590454,-1.0168664455413818,-0.0996900126338005,-1.6996877193450928
5468.0,109.35900000000004,-8.546020469028758,312.4489425545663,386.54599415253534,400707.0637634237,-8.440089670471178,312.38296371820445,386.5459900000001,400802.7794840002,8.201611841548463,-4.98851386146696,-0.0001333490864664,19200.000000000007,-0.000711419547119,-0.0011548217652048,-4.1525354311270905e-06,0.0,8.126951067793836,-0.55035545047817,-5.041011618495797,8.787515228606145,0.0039008419541009,-1.2185931018869265,19199.60281702097,-21.498164923623825,0.002,0.1079907973555478,-3.6786580379447456,-0.9652534742416402,6.0,10.0,180.0,-0.4853272736431112,-4.182670262752138,-0.0756892656240441,-3.314554327233811,-37.44727070856788,-753.7685317031408,167.0628736477322,754.8156226229943,557.4750000000001,-0.4853272736431112,-0.4581969976425171,-0.5803239345550537,-0.7400345206260681,-0.5806096792221069,-0.6238120794296265,-0.5984218716621399,-0.7101687788963318,-0.839818000793457,-0.7340289950370789,-0.6548535227775574,-0.6301680207252502,-0.6184563636779785,-0.6655261516571045,-0.5949780344963074,-0.7124761343002319,-0.513568639755249,-0.8685152530670166,-0.5461639165878296,-0.6328293085098267,-0.3232311010360718,-0.6799972057342529,-0.8137496113777161,-0.6887508630752563,-0.6727964878082275,-0.7290937900543213,-0.7939397692680359,-0.5205304026603699,-0.8439163565635681,-0.8097220659255981,-0.7455257177352905,-1.0759304761886597,-0.5948740839958191,-0.5836225152015686,-0.6686317920684814,-1.7255586385726929,-0.5720500349998474,-0.5978883504867554,-0.9601222276687622,-0.06779531389474869,-1.7283236980438232
5469.0,109.37900000000003,-8.382176987083717,312.34929669849527,386.546015629062,401091.06024987344,-8.274916345174548,312.2850831066512,386.5459900000001,401186.7794840001,8.28336878819544,-4.866007002302083,-0.0008518534047346,19200.000000000007,-0.0002517752278054,-0.0008435864031955,-2.5629061941647525e-05,0.0,8.250726626930295,5.737745390983958,-4.924515879703667,8.913136433956499,0.0026670657032383,-0.5500165913287363,19200.01624711321,68.58380469015188,0.002,0.1545582809707769,-3.839540997052725,-0.9851232847464376,6.0,10.0,180.0,-0.616618816271439,-4.245533735229583,-0.0771555104667398,-3.333992303363232,-26.697135354283937,-754.6457658515703,167.16443682386608,755.2533113114971,558.9000000000001,-0.616618816271439,-0.5033979415893555,-0.6348080635070801,-0.7891461253166199,-0.6229535937309265,-0.6727092266082764,-0.6505838632583618,-0.7420462369918823,-0.8988882303237915,-0.7574272155761719,-0.6912786960601807,-0.6773442029953003,-0.6674680113792419,-0.7149519920349121,-0.6437202095985413,-0.7576579451560974,-0.5674309730529785,-0.8099468946456909,-0.5990264415740967,-0.6802644729614258,-0.4221091568470001,-0.7467593550682068,-0.8356887102127075,-0.7179930806159973,-0.7385772466659546,-0.758766770362854,-0.8506057858467102,-0.5914081335067749,-0.8860868215560913,-0.8431365489959717,-0.8158219456672668,-1.2681164741516113,-0.638313889503479,-0.6342199444770813,-0.7115492820739746,-1.7896108627319336,-0.6010276675224304,-0.6391836404800415,-1.0201531648635864,-0.12080315500497818,-1.6877007484436035
5470.0,109.39900000000004,-8.216169941095021,312.25257003912964,386.5460606237135,401475.0635713897,-8.108429123030966,312.18945419392816,386.5459900000001,401570.7794840002,8.335946476542567,-4.765257958086218,-0.0023535997774555,19200.000000000007,-0.0006221953095888,-0.0012114415610658,-7.062371337929992e-05,0.0,8.349100448173326,4.150032012081052,-4.739268503799039,8.851209471070225,-0.0036849630642225,-4.212951320254756,19200.42962392461,17.138836914540654,0.002,0.2094379642364803,-3.8004515561699774,-0.9934339681848148,6.0,10.0,180.0,-0.5717252992920121,-4.196184067922815,-0.084965364639565,-3.317066888023424,-13.175067677141968,-755.0178829257852,167.17971841193304,755.3216556557486,558.6000000000001,-0.5717252992920121,-0.5194066762924194,-0.6476072072982788,-0.8014447689056396,-0.6287521123886108,-0.6824485063552856,-0.6604375243186951,-0.7526935338973999,-0.9118744134902954,-0.7735449075698853,-0.698820948600769,-0.6810965538024902,-0.6769846677780151,-0.7240487933158875,-0.6535159349441528,-0.7718124389648438,-0.577468991279602,-0.8478031158447266,-0.6113765835762024,-0.6864821910858154,-0.4329781234264374,-0.7557305097579956,-0.8478311896324158,-0.7223090529441833,-0.7539422512054443,-0.767514169216156,-0.8647469282150269,-0.5914485454559326,-0.8982296586036682,-0.857442319393158,-0.823396623134613,-1.2573671340942383,-0.6449052691459656,-0.6413339972496033,-0.7030733823776245,-1.7826261520385742,-0.6060188412666321,-0.645190417766571,-1.0170705318450928,-0.12823617458343506,-1.6720545291900635
5471.0,109.41900000000004,-8.0490008918738,312.15832791435224,386.54600791222094,401859.0689449128,-7.9406593970434525,312.09609377935675,386.5459900000001,401954.7794840002,8.39167256309653,-4.671201024810932,-0.0006004283442545,19200.000000000007,-0.0008515172594622,-0.0018062251359344,-1.7912220848954237e-05,0.0,8.347198467838858,5.675286277779518,-4.664315180613848,1.031990586339552,-0.0080488955599198,-3.9696563328620114,19200.274307332216,60.19100619713589,0.002,0.1506509406647053,-3.773555113408471,-0.963773417604178,6.0,10.0,180.0,-0.5874262360862719,-4.131804935454802,-0.0825330016170489,-3.271514816377283,-4.208033838570984,-754.5054414628926,167.02635920596651,754.6648278278743,567.45,-0.5874262360862719,-0.5399919748306274,-0.6818416118621826,-0.8722346425056458,-0.6657127737998962,-0.7049961090087891,-0.6946761608123779,-0.7687820196151733,-0.9317761659622192,-0.7932065725326538,-0.7137252688407898,-0.7001692056655884,-0.7041426301002502,-0.743883490562439,-0.6699994802474976,-0.7564874887466431,-0.5880025029182434,-0.9156073331832886,-0.6993788480758667,-0.7077069282531738,-0.4832974374294281,-0.790220320224762,-0.8606621026992798,-0.7435497641563416,-0.7813141345977783,-0.7848254442214966,-0.8948964476585388,-0.6465540528297424,-0.9586504697799683,-0.8958497643470764,-0.8867684602737427,-1.0363084077835083,-0.6671606302261353,-0.6678101420402527,-0.742591381072998,-1.6900750398635864,-0.6013112664222717,-0.6625752449035645,-1.0444965362548828,-0.09780692309141159,-1.6507831811904907
5472.0,109.43900000000004,-7.880781169308197,312.06549635309904,386.5459697812185,402243.0717437359,-7.771637269072282,312.0050199654011,386.5459900000001,402338.7794840002,8.453229149514843,-4.547476987622307,0.000641051735396,19200.000000000007,-0.0008594152811538,-0.0015363743550573,2.02187815923896e-05,0.0,8.46998155213313,1.830829339658123,-4.601575500027435,4.092078617411476,-0.0026654511894914,2.13734056259728,19200.2551046884,-55.72690528630475,0.002,0.0403360593855826,-3.810762508966945,-0.9661933987890208,6.0,10.0,180.0,-0.5484065791582767,-4.169915655526569,-0.079112689763308,-3.2464357250555325,5.4114830807145085,-755.5727207314462,167.27367960298324,755.7269139139371,578.0250000000001,-0.5484065791582767,-0.5462616086006165,-0.6555190086364746,-0.8465245962142944,-0.6519482731819153,-0.6947301626205444,-0.6789382696151733,-0.7728895545005798,-0.9128316640853882,-0.7765227556228638,-0.7039307951927185,-0.6892305612564087,-0.684061586856842,-0.7319098711013794,-0.6540184020996094,-0.7331600189208984,-0.5661344528198242,-0.9066935777664185,-0.66464763879776,-0.7007507681846619,-0.448910653591156,-0.7941083908081055,-0.8549953103065491,-0.7375655174255371,-0.7790021896362305,-0.7800530195236206,-0.8807850480079651,-0.6451336741447449,-0.9335065484046936,-0.8849815726280212,-0.8712495565414429,-0.9856094717979431,-0.6488583087921143,-0.6431440711021423,-0.7310162782669067,-1.6713252067565918,-0.6025732159614563,-0.6531445384025574,-1.0285661220550537,-0.1059962585568428,-1.677141785621643
5473.0,109.45900000000005,-7.711522541061382,311.97486571541737,386.546028217454,402627.0713396435,-7.601394345898801,311.91624905240303,386.5459900000001,402722.7794840002,8.519932145185567,-4.419876914902328,-0.001274614440401,19200.000000000007,-0.000665422871806,-0.0011754515123053,-3.82174538085548e-05,0.0,8.467753705097536,6.957238612405627,-4.456809827059997,3.4729375665443767,-0.0058466229518373,-0.1805430252906676,19199.894584146685,29.973699703721604,0.002,-0.0083867175646028,-3.856676191115534,-0.9704761240594296,6.0,10.0,180.0,-0.5933172047258786,-4.191935320761991,-0.0834777264991555,-3.240754526584252,14.569241540357254,-754.7323603657231,167.1033398014916,754.9964569569686,572.7750000000001,-0.5933172047258786,-0.5770590305328369,-0.7041956186294556,-0.8879116773605347,-0.6900821924209595,-0.7296044826507568,-0.7216021418571472,-0.7935540676116943,-0.9537912607192993,-0.8004013895988464,-0.7340141534805298,-0.7270006537437439,-0.7271637916564941,-0.7711837291717529,-0.6948049068450928,-0.7769425511360168,-0.6141654253005981,-0.8853139877319336,-0.7102497816085815,-0.7371761798858643,-0.5323033332824707,-0.8374834656715393,-0.872281014919281,-0.7566118240356445,-0.8223422765731812,-0.8012361526489258,-0.9225253462791443,-0.6885871887207031,-0.9674594402313232,-0.9092025756835938,-0.9133545160293579,-1.1690722703933716,-0.6876561641693115,-0.6880966424942017,-0.7643765807151794,-1.7272981405258179,-0.6253649592399597,-0.6877029538154602,-1.0742639303207397,-0.13717132806777954,-1.6481539011001587
5474.0,109.479,-7.541126072284983,311.8870995258952,386.5459969306716,403011.07214874687,-7.429962324165037,311.8297975412542,386.5459900000001,403106.7794840002,8.587510562445214,-4.309993916455519,-0.0002338422130679,19200.000000000007,-0.0003993685466976,-0.0013701782370102,-6.930671451438895e-06,0.0,8.577394870616,4.394026319508559,-4.318067127938323,5.1261961841557575,0.0011946844328917,3.0505398711836884,19200.016549699623,-47.29050683596155,0.002,0.0027662738266093,-3.824393870061817,-0.9754451336696536,6.0,10.0,180.0,-0.616189842178629,-4.127479897395814,-0.084931663391663,-3.245877772044042,26.25812077017863,-754.6311801828615,167.1606699007458,755.2397284784843,576.9000000000001,-0.616189842178629,-0.5893471837043762,-0.6978192329406738,-0.8819277286529541,-0.6883691549301147,-0.7290776968002319,-0.7176996469497681,-0.8013083934783936,-0.947439432144165,-0.7977904081344604,-0.7330123782157898,-0.726094126701355,-0.7222895622253418,-0.7704060673713684,-0.6921797394752502,-0.7710592746734619,-0.6078463196754456,-0.8861914873123169,-0.6962289214134216,-0.7393254041671753,-0.5210546255111694,-0.8459206223487854,-0.8743426203727722,-0.7564705014228821,-0.8282923698425293,-0.8041932582855225,-0.9232116937637329,-0.6953637599945068,-0.9593291282653809,-0.9080129861831665,-0.9109537601470947,-1.1617980003356934,-0.6827678680419922,-0.678719162940979,-0.762253999710083,-1.726830244064331,-0.6293097734451294,-0.6881687045097351,-1.0699481964111328,-0.1401013433933258,-1.6714766025543213
5475.0,109.49900000000002,-7.369096524902498,311.8017270202582,386.545963058141,403395.0695630802,-7.257372098242138,311.74568143034554,386.5459900000001,403490.7794840002,8.638330891481385,-4.201620878493777,0.0008696668107009,19200.000000000007,-0.0005876899189588,-0.0016337872089578,2.694185909968069e-05,0.0,8.639649432419109,4.455675327194181,-4.225616288535636,2.814206877726938,-0.0009797365990163,1.5248533297626017,19199.845683125823,-17.160718715737204,0.002,-0.1120982347514335,-3.813965351881733,-0.9683164400112668,6.0,10.0,180.0,-0.6342301749100463,-4.147883132647527,-0.0878906793513873,-3.2607605695844284,36.56206038508931,-754.5940900914308,167.2513349503729,755.6253642392421,576.6750000000001,-0.6342301749100463,-0.6041915416717529,-0.7174139022827148,-0.906516969203949,-0.7072726488113403,-0.7418359518051147,-0.733329176902771,-0.8113555908203125,-0.9600496292114258,-0.8135246634483337,-0.7420984506607056,-0.7385095357894897,-0.7398293018341064,-0.7852893471717834,-0.7073110342025757,-0.7810774445533752,-0.6218246221542358,-0.9292943477630615,-0.7281848192214966,-0.753125786781311,-0.5490472912788391,-0.8639529347419739,-0.8851260542869568,-0.7662948369979858,-0.8442707061767578,-0.8150533437728882,-0.940798282623291,-0.7160815000534058,-0.9840037822723389,-0.9258831143379211,-0.9325222969055176,-1.1024044752120972,-0.697048544883728,-0.6950793862342834,-0.77464359998703,-1.7079483270645142,-0.6335636973381042,-0.7007197737693787,-1.0840924978256226,-0.13555651903152466,-1.6689757108688354
5476.0,109.51900000000003,-7.195928645078899,311.7183094978319,386.5460106688233,403779.07020659896,-7.08365597058898,311.6639162167604,386.5459900000001,403874.7794840002,8.687834749121627,-4.079617590437258,-0.0007241335294389,19200.000000000007,-0.0007678441426446,-0.0015114738581238,-2.0668823153655867e-05,0.0,8.691908225538853,1.281391632823944,-4.12185181163652,5.067422410661272,-0.0004946132487262,-0.6067332575566817,19200.17093905477,-47.143126990171325,0.002,-0.1716138783273092,-3.817133931926168,-0.979654986591076,6.0,10.0,180.0,-0.5947385378650577,-4.159625823456883,-0.0869377865709062,-3.266385029305719,46.27103019254466,-754.2970450457153,167.30466747518645,755.8501821196211,576.3750000000001,-0.5947385378650577,-0.6048232316970825,-0.7054010629653931,-0.8876558542251587,-0.6932611465454102,-0.7361273169517517,-0.7233524322509766,-0.8110883831977844,-0.9523950219154358,-0.8136569261550903,-0.7368485927581787,-0.7289973497390747,-0.7308812141418457,-0.7784802317619324,-0.7015222311019897,-0.7856383323669434,-0.6167018413543701,-0.9407882690429688,-0.7049074172973633,-0.7451745271682739,-0.525017499923706,-0.8473362922668457,-0.887091338634491,-0.7593981623649597,-0.8380632400512695,-0.812110185623169,-0.9332975745201111,-0.6925037503242493,-0.9698132276535034,-0.9186115860939026,-0.9155339002609253,-1.074507236480713,-0.6883853077888489,-0.6840422749519348,-0.7503371834754944,-1.7025189399719238,-0.6359037160873413,-0.6944447755813599,-1.0641018152236938,-0.14589938521385193,-1.6702561378479004
5477.0,109.53900000000004,-7.0218465200302775,311.6371378402144,386.54599791673127,404163.0695732323,-6.908845644561443,311.5845169026638,386.5459900000001,404258.7794840002,8.742421504282206,-3.953185730098182,-0.0002649494673977,19200.000000000007,-0.0007471423551307,-0.0012785245830266,-7.916731116458165e-06,0.0,8.716318832573515,-1.706212429924356,-3.9853193345550566,10.13084998683792,0.0012313465103908,0.1752709100519544,19199.79170710996,12.93389273110921,0.002,-0.2162708391662958,-3.828279141311757,-0.9728907315213234,6.0,10.0,180.0,-0.6182169860437747,-4.250547883594678,-0.0879084003150548,-3.269481119240883,56.02101509627233,-753.1120225228576,167.18333373759322,755.3240910598106,580.9500000000002,-0.6182169860437747,-0.6084317564964294,-0.6842833757400513,-0.8519889116287231,-0.683354914188385,-0.730058491230011,-0.712558388710022,-0.8115092515945435,-0.9401133060455322,-0.801509439945221,-0.7320280075073242,-0.7177850604057312,-0.714263916015625,-0.7676600217819214,-0.6897871494293213,-0.784016489982605,-0.606931209564209,-0.876136302947998,-0.6606975793838501,-0.73565673828125,-0.4930323660373688,-0.8345435261726379,-0.8845213055610657,-0.746955931186676,-0.8315280675888062,-0.8064504861831665,-0.9186226725578308,-0.6652132272720337,-0.9369778633117676,-0.9003034234046936,-0.8885738849639893,-1.1506624221801758,-0.6746305227279663,-0.6654607653617859,-0.7232959270477295,-1.7110798358917236,-0.643818199634552,-0.6864811182022095,-1.040609359741211,-0.17815765738487244,-1.6639461517333984
5478.0,109.55900000000004,-6.846997741000353,311.5588263677179,386.5460124903314,404547.0695782491,-6.732973320100754,311.50749789186455,386.5459900000001,404642.7794840002,8.805931765621645,-3.8423438881355567,-0.0007519598506168,19200.000000000007,-0.0004102951685484,-0.0015346669018422,-2.2490331266234844e-05,0.0,8.783678421502,2.380600109891814,-3.864752109489946,0.9133015427920752,0.0009695579780236,-1.3992393002108836,19200.186440693,-25.80149859257749,0.002,-0.2468061072930421,-3.817289102904884,-0.9724663174676044,6.0,10.0,180.0,-0.6396554819573355,-4.170399468232117,-0.0908223168456975,-3.267436584604577,66.38750754813617,-752.2105112614288,167.17266686879665,755.2720455299053,581.1000000000001,-0.6396554819573355,-0.6418082118034363,-0.7479721307754517,-0.9346559047698975,-0.736294150352478,-0.7674769163131714,-0.7630234956741333,-0.8337885141372681,-0.9816901087760925,-0.8403394222259521,-0.7601025104522705,-0.756234347820282,-0.7656280994415283,-0.8086557388305664,-0.7302379608154297,-0.7969158887863159,-0.6427934169769287,-1.0026075839996338,-0.7711212038993835,-0.7752556800842285,-0.5870363712310791,-0.89300936460495,-0.9082230925559998,-0.7803389430046082,-0.8744016885757446,-0.8373690843582153,-0.9692522883415222,-0.7444242238998413,-1.015592098236084,-0.953020453453064,-0.9618449807167053,-1.0197094678878784,-0.7175429463386536,-0.7161656022071838,-0.7827670574188232,-1.6653656959533691,-0.6461358070373535,-0.7215266823768616,-1.0956335067749023,-0.1462317705154419,-1.6491645574569702
5479.0,109.57900000000004,-6.670596518846371,311.4827991163052,386.5459844770143,404931.07169153006,-6.5560718958329645,311.4328739836527,386.5459900000001,405026.7794840002,8.851082463958663,-3.727427211300236,0.0001848721969345,19200.000000000007,-0.0005755948781692,-0.0016897300647922,5.522985917834749e-06,0.0,8.846914145477978,-0.0005094963062376,-3.751255247590138,6.224116957034896,0.0002659050173481,1.5871577193695037,19199.776337439456,-38.726861571082665,0.002,-0.3284905242434792,-3.827342893016095,-0.9678174142766426,6.0,10.0,180.0,-0.632266301247326,-4.172795218430961,-0.0922784237015051,-3.2586800334653576,76.74325377406808,-751.4317556307144,167.2228334343983,755.4805227649526,585.3000000000002,-0.632266301247326,-0.6460635662078857,-0.7295247316360474,-0.9031732082366943,-0.7221678495407104,-0.7634412050247192,-0.7535703182220459,-0.8361589908599854,-0.9717055559158325,-0.8274755477905273,-0.7570129632949829,-0.7514653205871582,-0.7532000541687012,-0.8031522035598755,-0.7233365178108215,-0.7985913753509521,-0.6372223496437073,-0.9514243602752686,-0.7275551557540894,-0.7725295424461365,-0.5657351016998291,-0.8880963921546936,-0.9056883454322815,-0.7726061940193176,-0.8722130656242371,-0.8345766067504883,-0.9627991318702698,-0.733002245426178,-0.9889868497848511,-0.9365216493606567,-0.9411745071411133,-1.0849969387054443,-0.7074123024940491,-0.7012099027633667,-0.7655389904975891,-1.6931848526000977,-0.6573957800865173,-0.718582808971405,-1.0830732583999634,-0.17978939414024353,-1.6583553552627563
5480.0,109.59900000000005,-6.493407324992788,311.4089785743672,386.54602374628337,405315.07253509504,-6.378173770389968,311.36065837453395,386.5459900000001,405410.7794840002,8.902259878843667,-3.605402173323272,-0.0011185533648381,19200.000000000007,-0.0005110633087986,-0.0016517974885577,-3.374628325688848e-05,0.0,8.88404491631189,3.845001623090865,-3.6359629937198825,6.0430887462608505,0.0019290701234876,0.667891471731996,19200.00043656274,12.895042232513514,0.002,-0.3464995040919912,-3.880247574896619,-0.9845466184965348,6.0,10.0,180.0,-0.6386121666028058,-4.168457587842662,-0.0956952133232896,-3.249970097300283,86.51112688703404,-750.2923778153572,167.20491671719915,755.3977613824763,579.0000000000001,-0.6386121666028058,-0.6734868288040161,-0.7689040899276733,-0.929027795791626,-0.754894495010376,-0.791022539138794,-0.7856982946395874,-0.8529215455055237,-0.9968405961990356,-0.8472707271575928,-0.7805721163749695,-0.7847977876663208,-0.7898640632629395,-0.83719801902771,-0.7591737508773804,-0.8368150591850281,-0.6781274080276489,-0.953877329826355,-0.7596046924591064,-0.8049678802490234,-0.6328161954879761,-0.9207921028137207,-0.9184719920158386,-0.7901648879051208,-0.9030738472938538,-0.8506423830986023,-0.9955916404724121,-0.7717498540878296,-1.0124595165252686,-0.954410195350647,-0.9726455211639404,-1.2292149066925049,-0.7405990362167358,-0.7387983202934265,-0.7958586812019348,-1.7544020414352417,-0.6782355904579163,-0.749372124671936,-1.1253117322921753,-0.20425719022750854,-1.6538281440734863
5481.0,109.61900000000004,-6.315159849888042,311.3377137481655,386.5460234645915,405699.0720111562,-6.19931154391778,311.29086466302624,386.5459900000001,405794.7794840002,8.949371971554438,-3.487473117721599,-0.0011122892956379,19200.000000000007,-0.0005189064876241,-0.0017562822623133,-3.34645913968121e-05,0.0,8.912362095352687,-2.744665458667018,-3.517100437759628,5.920247837499675,-0.0011898588820841,0.5504899634506636,19199.94757260898,-38.53818605772469,0.002,-0.3608034770312026,-3.8391001539870167,-0.9768727872740304,6.0,10.0,180.0,-0.6904304070211144,-4.179176046702041,-0.1000969019886626,-3.258188034922834,95.90156344351702,-748.7841889076785,167.1204583585996,755.0273806912382,583.3500000000001,-0.6904304070211144,-0.6567196846008301,-0.7381438612937927,-0.9095115065574646,-0.7309502363204956,-0.7701784372329712,-0.7588053345680237,-0.8437682390213013,-0.9700391292572021,-0.8393112421035767,-0.7610986232757568,-0.7571825385093689,-0.7619137167930603,-0.8106130361557007,-0.7314001321792603,-0.807246208190918,-0.6440524458885193,-0.9780831336975098,-0.7356964349746704,-0.7804768085479736,-0.5683914422988892,-0.8940171599388123,-0.9147351384162903,-0.7756496071815491,-0.8794789910316467,-0.843623697757721,-0.9712424278259277,-0.739247739315033,-0.9997668266296387,-0.9433300495147705,-0.9474951028823853,-1.019126534461975,-0.7142719030380249,-0.705780565738678,-0.7660858035087585,-1.6817984580993652,-0.6635447144508362,-0.7272352576255798,-1.0830821990966797,-0.1745261549949646,-1.6783180236816406
5482.0,109.63900000000004,-6.136234968118494,311.26858877738493,386.5459755514252,406083.06863371015,-6.019518216164445,311.2235053504909,386.5459900000001,406178.7794840002,9.003992118360683,-3.3593664352362027,0.0004535045317612,19200.000000000007,-0.0002519577111803,-0.0015744213533905,1.4448574978482604e-05,0.0,9.009034492071525,7.324757259732349,-3.3908594420300533,10.506103092929507,0.0092508158074932,1.4069965160344968,19199.911903840635,124.49046304195969,0.002,-0.4048675127850072,-3.7973557027874936,-0.982598149387509,6.0,10.0,180.0,-0.695849826619068,-4.164964364095711,-0.0991298754030554,-3.277643733342495,106.99778172175851,-747.8820944538393,167.26622917929978,755.6426903456191,576.1500000000002,-0.695849826619068,-0.7156819105148315,-0.8082301020622253,-0.9334716796875,-0.7830072641372681,-0.8262627720832825,-0.8231309652328491,-0.8789926767349243,-1.0190699100494385,-0.867019772529602,-0.8106149435043335,-0.8242174386978149,-0.8277980089187622,-0.8777154088020325,-0.8009220361709595,-0.8870490193367004,-0.7276538610458374,-0.9003493785858154,-0.7662333250045776,-0.8450623154640198,-0.7026480436325073,-0.9522669911384583,-0.9352595210075378,-0.8060052990913391,-0.9404141306877136,-0.8692338466644287,-1.0345350503921509,-0.811181366443634,-1.0258113145828247,-0.9653714895248413,-0.9948482513427734,-1.5018914937973022,-0.7762744426727295,-0.7767017483711243,-0.818742036819458,-1.8607187271118164,-0.7159567475318909,-0.7873181700706482,-1.170222520828247,-0.2749077081680298,-1.6397775411605835
5483.0,109.65900000000003,-5.955475369367507,311.2020527542137,386.5460194653688,406467.0718623571,-5.838827187015019,311.15859333967177,386.5459900000001,406562.7794840002,9.026446008623196,-3.2356400001256014,-0.000983923188643,19200.000000000007,-0.0009004305011335,-0.001542600470145,-2.9465368682600183e-05,0.0,9.002431497316293,-5.862800717494175,-3.261222466486393,10.1247513588151,0.005117830137885,-2.075313201246471,19200.10083358393,-60.11802467384838,0.002,-0.5525751334828813,-3.6955824749528974,-0.953708192263701,6.0,10.0,180.0,-0.6211395936421852,-4.121044711911191,-0.0986427849923946,-3.2735489983553,116.59389086087926,-745.8290472269196,167.12411458964988,755.0238451728096,579.8250000000002,-0.6211395936421852,-0.669270396232605,-0.7371176481246948,-0.8885478973388672,-0.7312984466552734,-0.7747083902359009,-0.7581008672714233,-0.8516091108322144,-0.9660477638244629,-0.8460520505905151,-0.7643224596977234,-0.7591220736503601,-0.7643455862998962,-0.8157169818878174,-0.738645076751709,-0.8316025733947754,-0.6550612449645996,-0.9576690196990967,-0.7087042331695557,-0.7841745615005493,-0.5616127252578735,-0.886168897151947,-0.9232717156410217,-0.7704033255577087,-0.8838897943496704,-0.8478454351425171,-0.9749670624732971,-0.7192326188087463,-0.9904899597167969,-0.9367064833641052,-0.934162437915802,-1.0620356798171997,-0.7171726822853088,-0.7053282856941223,-0.7448729872703552,-1.7163667678833008,-0.6797913908958435,-0.73343425989151,-1.0728949308395386,-0.20707902312278748,-1.6846919059753418
5484.0,109.67900000000004,-5.775240976697484,311.1377958000704,386.5460145774502,406851.07129877,-5.657271257721574,311.09614053285463,386.5459900000001,406946.7794840002,9.094280444913768,-3.105586932338736,-0.0008563649536707,19200.000000000007,-0.0001368988923834,-0.0013384531050736,-2.457745010966171e-05,0.0,9.05079853855607,9.157054095914068,-3.15822324225137,4.944189453246173,0.0039220596979945,-3.0505613939615337,19199.879060760555,85.74765511875165,0.002,-0.5761795195229996,-3.7390028496918064,-0.965787195064038,6.0,10.0,180.0,-0.6933949856387165,-4.168446099488032,-0.0986350996208504,-3.260226136831604,125.89594543043964,-744.2095236134599,167.10005729482492,754.9104225864048,577.9500000000002,-0.6933949856387165,-0.745930552482605,-0.8567544221878052,-0.9799638986587524,-0.8134426474571228,-0.8607628345489502,-0.8679606318473816,-0.8998849391937256,-1.0517960786819458,-0.8974114656448364,-0.8354840278625488,-0.8524447679519653,-0.8685734272003174,-0.9102538824081421,-0.8340009450912476,-0.9046998023986816,-0.7603809833526611,-1.012450098991394,-0.8444218635559082,-0.8748071193695068,-0.7609574794769287,-0.9932339191436768,-0.9508164525032043,-0.8279983401298523,-0.969336211681366,-0.8920079469680786,-1.0678210258483887,-0.8523695468902588,-1.0747343301773071,-0.9966578483581543,-1.040702223777771,-1.3665549755096436,-0.8109351396560669,-0.8175340890884399,-0.8487690687179565,-1.8074615001678467,-0.7252134084701538,-0.8162806630134583,-1.2027219533920288,-0.27593785524368286,-1.599247694015503
5485.0,109.69900000000004,-5.59314809577932,311.07612007853913,386.5460136631838,407235.0721478295,-5.474884230837262,311.0361580285137,386.5459900000001,407330.7794840002,9.126921601829794,-2.9789000807200035,-0.0007908101486229,19200.000000000007,-0.0003794583578594,-0.0012518498189874,-2.366318368732196e-05,0.0,9.1257274771182,-0.4878990611546029,-3.001425230952554,11.288195258281414,-0.0097728941249891,0.5560794546750938,19200.32649867092,-4.286829492921072,0.002,-0.6411845616682315,-3.791164362722873,-0.9600355228760868,6.0,10.0,180.0,-0.6826157789878182,-4.226618486372793,-0.1049747149081183,-3.263261532117684,137.42747271521984,-742.4467618067299,167.17402864741246,755.2122112932025,576.1500000000002,-0.6826157789878182,-0.7189319133758545,-0.7952719926834106,-0.9166038036346436,-0.7803013920783997,-0.8205286264419556,-0.8097879886627197,-0.8828450441360474,-1.0003714561462402,-0.8707493543624878,-0.8026515245437622,-0.813084602355957,-0.8187068700790405,-0.8692554235458374,-0.7924363613128662,-0.8823273777961731,-0.7144533395767212,-0.959479570388794,-0.7505641579627991,-0.8389091491699219,-0.6649233102798462,-0.9455071091651917,-0.9442007541656494,-0.799821674823761,-0.9358614683151245,-0.8749653100967407,-1.0277411937713623,-0.7948050498962402,-1.0253654718399048,-0.9627109169960022,-0.9844788908958435,-1.2943345308303833,-0.7663328051567078,-0.7592472434043884,-0.7972912192344666,-1.8245102167129517,-0.7166486382484436,-0.7834576964378357,-1.142250895500183,-0.25734877586364746,-1.6810801029205322
5486.0,109.71900000000002,-5.410834558668881,311.017396508364,386.5460409037499,407619.07567522925,-5.291699706974289,310.97865732127525,386.5459900000001,407714.7794840002,9.17780530469847,-2.8675986327015743,-0.0017003022986801,19200.000000000007,-2.297391291390722e-05,-0.0016433934041055,-5.090374967143781e-05,0.0,9.120821176018552,6.40714123587905,-2.860844660857745,4.099372102085764,-0.0002467583277619,-2.262553869688474,19200.17066990822,60.1856719373128,0.002,-0.6853830063718038,-3.7998678724610695,-0.9856954375017452,6.0,10.0,180.0,-0.7602203247795579,-4.158765305902714,-0.1059409041388585,-3.230965589847398,147.71673635760993,-739.7433809033649,167.01101432370623,754.4991056466013,580.5750000000002,-0.7602203247795579,-0.7602564096450806,-0.8680267333984375,-0.9859814047813416,-0.8288938999176025,-0.8718352317810059,-0.8786041140556335,-0.9104315638542175,-1.0513322353363037,-0.9098619818687439,-0.8418081402778625,-0.8601473569869995,-0.8782404661178589,-0.9186868667602539,-0.8415272235870361,-0.9056558609008789,-0.7646651268005371,-1.0415332317352295,-0.8596389293670654,-0.8856619596481323,-0.7663925886154175,-1.0111950635910034,-0.959367036819458,-0.8343874216079712,-0.981580913066864,-0.9043686389923096,-1.075899362564087,-0.8688888549804688,-1.089356780052185,-1.005218744277954,-1.0536925792694092,-1.2684569358825684,-0.8185170888900757,-0.8221713304519653,-0.8565433025360107,-1.7877355813980103,-0.7317247986793518,-0.8270458579063416,-1.2060235738754272,-0.27052003145217896,-1.613472580909729
5487.0,109.739,-5.227304354552489,310.9607040063619,386.5460224874126,408003.0749122084,-5.107751482084676,310.9236486084152,386.5459900000001,408098.7794840002,9.212707029946738,-2.740637048552593,-0.0010804966434878,19200.000000000007,-9.76481972236364e-05,-0.0015805938627293,-3.2487412417956674e-05,0.0,9.209726425679468,0.6678376524145978,-2.7866470174344866,2.799581196096064,-0.0056017306037738,0.0562915522158117,19199.98022655247,-47.17433468681271,0.002,-0.6654807702262007,-3.816430721880008,-0.96491948279215,6.0,10.0,180.0,-0.757765731463868,-4.1952831008249865,-0.1103255263540478,-3.238196932159432,157.33686817880496,-738.5641904516824,167.1950071618531,755.2745528233006,578.9250000000002,-0.757765731463868,-0.7462460994720459,-0.8466091156005859,-0.9764851331710815,-0.8231801390647888,-0.8528473377227783,-0.8517691493034363,-0.9022307395935059,-1.029435634613037,-0.9047778844833374,-0.8239970207214355,-0.8444602489471436,-0.8613033890724182,-0.9023421406745911,-0.8248916864395142,-0.8863338232040405,-0.7397576570510864,-1.058518409729004,-0.8446719646453857,-0.872745931148529,-0.7267586588859558,-0.9999301433563232,-0.9577434062957764,-0.8275222182273865,-0.9670146703720093,-0.9030953645706177,-1.0596975088119507,-0.8586724400520325,-1.0847969055175781,-1.0011757612228394,-1.0441114902496338,-1.0583674907684326,-0.8016296625137329,-0.7986837029457092,-0.8477450609207153,-1.7461438179016113,-0.7190671563148499,-0.8146997094154358,-1.1850100755691528,-0.22376757860183716,-1.680912733078003
5488.0,109.759,-5.043140406002715,310.9062088170712,386.5459737024079,408387.0707276879,-4.92307365362436,310.8711425951411,386.5459900000001,408482.7794840002,9.249773376998675,-2.603227142750536,0.0005458546687569,19200.000000000007,-5.416212006281402e-05,-0.0012193094128321,1.6297592280556465e-05,0.0,9.253191256716766,10.563493878440436,-2.6406276189698685,7.994465066526355,-0.0029259741219816,2.375059205830111,19199.826343324,-0.0718702977284664,0.002,-0.6823654148559993,-3.8588394731654434,-0.9685475960855447,6.0,10.0,180.0,-0.7734278454068091,-4.233357929200183,-0.1103339215637549,-3.278724402531009,167.96143408940247,-736.6115952258413,167.28950358092655,755.6637764116504,583.4250000000002,-0.7734278454068091,-0.802688717842102,-0.9110578298568726,-0.9914788007736206,-0.8567832708358765,-0.9096449613571167,-0.9197566509246826,-0.9383528232574463,-1.0720925331115723,-0.941170334815979,-0.8803279399871826,-0.9032843708992004,-0.9167280793190002,-0.960320234298706,-0.8820849061012268,-0.9429826736450195,-0.8103052377700806,-0.9992387294769287,-0.8720067739486694,-0.9304991960525513,-0.8251385688781738,-1.0549224615097046,-0.971363365650177,-0.8562673926353455,-1.014864206314087,-0.9255967736244202,-1.1154309511184692,-0.9267137050628662,-1.1054306030273438,-1.0179325342178345,-1.0691580772399902,-1.4846657514572144,-0.8553063273429871,-0.8606691360473633,-0.893445611000061,-1.8873463869094849,-0.770581841468811,-0.8681217432022095,-1.2608569860458374,-0.34155377745628357,-1.6038517951965332
5489.0,109.77900000000004,-4.857374611695129,310.8549735586612,386.54601351341336,408771.068922079,-4.737699625477856,310.82114828765714,386.5459900000001,408866.7794840002,9.25570146211052,-2.4904877912349024,-0.000818068745282,19200.000000000007,-0.0008946286434275,-0.0016120626362769,-2.3513413225174056e-05,0.0,9.26807221042996,-5.618302942182085,-2.5151355143152587,0.9756505418186352,0.0004840236590134,-1.2126257970943848,19199.741803051853,-12.91326477073,0.002,-0.7277935863409616,-3.710246095140551,-0.969709804325802,6.0,10.0,180.0,-0.6895108242291031,-4.160722117448552,-0.1137800013211129,-3.2956413315296564,177.78071704470125,-734.1442976129206,167.25575179046328,755.5038882058252,577.2750000000001,-0.6895108242291031,-0.7423937916755676,-0.8384537696838379,-0.970065712928772,-0.8271930813789368,-0.845003068447113,-0.8383997082710266,-0.9014198780059814,-1.0150591135025024,-0.9135721325874329,-0.8138796091079712,-0.833476185798645,-0.8543297052383423,-0.8927717208862305,-0.8163591623306274,-0.8758067488670349,-0.7249906063079834,-1.088699221611023,-0.8447838425636292,-0.8647322654724121,-0.6952720880508423,-0.98874831199646,-0.9644823670387268,-0.8221500515937805,-0.96148681640625,-0.9081325531005859,-1.0521490573883057,-0.8465585112571716,-1.08839750289917,-1.001810073852539,-1.040034532546997,-0.8552231192588806,-0.7938222885131836,-0.7846073508262634,-0.835672914981842,-1.6924920082092285,-0.7125282883644104,-0.8097702860832214,-1.1622003316879272,-0.18490782380104065,-1.724555492401123
5490.0,109.79900000000004,-4.672643061669622,310.80560270736487,386.5459566692765,409155.0665503521,-4.551664200622434,310.7736754842994,386.5459900000001,409250.7794840002,9.317184930901927,-2.35560311055093,0.0011061541236524,19200.000000000007,-1.6757429977988492e-05,-0.0013541209221211,3.333072366115773e-05,0.0,9.28440480885074,9.46940776636207,-2.401869916827223,5.56170631041886,-0.004872708983918,4.213542031015452,19200.119872742784,-8.59329002965273,0.002,-0.8498501503787076,-3.703491311652812,-0.953944832088794,6.0,10.0,180.0,-0.8121336783072449,-4.196853624140605,-0.1118465094528613,-3.324334609165476,186.8318585223506,-731.5661488064603,167.18237589523164,755.1749441029126,575.6250000000001,-0.8121336783072449,-0.8139614462852478,-0.93435138463974,-1.0011224746704102,-0.8728419542312622,-0.9218042492866516,-0.9310073256492615,-0.9460157155990601,-1.0735046863555908,-0.955112099647522,-0.891517698764801,-0.9232277870178223,-0.9393783211708069,-0.97832190990448,-0.9012085199356079,-0.9544944763183594,-0.8266005516052246,-1.040421485900879,-0.8971704840660095,-0.9514520168304443,-0.8394225835800171,-1.0778571367263794,-0.9760474562644958,-0.8660996556282043,-1.0311354398727417,-0.9386168718338013,-1.1284476518630981,-0.9559066295623779,-1.1220635175704956,-1.0282421112060547,-1.083856463432312,-1.3966752290725708,-0.8754419088363647,-0.8784408569335938,-0.9244470596313477,-1.906477451324463,-0.7786344885826111,-0.8895853757858276,-1.2863825559616089,-0.3134744167327881,-1.663516879081726
5491.0,109.81900000000005,-4.4861404945790415,310.7590454840922,386.5460146484464,409539.0726889644,-4.36500127335353,310.7287326799336,386.5459900000001,409634.7794840002,9.339582610609565,-2.229919478877109,-0.0008202553502123,19200.000000000007,-0.0002600003693614,-0.0013849018877679,-2.464844627634513e-05,0.0,9.32372138650577,-5.1956580422697884,-2.259770624113031,5.360459507271714,0.0063318521579758,-1.1621513580110563,19200.53197853131,-34.32689977889537,0.002,-0.9510524559197274,-3.662868754374951,-0.9697291968790684,6.0,10.0,180.0,-0.7720265281868398,-4.204073756195553,-0.1098896604114233,-3.274588500688586,196.9714292611753,-728.7745744032302,167.16018794761584,755.0614720514563,583.6500000000002,-0.7720265281868398,-0.7682598233222961,-0.8509371876716614,-0.9585304260253906,-0.8378416895866394,-0.866611897945404,-0.861640214920044,-0.9188023209571838,-1.0225623846054077,-0.916210412979126,-0.8300274014472961,-0.8490257859230042,-0.8675479888916016,-0.90928715467453,-0.8320959806442261,-0.8972355127334595,-0.746150016784668,-1.0842384099960327,-0.8375312089920044,-0.8818697929382324,-0.7217404842376709,-1.0063235759735107,-0.9746299982070923,-0.8286182880401611,-0.9781180620193481,-0.91536945104599,-1.067674994468689,-0.8583456873893738,-1.088664174079895,-1.001006841659546,-1.0430200099945068,-0.9191387295722961,-0.8076277375221252,-0.7982760071754456,-0.8330139517784119,-1.7275445461273193,-0.7380195260047913,-0.827182412147522,-1.1726258993148804,-0.25267502665519714,-1.6837139129638672
5492.0,109.83900000000004,-4.299469059120855,310.715100584615,386.5459630918202,409923.0749896356,-4.177745341700019,310.6863280733884,386.5459900000001,410018.7794840002,9.375115762823857,-2.10649736704924,0.0008943351137165,19200.000000000007,-5.770610110051887e-05,-0.0014956047544765,2.6908179896136145e-05,0.0,9.39822471176386,2.8682892209572244,-2.1449986098353384,7.081570891713666,-0.0046613796637903,1.1614528204195516,19199.724139909224,-25.678584537107792,0.002,-0.9886262075095072,-3.72171763169786,-0.9663712205574134,6.0,10.0,180.0,-0.8090147041987501,-4.182059406563561,-0.1132841709634545,-3.251026865775107,207.48771463058765,-726.6462872016151,167.34459397380792,755.8337360257282,582.1500000000001,-0.8090147041987501,-0.8144572973251343,-0.9121615886688232,-0.9807665348052979,-0.8753319978713989,-0.9141662120819092,-0.918067455291748,-0.9481873512268066,-1.060386300086975,-0.9538027048110962,-0.8798158168792725,-0.9039508104324341,-0.9223047494888306,-0.9633690118789673,-0.8864533305168152,-0.9470035433769226,-0.8086978197097778,-1.057931661605835,-0.8772903084754944,-0.9361326694488525,-0.811835765838623,-1.0619897842407227,-0.9858589768409729,-0.8585091233253479,-1.0221047401428223,-0.9368887543678284,-1.118423581123352,-0.9270477294921875,-1.115950107574463,-1.0228103399276733,-1.083592176437378,-1.1844842433929443,-0.8585492372512817,-0.8569901585578918,-0.8860567808151245,-1.8484007120132446,-0.7768802046775818,-0.8769490122795105,-1.2480489015579224,-0.32274603843688965,-1.6509108543395996
5493.0,109.859,-4.111705737572089,310.6737583417088,386.5460188466033,410307.0748451737,-3.9899313139630577,310.6464696656499,386.5459900000001,410402.7794840002,9.391901513313009,-1.98474180747605,-0.0009594903455897,19200.000000000007,-0.0003658966478827,-0.0016677652560803,-2.8846603257065068e-05,0.0,9.348391713992104,-2.618686910848296,-1.9938678633234543,3.976132982490559,0.0049154813667154,-2.5697338942112347,19200.237875160245,8.605741006886092,0.002,-1.0531186984337335,-3.718230860798789,-0.9655493576559832,6.0,10.0,180.0,-0.7831180143947422,-4.159649517391632,-0.1117971935089358,-3.2458872621711725,216.79485731529385,-722.7921436008075,167.09479698690396,754.7438680128641,580.4250000000002,-0.7831180143947422,-0.7989813089370728,-0.8954235315322876,-0.9781419038772583,-0.8716256022453308,-0.8998546004295349,-0.8986978530883789,-0.9389709830284119,-1.0461642742156982,-0.9441688060760498,-0.8591871857643127,-0.8837870359420776,-0.9080162048339844,-0.9446645975112915,-0.8691120743751526,-0.9290341138839722,-0.7865331768989563,-1.0995818376541138,-0.8813921213150024,-0.9166881442070007,-0.7776198387145996,-1.0436939001083374,-0.986660897731781,-0.8482391238212585,-1.0120086669921875,-0.9345387816429138,-1.0993109941482544,-0.899216890335083,-1.114266037940979,-1.0186767578125,-1.0763860940933228,-0.9576771259307861,-0.8443470001220703,-0.8388180136680603,-0.8657577037811279,-1.7637548446655273,-0.76051265001297,-0.8621146082878113,-1.214243769645691,-0.2757665812969208,-1.670823574066162
5494.0,109.87900000000003,-3.923919850028924,310.63478000618966,386.5459979311567,410691.07601082383,-3.801593291301167,310.6091644596075,386.5459900000001,410786.7794840002,9.424406675497233,-1.8564663141246167,-0.0002977347223387,19200.000000000007,-0.0001503552907624,-0.0016550378737702,-7.931156476922354e-06,0.0,9.455577897267837,3.2891777645567,-1.9016362552867647,4.76224678519097,-0.0031646709257013,0.7949236967158008,19199.740925460814,-64.46340192150868,0.002,-1.00857657626439,-3.728956450718941,-0.9892673626729768,6.0,10.0,180.0,-0.8461788855093723,-4.157784818494561,-0.1127755511162031,-3.248914212242807,226.78842865764693,-720.7705718004038,167.33289849345198,755.744934006432,577.7250000000001,-0.8461788855093723,-0.8354537487030029,-0.9456101655960083,-0.9979681372642517,-0.9000366926193237,-0.9363411664962769,-0.9404096603393555,-0.9621641635894775,-1.074209451675415,-0.9755303859710693,-0.8978254795074463,-0.929155707359314,-0.9526857137680054,-0.9887593984603882,-0.9134508371353149,-0.9662436246871948,-0.8348475694656372,-1.0832340717315674,-0.9135310649871826,-0.9621561765670776,-0.8408451080322266,-1.090687870979309,-0.9954453110694885,-0.8723135590553284,-1.048452615737915,-0.9550985097885132,-1.1402915716171265,-0.9613507986068726,-1.1388697624206543,-1.0379323959350586,-1.1049771308898926,-1.1171846389770508,-0.8858566284179688,-0.8851234316825867,-0.9150027632713318,-1.8620450496673584,-0.7902604937553406,-0.9036407470703125,-1.279239296913147,-0.3207775056362152,-1.668445348739624
5495.0,109.89900000000004,-3.73502586428003,310.59823326855474,386.5459911297638,411075.0746739148,-3.612766265531337,310.57441965746904,386.5459900000001,411170.7794840002,9.43529700821878,-1.7237232714210404,-3.8252321195554345e-05,19200.000000000007,-0.0005313146380805,-0.0015180125757524,-1.1297636429414307e-06,0.0,9.40379969498222,-1.2814365088354127,-1.7722360711146006,4.1500597532496455,-0.0036844405812541,0.7942444918411475,19199.87985084949,-0.0477271601342181,0.002,-1.041370016911017,-3.66910537456996,-0.9605244911329568,6.0,10.0,180.0,-0.8256989259758765,-4.198305861311442,-0.1142609731737584,-3.254560081561339,235.10821432882344,-717.2012859002018,167.13444924672598,754.876467003216,576.0750000000002,-0.8256989259758765,-0.821557879447937,-0.9248334765434265,-0.984309196472168,-0.8931267261505127,-0.9219499230384827,-0.9191224575042725,-0.9536546468734741,-1.0542004108428955,-0.9639632105827332,-0.8831546306610107,-0.9139989614486694,-0.9374033808708191,-0.9722607135772705,-0.8971207737922668,-0.9514416456222534,-0.8152594566345215,-1.1037993431091309,-0.9000939130783081,-0.9476965665817261,-0.8113056421279907,-1.0759567022323608,-0.9925862550735474,-0.8630854487419128,-1.0337791442871094,-0.9490779638290405,-1.1222659349441528,-0.940500020980835,-1.1291955709457397,-1.0279474258422852,-1.096332311630249,-0.9945592880249023,-0.8719529509544373,-0.8659321665763855,-0.9016647934913635,-1.824346661567688,-0.7813895344734192,-0.8923153281211853,-1.2542086839675903,-0.28820398449897766,-1.704803228378296
5496.0,109.91900000000004,-3.5461338684754566,310.5641338861845,386.54597560648097,411459.0747663612,-3.4234847352929885,310.54224135526954,386.5459900000001,411554.7794840002,9.460412057687998,-1.5868250222075155,0.0004768023503245,19200.000000000007,-0.0004330845266756,-0.0012656386791947,1.4393519203671604e-05,0.0,9.49267031631523,-1.3390704706731007,-1.6430550377123416,11.47487463447921,0.0065952877472633,3.2435906183882266,19199.99944306496,4.367924964871946,0.002,-1.166238666438455,-3.587288713873147,-0.9539816831002774,6.0,10.0,180.0,-0.81398781160974,-4.232922641420008,-0.1133028984650947,-3.2607372481820347,245.4421071644117,-714.468642950101,167.305724623363,755.588233501608,574.3500000000001,-0.81398781160974,-0.8345581889152527,-0.9275007247924805,-0.9525578618049622,-0.894282341003418,-0.9269248247146606,-0.9173468947410583,-0.9623901844024658,-1.0465681552886963,-0.9685570001602173,-0.8992432951927185,-0.922367513179779,-0.9379587173461914,-0.9795950651168823,-0.9050536155700684,-0.975220799446106,-0.8291523456573486,-1.073566198348999,-0.8535599708557129,-0.9568290710449219,-0.8141845464706421,-1.066890835762024,-0.997223436832428,-0.8603512644767761,-1.0311700105667114,-0.9505943059921265,-1.1316077709197998,-0.937433660030365,-1.109920859336853,-1.0158146619796753,-1.080248475074768,-1.1733732223510742,-0.8757426142692566,-0.8662097454071045,-0.8919740319252014,-1.9378271102905273,-0.8058404326438904,-0.9017306566238403,-1.26045560836792,-0.3491789698600769,-1.715428113937378
5497.0,109.93900000000004,-3.3568994983027034,310.53277338915257,386.5460294986293,411843.07316725433,-3.23378400524358,310.51263614880554,386.5459900000001,411938.7794840002,9.487085598543276,-1.4553109370902155,-0.0013132145435408,19200.000000000007,-0.0002351271100961,-0.0011835427649839,-3.949862915692537e-05,0.0,9.429215501023569,0.5494209215847315,-1.5039110680305117,10.61839201602848,0.0063323530733429,-0.1254759887341521,19199.77482065705,77.31371242254048,0.002,-1.2366863544382574,-3.5905039376597405,-0.9695209941963434,6.0,10.0,180.0,-0.8657407051548003,-4.244179050032745,-0.1177034638718163,-3.2607256312992616,254.08805358220587,-710.1843214750504,167.03336231168151,754.3991167508041,578.8500000000001,-0.8657407051548003,-0.8511790037155151,-0.9491761326789856,-0.9671705365180969,-0.9107718467712402,-0.9475525617599487,-0.9449266195297241,-0.973101794719696,-1.0623009204864502,-0.9808942079544067,-0.9146836996078491,-0.9354866743087769,-0.9559524655342102,-0.9941691756248474,-0.9197714328765869,-0.9856382608413696,-0.8478784561157227,-1.0635993480682373,-0.8834360837936401,-0.9694262742996216,-0.8382234573364258,-1.081619381904602,-1.004443645477295,-0.8680185675621033,-1.0455158948898315,-0.9576458930969238,-1.1444438695907593,-0.9490700960159302,-1.1225199699401855,-1.0242712497711182,-1.0927362442016602,-1.1868306398391724,-0.8924996852874756,-0.8875946998596191,-0.8978281021118164,-1.9197732210159302,-0.8166881203651428,-0.9156060814857483,-1.272109866142273,-0.3798222839832306,-1.6568031311035156
5498.0,109.95900000000005,-3.167173293947463,310.5042634365575,386.5460272573681,412227.0756387053,-3.0436986762707603,310.4856089398328,386.5459900000001,412322.7794840002,9.509222194739737,-1.3327279169188784,-0.0012436036659768,19200.000000000007,-0.0001219022624307,-0.0013770896691981,-3.725736797486903e-05,0.0,9.534887055245948,1.826361447817784,-1.3630203966724366,7.257589806666519,0.0014807457576919,-1.8313149228238743,19200.255311040044,-55.82605346764997,0.002,-1.294507027519943,-3.6188887363571847,-0.947741786494285,6.0,10.0,180.0,-0.8500847048626212,-4.213863122215579,-0.1215970329740457,-3.262781101667064,265.27102679110294,-707.0051607375252,167.24618115584076,755.286058375402,578.3250000000002,-0.8500847048626212,-0.8721098899841309,-0.9810333251953125,-0.9958627223968506,-0.9359562993049622,-0.9691450595855713,-0.9687860012054443,-0.9871405363082886,-1.082514762878418,-1.003204584121704,-0.9284986257553101,-0.9555956125259399,-0.9832336902618408,-1.0169270038604736,-0.9437590837478638,-0.9994009733200073,-0.8696444034576416,-1.0883405208587646,-0.9272441864013672,-0.9907028675079346,-0.8669435977935791,-1.1110830307006836,-1.0152863264083862,-0.884832501411438,-1.074966311454773,-0.9757030010223389,-1.1668587923049927,-0.982508659362793,-1.1512445211410522,-1.0451914072036743,-1.1181738376617432,-1.0749144554138184,-0.9156318306922913,-0.9140981435775757,-0.9210116863250732,-1.906896710395813,-0.8231993317604065,-0.9361688494682312,-1.2992125749588013,-0.37937670946121216,-1.644038438796997
5499.0,109.979,-2.97687254010321,310.47820865957766,386.5460466760995,412611.0750082968,-2.853263848320628,310.4611647334233,386.5459900000001,412706.7794840002,9.522833961944038,-1.2057628835436234,-0.0018911144609188,19200.000000000007,-0.0002115273793344,-0.0014462150673176,-5.6676099327001496e-05,0.0,9.469956154681888,-0.6060556275189259,-1.2256142407712824,10.744408708159565,0.0036768228918188,-3.293834543086139,19199.998990085587,98.63861692058404,0.002,-1.3766114493230313,-3.636107657180221,-0.9594661316055184,6.0,10.0,180.0,-0.8847633724361247,-4.200059001677018,-0.123031594345925,-3.2561261194516504,274.31151339555146,-702.4230803687626,167.00509057792038,754.229529187701,578.7750000000002,-0.8847633724361247,-0.8687277436256409,-0.9646693468093872,-0.9715189337730408,-0.9305419921875,-0.96421879529953,-0.9596584439277649,-0.9851195812225342,-1.068848729133606,-0.9957643747329712,-0.9272577166557312,-0.947052001953125,-0.9724020957946777,-1.0078563690185547,-0.9351767301559448,-1.002073049545288,-0.8651612997055054,-1.0783296823501587,-0.8985230922698975,-0.9819197654724121,-0.8515700101852417,-1.0896161794662476,-1.0159488916397095,-0.873622715473175,-1.0608237981796265,-0.9676483869552612,-1.157400369644165,-0.9564371705055237,-1.1318023204803467,-1.0303438901901245,-1.1021766662597656,-1.1099450588226318,-0.9080252647399902,-0.9038597941398621,-0.8975704908370972,-1.922891616821289,-0.8305041193962097,-0.930909276008606,-1.2790693044662476,-0.4044688642024994,-1.6362768411636353
5500.0,109.99900000000002,-2.786563786684298,310.4548631227359,386.5460408863867,412995.07654975593,-2.6625152218159043,310.4393080331853,386.5459900000001,413090.7794840002,9.545661824508477,-1.0827283440186797,-0.0016966514523571,19200.000000000007,2.834642499574132e-05,-0.0016397817754505,-5.088638657804911e-05,0.0,9.565201193168903,4.518006828736219,-1.1005648599493347,6.898408341423303,-0.0046531162096765,-2.3248229226652835,19200.08588858293,-8.598394350882486,0.002,-1.3346468778031015,-3.633119418772073,-0.979428585166534,6.0,10.0,180.0,-0.899433140390564,-4.174698668316021,-0.1288759513270109,-3.249973007708345,284.9002566977757,-699.1420401843814,167.2175452889602,755.1147645938505,577.2,-0.899433140390564,-0.9032679796218872,-1.0204105377197266,-1.0122854709625244,-0.96770179271698,-1.0022178888320923,-1.0050773620605469,-1.007326602935791,-1.1011345386505127,-1.0276947021484375,-0.958681583404541,-0.9891026616096497,-1.020569086074829,-1.0502169132232666,-0.9783365726470947,-1.0264394283294678,-0.9076088070869446,-1.0672564506530762,-0.961944043636322,-1.024380087852478,-0.9014613628387451,-1.1421843767166138,-1.027174949645996,-0.9019187688827515,-1.1053003072738647,-0.9946754574775696,-1.193853735923767,-1.0217678546905518,-1.1727216243743896,-1.0600128173828125,-1.1352348327636719,-1.0981067419052124,-0.9508904218673706,-0.9528330564498901,-0.9519741535186768,-1.9516644477844238,-0.8481632471084595,-0.9706867337226868,-1.3408788442611694,-0.416146844625473,-1.62462317943573
5501.0,110.019,-2.595393620909188,310.4339517498828,386.5460194843823,413379.0747197328,-2.471486893725624,310.42004323752127,386.5459900000001,413474.7794840002,9.54809716869807,-0.9543362717257524,-0.0009839232044988,19200.000000000007,-0.0002910911719061,-0.0016783124656,-2.9484382235861528e-05,0.0,9.539557598732502,4.212689935797222,-0.965053504514722,5.744331647867112,-0.0083060684639349,-2.0128314290764284,19199.948049850147,90.1871788315942,0.002,-1.381342684741586,-3.5930792296923943,-0.9554600833630504,6.0,10.0,180.0,-0.9003901550660991,-4.167978482767387,-0.1323166870478625,-3.266401659712637,294.3501283488879,-694.9085200921907,167.1562726444801,754.8258822969253,582.0000000000001,-0.9003901550660991,-0.9109853506088257,-1.0269062519073486,-1.018341302871704,-0.9782555103302002,-1.0117958784103394,-1.0162765979766846,-1.0129456520080566,-1.103778600692749,-1.0323922634124756,-0.9633225798606873,-0.995097279548645,-1.027742862701416,-1.0554633140563965,-0.9827495217323303,-1.0236353874206543,-0.9109624624252319,-1.0650461912155151,-0.9786558151245117,-1.031051754951477,-0.906995952129364,-1.1551576852798462,-1.0301913022994995,-0.9062504172325134,-1.1136678457260132,-1.0006715059280396,-1.1959729194641113,-1.0327720642089844,-1.1812207698822021,-1.0647368431091309,-1.1431992053985596,-1.0411404371261597,-0.9576605558395386,-0.9598230719566345,-0.9602863788604736,-1.9216840267181396,-0.8525791764259338,-0.9781925678253174,-1.3461235761642456,-0.4212380647659302,-1.6092839241027832
5502.0,110.03900000000004,-2.4040010455613383,310.4155152307539,386.5459708666127,413763.0762081157,-2.280214664089113,310.40337353760333,386.5459900000001,413858.7794840002,9.550245669478423,-0.8218409913503626,0.00064174847721,19200.000000000007,-0.0005660360981228,-0.0015984981666196,1.913338737619139e-05,0.0,9.579134972010593,-1.0433103180827552,-0.8618478779123903,3.782785281822946,-0.0031778292629608,3.049911130454733,19200.32432822027,-68.6116155752203,0.002,-1.448664655618895,-3.5542864876403133,-0.95223188583535,6.0,10.0,180.0,-0.836387035995231,-4.1655374854922425,-0.1255058010253087,-3.256660512082503,303.322564174444,-691.4602600460953,167.24913632224008,755.1989411484626,581.5500000000001,-0.836387035995231,-0.8942919969558716,-0.9980475902557373,-1.0102310180664062,-0.9715986251831055,-0.9941373467445374,-0.9885191917419434,-1.0040555000305176,-1.0795741081237793,-1.0213685035705566,-0.9447189569473267,-0.9828511476516724,-1.0119225978851318,-1.0395007133483887,-0.9655675292015076,-0.9997631311416626,-0.8840413093566895,-1.1114977598190308,-0.9682804346084595,-1.0209228992462158,-0.8833749294281006,-1.155990481376648,-1.0242375135421753,-0.9011004567146301,-1.100393533706665,-0.9994162321090698,-1.1783863306045532,-1.0322257280349731,-1.1767563819885254,-1.059436559677124,-1.144821047782898,-0.86258864402771,-0.9428703784942627,-0.9362141489982605,-0.9652581214904785,-1.8734722137451172,-0.839765727519989,-0.969105064868927,-1.331525206565857,-0.36566489934921265,-1.6898109912872314
5503.0,110.05900000000004,-2.213194582221186,310.39970614132653,386.5459862416623,414147.07627461886,-2.088733837335077,310.38930192866144,386.5459900000001,414242.7794840002,9.577884856020804,-0.6902482082727902,0.000121084339232,19200.000000000007,-2.3570605106970752e-05,-0.0015503124930114,3.758337816304994e-06,0.0,9.54122168967719,6.775769017667085,-0.7238924044267485,4.685658074897605,0.0034284009692194,1.7751134414740526,19199.91191411883,8.561795992406166,0.002,-1.5299358089642807,-3.4807074496950494,-0.9707920949830984,6.0,10.0,180.0,-0.9535955339114668,-4.180705734884088,-0.1274550835243911,-3.2571409222692167,311.851782087222,-686.8846300230476,167.08956816112004,754.4909705742314,581.9250000000001,-0.9535955339114668,-0.9358221888542175,-1.0613288879394531,-1.0323573350906372,-1.0063350200653076,-1.0404760837554932,-1.047558069229126,-1.0296986103057861,-1.11474609375,-1.0534765720367432,-0.9964834451675415,-1.028576135635376,-1.0610766410827637,-1.0850791931152344,-1.012218713760376,-1.038212776184082,-0.940115749835968,-1.0276780128479004,-1.0107474327087402,-1.0648328065872192,-0.9318432211875916,-1.189275860786438,-1.035640835762024,-0.9219469428062439,-1.1355258226394653,-1.0200302600860596,-1.2169653177261353,-1.078687310218811,-1.201680302619934,-1.0777922868728638,-1.1581470966339111,-1.0560632944107056,-0.9903160333633423,-0.9924541115760803,-1.0055562257766724,-1.9638854265213013,-0.8742837309837341,-1.012388825416565,-1.3924689292907715,-0.43854662775993347,-1.6233220100402832
5504.0,110.07900000000004,-2.021312856022225,310.3864022415756,386.5459657569999,414531.07495927176,-1.897079812591596,310.3778312212765,386.5459900000001,414626.7794840002,9.574450392615196,-0.5554096363264505,0.0008072727402055,19200.000000000007,-0.0003600721192891,-0.0014081125356104,2.424300026430889e-05,0.0,9.615003309181418,-3.106749219264914,-0.5932501400090173,3.7925410974704463,-0.0082959370120449,1.8879249946514047,19199.775661034306,-30.101112604851387,0.002,-1.6261584267744875,-3.4664415861470874,-0.9444866321695672,6.0,10.0,180.0,-0.8632737494782292,-4.214438049002769,-0.129875999090841,-3.267390760430521,321.887391043611,-683.1058150115239,167.28178408056002,755.2854852871158,572.9250000000001,-0.8632737494782292,-0.9016554355621338,-1.0035817623138428,-1.0081532001495361,-0.9856019020080566,-1.0015902519226074,-0.9886576533317566,-1.009819746017456,-1.0755950212478638,-1.0281908512115479,-0.9518996477127075,-0.9937222003936768,-1.0259369611740112,-1.0501127243041992,-0.9792274236679077,-1.016959309577942,-0.8979997634887695,-1.1399751901626587,-0.9710584282875061,-1.0319360494613647,-0.8866952061653137,-1.1534777879714966,-1.030929684638977,-0.904162585735321,-1.1070094108581543,-1.0064576864242554,-1.1856058835983276,-1.0377047061920166,-1.1792752742767334,-1.060138463973999,-1.151761531829834,-0.7949810028076172,-0.9567434191703796,-0.9475061297416687,-0.972452700138092,-1.913851022720337,-0.8502976298332214,-0.9839246869087219,-1.3413258790969849,-0.36143162846565247,-1.7261676788330078
5505.0,110.09900000000002,-1.8301700629798456,310.37574175167526,386.546011638227,414915.0716981401,-1.7052875852225522,310.3689635246824,386.5459900000001,415010.7794840002,9.599265334308146,-0.4218558757535309,-0.000722706038908,19200.000000000007,0.0002037591485223,-0.0013073225745368,-2.163822693768197e-05,0.0,9.552249127443698,4.087555066365371,-0.4692184711555229,7.445491535192103,0.0095235584411682,-0.4247730354352052,19200.18867852204,17.144098784944223,0.002,-1.6438355441972317,-3.5155151375218465,-0.9645289083943956,6.0,10.0,180.0,-0.9716760283833056,-4.243654791824039,-0.1244945200317042,-3.298166663026931,330.0566955218055,-678.2419075057619,167.08489204028,754.4167426435579,572.4750000000001,-0.9716760283833056,-0.9389625787734985,-1.0531041622161865,-1.015411615371704,-1.0125879049301147,-1.042359471321106,-1.0402851104736328,-1.0325994491577148,-1.1042358875274658,-1.0550565719604492,-1.0018296241760254,-1.0333080291748047,-1.0669435262680054,-1.0897372961044312,-1.0204739570617676,-1.0589802265167236,-0.952111005783081,-1.0280418395996094,-0.9908770322799683,-1.0692095756530762,-0.9282771348953247,-1.1720792055130005,-1.0415537357330322,-0.9199281930923462,-1.133327841758728,-1.0192357301712036,-1.2194451093673706,-1.0687156915664673,-1.1908605098724365,-1.0687175989151,-1.1518468856811523,-1.0303248167037964,-0.997931957244873,-0.9969260692596436,-0.9956542253494263,-2.0328900814056396,-0.8886638283729553,-1.021721363067627,-1.3910096883773804,-0.45413458347320557,-1.653958797454834
5506.0,110.11900000000004,-1.6381056662722469,310.3679635227519,386.5460263208444,415299.0773558361,-1.5133927550145836,310.36270023035485,386.5459900000001,415394.7794840002,9.595738244628246,-0.2975321082628214,-0.0012127847984801,19200.000000000007,-2.860873867351448e-05,-0.001485396889764,-3.6320844323513656e-05,0.0,9.635503343852124,-2.812298941562825,-0.322766688282014,7.512512573581885,0.001445367848991,-1.656547280133426,19200.32572121848,-47.17303112245408,0.002,-1.6659969036260354,-3.486380274554821,-0.945340241539138,6.0,10.0,180.0,-0.9311339192015105,-4.238733116873476,-0.1328031936483769,-3.2561262172075844,340.56234776090275,-674.052953752881,167.30994602014,755.3508713217789,579.8250000000002,-0.9311339192015105,-0.9247183799743652,-1.0159658193588257,-1.0004711151123047,-1.0028270483016968,-1.0234520435333252,-1.0114624500274658,-1.0260697603225708,-1.0843205451965332,-1.0427590608596802,-0.9759988188743591,-1.0048613548278809,-1.0384972095489502,-1.063448190689087,-0.9934866428375244,-1.0374836921691895,-0.9188730716705322,-1.1003437042236328,-0.9691383242607117,-1.0436336994171143,-0.9007040858268738,-1.1540318727493286,-1.0439335107803345,-0.9079152941703796,-1.1188552379608154,-1.0139446258544922,-1.1989903450012207,-1.0375218391418457,-1.1787954568862915,-1.0608022212982178,-1.1524372100830078,-0.8054410815238953,-0.9709429740905762,-0.9639886617660522,-0.9587548971176147,-1.9401754140853882,-0.87508624792099,-0.9987116456031799,-1.3448855876922607,-0.43835198879241943,-1.655603051185608
5507.0,110.13900000000004,-1.4460724909741534,310.362630831112,386.54598432536767,415683.077675938,-1.321430425400133,310.3590431280858,386.5459900000001,415778.7794840002,9.594561048928002,-0.167839115261241,0.0001556180424056,19200.000000000007,-0.0001394516078801,-0.0015039076055379,5.674632435830339e-06,0.0,9.596912793049691,-0.8430569933017328,-0.2063024793500489,2.924339713551442,-0.0024455771522039,-1.0380124434813256,19199.826496450645,-8.52017991609917,0.002,-1.751895811728582,-3.471716557850688,-0.9437485910102464,6.0,10.0,180.0,-0.9531098540967352,-4.246073709992591,-0.1303761043875165,-3.250505183100434,349.1481738804514,-669.3294768764405,167.24847301007,755.0594356608894,579.7500000000001,-0.9531098540967352,-0.9387166500091553,-1.0432299375534058,-1.0270601511001587,-1.0249276161193848,-1.0433443784713745,-1.0366352796554565,-1.034740924835205,-1.0988105535507202,-1.054782509803772,-0.9899716377258301,-1.0265393257141113,-1.0650602579116821,-1.0834639072418213,-1.0138378143310547,-1.0405904054641724,-0.9364892244338989,-1.106126308441162,-1.0172433853149414,-1.0648328065872192,-0.9208667278289795,-1.179768443107605,-1.0470998287200928,-0.9213047623634338,-1.1382673978805542,-1.0269501209259033,-1.2124103307724,-1.0724854469299316,-1.2035225629806519,-1.0773154497146606,-1.174964427947998,-0.7564910054206848,-0.9947689771652222,-0.9905577301979065,-0.995786190032959,-1.9109630584716797,-0.8797012567520142,-1.0205634832382202,-1.37673819065094,-0.42192578315734863,-1.6553806066513062
5508.0,110.15900000000003,-1.253978063316675,310.3597998507134,386.54600560447466,416067.0785655004,-1.1294361979140952,310.3579921222194,386.5459900000001,416162.7794840002,9.591381143121724,-0.0346432420963331,-0.000587280470885,19200.000000000007,-0.0002562474739961,-0.0014178258612911,-1.5604474479797918e-05,0.0,9.59204620132493,-3.5516593210224103,-0.0830279301777009,5.249919807227129,0.0007550316071474,1.4129649097761852,19200.08364830442,-38.65367528761686,0.002,-1.7726261662061344,-3.479361904697708,-0.9737328910147576,6.0,10.0,180.0,-0.8979521783911345,-4.270935557096413,-0.1323352074589993,-3.2392247257065825,357.5680869402257,-664.5562384382202,167.188736505035,754.7762178304447,579.7500000000001,-0.8979521783911345,-0.9327949285507202,-1.0263807773590088,-1.0078883171081543,-1.0197418928146362,-1.0359573364257812,-1.0225963592529297,-1.0320711135864258,-1.0813605785369873,-1.0492043495178223,-0.9857364892959595,-1.0208168029785156,-1.0546984672546387,-1.075175166130066,-1.005126714706421,-1.0365808010101318,-0.9271830320358276,-1.1070013046264648,-0.9921256899833679,-1.0598208904266357,-0.9083817005157471,-1.1698102951049805,-1.0450726747512817,-0.9164124131202698,-1.126837968826294,-1.024528980255127,-1.2020834684371948,-1.0643998384475708,-1.1891109943389893,-1.0657641887664795,-1.1646111011505127,-0.7347013354301453,-0.9873023629188538,-0.9777763485908508,-0.9884495139122009,-1.9283725023269653,-0.8834189772605896,-1.0174546241760254,-1.3661152124404907,-0.4260251820087433,-1.6852232217788696
5509.0,110.17900000000004,-1.0625378744325038,310.35938096654843,386.5460194440108,416451.0785520277,-0.9374455704137116,310.35954792148505,386.5459900000001,416546.7794840002,9.608882774997465,0.1050259628368716,-0.0010135277112984,19200.000000000007,0.000300691192875,-0.0011377400684694,-2.944401060759684e-05,0.0,9.581062581061786,1.2245948302403409,0.026372617733957,4.999234357137281,-0.0019581733064051,0.7878681743902932,19199.775994923588,-64.4635534205257,0.002,-1.7477066096932494,-3.427160680837708,-0.9533151634979924,6.0,10.0,180.0,-1.01226262164269,-4.375443645144816,-0.1386730880546833,-3.25202913329352,365.3365434701129,-659.9246192191101,167.1123682525175,754.4216089152224,578.1750000000002,-1.01226262164269,-0.9597173929214478,-1.0591285228729248,-1.0254244804382324,-1.0446960926055908,-1.0659624338150024,-1.0603814125061035,-1.048577070236206,-1.1039063930511475,-1.0707582235336304,-1.0251209735870361,-1.0527212619781494,-1.0897033214569092,-1.1066864728927612,-1.0378451347351074,-1.0615819692611694,-0.964727520942688,-1.0487903356552124,-1.0243085622787476,-1.0906075239181519,-0.9380034804344177,-1.1935087442398071,-1.0524306297302246,-0.9306942224502563,-1.1501867771148682,-1.0377953052520752,-1.229117751121521,-1.0978013277053833,-1.2084729671478271,-1.0794250965118408,-1.1759459972381592,-0.8111510872840881,-1.02078115940094,-1.0169812440872192,-1.0198781490325928,-1.9894208908081055,-0.9052526950836182,-1.048282265663147,-1.4102834463119507,-0.4654633104801178,-1.6534152030944824
5510.0,110.19900000000004,-0.870204880333525,310.36131631926924,386.54596098592566,416835.0776179743,-0.7454936404706418,310.3637097250789,386.5459900000001,416930.7794840002,9.594336851168396,0.2530795380504377,0.0009333661036182,19200.000000000007,-5.107949595769676e-05,-0.0006049936027053,2.901407445679213e-05,0.0,9.629162573518416,-3.730857122133185,0.1535530166011576,7.388085418012009,0.0048708001348196,1.405829790097331,19199.914264805124,21.464884897640967,0.002,-1.779829105189511,-3.4079126294571305,-0.9555687818536556,6.0,10.0,180.0,-0.9502561224241928,-4.598168091873989,-0.1362229094787677,-3.2530740547870423,374.31227173505647,-655.665809609555,167.28068412625876,755.1133044576111,579.7500000000001,-0.9502561224241928,-0.9482930898666382,-1.0307369232177734,-1.002476453781128,-1.0343836545944214,-1.0477104187011719,-1.0346590280532837,-1.0431712865829468,-1.082481861114502,-1.061036229133606,-1.0054903030395508,-1.0348193645477295,-1.0684738159179688,-1.0884894132614136,-1.0197111368179321,-1.0529847145080566,-0.9443202018737793,-1.0816657543182373,-0.9904940724372864,-1.0742483139038086,-0.917556881904602,-1.173785924911499,-1.0526725053787231,-0.9209511876106262,-1.1349127292633057,-1.0330288410186768,-1.211807370185852,-1.0755232572555542,-1.1905488967895508,-1.066163420677185,-1.1660430431365967,-0.72535240650177,-1.0025050640106201,-0.9921752214431763,-0.9936532378196716,-1.975876808166504,-0.9026069045066833,-1.0344939231872559,-1.3804594278335571,-0.464436411857605,-1.6779974699020386
5511.0,110.21900000000002,-0.6783486363436468,310.3661169439809,386.5459913403573,417219.0790195063,-0.5536158091074066,310.3704774281358,386.5459900000001,417314.7794840002,9.592196590711822,0.3924380092977499,-4.2752372355138286e-05,19200.000000000007,2.240041923112288e-05,-0.0003319195956012,-1.3403571820095662e-06,0.0,9.584225639045476,2.0753162037973256,0.3171393656939257,8.175775535010619,-0.0036424278975536,1.0939757964377208,19200.067715601366,4.361951273525238,0.002,-1.8781237340074208,-3.356895916935491,-0.9411084242813404,6.0,10.0,180.0,-0.9394898697685126,-4.753470700466069,-0.1357341175285483,-3.2494718044174613,383.6586358675282,-649.7439048047775,167.19284206312938,754.7036522288056,579.9750000000001,-0.9394898697685126,-0.9811146259307861,-1.0677788257598877,-1.0174431800842285,-1.0629310607910156,-1.088892936706543,-1.0805469751358032,-1.0637097358703613,-1.107098937034607,-1.0863028764724731,-1.0550256967544556,-1.071476936340332,-1.107428789138794,-1.1241507530212402,-1.0561131238937378,-1.080868124961853,-0.9876883029937744,-1.0022255182266235,-1.0225090980529785,-1.1097520589828491,-0.9493745565414429,-1.198559284210205,-1.0609625577926636,-0.9376621842384338,-1.1608822345733643,-1.0478445291519165,-1.2404361963272095,-1.111263632774353,-1.2100300788879395,-1.0786826610565186,-1.1743950843811035,-0.8575689196586609,-1.040397047996521,-1.0365865230560303,-1.0278805494308472,-2.0633654594421387,-0.9312283396720886,-1.0700364112854004,-1.4299242496490479,-0.5205654501914978,-1.6301405429840088
5512.0,110.23900000000005,-0.4862654803003249,310.3739140868184,386.5460165549485,417603.077909591,-0.3618475802762567,310.3798493297204,386.5459900000001,417698.7794840002,9.577844945120232,0.5186869252573947,-0.0008858194328383,19200.000000000007,-0.0002171277866039,-0.0004495628971625,-2.6554948357370007e-05,0.0,9.570800260382128,-8.30064859939979,0.4516700009794999,10.442968422866798,0.010251268299223,-0.8496421195561247,19199.911732698216,94.46998044899776,0.002,-1.948903549308025,-3.3596691166552004,-0.9501072254056762,6.0,10.0,180.0,-0.9247933078956893,-4.846280000647038,-0.1347638812648718,-3.246340188557116,392.6973179337641,-643.8889524023887,167.1154210315647,754.3398261144027,572.6250000000001,-0.9247933078956893,-0.9416919946670532,-1.0085405111312866,-0.976344108581543,-1.0327486991882324,-1.0360612869262695,-1.0140352249145508,-1.0398895740509033,-1.0608360767364502,-1.0526376962661743,-1.004173755645752,-1.0276414155960083,-1.0610556602478027,-1.0800044536590576,-1.0141313076019287,-1.0620051622390747,-0.9419314861297607,-1.0897865295410156,-0.9591948986053467,-1.0662788152694702,-0.9002817869186401,-1.1445599794387817,-1.0554572343826294,-0.9079115986824036,-1.1215221881866455,-1.0289134979248047,-1.2004666328430176,-1.0469361543655396,-1.1698544025421143,-1.047969102859497,-1.152780294418335,-0.6843178272247314,-0.9997439980506897,-0.9837016463279724,-0.9716572761535645,-2.020350933074951,-0.9121502041816711,-1.0338436365127563,-1.3606606721878052,-0.4750531017780304,-1.707258939743042
5513.0,110.25900000000004,-0.2952108933862699,310.3844326625008,386.5460147396344,417987.08079753,-0.1702243558990512,310.3918237299519,386.5459900000001,418082.7794840002,9.591945884222673,0.6409163560195604,-0.0008228750576652,19200.000000000007,0.0004496168825348,-0.0006851373448583,-2.4739634226313044e-05,0.0,9.564949264038423,3.731629652055898,0.5927903838189648,9.881309420558232,0.001468500435433,-0.7380159618631701,19200.03217053466,-77.31315483678986,0.002,-1.914815899656246,-3.334788525077389,-0.9620047261437328,6.0,10.0,180.0,-1.0072736287024102,-4.895054495694831,-0.1386862065601166,-3.2427656409325207,401.910158966882,-637.9749762011943,167.08421051578233,754.1724130572013,579.3750000000001,-1.0072736287024102,-1.0043258666992188,-1.0837247371673584,-1.0181138515472412,-1.086254596710205,-1.1217986345291138,-1.1108505725860596,-1.0788100957870483,-1.117051124572754,-1.1027158498764038,-1.086509108543396,-1.0943560600280762,-1.132537841796875,-1.1463325023651123,-1.080449104309082,-1.1036702394485474,-1.0172641277313232,-0.9884649515151978,-1.034879207611084,-1.1318436861038208,-0.9637418389320374,-1.2045437097549438,-1.0706003904342651,-0.9451161026954651,-1.178883671760559,-1.0584261417388916,-1.2575398683547974,-1.1255841255187988,-1.2169960737228394,-1.0816497802734375,-1.178424596786499,-0.8876857757568359,-1.0671271085739136,-1.0656590461730957,-1.0398775339126587,-2.1248252391815186,-0.9567907452583313,-1.0961576700210571,-1.455886721611023,-0.5747907161712646,-1.5971930027008057
5514.0,110.27900000000004,-0.1035153187941904,310.397580965237,386.5459989527732,418371.0791986935,0.0212188679379615,310.40639852860807,386.5459900000001,418466.7794840002,9.57769400413014,0.7620944537511234,-0.0003022070283722,19200.000000000007,0.0003185749735885,-0.0009483345163103,-8.952773035780118e-06,0.0,9.56957684526283,0.362285192097824,0.7248543188399592,7.695291621481235,-0.000970251241767,-3.719404980804225,19199.982493409887,98.62421448653645,0.002,-2.003433862916034,-3.268949711804268,-0.9413755148511772,6.0,10.0,180.0,-0.998468891560782,-4.9296120386412055,-0.1406449399163206,-3.2423028439348123,411.045079483441,-632.3029881005971,167.12610525789117,754.3187065286006,579.9000000000001,-0.998468891560782,-0.9993656873703003,-1.0736099481582642,-1.0214920043945312,-1.0881212949752808,-1.113933801651001,-1.1084620952606201,-1.0762416124343872,-1.1123740673065186,-1.097825527191162,-1.072190284729004,-1.0853378772735596,-1.1279020309448242,-1.1387625932693481,-1.0742384195327759,-1.0979657173156738,-1.0079007148742676,-1.0517555475234985,-1.042781949043274,-1.1230134963989258,-0.9574332237243652,-1.1962419748306274,-1.0740399360656738,-0.9421233534812927,-1.1777163743972778,-1.0576417446136475,-1.2543745040893555,-1.1191080808639526,-1.218066930770874,-1.0826624631881714,-1.1881630420684814,-0.7248119711875916,-1.0624428987503052,-1.0597078800201416,-1.027721643447876,-2.0558054447174072,-0.9498063325881958,-1.0910325050354004,-1.4386569261550903,-0.5567314624786377,-1.5945425033569336
5515.0,110.29900000000004,0.0881749032839498,310.4130928029344,386.546006707297,418755.08045104897,0.2124464960062622,310.4235710294764,386.5459900000001,418850.7794840002,9.555392092366969,0.89098905383002,-0.0005580655166786,19200.000000000007,-2.179450124932696e-07,-0.00097576423249,-1.670729685201102e-05,0.0,9.588851290679438,-0.8558358568312363,0.8510709016580897,8.430826169904453,-0.0041682085653825,-0.4246609609598014,19200.138025460463,0.006845838695898,0.002,-2.0444143209897563,-3.2339572554557403,-0.953361557632316,6.0,10.0,180.0,-0.974092229644312,-4.968271259567151,-0.1372060968470848,-3.238707490764947,420.1320397417205,-627.0129940502985,167.27055262894558,754.9053532643003,579.9000000000001,-0.974092229644312,-1.000933289527893,-1.0685837268829346,-1.014810562133789,-1.0915982723236084,-1.1133317947387695,-1.1060655117034912,-1.0783405303955078,-1.1033191680908203,-1.0999946594238281,-1.0786340236663818,-1.0900241136550903,-1.129565954208374,-1.1406559944152832,-1.0758211612701416,-1.097455382347107,-1.0075984001159668,-1.0631517171859741,-1.0359289646148682,-1.128492832183838,-0.9558264017105103,-1.198586106300354,-1.0735124349594116,-0.9431843161582947,-1.1749314069747925,-1.0632132291793823,-1.2508875131607056,-1.1266719102859497,-1.2156927585601807,-1.0788112878799438,-1.1865248680114746,-0.699817419052124,-1.065451979637146,-1.0590192079544067,-1.0376453399658203,-2.078521728515625,-0.9562162160873413,-1.0975298881530762,-1.4456223249435425,-0.5574867129325867,-1.6247413158416748
5516.0,110.31900000000005,0.2792970333623006,310.43120408144665,386.5460262020908,419139.08122694783,0.4034234278282226,310.4433380371562,386.5459900000001,419234.7794840002,9.542694132402747,1.0196151483085665,-0.0012093996874647,19200.000000000007,2.147792830609428e-05,-0.0010064398424136,-3.620209060616458e-05,0.0,9.516839827337064,0.6689375561614366,0.98168437004449,4.874098149895184,-0.008782102353312,-1.9496379407797324,19200.15371393761,68.78940347783833,0.002,-2.0714325281287937,-3.203044125342549,-0.9474281054988072,6.0,10.0,180.0,-0.991221396628292,-5.009383880240355,-0.1425535218907231,-3.234068830221525,428.0555198708603,-620.6824970251492,167.09427631447278,754.1176766321502,581.9250000000001,-0.991221396628292,-1.012967586517334,-1.0889365673065186,-1.0360777378082275,-1.1112943887710571,-1.1388765573501587,-1.1375792026519775,-1.0854980945587158,-1.1164559125900269,-1.1082258224487305,-1.0948392152786255,-1.1047132015228271,-1.1494245529174805,-1.1546730995178223,-1.090509057044983,-1.0993075370788574,-1.0214418172836304,-1.0722947120666504,-1.0749258995056152,-1.1421606540679932,-0.9672977924346924,-1.213828206062317,-1.076545238494873,-0.9505829215049744,-1.1898964643478394,-1.0703322887420654,-1.2646232843399048,-1.143914818763733,-1.232321858406067,-1.0904741287231445,-1.204268217086792,-0.6498294472694397,-1.0840694904327393,-1.0810884237289429,-1.0592790842056274,-2.035585641860962,-0.9607059955596924,-1.1136358976364136,-1.4647701978683472,-0.5564848184585571,-1.5963844060897827
5517.0,110.33900000000004,0.469749345337885,310.4519646557827,386.5459707931367,419523.08300369495,0.5941141578407416,310.4656961459053,386.5459900000001,419618.7794840002,9.541799752416637,1.1461867436318314,0.0006393792527628,19200.000000000007,0.0004498940068601,-0.0010924189170318,1.920686340967261e-05,0.0,9.544677960322158,5.806348410632698,1.1052221790364598,3.169847614662339,-0.0080614570609493,2.9249093324339297,19200.25478361587,-42.87162483063345,0.002,-2.1558887816462846,-3.1550640322865493,-0.9321151466661388,6.0,10.0,180.0,-1.0468920868418163,-5.0414896526977095,-0.1386511571401314,-3.219709470089741,436.53475993543015,-615.1557485125746,167.17863815723638,754.4463383160751,574.4250000000001,-1.0468920868418163,-1.0390512943267822,-1.1516406536102295,-1.0581415891647339,-1.1502044200897217,-1.1800557374954224,-1.1792917251586914,-1.0999468564987183,-1.1337815523147583,-1.1336033344268799,-1.1433336734771729,-1.1466147899627686,-1.1920312643051147,-1.192425012588501,-1.1294279098510742,-1.1197049617767334,-1.0600316524505615,-1.043068528175354,-1.1098947525024414,-1.1835612058639526,-0.9886830449104309,-1.2477903366088867,-1.077701210975647,-0.9653190970420837,-1.2145655155181885,-1.0916701555252075,-1.2923303842544556,-1.1880559921264648,-1.2552117109298706,-1.1054542064666748,-1.2175378799438477,-0.7023650407791138,-1.1253732442855835,-1.1236671209335327,-1.1222705841064453,-2.137425184249878,-0.9822782874107361,-1.1544814109802246,-1.531726598739624,-0.5626286864280701,-1.6348001956939697
5518.0,110.359,0.6605325694558386,310.47520403780067,386.54598047424537,419907.08342607145,0.7844839832203608,310.4906408468711,386.5459900000001,420002.7794840002,9.518177949754447,1.2762256117756343,0.0002484323852187,19200.000000000007,0.0002490985676427,-0.0010680031582862,9.525754761931102e-06,0.0,9.514663139749317,-1.2877389272187778,1.2268170754647485,5.686647112906717,0.0041537144977819,3.5434420326350304,19199.92881325023,25.685553816097364,0.002,-2.253396878702168,-3.139034579836363,-0.9337718441663916,6.0,10.0,180.0,-1.041988339964054,-5.08977809502216,-0.1396497949893398,-3.2166430473102707,444.4308799677151,-609.3358742562873,167.1588190786182,754.3276691580375,574.6500000000001,-1.041988339964054,-1.0133085250854492,-1.0931451320648193,-1.0244240760803223,-1.1234480142593384,-1.1368786096572876,-1.133508563041687,-1.0867648124694824,-1.0986385345458984,-1.1105544567108154,-1.1083855628967285,-1.1169458627700806,-1.1574524641036987,-1.1609030961990356,-1.0979905128479004,-1.103919267654419,-1.0261576175689697,-1.1085673570632935,-1.0637645721435547,-1.1544859409332275,-0.964857280254364,-1.2139450311660767,-1.0738497972488403,-0.9510980248451233,-1.1837894916534424,-1.0793569087982178,-1.259435772895813,-1.1558400392532349,-1.2267086505889893,-1.0816245079040527,-1.2000335454940796,-0.622660756111145,-1.0953329801559448,-1.0845280885696411,-1.0843417644500732,-2.106614112854004,-0.9726266264915466,-1.1297812461853027,-1.4838978052139282,-0.5449270606040955,-1.677720069885254
5519.0,110.37900000000002,0.8506134515496309,310.5010760583781,386.5460126974136,420291.08437496406,0.974497609919432,310.5181678448279,386.5459900000001,420386.7794840002,9.505093914244464,1.4044449096551763,-0.0007873495395419,19200.000000000007,0.0004172387623646,-0.0010911162633849,-2.269741346802184e-05,0.0,9.521502308800322,0.7384813039061896,1.3603667699223505,5.549191519967017,0.0056382256784772,-0.1874353700498563,19200.03357704412,-47.28667065140208,0.002,-2.316069475809288,-3.144512403356551,-0.941201176179432,6.0,10.0,180.0,-1.0356128370102984,-5.144535436144539,-0.1416108822672399,-3.214112257676232,452.9049399838576,-603.5189371281436,167.2524095393091,754.6948345790188,576.6750000000001,-1.0356128370102984,-1.032631278038025,-1.116908073425293,-1.0359911918640137,-1.1427927017211914,-1.1653871536254883,-1.1633436679840088,-1.099074363708496,-1.115862488746643,-1.1247202157974243,-1.1280099153518677,-1.1316351890563965,-1.1770422458648682,-1.1777098178863525,-1.116504430770874,-1.1194334030151367,-1.048113226890564,-1.1172397136688232,-1.0849838256835938,-1.1686100959777832,-0.9772833585739136,-1.222450613975525,-1.0829222202301025,-0.9575679898262024,-1.2037392854690552,-1.0874450206756592,-1.2778565883636475,-1.1657663583755493,-1.2390203475952148,-1.0914177894592285,-1.2100733518600464,-0.6097310185432434,-1.1144616603851318,-1.108624815940857,-1.0884482860565186,-2.117039918899536,-0.9867436289787292,-1.1460533142089844,-1.5002847909927368,-0.5839468836784363,-1.6229608058929443
5520.0,110.39900000000004,1.040508214764134,310.52964617396776,386.5460097286987,420675.0822708494,1.164120041614248,310.5482716504152,386.5459900000001,420770.7794840002,9.4841895038732,1.5284777805212566,-0.0006524636482433,19200.000000000007,0.0004030973777883,-0.0012317224522998,-1.9728698567886058e-05,0.0,9.470438441118612,-0.7939050874381193,1.495606286465297,5.0009456018406855,0.0002265148906433,-0.3118986430843377,19199.93169142349,-0.0145186288281479,0.002,-2.336370426845027,-3.1594316377252407,-0.9588761073365948,6.0,10.0,180.0,-1.0644258549455794,-5.181632294341226,-0.1450135961339966,-3.2259256822487146,460.9639699919288,-596.9019685640718,167.17170476965455,754.3149172895094,578.5500000000002,-1.0644258549455794,-1.0315463542938232,-1.1122076511383057,-1.0337021350860596,-1.145725965499878,-1.1658916473388672,-1.165173053741455,-1.0987417697906494,-1.109867811203003,-1.122092843055725,-1.127406120300293,-1.1303201913833618,-1.176045536994934,-1.1749509572982788,-1.1139333248138428,-1.1153311729431152,-1.0445994138717651,-1.139477014541626,-1.0875262022018433,-1.1670331954956055,-0.974689245223999,-1.219429850578308,-1.0831682682037354,-0.9553946852684021,-1.201488733291626,-1.0886508226394653,-1.2734782695770264,-1.163930058479309,-1.2368836402893066,-1.0883206129074097,-1.2118360996246338,-0.5707173943519592,-1.1148761510849,-1.1075719594955444,-1.0877999067306519,-2.092015027999878,-0.9882099032402039,-1.1474578380584717,-1.495516061782837,-0.5837145447731018,-1.6200096607208252
5521.0,110.41900000000004,1.2300394258054037,310.56073517749024,386.5460037368861,421059.0812612558,1.3533161718234918,310.5809471620586,386.5459900000001,421154.7794840002,9.460197749046518,1.6540999339642517,-0.0004923383814519,19200.000000000007,0.0003488184691065,-0.0013161222621644,-1.373688601261689e-05,0.0,9.49758418882987,-1.894322560296332,1.6225635082250585,7.575340167850655,0.001939145242294,-2.187239762438544,19200.051066603886,-42.844968184015656,0.002,-2.270083613700153,-3.1017013911165847,-0.950309727795162,6.0,10.0,180.0,-1.0346731643424658,-5.2114393763771885,-0.145980970964239,-3.242831941542228,469.5149849959644,-591.0199842820359,167.3298523848273,754.9579586447546,570.9750000000001,-1.0346731643424658,-1.0338834524154663,-1.1064913272857666,-1.0211119651794434,-1.1478333473205566,-1.1639376878738403,-1.158846139907837,-1.1004400253295898,-1.1043857336044312,-1.1240476369857788,-1.1313600540161133,-1.1333954334259033,-1.1798532009124756,-1.178480625152588,-1.1202342510223389,-1.1319876909255981,-1.0546090602874756,-1.1659022569656372,-1.069786548614502,-1.1695524454116821,-0.9734624028205872,-1.2055946588516235,-1.0877634286880493,-0.9549412131309509,-1.2008464336395264,-1.0910403728485107,-1.274696707725525,-1.1567703485488892,-1.2290637493133545,-1.0817229747772217,-1.2042303085327148,-0.5668509602546692,-1.1206731796264648,-1.1120668649673462,-1.0783699750900269,-2.1689932346343994,-0.9992337822914124,-1.1532809734344482,-1.496698021888733,-0.6029168367385864,-1.6364643573760986
5522.0,110.43900000000004,1.419172270850751,310.59456061863705,386.5459435201995,421443.0789766988,1.5420512958723598,310.61618826819284,386.5459900000001,421538.7794840002,9.43314261442271,1.7738418064333217,0.0015502606628078,19200.000000000007,0.0002548085851068,-0.0015670620466434,4.647980062910037e-05,0.0,9.420152807961472,-4.149830218608919,1.736294545398794,2.436766647743034,-0.001703625803359,1.3993257173179523,19199.84316070315,25.82391515609441,0.002,-2.3737054570388323,-3.031704880574517,-0.9366689641089616,6.0,10.0,180.0,-1.056666761710611,-5.1885159981788735,-0.1435599892097399,-3.2643594229516,476.57299249798217,-584.446492141018,167.17292619241363,754.2534793223773,578.0250000000001,-1.056666761710611,-1.0268800258636475,-1.1062219142913818,-1.0337283611297607,-1.153378963470459,-1.1621711254119873,-1.1652706861495972,-1.0965080261230469,-1.0963659286499023,-1.1179412603378296,-1.1250722408294678,-1.1309049129486084,-1.1773302555084229,-1.1717326641082764,-1.1117093563079834,-1.1061160564422607,-1.0369820594787598,-1.1869922876358032,-1.096815824508667,-1.1672855615615845,-0.9694600105285645,-1.2185016870498657,-1.0817192792892456,-0.9529362916946411,-1.1957694292068481,-1.0935943126678467,-1.2660692930221558,-1.1682368516921997,-1.2366807460784912,-1.0896894931793213,-1.2199435234069824,-0.4922311305999756,-1.1182419061660767,-1.1058262586593628,-1.0999382734298706,-2.0420591831207275,-0.9874446988105774,-1.153336524963379,-1.4949606657028198,-0.5577405095100403,-1.6554303169250488
5523.0,110.45900000000005,1.6075434879509796,310.63065233642993,386.5460255721133,421827.0816634543,1.7302907189726409,310.6539883672475,386.5459900000001,421922.7794840002,9.413963663345871,1.9031458738121525,-0.0011825382651818,19200.000000000007,0.0004492173866248,-0.0015215756238221,-3.5572113089553954e-05,0.0,9.425076245301542,-1.6439553505592006,1.8701276908822613,4.574236725978629,0.0027085466464575,-1.7067361323849966,19200.25487065725,-42.96710390403446,0.002,-2.4554036069773946,-2.9913021685198578,-0.9426522079170604,6.0,10.0,180.0,-1.0566607929865215,-5.196724751245539,-0.1430923198770342,-3.2387042558829244,484.5329962489911,-578.075746070509,167.21946309620682,754.4187396611886,580.5750000000002,-1.0566607929865215,-1.0475949048995972,-1.1281554698944092,-1.0364553928375244,-1.1708776950836182,-1.1910440921783447,-1.1900224685668945,-1.1097006797790527,-1.1111128330230713,-1.1325243711471558,-1.1484575271606445,-1.1458722352981567,-1.1945421695709229,-1.1882635354995728,-1.1296911239624023,-1.1253234148025513,-1.0608172416687012,-1.1936862468719482,-1.104318618774414,-1.1816701889038086,-0.9810171723365784,-1.2234549522399902,-1.0906791687011719,-0.9589380621910095,-1.2140746116638184,-1.1009960174560547,-1.282064437866211,-1.1750283241271973,-1.2428092956542969,-1.0933761596679688,-1.2208330631256104,-0.49905097484588623,-1.1364727020263672,-1.1287950277328491,-1.09919273853302,-2.091858148574829,-1.0072710514068604,-1.1695973873138428,-1.5114942789077759,-0.6181489825248718,-1.5948991775512695
5524.0,110.47900000000004,1.7953688307109588,310.6693212726124,386.5460187117605,422211.08378194144,1.9179993466303067,310.6943406696995,386.5459900000001,422306.7794840002,9.394315578450094,2.0314084135420294,-0.0009489159329543,19200.000000000007,0.0006813983380636,-0.0014962056713337,-2.871176033736885e-05,0.0,9.365697709515633,-1.4124345629523016,1.9878005803046936,4.212811516631706,-0.0034214855555203,1.100502546554581,19199.74183361571,-85.95469211755623,0.002,-2.5164133028436666,-2.992673503925308,-0.93969213176817,6.0,10.0,180.0,-1.11084553741396,-5.191359230758559,-0.1460146312628107,-3.2315032925329894,491.6489981244955,-571.3158730352545,167.09923154810343,753.8693698305943,582.5250000000001,-1.11084553741396,-1.0511831045150757,-1.1384347677230835,-1.0360862016677856,-1.1807191371917725,-1.2002118825912476,-1.198481559753418,-1.1121008396148682,-1.1071056127548218,-1.1345001459121704,-1.1604162454605103,-1.1541452407836914,-1.2008042335510254,-1.1929538249969482,-1.1337738037109375,-1.1223070621490479,-1.063901424407959,-1.2026351690292358,-1.1105263233184814,-1.189693808555603,-0.9828636646270752,-1.2306381464004517,-1.088311791419983,-0.9598358869552612,-1.214775562286377,-1.1053340435028076,-1.2806121110916138,-1.1851342916488647,-1.2434272766113281,-1.0915638208389282,-1.2212482690811157,-0.5059009790420532,-1.1442768573760986,-1.1350089311599731,-1.1163122653961182,-2.0962445735931396,-1.013917326927185,-1.1792999505996704,-1.5240190029144287,-0.6228724122047424,-1.6029330492019653
5525.0,110.49900000000002,1.9831744361152528,310.7104853845045,386.5459863090669,422595.0825646061,2.1051429761812885,310.7372371789744,386.5459900000001,422690.7794840002,9.35549766280714,2.1610976145175504,0.0001262507455721,19200.000000000007,0.0003906260527313,-0.0014167097748018,3.690933219722747e-06,0.0,9.403576241618458,-4.575327720133046,2.111318517855826,7.444374344148277,0.0014452715938552,2.013397000789178,19199.93197386309,12.883165403563057,0.002,-2.5409857433340246,-2.966732410968272,-0.937611546405063,6.0,10.0,180.0,-1.107878122274071,-5.232477675711753,-0.1494179404360126,-3.2335726125574107,499.63899906224776,-565.4724365176273,167.3046157740517,754.7146849152971,577.9500000000002,-1.107878122274071,-1.0440071821212769,-1.1146831512451172,-1.0134119987487793,-1.1728250980377197,-1.1822144985198975,-1.1720184087753296,-1.1085608005523682,-1.0885623693466187,-1.1290136575698853,-1.1528469324111938,-1.146713376045227,-1.190155029296875,-1.1842869520187378,-1.126481056213379,-1.127089262008667,-1.0574188232421875,-1.2266660928726196,-1.0771397352218628,-1.182647705078125,-0.9732570648193359,-1.2121435403823853,-1.088971734046936,-0.9536266922950745,-1.2021079063415527,-1.105486273765564,-1.268420696258545,-1.1710675954818726,-1.22706937789917,-1.0780234336853027,-1.207430124282837,-0.48675304651260376,-1.1369342803955078,-1.1221379041671753,-1.100828766822815,-2.1550610065460205,-1.019152283668518,-1.1750741004943848,-1.5114482641220093,-0.6308013796806335,-1.6418397426605225
5526.0,110.51900000000003,2.16995859552883,310.75415329514743,386.54601365289255,422979.0822416296,2.291687104588408,310.78267088744497,386.5459900000001,423074.7794840002,9.329770226846811,2.2916412760031024,-0.0007901759543913,19200.000000000007,0.000543700015938,-0.0012994096762171,-2.365289236110069e-05,0.0,9.287098987934591,-2.1943394494163835,2.2399965991109925,10.199440348890109,0.0012199021148858,0.5495413239752779,19199.844777736467,-29.950308638695,0.002,-2.5675391438911084,-2.963052317310573,-0.9513989432182154,6.0,10.0,180.0,-1.1323071492606749,-5.27247469406886,-0.1503892172720075,-3.2504842553817364,506.4679995311239,-557.8617182588137,167.05330788702585,753.6048424576486,579.6750000000001,-1.1323071492606749,-1.05678129196167,-1.1311798095703125,-1.0064128637313843,-1.1849431991577148,-1.205510139465332,-1.18937349319458,-1.115976333618164,-1.093481421470642,-1.1334115266799927,-1.1755021810531616,-1.1593518257141113,-1.2022151947021484,-1.1954009532928467,-1.138283133506775,-1.140424132347107,-1.0764989852905273,-1.233534336090088,-1.0764188766479492,-1.1937965154647827,-0.9802660942077637,-1.2111135721206665,-1.0917330980300903,-0.9535080790519714,-1.2104405164718628,-1.1068947315216064,-1.2736726999282837,-1.1699162721633911,-1.223701000213623,-1.0712957382202148,-1.1985702514648438,-0.5684342384338379,-1.1519774198532104,-1.1403591632843018,-1.102264404296875,-2.22548508644104,-1.039209008216858,-1.1889820098876953,-1.5250905752182007,-0.6861351728439331,-1.5954365730285645
5527.0,110.53900000000006,2.3563834982077987,310.8003963493767,386.54602248582216,423363.0794813155,2.4775970327925507,310.8306326921866,386.5459900000001,423458.7794840002,9.293945085067604,2.4203867073615943,-0.001084794766909,19200.000000000007,0.0004452183261159,-0.0012228557003356,-3.2485822045745485e-05,0.0,9.323488107419337,-6.175164940644893,2.381122308811283,10.548785312207215,0.0075799408688143,-0.9133768610600368,19199.96332392518,124.5120115339669,0.002,-2.578121517052681,-2.933697844253491,-0.9394701632871292,6.0,10.0,180.0,-1.0971888446140503,-5.295372214070091,-0.152335537999241,-3.257606621213156,514.801999765562,-551.0868591294068,167.21865394351292,754.2764212288243,579.0000000000001,-1.0971888446140503,-1.0489014387130737,-1.1054636240005493,-0.9958645105361938,-1.177746295928955,-1.1891169548034668,-1.170617699623108,-1.111802577972412,-1.080784559249878,-1.1274693012237549,-1.1593801975250244,-1.1467540264129639,-1.1903142929077148,-1.183261752128601,-1.1275503635406494,-1.1370530128479004,-1.0635387897491455,-1.2501134872436523,-1.061741828918457,-1.181436538696289,-0.9704517126083374,-1.1956520080566406,-1.0944175720214844,-0.9476194977760315,-1.201460838317871,-1.1060736179351807,-1.2635139226913452,-1.1555641889572144,-1.2142959833145142,-1.0711766481399536,-1.197304606437683,-0.4868778586387634,-1.1422208547592163,-1.1265017986297607,-1.083126425743103,-2.1992456912994385,-1.0356425046920776,-1.1805753707885742,-1.5034997463226318,-0.6799156665802002,-1.608574390411377
5528.0,110.55900000000004,2.5417825866232207,310.8493644500892,386.5459972368585,423747.081339472,2.662838760996241,310.88111389948443,386.5459900000001,423842.77948400006,9.26901394850044,2.5420165490409645,-0.0002334156551682,19200.000000000007,0.0007260485769556,-0.0013466534914979,-7.236858437743469e-06,0.0,9.232422164406495,2.4510116884943662,2.5066023410645366,9.408331588392944,-0.0019451873869027,-3.7933339404554487,19199.911803594176,-60.11917762841519,0.002,-2.587111530784368,-2.879624841261757,-0.9362354634115284,6.0,10.0,180.0,-1.1611589362857122,-5.273398665585579,-0.1498920860819784,-3.2663279063190296,521.9854998827809,-543.3269295647034,167.06582697175645,753.5862106144122,573.7500000000001,-1.1611589362857122,-1.0887233018875122,-1.1858564615249634,-1.0267055034637451,-1.225061297416687,-1.2582119703292847,-1.2474291324615479,-1.135048508644104,-1.1191282272338867,-1.1545772552490234,-1.2211679220199585,-1.1957303285598755,-1.2465078830718994,-1.2319004535675049,-1.1791443824768066,-1.1712510585784912,-1.123483657836914,-1.2764666080474854,-1.1148016452789307,-1.2278099060058594,-1.0002362728118896,-1.2270089387893677,-1.102925419807434,-0.9666814208030701,-1.243260383605957,-1.1195851564407349,-1.3063774108886719,-1.1943697929382324,-1.2435928583145142,-1.0875009298324585,-1.2104274034500122,-0.5758103728294373,-1.1970760822296143,-1.1925722360610962,-1.1319596767425537,-2.309569835662842,-1.0679690837860107,-1.2287845611572266,-1.5743675231933594,-0.7377881407737732,-1.5460026264190674
5529.0,110.57900000000004,2.727026077321073,310.90066732259913,386.5459813605272,424131.0794724726,2.847378187680388,310.9341053107249,386.5459900000001,424226.7794840002,9.224918784572846,2.6692254136494533,0.0002872362041856,19200.000000000007,0.0004822879603016,-0.0012883198636888,8.639472927183705e-06,0.0,9.24414477847234,-5.125556066462415,2.631097056348896,6.897260578085141,-0.0002587820580937,1.050741939475079,19200.10223392606,102.90550607860904,0.002,-2.666210777503344,-2.881820027971985,-0.938892973214964,6.0,10.0,180.0,-1.0825176656678874,-5.3055676848407485,-0.1518582954399298,-3.268420056643431,529.6377499413904,-536.4909647823517,167.17691348587823,754.0251053072061,575.4000000000001,-1.0825176656678874,-1.0604819059371948,-1.1388933658599854,-1.0134299993515015,-1.2059797048568726,-1.2149442434310913,-1.204766035079956,-1.1188514232635498,-1.0846401453018188,-1.1349332332611084,-1.185076355934143,-1.1701459884643555,-1.2167894840240479,-1.2020769119262695,-1.1482939720153809,-1.1414722204208374,-1.0813817977905273,-1.2909598350524902,-1.0963423252105713,-1.2033154964447021,-0.9805448651313782,-1.213086724281311,-1.0940512418746948,-0.955231249332428,-1.21315598487854,-1.1170969009399414,-1.2750943899154663,-1.184092402458191,-1.2292983531951904,-1.0822937488555908,-1.2115802764892578,-0.448017954826355,-1.169663906097412,-1.153214693069458,-1.1247150897979736,-2.19705867767334,-1.046264886856079,-1.2078702449798584,-1.5390844345092773,-0.669174075126648,-1.629141092300415
5530.0,110.59900000000005,2.9109079520359,310.9545950402581,386.5460451906941,424515.0822411621,3.0311813125290428,310.9895974207707,386.5459900000001,424610.7794840002,9.200703655859568,2.7919945735331475,-0.0018368589793653,19200.000000000007,0.0008859462248156,-0.001348426281308,-5.519069393173047e-05,0.0,9.171623748910491,3.900174292538162,2.7995012747569685,9.336027724057548,-0.0039330366778924,-5.132537757267379,19200.086434628443,-17.173483790641406,0.002,-2.6881113556971297,-2.806975218453897,-0.9488030206166024,6.0,10.0,180.0,-1.1552820552851444,-5.312457225182905,-0.1518666095713408,-3.250978987436087,538.0093749706953,-527.7754823911758,167.14045674293914,753.8265526536031,577.1250000000001,-1.1552820552851444,-1.1086509227752686,-1.2126991748809814,-1.0333267450332642,-1.251138687133789,-1.2913029193878174,-1.2792503833770752,-1.1477371454238892,-1.1286884546279907,-1.167030692100525,-1.2488744258880615,-1.2140874862670898,-1.2675340175628662,-1.2485060691833496,-1.1975891590118408,-1.181426763534546,-1.143858790397644,-1.3235224485397339,-1.1343806982040405,-1.2451939582824707,-1.0081818103790283,-1.2392147779464722,-1.1100190877914429,-0.9719013571739197,-1.260892391204834,-1.1301649808883667,-1.3192390203475952,-1.2084118127822876,-1.2502269744873047,-1.0944457054138184,-1.2162048816680908,-0.5586560964584351,-1.2208759784698486,-1.218443512916565,-1.1468573808670044,-2.3304443359375,-1.0880851745605469,-1.251706600189209,-1.5970309972763062,-0.7820758819580078,-1.4997291564941406
5531.0,110.61900000000004,3.0946519938456047,311.0113562104944,386.54595615215567,424899.0798565272,3.214214037889853,311.04757942691333,386.5459900000001,424994.7794840002,9.154445005699252,2.903022545440105,0.0011259653634552,19200.000000000007,0.0006789292666152,-0.0017447881118243,3.384784449805079e-05,0.0,9.154051664206964,-3.106033246675549,2.8696304473720726,1.4711682453411463,-0.0082898660239886,4.81827529698562,19200.03371353496,85.94968364252315,0.002,-2.6368466174363303,-2.765357509157861,-0.9442704974585624,6.0,10.0,180.0,-1.0981467148905495,-5.23684917570837,-0.1479544811165584,-3.275591459999652,544.2081874853477,-521.3717411955879,167.13872837146957,753.7887763268016,572.4750000000001,-1.0981467148905495,-1.074431300163269,-1.1849650144577026,-1.0394456386566162,-1.2410041093826294,-1.247658610343933,-1.2497636079788208,-1.1250944137573242,-1.0914121866226196,-1.1449244022369385,-1.2170636653900146,-1.1999027729034424,-1.2497414350509644,-1.2258579730987549,-1.1737096309661865,-1.1416007280349731,-1.1015037298202515,-1.3223026990890503,-1.1443281173706055,-1.2315185070037842,-0.9930140972137451,-1.2416791915893555,-1.0921907424926758,-0.9651883244514465,-1.2296795845031738,-1.1346633434295654,-1.2893242835998535,-1.2266112565994263,-1.2491378784179688,-1.0969585180282593,-1.2331966161727905,-0.45293569564819336,-1.2032268047332764,-1.185815453529358,-1.1838858127593994,-2.174687147140503,-1.0562087297439575,-1.2412116527557373,-1.5870821475982666,-0.6471267342567444,-1.658646821975708
5532.0,110.63900000000004,3.2771208315529643,311.06990770871323,386.5459412584348,425283.08177021984,3.396442264931566,311.1080410314189,386.5459900000001,425378.7794840002,9.12294450678988,3.0367216608445955,0.0015929826671633,19200.000000000007,0.0009652150432409,-0.0014449805201199,4.874156532511706e-05,0.0,9.128647551867097,2.9255271855846017,3.0010146539157176,5.306581763825284,-0.0058386372051636,2.069841567562058,19200.288981273618,-47.15234638033235,0.002,-2.6954309644909387,-2.653203852505542,-0.9408119836168672,6.0,10.0,180.0,-1.2119215077021823,-5.334900006510692,-0.1494173977881471,-3.261781480883374,551.1310937426738,-514.4178705977939,167.2043641857348,754.0363881634007,574.1250000000001,-1.2119215077021823,-1.108089566230774,-1.231576681137085,-1.0445250272750854,-1.2703019380569458,-1.2974742650985718,-1.292650818824768,-1.1448904275894165,-1.116720199584961,-1.1666871309280396,-1.2632207870483398,-1.2299453020095825,-1.2815277576446533,-1.2568168640136719,-1.2062968015670776,-1.171633005142212,-1.144264817237854,-1.3479163646697998,-1.1551551818847656,-1.2606253623962402,-1.009444236755371,-1.2552818059921265,-1.1030492782592773,-0.9760962128639221,-1.2600711584091187,-1.145019292831421,-1.3165181875228882,-1.2385579347610474,-1.2576007843017578,-1.0992177724838257,-1.226491093635559,-0.4898272752761841,-1.236565113067627,-1.227313756942749,-1.195716142654419,-2.306013345718384,-1.0902470350265503,-1.2712171077728271,-1.6270520687103271,-0.7408908605575562,-1.5769695043563843
5533.0,110.65900000000003,3.459484182476057,311.13106602391747,386.545994904894,425667.0837741504,3.577833391711193,311.17097113959846,386.5459900000001,425762.7794840002,9.066088999808086,3.1654667281193705,-0.0001627673351074,19200.000000000007,0.0005410933255173,-0.0012764867972769,-4.904893868569224e-06,0.0,9.087659127787138,-3.3630531002903283,3.1359906908148965,4.701526460577577,0.0051201614170422,0.4946917339950772,19200.100560263607,34.2511467240054,0.002,-2.7885964271820227,-2.5694575409831435,-0.9143798806659822,6.0,10.0,180.0,-1.1284092654389932,-5.315386557818365,-0.1460045252752234,-3.2371719653478785,558.3540468713369,-506.830935298897,167.2556820928674,754.2186940817003,575.8500000000001,-1.1284092654389932,-1.0866448879241943,-1.1849334239959717,-1.0282940864562988,-1.2509641647338867,-1.2651588916778564,-1.2590779066085815,-1.1346415281295776,-1.0942928791046143,-1.1498432159423828,-1.2297403812408447,-1.2038465738296509,-1.2552449703216553,-1.2300729751586914,-1.1803257465362549,-1.1561919450759888,-1.1143336296081543,-1.357466220855713,-1.135657787322998,-1.234161376953125,-0.9949557781219482,-1.230138897895813,-1.1008683443069458,-0.9632400870323181,-1.236598253250122,-1.1356797218322754,-1.2922743558883667,-1.2148563861846924,-1.2424123287200928,-1.0947412252426147,-1.2252495288848877,-0.42511671781539917,-1.2133488655090332,-1.1976584196090698,-1.1651214361190796,-2.2197797298431396,-1.0767085552215576,-1.2503986358642578,-1.5841035842895508,-0.7134753465652466,-1.5952330827713013
5534.0,110.67900000000004,3.640350287926337,311.19487848953816,386.5460047774405,426051.0863666196,3.758353618077501,311.2363579536604,386.5459900000001,426146.7794840002,9.029159494641402,3.287296446351577,-0.0004950778624689,19200.000000000007,0.0007647180280038,-0.001297942450531,-1.4777440394489493e-05,0.0,9.02857775610375,0.9818647759306224,3.241935368096823,5.794521429801059,0.0092695825974378,-0.5446324066393748,19200.136900966,-30.11960143582461,0.002,-2.9045075502852944,-2.5646591109349948,-0.9209119242153307,6.0,10.0,180.0,-1.1889450025988788,-5.276991721794696,-0.1445296560811032,-3.2263987196783703,564.6495234356685,-499.3739676494485,167.19484104643368,753.92534704085,584.1750000000001,-1.1889450025988788,-1.1112369298934937,-1.2210156917572021,-1.0378131866455078,-1.274825096130371,-1.3061851263046265,-1.2962381839752197,-1.1488161087036133,-1.1135903596878052,-1.1662538051605225,-1.2624397277832031,-1.224839448928833,-1.2769443988800049,-1.2504160404205322,-1.2007019519805908,-1.166776418685913,-1.139310598373413,-1.383198857307434,-1.1563085317611694,-1.2544095516204834,-1.0073201656341553,-1.250689148902893,-1.1071304082870483,-0.9702624678611755,-1.259475588798523,-1.1432691812515259,-1.309183955192566,-1.230906367301941,-1.2515463829040527,-1.0977437496185303,-1.2270903587341309,-0.4514935612678528,-1.2364822626113892,-1.2270084619522095,-1.1793755292892456,-2.242288827896118,-1.0985220670700073,-1.2717727422714233,-1.612143635749817,-0.781087338924408,-1.514940857887268
5535.0,110.69900000000004,3.820562196664337,311.26102244530864,386.5460077881036,426435.08817283285,3.937968945995904,311.3041895680128,386.5459900000001,426530.7794840002,8.982956682499603,3.412550764422941,-0.0005933426741796,19200.000000000007,0.0007599358097119,-0.0011981895859053,-1.778810342875736e-05,0.0,8.980229080115668,-4.763102452478447,3.3657066293519025,3.78687465335778,-0.0019479847346404,0.7875267921582755,19200.05181921697,-30.037132335928423,0.002,-2.93017466127177,-2.585848625529988,-0.9489029926073236,6.0,10.0,180.0,-1.1650189419657668,-5.316538197407612,-0.1503685862595111,-3.202820116594829,571.1127617178342,-491.6404838247242,167.15292052321684,753.712173520425,585.1500000000001,-1.1650189419657668,-1.089146375656128,-1.183383584022522,-1.026724100112915,-1.2595833539962769,-1.2757207155227661,-1.268288493156433,-1.1362664699554443,-1.0891481637954712,-1.1495519876480103,-1.2340270280838013,-1.2037235498428345,-1.2545874118804932,-1.2265758514404297,-1.1767287254333496,-1.1459605693817139,-1.1089990139007568,-1.3844412565231323,-1.1449897289276123,-1.2330396175384521,-0.9936529397964478,-1.231838583946228,-1.1012654304504395,-0.9591444730758667,-1.236108660697937,-1.1385730504989624,-1.284977912902832,-1.2176120281219482,-1.2397446632385254,-1.0947730541229248,-1.2296602725982666,-0.41181498765945435,-1.2163612842559814,-1.1994892358779907,-1.1669970750808716,-2.1459150314331055,-1.082562804222107,-1.2551019191741943,-1.580310344696045,-0.7361282110214233,-1.556260585784912
5536.0,110.71900000000002,3.999383493372851,311.32953834624334,386.5460194555343,426819.0878535807,4.116647374981579,311.3744530769186,386.5459900000001,426914.7794840002,8.950928710276715,3.5394582646962,-0.0009816075867498,19200.000000000007,0.0012301632819027,-0.0010295796730738,-2.94555342064686e-05,0.0,8.94410826677216,1.706593395263745,3.4990240903218988,6.899328123628093,0.0021986078033044,-2.5560186824168367,19200.050839592423,-47.138296659917735,0.002,-2.880311042540102,-2.5683023245243364,-0.9363304969581372,6.0,10.0,180.0,-1.2514806896041517,-5.370647926253781,-0.1537935898617232,-3.2156392469182338,578.0343808589171,-483.6677419123621,167.19046026160842,753.8375867602125,580.6500000000001,-1.2514806896041517,-1.1224383115768433,-1.2358932495117188,-1.0346585512161255,-1.2917520999908447,-1.3267126083374023,-1.3132312297821045,-1.1552456617355347,-1.1160138845443726,-1.170473337173462,-1.2830939292907715,-1.2382200956344604,-1.2925935983657837,-1.2618378400802612,-1.215112566947937,-1.1810805797576904,-1.1577647924423218,-1.4113574028015137,-1.1599528789520264,-1.2660293579101562,-1.0111863613128662,-1.2516766786575317,-1.1119149923324585,-0.9703143239021301,-1.2680752277374268,-1.1475164890289307,-1.3153785467147827,-1.2313494682312012,-1.2488418817520142,-1.0997710227966309,-1.2230453491210938,-0.4564553499221802,-1.2561554908752441,-1.2474446296691895,-1.185940146446228,-2.3070008754730225,-1.1170095205307007,-1.2899943590164185,-1.6286243200302124,-0.8185835480690002,-1.4935588836669922
5537.0,110.73900000000005,4.178416556857282,311.4008645083253,386.5459601689197,427203.0852278963,4.294355202643901,311.44713618353666,386.5459900000001,427298.7794840002,8.878559380879636,3.6529477587155794,0.0009989488497415,19200.000000000007,0.0005393244965925,-0.0012437288069378,2.983108042371459e-05,0.0,8.932883998973463,-9.26907326050797,3.619157995273876,3.049673976137032,-0.0019559491913637,-0.2503279309739447,19199.791715849024,17.23301947362655,0.002,-2.9605855366062617,-2.4788835924917616,-0.9253985028078188,6.0,10.0,180.0,-1.174803173644667,-5.341316068258247,-0.1508910680034114,-3.236685902874469,584.9816904294585,-476.290870956181,167.35273013080422,754.4967933801063,582.3000000000001,-1.174803173644667,-1.079021692276001,-1.160143256187439,-1.0163745880126953,-1.257357120513916,-1.261921763420105,-1.2544119358062744,-1.1252597570419312,-1.072360873222351,-1.141333818435669,-1.2216627597808838,-1.1944202184677124,-1.2466604709625244,-1.2148844003677368,-1.1677169799804688,-1.1420880556106567,-1.097322940826416,-1.4017813205718994,-1.1356546878814697,-1.2225010395050049,-0.9843433499336243,-1.2149001359939575,-1.101591944694519,-0.9510886073112488,-1.2232297658920288,-1.1384155750274658,-1.2707732915878296,-1.2052909135818481,-1.2302653789520264,-1.0976771116256714,-1.2303988933563232,-0.38940221071243286,-1.2125275135040283,-1.1900144815444946,-1.1569606065750122,-2.112133264541626,-1.0817670822143555,-1.252793312072754,-1.5637128353118896,-0.7235779762268066,-1.5807743072509766
5538.0,110.75900000000004,4.355462392720332,311.47433991036866,386.5460188321145,427587.0862641349,4.471059827910514,311.52222509304613,386.5459900000001,427682.7794840002,8.838074080609232,3.774604798321984,-0.0009561995960637,19200.000000000007,0.000853915630272,-0.0011928211166485,-2.88321144018648e-05,0.0,8.808072708521074,-1.0995640994506617,3.719004176108159,3.1743139919881296,0.0007267651388456,-0.4256209349228047,19200.18634996152,-34.38544498892526,0.002,-2.96738750438202,-2.484491030432085,-0.9580951328201164,6.0,10.0,180.0,-1.2250974386774267,-5.3685951099834535,-0.1504082380328708,-3.218226132193556,590.3388452147292,-467.9099354780905,167.1088650654021,753.4203966900532,576.6750000000001,-1.2250974386774267,-1.1118261814117432,-1.2314174175262451,-1.0374913215637207,-1.2981261014938354,-1.3216981887817383,-1.31541109085083,-1.147297739982605,-1.1001129150390625,-1.1604235172271729,-1.2805473804473877,-1.2393709421157837,-1.2947964668273926,-1.2573010921478271,-1.2123908996582031,-1.1703438758850098,-1.1499038934707642,-1.4211055040359497,-1.1720768213272095,-1.2652251720428467,-1.0072758197784424,-1.2426813840866089,-1.1056500673294067,-0.9656867980957031,-1.2577557563781738,-1.1501312255859375,-1.3036483526229858,-1.2363353967666626,-1.2460477352142334,-1.1013225317001343,-1.231136441230774,-0.4428728222846985,-1.261845350265503,-1.2470639944076538,-1.206424593925476,-2.249002695083618,-1.1138007640838623,-1.2970860004425049,-1.6316026449203491,-0.779231071472168,-1.5420632362365723
5539.0,110.77900000000004,4.531973136285664,311.5501366292775,386.5459910883791,427971.08721187495,4.646728850609447,311.5997061052236,386.5459900000001,428066.7794840002,8.779972350253505,3.898218359587587,-3.8951158595549806e-05,19200.000000000007,0.0006886982370711,-0.0010617323234582,-1.088378925464715e-06,0.0,8.819343237905795,-5.249474713805865,3.8513117600840303,4.262550405511382,-0.0097678150844809,1.2253819914426702,19199.690434106786,-90.23922975495006,0.002,-2.9576389913287824,-2.428346780758179,-0.9201156286934398,6.0,10.0,180.0,-1.17774261486696,-5.373471771189557,-0.1542957045479195,-3.226374327489149,597.0059226073646,-460.3124677390453,167.25093253270106,753.9936983450266,578.6250000000001,-1.17774261486696,-1.099841833114624,-1.2024877071380615,-1.0199016332626343,-1.2872984409332275,-1.3005635738372803,-1.2903556823730469,-1.1404091119766235,-1.0805423259735107,-1.151770830154419,-1.2644755840301514,-1.224541187286377,-1.276878833770752,-1.2405285835266113,-1.1955180168151855,-1.1608200073242188,-1.1302350759506226,-1.4298925399780273,-1.1494159698486328,-1.250823736190796,-0.9970594644546509,-1.229572057723999,-1.1038936376571655,-0.9568822979927063,-1.2414164543151855,-1.14853835105896,-1.2849422693252563,-1.2235949039459229,-1.233224868774414,-1.096261978149414,-1.2256795167922974,-0.42157697677612305,-1.2466201782226562,-1.2259021997451782,-1.1910632848739624,-2.2286794185638428,-1.1095975637435913,-1.285678505897522,-1.6090391874313354,-0.7727720141410828,-1.566025972366333
5540.0,110.79900000000004,4.707240169888077,311.6282703517656,386.54596178688337,428355.0870942043,4.821329873271333,311.679564718535,386.5459900000001,428450.7794840002,8.726823475270404,4.022779835547111,0.0009398401126489,19200.000000000007,0.0007203872963992,-0.0008807425672446,2.8213116698100567e-05,0.0,8.717499043251214,-2.068783657222371,3.9411738579731583,8.551375317156062,0.0100254660551901,3.4135742970909,19199.98325661056,12.894204452126791,0.002,-3.070708667190824,-2.348527257292696,-0.9199104321924249,6.0,10.0,180.0,-1.2299889700005289,-5.445818601690855,-0.1503782892171414,-3.221238190116037,602.1174613036824,-452.3777338695226,167.0834662663505,753.2468491725133,574.2750000000002,-1.2299889700005289,-1.1106165647506714,-1.2235184907913208,-1.0062410831451416,-1.2996543645858765,-1.3198316097259521,-1.2998270988464355,-1.1463149785995483,-1.07958984375,-1.1535090208053589,-1.2940783500671387,-1.2430624961853027,-1.291508674621582,-1.2549986839294434,-1.2112195491790771,-1.177870512008667,-1.1533160209655762,-1.446245551109314,-1.1347291469573975,-1.2681509256362915,-1.002119541168213,-1.2380927801132202,-1.1040109395980835,-0.9565015435218811,-1.2464299201965332,-1.1489520072937012,-1.2879358530044556,-1.2238736152648926,-1.2240554094314575,-1.0857253074645996,-1.2042102813720703,-0.47829461097717285,-1.2657363414764404,-1.244824767112732,-1.205539584159851,-2.3916752338409424,-1.1347192525863647,-1.3047696352005005,-1.6374902725219727,-0.8261040449142456,-1.5695717334747314
5541.0,110.81900000000005,4.881477939720357,311.70897271071584,386.5460322055814,428739.0882179043,4.994830398929875,311.76178623212303,386.5459900000001,428834.7794840002,8.67040241385219,4.140057590808643,-0.0014082812142325,19200.000000000007,0.0007023422748869,-0.0008954848534005,-4.220558124955709e-05,0.0,8.693601176175168,-6.964918781353563,4.111556810840866,10.43784799128491,0.0026685943418313,-0.919097771026664,19199.8789430048,-25.66417102757639,0.002,-3.0743844759720007,-2.3210252202677184,-0.941031304713891,6.0,10.0,180.0,-1.2104458113329664,-5.408242124336917,-0.1538056054035665,-3.2156299521358576,609.4007306518412,-443.3238669347613,167.20923313317525,753.7469245862567,580.5000000000001,-1.2104458113329664,-1.0996291637420654,-1.1809581518173218,-0.9863243103027344,-1.2831509113311768,-1.3002052307128906,-1.2738640308380127,-1.1361994743347168,-1.0663727521896362,-1.1446559429168701,-1.2687381505966187,-1.2179995775222778,-1.2669358253479004,-1.2315521240234375,-1.1884839534759521,-1.171269178390503,-1.1312756538391113,-1.4450627565383911,-1.1103641986846924,-1.2428393363952637,-0.9899570941925049,-1.210307240486145,-1.1078325510025024,-0.9439812898635864,-1.2320098876953125,-1.1406912803649902,-1.2693551778793335,-1.1950135231018066,-1.2063968181610107,-1.0839354991912842,-1.1981394290924072,-0.4412253499031067,-1.2446773052215576,-1.2215315103530884,-1.1602307558059692,-2.3420016765594482,-1.1304051876068115,-1.2847355604171753,-1.5929042100906372,-0.8459014296531677,-1.5277504920959473
5542.0,110.83900000000004,5.054256951059046,311.79237343864213,386.5459892447428,429123.0855259804,5.16719892590902,311.8463558437456,386.5459900000001,429218.7794840002,8.623962342317512,4.245211556483516,-8.61559620633015e-06,19200.000000000007,0.0010312614097163,-0.0012510991881688,7.552572750303326e-07,0.0,8.595504642136687,-0.5504047929096186,4.202632341503042,4.391366716768799,-0.0012206803813202,0.2427931530942885,19199.89486727805,124.49526457673542,0.002,-3.157327367879364,-2.226165747401238,-0.930719597378602,6.0,10.0,180.0,-1.2861303590578306,-5.370657088622116,-0.1567464072085171,-3.227412986637197,614.8723653259206,-434.5989334673807,167.06661656658764,753.1034622931284,574.8750000000001,-1.2861303590578306,-1.1262743473052979,-1.2499107122421265,-1.0288275480270386,-1.3265159130096436,-1.353253722190857,-1.3324800729751587,-1.153338074684143,-1.0919522047042847,-1.163295030593872,-1.3152713775634766,-1.2601511478424072,-1.3156299591064453,-1.270414113998413,-1.229591965675354,-1.1813914775848389,-1.1707911491394043,-1.4643059968948364,-1.1760532855987549,-1.2827789783477783,-1.0109065771102905,-1.249325156211853,-1.1077440977096558,-0.962232232093811,-1.264023780822754,-1.1576018333435059,-1.3020097017288208,-1.2435718774795532,-1.237027883529663,-1.100071668624878,-1.2228820323944092,-0.4694490432739258,-1.2921247482299805,-1.2742927074432373,-1.2290788888931274,-2.3238418102264404,-1.1438932418823242,-1.3274730443954468,-1.6601790189743042,-0.8367745876312256,-1.5224665403366089
5543.0,110.85900000000004,5.226635319789248,311.87746750859804,386.5460048706885,429507.0854575566,5.338403250350337,311.9332577531058,386.5459900000001,429602.7794840002,8.551180714337363,4.371212288213181,-0.0004904484325443,19200.000000000007,0.0006175208576196,-0.000957661130606,-1.4870688309520347e-05,0.0,8.602072773503417,-6.835939575288693,4.324258726060815,13.195403738985377,0.0032078268118277,-1.9557500668462344,19199.808854667823,-72.98189978561857,0.002,-3.1836126556970847,-2.211257976459148,-0.9356933599865828,6.0,10.0,180.0,-1.2006511248353036,-5.4008750656361295,-0.1557688978933583,-3.2561049425570445,621.1051826629603,-426.9684667336903,167.24730828329382,753.8437311465641,576.825,-1.2006511248353036,-1.104735255241394,-1.1839258670806885,-0.9722037315368652,-1.2919981479644775,-1.3111162185668945,-1.2779722213745117,-1.1369988918304443,-1.0612401962280273,-1.1435155868530273,-1.2836800813674927,-1.2259082794189453,-1.2746384143829346,-1.2366315126419067,-1.196397304534912,-1.1847167015075684,-1.1442372798919678,-1.4566712379455566,-1.0976510047912598,-1.2490123510360718,-0.9904356598854065,-1.205372929573059,-1.1105698347091675,-0.9411051273345947,-1.232668399810791,-1.1401079893112183,-1.2662498950958252,-1.1885414123535156,-1.194064736366272,-1.0819146633148193,-1.1853621006011963,-0.4707546830177307,-1.2578730583190918,-1.2338653802871704,-1.1587296724319458,-2.43896746635437,-1.1494659185409546,-1.297318458557129,-1.6032986640930176,-0.8919540643692017,-1.516607642173767
5544.0,110.87900000000002,5.397109974923797,311.9651861085369,386.5460028535503,429891.0822211254,5.508412074141225,312.02247596472216,386.5459900000001,429986.7794840002,8.50111087627651,4.4864793473847335,-0.0004257446968963,19200.000000000007,0.0009322864909645,-0.0009616517086306,-1.2853550171778834e-05,0.0,8.460651687900485,-0.798606577664148,4.457009701704525,7.259617139686389,-0.0009808334744235,-2.312042297408228,19200.170477496988,128.670717619876,0.002,-3.138329049104013,-2.178610841821728,-0.9452465220286425,6.0,10.0,180.0,-1.2934438266223405,-5.469103645296226,-0.1567314702038193,-3.272511041785446,626.8675913314801,-416.9447333668452,167.0636541416469,753.0218655732821,579.9000000000001,-1.2934438266223405,-1.1317825317382812,-1.2488410472869873,-1.0147379636764526,-1.3313803672790527,-1.3677284717559814,-1.3351815938949585,-1.1580448150634766,-1.0886857509613037,-1.1632673740386963,-1.3263424634933472,-1.261031150817871,-1.3161401748657227,-1.2691715955734253,-1.230142593383789,-1.1874151229858398,-1.1764838695526123,-1.481656551361084,-1.1658005714416504,-1.2819701433181763,-1.0102951526641846,-1.2455867528915405,-1.1118258237838745,-0.9569348096847534,-1.2650407552719116,-1.1550625562667847,-1.296592354774475,-1.2318106889724731,-1.225137710571289,-1.096189022064209,-1.2113667726516724,-0.47970008850097656,-1.2987511157989502,-1.2813705205917358,-1.2144027948379517,-2.359050989151001,-1.1615840196609497,-1.3336985111236572,-1.6559268236160278,-0.8991837501525879,-1.4610073566436768
5545.0,110.89900000000004,5.56645991150752,312.0553802819312,386.5460000777208,430275.0835562569,5.677194101418726,312.1139936807075,386.5459900000001,430370.7794840002,8.446745692965578,4.595411912720931,-0.000336116682152,19200.000000000007,0.0011651700240979,-0.0011309101715442,-1.0077720642316818e-05,0.0,8.465050057518031,0.6185303105129556,4.589811606269942,8.292211053417418,-0.0034624532650165,-2.0195049961074325,19199.931661626488,12.841789155087536,0.002,-3.1892898423107057,-2.161095751557468,-0.9249927521275344,6.0,10.0,180.0,-1.2895820642085252,-5.465776180030447,-0.1572172344835385,-3.267911746072184,633.46329566574,-408.27686668342255,167.25132707082344,753.791432786641,584.7750000000001,-1.2895820642085252,-1.1470160484313965,-1.2629609107971191,-1.0156805515289307,-1.342875361442566,-1.3876566886901855,-1.3424782752990723,-1.166329264640808,-1.094330072402954,-1.1729668378829956,-1.343751311302185,-1.270950198173523,-1.3256494998931885,-1.2781128883361816,-1.2396776676177979,-1.1921658515930176,-1.1868926286697388,-1.4957975149154663,-1.1708157062530518,-1.2918572425842285,-1.0145437717437744,-1.2607234716415405,-1.1161423921585083,-0.9608976244926453,-1.2762417793273926,-1.1618151664733887,-1.3033392429351807,-1.2407770156860352,-1.2277214527130127,-1.0988837480545044,-1.2117063999176025,-0.4847809076309204,-1.310116171836853,-1.294085144996643,-1.221187949180603,-2.374713897705078,-1.1747461557388306,-1.3452847003936768,-1.6701124906539917,-0.9393982291221619,-1.4239349365234375
5546.0,110.91900000000004,5.735197850425383,312.1480301098238,386.5460127909927,430659.0850156486,5.844717929065164,312.20779459738554,386.5459900000001,430754.7794840002,8.369984913487048,4.698096132780799,-0.0007628470180746,19200.000000000007,0.0007726558957993,-0.0014621224689137,-2.2790992591859787e-05,0.0,8.375019723576111,-4.151418631873273,4.670656604071502,-1.340405805271352,-0.0056007029787051,0.9809308127072096,19200.377441698416,73.04830089067623,0.002,-3.1672759967034434,-2.173567238164975,-0.9460193893766132,6.0,10.0,180.0,-1.298858714362206,-5.427403653691596,-0.1547956194668854,-3.2612880409780063,638.31664783287,-400.0224333417112,167.17716353541172,753.4427163933206,580.6500000000001,-1.298858714362206,-1.12953782081604,-1.2414979934692383,-1.0375852584838867,-1.3450219631195068,-1.3650360107421875,-1.3435189723968506,-1.1508533954620361,-1.0764572620391846,-1.1596163511276245,-1.3178956508636475,-1.2612650394439697,-1.319870948791504,-1.2636611461639404,-1.226027250289917,-1.161149024963379,-1.159473180770874,-1.489283561706543,-1.205031156539917,-1.2803879976272583,-1.0080530643463135,-1.2468572854995728,-1.1035536527633667,-0.9550626873970032,-1.2583976984024048,-1.165013313293457,-1.2872319221496582,-1.2572799921035767,-1.2387988567352295,-1.1080728769302368,-1.2421786785125732,-0.5515955090522766,-1.3039579391479492,-1.279489278793335,-1.251292109489441,-2.1475610733032227,-1.1454068422317505,-1.3405709266662598,-1.660438895225525,-0.8238308429718018,-1.5103682279586792
5547.0,110.93900000000004,5.902278666917364,312.2422502120356,386.54595018408486,431043.0887021398,6.010953152266219,312.3038611117589,386.5459900000001,431138.7794840002,8.304623896892826,4.82345869010963,0.001324121241213,19200.000000000007,0.0007680662688445,-0.0010866125029678,3.9815915320959e-05,0.0,8.357204707712633,1.7617427717955958,4.787630460492929,6.950922205985035,-0.0053671488102755,5.25063341583432,19200.238265835225,-68.60564211145274,0.002,-3.185199879855108,-2.07535084043256,-0.9084540397379488,6.0,10.0,180.0,-1.26756495809463,-5.492748313434819,-0.1582255384945632,-3.225392280473521,643.796823916435,-392.2527166708557,167.31658176770586,754.0103581966603,574.8000000000001,-1.26756495809463,-1.151206135749817,-1.2827985286712646,-1.017019271850586,-1.3621721267700195,-1.3993526697158813,-1.3490242958068848,-1.1629140377044678,-1.079096794128418,-1.171603798866272,-1.3711258172988892,-1.2932020425796509,-1.3453240394592285,-1.2917420864105225,-1.2553229331970215,-1.1934552192687988,-1.2002711296081543,-1.5090771913528442,-1.1768791675567627,-1.312750220298767,-1.0169473886489868,-1.2743138074874878,-1.1081949472427368,-0.9636135697364807,-1.2752795219421387,-1.1731590032577515,-1.3008135557174683,-1.2632371187210083,-1.227238416671753,-1.095240831375122,-1.2102158069610596,-0.5387498736381531,-1.333743929862976,-1.3106075525283813,-1.2726551294326782,-2.4541594982147217,-1.1875470876693726,-1.370910406112671,-1.7115339040756226,-0.9203868508338928,-1.5103888511657715
5548.0,110.95900000000006,6.068259640057638,312.3390662175333,386.5459903719863,431427.0884963773,6.17586857455334,312.40217572500944,386.5459900000001,431522.7794840002,8.23107686863344,4.93671542924409,-6.485756446316434e-06,19200.000000000007,0.0005639205770944,-0.0010472051541004,-3.7198612614875933e-07,0.0,8.221944247614198,-4.273549016185164,4.889899786366031,5.082730695507341,0.0073301545790684,0.3002210660410455,19199.96357974383,12.830907493792004,0.002,-3.266800824621685,-1.9906389739838064,-0.921814951510488,6.0,10.0,180.0,-1.2582809620762283,-5.490642998946482,-0.1538181793692585,-3.22482372052671,648.3349119582175,-382.9218583354278,167.11279088385294,753.1076790983302,570.6750000000001,-1.2582809620762283,-1.1209877729415894,-1.2376766204833984,-1.0040812492370605,-1.3402376174926758,-1.365352988243103,-1.329962134361267,-1.1460579633712769,-1.0595221519470215,-1.1495245695114136,-1.332497000694275,-1.265007734298706,-1.3206052780151367,-1.263350009918213,-1.2291874885559082,-1.1829981803894043,-1.1730928421020508,-1.4949358701705933,-1.1635797023773193,-1.282148838043213,-1.0040966272354126,-1.2281337976455688,-1.1041141748428345,-0.946540892124176,-1.2489944696426392,-1.1564221382141113,-1.2751144170761108,-1.23269784450531,-1.2113258838653564,-1.093501091003418,-1.2089383602142334,-0.5252786874771118,-1.3129613399505615,-1.2849464416503906,-1.2377158403396606,-2.35797381401062,-1.1702907085418701,-1.3492486476898193,-1.6646019220352173,-0.8824791312217712,-1.5239927768707275
5549.0,110.97900000000004,6.232376761301682,312.43827385398254,386.54599303794186,431811.0906787699,6.339434500136393,312.502720039657,386.5459900000001,431906.7794840002,8.173804611906823,5.044073222872453,-0.0001350214266145,19200.000000000007,0.0008931261181224,-0.0011576227850055,-3.037941736003769e-06,0.0,8.220467288838211,0.013852192523633,5.030476527887852,0.9060623432056172,0.0019497541803923,0.5560410869653852,19200.153468829994,-25.78695679433426,0.002,-3.278284998916899,-1.9826036747086564,-0.9303309090107896,6.0,10.0,180.0,-1.2758906680120397,-5.465808064097002,-0.1552681299132669,-3.205342850041656,654.3309559791087,-374.2104291677139,167.30989544192647,753.9203395491651,562.6500000000001,-1.2758906680120397,-1.1483306884765625,-1.281874656677246,-1.0355693101882935,-1.3733046054840088,-1.4044222831726074,-1.3628737926483154,-1.1573054790496826,-1.0779203176498413,-1.1671802997589111,-1.3688340187072754,-1.2968295812606812,-1.358548641204834,-1.293696403503418,-1.2625658512115479,-1.1949342489242554,-1.2047531604766846,-1.509212613105774,-1.2075636386871338,-1.312960147857666,-1.0180892944335938,-1.2549453973770142,-1.1060514450073242,-0.9599772095680237,-1.2754477262496948,-1.1738790273666382,-1.3034418821334839,-1.26935875415802,-1.2394213676452637,-1.1088628768920898,-1.228750467300415,-0.5751857161521912,-1.350661277770996,-1.3249510526657104,-1.2877745628356934,-2.3682987689971924,-1.1815179586410522,-1.3829352855682373,-1.7157747745513916,-0.8731085658073425,-1.5316202640533447
5550.0,110.99900000000002,6.395703331571943,312.5396090155547,386.54598820306137,432195.09078681393,6.5016199251877325,312.6054756556625,386.5459900000001,432290.7794840002,8.096037484227299,5.153664525759911,6.002955626800504e-05,19200.000000000007,0.0006526777374766,-0.0011725636751393,1.7969387405253455e-06,0.0,8.111037576242989,-5.069677283502475,5.110122274040998,9.154290055377968,0.0044016119449461,-0.5560415269055449,19200.01639431909,-8.577233430888555,0.002,-3.3535945345034497,-1.924261644243064,-0.9141418996792866,6.0,10.0,180.0,-1.247097249307792,-5.501559052798958,-0.1567296432135924,-3.205878412532711,658.6729779895543,-365.45821458385694,167.19544772096322,753.4001697745825,560.325,-1.247097249307792,-1.117502212524414,-1.2326185703277588,-0.9801432490348816,-1.3381658792495728,-1.364126443862915,-1.3170976638793945,-1.1398682594299316,-1.0442426204681396,-1.1411588191986084,-1.342586636543274,-1.2676814794540405,-1.3225278854370117,-1.2626233100891113,-1.2320139408111572,-1.1998858451843262,-1.182926058769226,-1.49625825881958,-1.1333293914794922,-1.2829525470733643,-1.0002517700195312,-1.2099510431289673,-1.104201078414917,-0.9397110939025879,-1.2410011291503906,-1.1511712074279785,-1.2653228044509888,-1.2151576280593872,-1.191563606262207,-1.0882184505462646,-1.1862363815307617,-0.5444165468215942,-1.3216233253479004,-1.2900220155715942,-1.2294273376464844,-2.5171687602996826,-1.1881147623062134,-1.3572454452514648,-1.6688929796218872,-0.919313907623291,-1.544280767440796
5551.0,111.01900000000003,6.557083308810751,312.6431417929022,386.5460233989978,432579.091650474,6.662395546752213,312.71042367037006,386.5459900000001,432674.7794840002,8.035305862091912,5.262553448469619,-0.0011116713870265,19200.000000000007,0.0009680211074996,-0.0011800270780463,-3.339899773474284e-05,0.0,8.043480003356766,-4.644124814994524,5.228569891660688,0.8545596053597844,0.0017248320388942,-2.924952264752611,19200.170763125952,-25.74822161373345,0.002,-3.37234620013619,-1.9320009399311755,-0.9362547421099132,6.0,10.0,180.0,-1.3051815642498286,-5.4263280513782295,-0.1557468460572627,-3.205357237301416,663.4699889947772,-356.3466072919285,167.16672386048162,753.2480848872913,550.8000000000001,-1.3051815642498286,-1.1231334209442139,-1.2486236095428467,-1.0158700942993164,-1.3585128784179688,-1.3791637420654297,-1.3434715270996094,-1.1453545093536377,-1.0537681579589844,-1.1451410055160522,-1.348114013671875,-1.2802975177764893,-1.344591736793518,-1.2738664150238037,-1.2469052076339722,-1.1966781616210938,-1.1918787956237793,-1.5059200525283813,-1.1857165098190308,-1.2933337688446045,-1.007565975189209,-1.2109912633895874,-1.1012029647827148,-0.9440498352050781,-1.2513537406921387,-1.1595282554626465,-1.2800581455230713,-1.2412829399108887,-1.221074104309082,-1.1042351722717285,-1.2171905040740967,-0.5926769971847534,-1.3436567783355713,-1.3114466667175293,-1.2657150030136108,-2.379220724105835,-1.1774173974990845,-1.3745684623718262,-1.6892893314361572,-0.8533423542976379,-1.5693340301513672
5552.0,111.03900000000004,6.717339066059813,312.7488196354558,386.5460038595415,432963.09093959705,6.821731468773214,312.8175444843581,386.5459900000001,433058.7794840002,7.963238192259783,5.371805976874199,-0.0004625814685471,19200.000000000007,0.0009875888086059,-0.0011474624514216,-1.3859541382793664e-05,0.0,7.991700315988362,-2.993376287783594,5.353281769819803,5.1960759982356,-0.0046535604126648,-2.75048529388492,19199.775473500667,-60.06972860379763,0.002,-3.38390910728749,-1.91297491021013,-0.9398126290738026,6.0,10.0,180.0,-1.2924679165605828,-5.509670393917023,-0.1581821005240244,-3.2171937575264367,668.7319944973885,-347.16180364596426,167.26036193024083,753.6175424436456,557.9250000000001,-1.2924679165605828,-1.1337858438491821,-1.2574483156204224,-1.002053141593933,-1.3623861074447632,-1.396491289138794,-1.3406270742416382,-1.1497083902359009,-1.0546605587005615,-1.1503679752349854,-1.3661152124404907,-1.2857224941253662,-1.3468241691589355,-1.2781749963760376,-1.2509431838989258,-1.2038443088531494,-1.20106840133667,-1.5108680725097656,-1.1706695556640625,-1.2987215518951416,-1.0093998908996582,-1.2216860055923462,-1.1050859689712524,-0.9444988369941711,-1.2571704387664795,-1.1598490476608276,-1.279334306716919,-1.2361563444137573,-1.2096140384674072,-1.0993460416793823,-1.2016040086746216,-0.5761731266975403,-1.3491578102111816,-1.3189071416854858,-1.2575790882110596,-2.4576356410980225,-1.1968175172805786,-1.3808741569519043,-1.6953704357147217,-0.9248811602592468,-1.511925220489502
5553.0,111.05900000000004,6.87624134233009,312.8568852163086,386.54599693068974,433347.0871465114,6.979598493687431,312.9268191009518,386.5459900000001,433442.7794840002,7.8864815789937,5.472685322636378,-0.0002369505968514,19200.000000000007,0.0009102359072263,-0.0013358338529612,-6.930689593803387e-06,0.0,7.893550698400425,-5.300316257570477,5.4418641907437335,0.308570828901491,-0.009280998709427,1.1062776977881112,19199.96417092278,-4.301422373989908,0.002,-3.4027855172508965,-1.855640903875769,-0.9235949842157516,6.0,10.0,180.0,-1.3393969841092876,-5.522758491334796,-0.1577088887344275,-3.2397890667470293,672.9629972486943,-338.0209018229821,167.17468096512042,753.2242712218228,556.1250000000001,-1.3393969841092876,-1.1262344121932983,-1.2480335235595703,-1.0096640586853027,-1.366041898727417,-1.3863205909729004,-1.3401179313659668,-1.148360252380371,-1.0392327308654785,-1.1413888931274414,-1.357831597328186,-1.2826225757598877,-1.343706727027893,-1.2698400020599365,-1.243134617805481,-1.1843736171722412,-1.1862012147903442,-1.5155645608901978,-1.1862728595733643,-1.2943754196166992,-1.0052809715270996,-1.2180753946304321,-1.0952914953231812,-0.9390982389450073,-1.2447991371154785,-1.16184663772583,-1.2663320302963257,-1.2476465702056885,-1.214633822441101,-1.0987775325775146,-1.2141309976577759,-0.6701674461364746,-1.3478569984436035,-1.3108049631118774,-1.2824383974075317,-2.3394222259521484,-1.184236764907837,-1.3812522888183594,-1.6950172185897827,-0.8662396669387817,-1.5693343877792358
5554.0,111.07900000000004,7.033709271803005,312.96677389221884,386.5459687944525,433731.0867790024,7.135967518293201,313.03822631905706,386.5459900000001,433826.7794840002,7.806794176918818,5.583317480296531,0.0006735644070272,19200.000000000007,0.0007884247598769,-0.001201291398218,2.120554757980751e-05,0.0,7.859152818167044,-5.131459093964801,5.523877548117625,6.530005357031068,0.011472920212438,3.656795418314317,19199.70760754467,-73.01443687653587,0.002,-3.3831620823531248,-1.797405347654598,-0.9174175860945256,6.0,10.0,180.0,-1.2852342255827425,-5.52092999501105,-0.1557805750245028,-3.2581947674824456,676.9204986243471,-330.36795091149105,167.21084048256023,753.3546356109114,556.2000000000002,-1.2852342255827425,-1.1235970258712769,-1.2442644834518433,-0.9803648591041565,-1.3596608638763428,-1.384082555770874,-1.3225669860839844,-1.143383264541626,-1.0259535312652588,-1.1373324394226074,-1.3675419092178345,-1.2827324867248535,-1.3375201225280762,-1.2671458721160889,-1.2406814098358154,-1.1940261125564575,-1.189629077911377,-1.5127679109573364,-1.1466350555419922,-1.294466257095337,-1.0011868476867676,-1.2159820795059204,-1.0954991579055786,-0.9351283311843872,-1.237823724746704,-1.1580537557601929,-1.2540796995162964,-1.2321269512176514,-1.1920900344848633,-1.0870616436004639,-1.1862330436706543,-0.6383225917816162,-1.3461344242095947,-1.3061589002609253,-1.2706260681152344,-2.4932940006256104,-1.2022582292556763,-1.3820109367370605,-1.696560025215149,-0.923929750919342,-1.5739688873291016
5555.0,111.09900000000005,7.18951220545693,313.0785975961852,386.54598951583176,434115.0883873437,7.290809539774902,313.1517466367196,386.5459900000001,434210.7794840002,7.730904217809053,5.699279692049294,2.088609019998593e-05,19200.000000000007,0.0008234126305678,-0.0008757725910099,4.841683994938126e-07,0.0,7.726547690446163,-6.894084819782615,5.646734340988518,7.066049896269524,-0.0019463648580415,1.0996696990425932,19200.051116733222,21.49160208595248,0.002,-3.47002893851572,-1.705140118572302,-0.910311293329291,6.0,10.0,180.0,-1.3134951210483217,-5.61138170642364,-0.1577432006521695,-3.241240457074123,681.0917493121735,-320.2114754557456,167.07592024128013,752.7488178054557,554.6250000000001,-1.3134951210483217,-1.11366868019104,-1.2292869091033936,-0.9695825576782227,-1.3530657291412354,-1.377465009689331,-1.3132781982421875,-1.13845694065094,-1.0163805484771729,-1.1273515224456787,-1.3599967956542969,-1.272882342338562,-1.328991174697876,-1.2560138702392578,-1.2308189868927002,-1.193117618560791,-1.1826841831207275,-1.5085031986236572,-1.1361567974090576,-1.2830913066864014,-0.9956409931182861,-1.1968029737472534,-1.0938218832015991,-0.9268210530281067,-1.2273576259613037,-1.1489890813827515,-1.2419418096542358,-1.2157727479934692,-1.1817158460617065,-1.083481788635254,-1.1781738996505737,-0.6646527647972107,-1.3413554430007935,-1.2997971773147583,-1.2542308568954468,-2.491912603378296,-1.2021197080612183,-1.376098871231079,-1.6793214082717896,-0.9309582710266113,-1.558069109916687
5556.0,111.11900000000004,7.343588167335828,313.1930658313223,386.5460353169605,434499.0892530625,7.444096258511543,313.26735805439523,386.5459900000001,434594.7794840002,7.65991575785589,5.796206205752844,-0.001505485483723,19200.000000000007,0.0010483801121247,-0.0010895896159518,-4.531696032287564e-05,0.0,7.67358547728905,-4.638255547957556,5.771497898080698,8.913587650066997,0.0031814186974057,-0.981406244070578,19199.912610171566,0.0386598765291807,0.002,-3.4863623013034126,-1.623599343525575,-0.9089318532428424,6.0,10.0,180.0,-1.3236766951103494,-5.53464039461907,-0.158706587805616,-3.236132326967494,685.8978746560867,-310.3777377278727,167.14246012064007,753.0039089027279,552.8250000000002,-1.3236766951103494,-1.1252408027648926,-1.2456629276275635,-0.9685119390487671,-1.363107442855835,-1.396856427192688,-1.3200013637542725,-1.1417086124420166,-1.0233532190322876,-1.1336605548858643,-1.3798314332962036,-1.2840793132781982,-1.341752529144287,-1.2667911052703857,-1.243610143661499,-1.206559419631958,-1.200207233428955,-1.5110424757003784,-1.136587142944336,-1.2933980226516724,-1.0012638568878174,-1.20246160030365,-1.0976613759994507,-0.9294090867042542,-1.2379586696624756,-1.1506235599517822,-1.2511857748031616,-1.2168041467666626,-1.180161952972412,-1.0853532552719116,-1.171043872833252,-0.6721954345703125,-1.357231855392456,-1.317764401435852,-1.2561079263687134,-2.561439275741577,-1.2179473638534546,-1.3893578052520752,-1.6949411630630493,-0.9761880040168762,-1.5202863216400146
5557.0,111.139,7.496408312870352,313.3094718116509,386.545987233496,434883.0875956297,7.595799678585354,313.3850402710732,386.5459900000001,434978.7794840002,7.577215490836207,5.89694351160272,5.976587950001344e-05,19200.000000000007,0.0009636637110916,-0.0011568545670796,2.766504183860543e-06,0.0,7.599138919674038,-5.867960818671429,5.865247532414652,6.532648509110604,0.0009736210503359,-1.6432936645227898,19199.980931082453,115.88785128199623,0.002,-3.469033262085756,-1.5273288841530763,-0.9066475535734404,6.0,10.0,180.0,-1.3192627457964958,-5.541961064612348,-0.1601458265089554,-3.2392174075133333,690.0929373280434,-301.1303688639364,167.16523006032003,753.0759544513639,560.4000000000001,-1.3192627457964958,-1.126131296157837,-1.238326072692871,-0.9740082621574402,-1.365354061126709,-1.3993778228759766,-1.3223602771759033,-1.1467442512512207,-1.0214232206344604,-1.1325181722640991,-1.3736963272094727,-1.278262734413147,-1.3370225429534912,-1.2595021724700928,-1.236580491065979,-1.1939795017242432,-1.1899315118789673,-1.5123167037963867,-1.1497726440429688,-1.286635398864746,-0.999833345413208,-1.2025508880615234,-1.0960475206375122,-0.9254366755485535,-1.2354731559753418,-1.1498034000396729,-1.2446376085281372,-1.2192574739456177,-1.1831591129302979,-1.0870702266693115,-1.1799263954162598,-0.6942435503005981,-1.354317307472229,-1.3141154050827026,-1.2549998760223389,-2.432108163833618,-1.213449239730835,-1.3867626190185547,-1.6847202777862549,-0.9759888052940369,-1.486887812614441
5558.0,111.15900000000003,7.647387685049631,313.42757459338424,386.545992236191,435267.09143161343,7.745890803790337,313.50477098575817,386.5459900000001,435362.7794840002,7.501360136996661,6.008795564377729,-0.0001056009213669,19200.000000000007,0.0011263125903281,-0.0008577169103997,-2.23619091377716e-06,0.0,7.496556984976647,-4.14273658617158,5.948969487084634,10.43819900697415,0.0029193738925582,0.5498547182640501,19200.066976596463,-42.92804463086144,0.002,-3.4726371356318584,-1.4836297298207866,-0.9186434368704126,6.0,10.0,180.0,-1.3681200909409317,-5.586039396597191,-0.1615950661349976,-3.23152523312429,693.5414686640217,-291.8286844319682,167.05411503016,752.575477225682,558.8250000000002,-1.3681200909409317,-1.1286232471466064,-1.2461457252502441,-0.9571279287338257,-1.3675496578216553,-1.4015496969223022,-1.3152225017547607,-1.1411809921264648,-1.0138647556304932,-1.130019187927246,-1.391918659210205,-1.2857894897460938,-1.3407213687896729,-1.263443946838379,-1.2412045001983643,-1.2018072605133057,-1.2001588344573975,-1.5067137479782104,-1.1298208236694336,-1.2934999465942383,-0.9999619126319885,-1.206691861152649,-1.0940650701522827,-0.923543393611908,-1.2332125902175903,-1.147310495376587,-1.2410087585449219,-1.2142099142074585,-1.16910719871521,-1.0773345232009888,-1.1598204374313354,-0.7371021509170532,-1.3622980117797852,-1.3205326795578003,-1.2589805126190186,-2.5508577823638916,-1.23046875,-1.3949028253555298,-1.6981176137924194,-1.021801233291626,-1.484187364578247
5559.0,111.17900000000004,7.796958511554848,313.5479906176822,386.5460410865633,435651.0930636013,7.894342730425924,313.6265286011509,386.5459900000001,435746.7794840002,7.417036647564818,6.110452695340117,-0.0017025523914146,19200.000000000007,0.0010762005336996,-0.0008312206842658,-5.108656315309027e-05,0.0,7.445060113390092,-2.1324051202117285,6.110827086956507,7.693266101585178,-0.0043969225576233,-5.370036567436484,19200.2563788221,68.6122894334591,0.002,-3.496367288477293,-1.423697412782949,-0.9090134357759636,6.0,10.0,180.0,-1.2973793430904592,-5.586506922315613,-0.1635597432277604,-3.196623766752152,698.7522343320109,-281.31234221598413,167.25655751508,753.4127386128409,557.1000000000001,-1.2973793430904592,-1.1452744007110596,-1.266719102859497,-0.9784978628158569,-1.3797482252120972,-1.4215378761291504,-1.3373476266860962,-1.1514583826065063,-1.0324662923812866,-1.141392707824707,-1.4071087837219238,-1.2967839241027832,-1.3596266508102417,-1.27628755569458,-1.2570984363555908,-1.2110098600387573,-1.2171664237976074,-1.5187491178512573,-1.1610438823699951,-1.3032054901123047,-1.0091068744659424,-1.2113934755325317,-1.1010847091674805,-0.9283362030982971,-1.252294659614563,-1.151991367340088,-1.2603589296340942,-1.2244209051132202,-1.1840205192565918,-1.0912439823150635,-1.1759827136993408,-0.7396563291549683,-1.3827930688858032,-1.3455153703689575,-1.2647451162338257,-2.4962782859802246,-1.236037254333496,-1.4099700450897217,-1.7105218172073364,-1.0362564325332642,-1.4208402633666992
5560.0,111.19900000000004,7.944847341134585,313.67041074308224,386.546007851765,436035.0968039874,8.041128302031636,313.7502900692731,386.5459900000001,436130.7794840002,7.332477875504748,6.211488785138389,-0.0005916149131882,19200.000000000007,0.0010592878973211,-0.000790030539436,-1.785176494796056e-05,0.0,7.331314475582928,-3.30014543016554,6.152604523715072,3.843634123646488,-0.0107455634071552,0.4254798766637584,19200.17188277391,8.535671170035153,0.002,-3.5598061996417214,-1.334747287388948,-0.8908386298891838,6.0,10.0,180.0,-1.3589365699754177,-5.652814023699599,-0.1635815985329559,-3.165829101013492,701.6111171660054,-272.28417110799205,167.10227875754,752.7318693064205,555.3750000000001,-1.3589365699754177,-1.138741374015808,-1.2625560760498047,-0.9826917052268982,-1.3860660791397095,-1.4092084169387817,-1.3353768587112427,-1.1493163108825684,-1.015486717224121,-1.1318594217300415,-1.4052221775054932,-1.2977614402770996,-1.3583626747131348,-1.2708901166915894,-1.2517542839050293,-1.1922259330749512,-1.206474781036377,-1.5277256965637207,-1.1721165180206299,-1.3029255867004395,-1.0061395168304443,-1.2138538360595703,-1.0909173488616943,-0.9238773584365845,-1.2398227453231812,-1.1535065174102783,-1.2452888488769531,-1.2377978563308716,-1.1862380504608154,-1.085925817489624,-1.1812891960144043,-0.8180038928985596,-1.3836439847946167,-1.3395795822143555,-1.2960480451583862,-2.4046103954315186,-1.2276719808578491,-1.4129948616027832,-1.7181116342544556,-0.9888726472854614,-1.4854378700256348
5561.0,111.21900000000004,8.091242286867981,313.79452354643246,386.5459814412166,436419.0975074358,8.186221420373846,313.87603482155043,386.5459900000001,436514.7794840002,7.240603785878102,6.321611097899,0.0002872831272148,19200.000000000007,0.000860077242499,-0.0004448117973241,8.558783565921295e-06,0.0,7.298213589288396,-3.4100965379800607,6.2601202813475085,3.912382072589293,0.0019684521795454,3.051002438384375,19200.017008764506,73.04679804775239,0.002,-3.6178718119448,-1.2972412806607485,-0.9045750418442988,6.0,10.0,180.0,-1.291548608617623,-5.6748183106271375,-0.1660267732601482,-3.166399725393965,705.3080585830028,-263.875585553996,167.21163937877,753.1789346532103,563.0250000000001,-1.291548608617623,-1.14455246925354,-1.2636836767196655,-0.9804741740226746,-1.3905949592590332,-1.4127410650253296,-1.3347313404083252,-1.1535757780075073,-1.0108848810195923,-1.1345415115356445,-1.4105229377746582,-1.2978706359863281,-1.3558268547058105,-1.2683392763137817,-1.2488707304000854,-1.1826969385147095,-1.2012102603912354,-1.5272834300994873,-1.1724470853805542,-1.3028701543807983,-1.0054056644439697,-1.2246153354644775,-1.0910450220108032,-0.9232792258262634,-1.2391126155853271,-1.156237244606018,-1.2408870458602905,-1.2436914443969727,-1.184952974319458,-1.0839407444000244,-1.1818592548370361,-0.8583862781524658,-1.3830878734588623,-1.336442470550537,-1.30256986618042,-2.358440637588501,-1.23127281665802,-1.4144539833068848,-1.7190459966659546,-1.0056840181350708,-1.4694536924362183
5562.0,111.23900000000005,8.235646113351194,313.92125587095904,386.54599818604936,436803.0979004766,8.329595331127383,314.0037395118359,386.5459900000001,436898.7794840002,7.156895228525306,6.409052113892473,-0.0002704505766796,19200.000000000007,0.0009511895795676,-0.0007437901508106,-8.186049213544243e-06,0.0,7.137793717752187,-3.356325728919189,6.416228707725926,0.1283974342220478,-0.006355538502975,4.149906455629527,19200.168859315985,-77.13798813515142,0.002,-3.604298136307012,-1.289227064870676,-0.9089456190595616,6.0,10.0,180.0,-1.330990616577215,-5.658233252713109,-0.1704140385919649,-3.1659300442135296,709.6715292915014,-251.412792776998,167.192319689385,753.0679673266052,554.1000000000001,-1.330990616577215,-1.1434340476989746,-1.270678997039795,-0.9901854395866394,-1.3985037803649902,-1.4081885814666748,-1.3412165641784668,-1.1528022289276123,-1.0030187368392944,-1.1291632652282715,-1.418860673904419,-1.3035192489624023,-1.3645036220550537,-1.2696211338043213,-1.252479076385498,-1.176727294921875,-1.2037773132324219,-1.540629506111145,-1.189026117324829,-1.3067682981491089,-1.0063468217849731,-1.220668911933899,-1.0863444805145264,-0.9209753274917603,-1.235278844833374,-1.156508445739746,-1.2380462884902954,-1.2533332109451294,-1.190971851348877,-1.0859150886535645,-1.1882519721984863,-0.9757469892501831,-1.395317792892456,-1.3435217142105103,-1.3294343948364258,-2.3280508518218994,-1.2280620336532593,-1.424312710762024,-1.7299236059188843,-0.9637883305549622,-1.510748028755188
5563.0,111.259,8.37805485436327,314.049928014358,386.5459708841229,437187.0942099714,8.47121951119088,314.13337964742493,386.5459900000001,437282.7794840002,7.080597365465302,6.495630794571634,0.0006407741344543,19200.000000000007,0.0013072919267329,-0.0010307605523351,1.91158771877654e-05,0.0,7.121525044505366,0.3567332025704631,6.483559808795742,2.437752898146888,0.00610670805354,2.437355116660541,19199.790927746777,47.13225759367776,0.002,-3.610458937281509,-1.2352161280710023,-0.9107838060122326,6.0,10.0,180.0,-1.388126215566004,-5.619659419413459,-0.1650312671885712,-3.1930730750385097,713.2532646457507,-242.834396388499,167.3226598446925,753.6039836633026,552.3750000000001,-1.388126215566004,-1.1605054140090942,-1.294635534286499,-0.992218554019928,-1.4066243171691895,-1.4266016483306885,-1.3524491786956787,-1.153827428817749,-1.0154991149902344,-1.1397643089294434,-1.4454728364944458,-1.3211543560028076,-1.3832080364227295,-1.287180781364441,-1.2722628116607666,-1.1942942142486572,-1.2285997867584229,-1.544455647468567,-1.1918761730194092,-1.32389235496521,-1.0144915580749512,-1.2344698905944824,-1.0923370122909546,-0.926971971988678,-1.25174081325531,-1.162312626838684,-1.2537226676940918,-1.260071873664856,-1.191359281539917,-1.088204264640808,-1.1819828748703003,-0.9518811702728271,-1.4166550636291504,-1.3687573671340942,-1.336504340171814,-2.4007503986358643,-1.2479342222213745,-1.442556619644165,-1.7564631700515747,-1.022635817527771,-1.4670484066009521
5564.0,111.27900000000004,8.519360927712224,314.1802407965484,386.5459999633203,437571.0961920954,8.611068586867784,314.26493094810087,386.5459900000001,437666.7794840002,6.981257229850398,6.590509987379592,-0.0003325984866735,19200.000000000007,0.0010063257808085,-0.0010319790245817,-9.963320524164543e-06,0.0,7.008955259807633,-4.091532712547582,6.545133644638442,9.338170197194264,0.0105061648409789,-0.1119744102632651,19200.240028963686,-30.164602121010432,0.002,-3.6062467461963736,-1.1852405117673983,-0.8873221273032649,6.0,10.0,180.0,-1.339873406158759,-5.641639893182683,-0.1654996950290269,-3.1859097860105314,715.6841323228754,-234.09219819424948,167.21482992234627,753.1234918316513,550.6500000000002,-1.339873406158759,-1.1298854351043701,-1.2493568658828735,-0.9451704025268555,-1.3740471601486206,-1.4011653661727905,-1.3131706714630127,-1.1419841051101685,-0.9879482984542847,-1.1162347793579102,-1.4191776514053345,-1.2916676998138428,-1.3500757217407227,-1.257063627243042,-1.2427234649658203,-1.2011336088180542,-1.2074633836746216,-1.5232287645339966,-1.1278808116912842,-1.293501377105713,-0.9982084035873413,-1.1913435459136963,-1.0876110792160034,-0.9073492884635925,-1.2218353748321533,-1.1394503116607666,-1.2249027490615845,-1.2102755308151245,-1.1533961296081543,-1.0713969469070435,-1.1485483646392822,-0.9301479458808899,-1.3891080617904663,-1.3368746042251587,-1.278700828552246,-2.5097146034240723,-1.251076340675354,-1.416583776473999,-1.7109791040420532,-1.0659469366073608,-1.4618380069732666
5565.0,111.29900000000002,8.658541374772827,314.3124072518161,386.5460088392738,437955.09613842017,8.74741108628599,314.3966785144575,386.5459900000001,438050.7794840002,6.336454418340415,6.134628504137846,-0.0006561893789675,19200.000000000007,0.0010486249652712,-0.0009845161688218,-1.8839275544896027e-05,0.0,6.888326523446954,-23.62912046502881,6.617901243899295,-21.18292278554827,0.004624323971607,-4.1566098223326495,19200.12096020429,4.300763319349332,0.002,-2.5073777943004547,-1.5496552986006933,-0.7129949489059413,6.0,10.0,180.0,-1.2998435721258406,-5.572276572412424,-0.1655010325545246,-3.17876634862892,717.7220661614376,-224.7050990971248,167.00341496117312,752.1997459158256,555.3000000000002,-1.2998435721258406,-1.065956711769104,-1.136934757232666,-1.013533592224121,-1.3484551906585693,-1.3324304819107056,-1.3138452768325806,-1.1306560039520264,-0.9507865905761719,-1.0730663537979126,-1.2799240350723267,-1.2099605798721313,-1.2869257926940918,-1.1703550815582275,-1.1589055061340332,-1.0790557861328125,-1.0824012756347656,-1.5457640886306763,-1.2292699813842773,-1.2063251733779907,-0.9562826156616211,-1.1504555940628052,-1.0821630954742432,-0.8752838969230652,-1.1578298807144165,-1.1193352937698364,-1.186116099357605,-1.2114920616149902,-1.2265337705612183,-1.1156913042068481,-1.2207238674163818,-1.5254175662994385,-1.3245487213134766,-1.250388503074646,-1.2795487642288208,-1.4832689762115479,-1.1288501024246216,-1.3533421754837036,-1.5889917612075806,-0.7136927843093872,-1.5863022804260254
5566.0,111.31900000000005,8.773673712372325,314.42030058813816,386.5460664046525,438339.1011007248,8.833538438057516,314.480859776006,386.5459900000001,438434.7794840002,2.956988648424669,2.690795742317309,-0.0025466816107654,19200.000000000007,0.0134137407379565,0.015345798440435,-7.6404651171741e-05,0.0,3.706017534958269,-240.00281329097385,3.426050177281865,-186.655582361763,0.007821523974448,-2.137892615855137,19200.72049632824,60.1708096541315,0.002,-1.8614936000190807,-1.5546606874590496,-0.5889113008978395,6.0,10.0,180.0,0.028869026259867,-4.720657585435267,-0.1709152706846461,-3.146419371613262,617.7585330807187,-232.17304954856235,144.81920748058656,661.3803729579129,553.6500000000001,0.028869026259867,0.12661737203598022,0.2493268847465515,0.10021166503429413,0.05014476925134659,0.0927344560623169,0.0044504255056381226,-0.4407753646373749,0.37945905327796936,0.03366672992706299,-0.1049150675535202,0.060100674629211426,-0.056390032172203064,0.15288668870925903,0.22188404202461243,1.0773816108703613,0.3681517243385315,-1.7688672542572021,-0.8117763996124268,0.1687697172164917,0.10975886136293411,0.44167399406433105,0.04618842154741287,0.3230936825275421,0.11324603110551834,0.8541734218597412,0.8150563836097717,-0.08345091342926025,-0.8525271415710449,0.10091310739517212,-0.24136008322238922,-1.4148764610290527,-0.22541025280952454,-0.1447855830192566,-0.6511245965957642,1.3899850845336914,0.036347102373838425,-0.3442690372467041,-0.13313372433185577,1.6452422142028809,-2.4198200702667236
5567.0,111.33900000000004,8.82966765698006,314.46397199805307,386.5463545040557,438723.1402258541,8.890024552353378,314.4998793976057,386.5459900000001,438818.7794840002,4.905113754166344,1.0367285214100816,-0.0121528126422892,19200.000000000007,0.020677406924461,0.0284605850554698,-0.0003645040280963,0.0,3.600769803009043,202.34514002666631,1.3407080708400854,-77.32952063995839,0.000220571083255,-0.2441420423956067,19202.761634555565,-64.30907846722327,0.002,-2.5169993151033463,-2.143375804720407,-0.798265020695386,6.0,10.0,180.0,-1.978521243968496,-5.178692343270073,-0.2129406007004474,-2.79518885626442,474.20176654035936,-311.57902477428115,126.17060374029327,586.7151864789564,554.3250000000002,-1.978521243968496,-1.6416893005371094,-1.959588646888733,-1.697695016860962,-1.9695422649383545,-2.110678195953369,-1.936768889427185,-1.208843469619751,-1.6361438035964966,-1.404358148574829,-2.130486488342285,-1.9075204133987427,-2.006877899169922,-1.8137271404266357,-1.7746376991271973,-0.815818190574646,-1.7468352317810059,-1.7343155145645142,-1.86042320728302,-1.884407639503479,-1.114895224571228,-1.9827865362167358,-1.1678637266159058,-1.3339871168136597,-1.983320951461792,-1.7800207138061523,-1.894588828086853,-1.791774034500122,-1.7395331859588623,-1.9081217050552368,-1.6347041130065918,-6.678353309631348,-2.260265588760376,-2.153944492340088,-2.47458815574646,-0.9692798852920532,-1.4497169256210327,-2.2874889373779297,-2.7518351078033447,-1.4075251817703247,0.014811918139457703
5568.0,111.35900000000004,8.94858738667369,314.48218895170976,386.54631651486096,439107.1788239546,9.032833425485055,314.50002166332393,386.5459900000001,439202.7794840002,8.651209516652788,0.5943350252695117,-0.0108841204832377,19200.000000000007,-0.021607605912937,0.0178354285440859,-0.0003265148517107,0.0,8.263422348370648,181.9605878665605,0.7835186660240876,-20.82040693270804,-0.0258732271957363,-3.238036541111792,19200.375172880194,-206.0522821556261,0.002,-2.362315129955004,-2.834051024678309,-0.90136977291903,6.0,10.0,180.0,-2.118704416930324,-5.417927052706768,-0.2519790868537155,-2.4076015648195748,430.58238327017966,-451.43401238714057,141.02130187014666,646.6855932394782,559.5750000000002,-2.118704416930324,-1.7311183214187622,-1.9962091445922852,-1.5824904441833496,-1.8832857608795166,-2.1143250465393066,-1.8528339862823486,-1.3114776611328125,-1.7715747356414795,-1.598539113998413,-2.165867567062378,-1.8796892166137695,-1.983891487121582,-1.8386266231536865,-1.8095427751541138,-1.1051533222198486,-1.7882628440856934,-1.4513745307922363,-1.767107367515564,-1.8642207384109497,-1.1101665496826172,-2.0010297298431396,-1.2275314331054688,-1.332658052444458,-1.9964765310287476,-1.6682288646697998,-1.993759036064148,-1.8833414316177368,-1.7339825630187988,-1.7757519483566284,-1.52699875831604,-1.7626426219940186,-2.205315351486206,-2.1654393672943115,-2.1711437702178955,-2.0231008529663086,-1.5277243852615356,-2.1231849193573,-2.7828257083892822,-1.9583054780960083,-0.399517297744751
5569.0,111.37900000000002,9.127476912922528,314.4935319736307,386.5458885191034,439491.1514828008,9.224371959957644,314.5000174852347,386.5459900000001,439586.7794840002,8.669927359339713,0.2160651617409226,0.0033800936729687,19200.000000000007,-0.02790524386804,0.0064882529217701,0.0001014806783079,0.0,8.619426819807696,-66.3538251084582,0.3325948296906777,-22.27737490656904,-0.0029136564417967,0.9875944366397352,19197.47558188973,-38.72664309371359,0.002,-2.2274706892793152,-3.083727167357792,-0.9099142160954544,6.0,10.0,180.0,-0.8105900384393481,-5.265076031423769,-0.227034527456561,-2.6675323878179067,397.5071916350898,-535.6460061935702,149.91015093507332,682.8682966197391,557.9250000000001,-0.8105900384393481,-0.5878182649612427,-0.6787962913513184,-0.8199443817138672,-0.740349292755127,-0.7360720038414001,-0.6728953123092651,-0.7832123637199402,-0.6481473445892334,-0.7783619165420532,-0.6772923469543457,-0.7212337255477905,-0.743759274482727,-0.722464919090271,-0.6583465337753296,-0.5937494039535522,-0.5087319016456604,-1.3747081756591797,-0.8616702556610107,-0.7328141927719116,-0.2774239778518677,-0.8062052130699158,-0.9433161020278931,-0.7140071988105774,-0.7833107709884644,-0.7646244764328003,-0.7777784466743469,-0.7741923332214355,-0.9988808631896973,-0.8377875685691833,-0.862726628780365,-0.8379756212234497,-0.7458251714706421,-0.6583440899848938,-0.8125573992729187,0.08646118640899658,-0.6281047463417053,-0.7898465394973755,-0.9790089130401611,-0.016924016177654266,-2.0885329246520996
5570.0,111.39900000000004,9.301342671997109,314.49780253423694,386.5456951472128,439875.1226665724,9.416373724136506,314.50001329517994,386.5459900000001,439970.7794840002,9.274450474236655,0.0735849780097577,0.0098310891633191,19200.000000000007,-0.0097698205056059,0.0022135767148114,0.0002948527303573,0.0,9.374573804511012,69.53017652051544,0.1399183207730714,-5.254784093221272,0.0034254787413633,6.895397074612717,19199.29645784964,42.914015425768085,0.002,-1.9989768551950893,-3.1410894382497783,-0.9054634123998276,6.0,10.0,180.0,-1.5063973268655328,-5.209425474333276,-0.2016417060221443,-2.941302463078606,385.9245958175449,-590.8280030967851,157.60557546753665,714.7506483098696,556.2000000000002,-1.5063973268655328,-1.2450298070907593,-1.4951963424682617,-1.2399678230285645,-1.3610635995864868,-1.547203540802002,-1.440873384475708,-1.1468868255615234,-1.3667219877243042,-1.2788293361663818,-1.4592279195785522,-1.4110592603683472,-1.4647696018218994,-1.4338335990905762,-1.375213861465454,-1.1940927505493164,-1.336035132408142,-0.9182753562927246,-1.3858883380889893,-1.422660231590271,-1.0734578371047974,-1.4956672191619873,-1.0810927152633667,-1.058517575263977,-1.4450998306274414,-1.2342439889907837,-1.5193308591842651,-1.4551608562469482,-1.38254976272583,-1.2609896659851074,-1.2537044286727905,-1.5316030979156494,-1.4395619630813599,-1.4747172594070435,-1.4842865467071533,-2.303943395614624,-1.1118849515914917,-1.4157369136810303,-1.981669306755066,-0.9833031296730042,-1.2885817289352417
5571.0,111.41900000000004,9.489941529205272,314.4994820002075,386.5457967194676,440259.1110163426,9.60837709302673,314.5000106081147,386.5459900000001,440354.7794840002,9.387998141368504,0.0175988589485056,0.0064403479057008,19200.000000000007,-0.0063669316944449,0.0005301443419511,0.0001932815576369,0.0,9.181556748363072,-2.9794911574900937,0.0206398892177504,-4.324668905865027,-0.0136922680246382,1.58828625718278,19199.44994972005,51.58491716315516,0.002,-1.9619981004590905,-3.2314942643837545,-0.9430365757825376,6.0,10.0,180.0,-0.9804784462060284,-5.172842669816903,-0.1796821298440617,-3.0602692659862885,372.89379790877246,-618.4895015483926,160.6242877337683,727.1768241549348,560.8500000000001,-0.9804784462060284,-0.9058017730712891,-1.0396993160247803,-1.013152003288269,-1.0268065929412842,-1.0381633043289185,-1.0443798303604126,-0.9982480406761169,-1.0639808177947998,-1.0122270584106445,-0.9846838712692261,-1.042424201965332,-1.0757750272750854,-1.0779099464416504,-1.0115365982055664,-1.0136113166809082,-0.9302600622177124,-1.0942156314849854,-1.0602216720581055,-1.0673420429229736,-0.9046422243118286,-1.1563442945480347,-1.0213359594345093,-0.905153214931488,-1.116002082824707,-1.0037167072296143,-1.1792904138565063,-1.0786970853805542,-1.1812636852264404,-1.0427790880203247,-1.1675853729248047,-0.5985070466995239,-1.0227625370025635,-1.0123913288116455,-1.0552419424057007,-1.706958532333374,-0.8653901815414429,-1.0445035696029663,-1.4116507768630981,-0.41741013526916504,-1.7241437435150146
5572.0,111.43900000000004,9.678981026562624,314.49991852596565,386.5458477964002,440643.1059179331,9.800381423334926,314.5000100029037,386.5459900000001,440738.7794840002,9.486764063649396,0.0030521841100512,0.0047391433944476,19200.000000000007,-0.0034021228197051,9.17126836031435e-05,0.0001422049981475,0.0,9.68061573715628,-9.351288638670423,0.0214242347024395,3.488167707587684,0.0107450517771563,1.0987926708695,19199.96341995084,85.88295585461799,0.002,-1.8368041100418329,-3.239338148024792,-0.9309173999044846,6.0,10.0,180.0,-1.037556307391366,-5.156788786387261,-0.1577077491753157,-3.093088577041955,374.42389895438623,-638.1342507741963,164.24664386688414,742.4069120774674,559.2000000000002,-1.037556307391366,-0.9072866439819336,-1.000391960144043,-0.9864809513092041,-1.011889100074768,-1.0098316669464111,-0.9923579692840576,-1.0088531970977783,-1.0523653030395508,-1.0266577005386353,-0.9636101722717285,-1.0156601667404175,-1.047587513923645,-1.0633766651153564,-0.9990031719207764,-1.0347182750701904,-0.9148856401443481,-1.153544306755066,-0.9791445732116699,-1.0495563745498657,-0.8816436529159546,-1.1375688314437866,-1.0386548042297363,-0.9023290276527405,-1.1105713844299316,-1.0101714134216309,-1.1825848817825317,-1.0561127662658691,-1.1686303615570068,-1.0443960428237915,-1.1536606550216675,-0.4972188472747803,-0.9893855452537537,-0.9716524481773376,-0.9925248622894287,-1.8500666618347168,-0.8693928122520447,-1.0192992687225342,-1.3669451475143433,-0.4132255017757416,-1.7836542129516602
5573.0,111.45900000000005,9.868956789992913,314.50010542323355,386.54579509996825,441027.1072917298,9.992382988162216,314.5000099997304,386.5459900000001,441122.7794840002,9.55419418781273,-0.0031773085227741,0.0064991658695945,19200.000000000007,-0.0013744012217346,-9.542209575196238e-05,0.0001949999416101,0.0,9.435079204530636,17.757714250266805,0.0041544294049242,4.693909175206323,0.0144157532900935,-2.9944039033119974,19200.03204349831,-51.53443870251802,0.002,-1.8262621273454125,-3.2573262424747296,-0.9311402158314096,6.0,10.0,180.0,-1.0722383135105873,-5.116300120808215,-0.1376963709464598,-3.1094934985184457,370.6549494771931,-645.4496253870982,165.02482193344207,745.6054560387337,557.4750000000001,-1.0722383135105873,-1.0180226564407349,-1.1636664867401123,-1.0668299198150635,-1.1080923080444336,-1.1714140176773071,-1.1680793762207031,-1.0734193325042725,-1.1659590005874634,-1.1139612197875977,-1.1274958848953247,-1.1440551280975342,-1.1882851123809814,-1.193037986755371,-1.1308350563049316,-1.1329681873321533,-1.0765166282653809,-0.8487404584884644,-1.1038618087768555,-1.1727256774902344,-0.9964756965637207,-1.236035704612732,-1.0599470138549805,-0.958087682723999,-1.2053933143615723,-1.0657358169555664,-1.296669363975525,-1.1670548915863037,-1.2456281185150146,-1.1023255586624146,-1.184883713722229,-1.1239748001098633,-1.1215012073516846,-1.1356428861618042,-1.1140350103378296,-2.1736912727355957,-0.9606602787971497,-1.1349501609802246,-1.5471159219741821,-0.586483895778656,-1.589861273765564
5574.0,111.47900000000004,10.060969129345148,314.50018346446024,386.5458787782325,441411.10638749634,10.184383000078586,314.5000099999606,386.5459900000001,441506.7794840002,9.55380232869538,-0.0058067139610735,0.0037070920075413,19200.000000000007,-0.0013859313994081,-0.0001734639615049,0.000111220316328,0.0,9.590356225427453,-15.811841762310715,0.0060997928831763,1.4717879476979392,0.0004798935697047,-4.3996093587679885,19200.01634352638,94.34549046689486,0.002,-1.872283176961207,-3.3063629066855333,-0.9349998740648628,6.0,10.0,180.0,-0.9462965486514112,-5.097670853828763,-0.1269728915810749,-3.096658023109037,371.3354747385965,-650.872312693549,166.06841096672105,750.0027280193668,549.1500000000001,-0.9462965486514112,-0.8781542181968689,-0.9611561894416809,-0.9816644191741943,-0.9931031465530396,-0.9772624969482422,-0.9495769739151001,-0.989693284034729,-1.0330357551574707,-1.0051645040512085,-0.9281284809112549,-0.9829615354537964,-1.0227162837982178,-1.035398244857788,-0.9741744995117188,-1.0262166261672974,-0.8885435461997986,-1.252432107925415,-0.9558395147323608,-1.0181456804275513,-0.8419938087463379,-1.0993069410324097,-1.038178563117981,-0.882931113243103,-1.0902462005615234,-0.9993848204612732,-1.1570876836776733,-1.0044525861740112,-1.1571089029312134,-1.036820411682129,-1.1427063941955566,-0.4494349956512451,-0.9608925580978394,-0.9391435980796814,-0.9507483839988708,-1.8342617750167847,-0.8493025898933411,-0.989779531955719,-1.3122950792312622,-0.31595951318740845,-1.8470152616500854
5575.0,111.49900000000002,10.251512287599288,314.5001378271369,386.545918954418,441795.1065524987,10.376383000052751,314.5000099999881,386.5459900000001,441890.7794840002,9.6023579892675,-0.0042570578480373,0.0023697950416995,19200.000000000007,7.081127924140525e-05,-0.0001278274177478,7.104467298883745e-05,0.0,9.592819608184977,15.935995064904285,0.0170745646893689,0.3631679877963941,-0.0031606559519292,-4.206373427581943,19199.983177319536,-17.181754211424057,0.002,-1.8431350055569216,-3.3607646688044706,-0.9519231412468482,6.0,10.0,180.0,-1.0634641766204491,-5.082011803224639,-0.1167025445209916,-3.107409504224255,372.0897373692983,-653.3986563467745,166.6007054833605,752.2448640096834,548.1750000000002,-1.0634641766204491,-1.0189261436462402,-1.170072078704834,-1.0903013944625854,-1.114746332168579,-1.1635901927947998,-1.1687370538711548,-1.0764598846435547,-1.1728373765945435,-1.1231602430343628,-1.1211389303207397,-1.1457693576812744,-1.198588490486145,-1.1994309425354004,-1.1398433446884155,-1.139702558517456,-1.079379916191101,-0.973993182182312,-1.1229121685028076,-1.1771690845489502,-0.9985198974609375,-1.245319128036499,-1.0658131837844849,-0.9639886021614075,-1.2166712284088135,-1.0791447162628174,-1.3099583387374878,-1.1777852773666382,-1.2663555145263672,-1.1206495761871338,-1.209545373916626,-0.9900120496749878,-1.1250278949737549,-1.1380561590194702,-1.1244539022445679,-2.176210641860962,-0.9514368176460266,-1.1373344659805298,-1.5520291328430176,-0.514203667640686,-1.6519982814788818
5576.0,111.51900000000003,10.4441246544705,314.50027960042706,386.54589159988274,442179.10238460806,10.56838300004572,314.5000099999967,386.5459900000001,442274.7794840002,9.581949146475315,-0.0089805863074962,0.003276676224963,19200.000000000007,-0.0005416536150578,-0.0002696005532674,9.840023879349044e-05,0.0,9.560313141290978,-6.3494291275895325,0.0033975694792205,-3.5457498029451044,-0.0100269229599892,-0.8509308569178501,19199.827820973027,68.75584481608617,0.002,-1.8109480624351653,-3.347025081714893,-0.9690058931180902,6.0,10.0,180.0,-0.9638356664379992,-5.0542321137295785,-0.1078857870486328,-3.14435306861724,371.4793686846492,-654.5533281733872,166.73085274168025,752.7844320048416,552.6750000000002,-0.9638356664379992,-0.919217586517334,-1.0354353189468384,-1.0338399410247803,-1.0336273908615112,-1.028326392173767,-1.024851679801941,-1.0201265811920166,-1.0770642757415771,-1.0420962572097778,-0.980030357837677,-1.036665439605713,-1.0814175605773926,-1.0876011848449707,-1.025154948234558,-1.047595500946045,-0.940312922000885,-1.2052781581878662,-1.037811040878296,-1.0719751119613647,-0.9094129800796509,-1.1647025346755981,-1.0428845882415771,-0.9172620177268982,-1.132270336151123,-1.0287731885910034,-1.2049912214279175,-1.083149790763855,-1.2075979709625244,-1.0734277963638306,-1.1911289691925049,-0.6087953448295593,-1.0121492147445679,-1.0004066228866577,-1.0291023254394531,-1.8948452472686768,-0.8711667656898499,-1.0372635126113892,-1.3948756456375122,-0.3240727484226227,-1.8139355182647705
5577.0,111.53900000000004,10.635483171044632,314.50020502063416,386.5458563936316,442563.0982490981,10.760383000013288,314.50001,386.5459900000001,442658.7794840002,9.603331822652333,-0.0065029770337936,0.0044523968185983,19200.000000000007,9.993066504181888e-05,-0.0001950205974064,0.0001336065625256,0.0,9.638668386308511,7.751038331926392,-0.0034049422417623,-0.0566137990690037,-0.0090171395122505,4.387795582781357,19199.75722738243,-47.15122165363133,0.002,-1.7226997081829982,-3.333868889752991,-0.9702049762119048,6.0,10.0,180.0,-1.0302329513461197,-5.027837570115386,-0.0961808533167093,-3.190541886286919,372.2026843423246,-656.1676640866935,167.12492637084011,754.4632160024208,551.0250000000001,-1.0302329513461197,-0.9818403720855713,-1.1120703220367432,-1.0637617111206055,-1.0819706916809082,-1.1022319793701172,-1.1065813302993774,-1.05647873878479,-1.1280070543289185,-1.0967822074890137,-1.0766185522079468,-1.111593246459961,-1.1542712450027466,-1.1606601476669312,-1.0975978374481201,-1.1027019023895264,-1.0245630741119385,-1.049170970916748,-1.0802035331726074,-1.1461024284362793,-0.9719332456588745,-1.229153037071228,-1.0521273612976074,-0.9526949524879456,-1.179764986038208,-1.0648741722106934,-1.2689801454544067,-1.1609174013137817,-1.2439236640930176,-1.1020019054412842,-1.1989197731018066,-0.8373237252235413,-1.0817443132400513,-1.081598162651062,-1.109817385673523,-2.124450206756592,-0.9252488017082214,-1.1043304204940796,-1.5082660913467407,-0.4306180477142334,-1.7668097019195557
5578.0,111.55900000000004,10.827924866453504,314.50024097033963,386.5458787918175,442947.0928319736,10.952383000000102,314.50001,386.5459900000001,443042.7794840002,9.588611658419248,-0.0076957804860071,0.0037065860979283,19200.000000000007,-0.0003418656804917,-0.0002309703294965,0.0001112081560377,0.0,9.57300009074996,-0.0634783822120454,0.0015075759036014,-3.417659521939362,0.0029246668893713,3.363629165430541,19199.9803514492,12.815854358527943,0.002,-1.748776873705598,-3.2094976093837646,-0.9645983415190648,6.0,10.0,180.0,-0.9824315978955298,-5.007742837460496,-0.0888812589440483,-3.235660466152788,371.6738421711623,-656.1203320433467,167.04596318542008,754.1206080012105,555.5250000000001,-0.9824315978955298,-0.9467321634292603,-1.0708208084106445,-1.0526121854782104,-1.054908275604248,-1.0588088035583496,-1.0642235279083252,-1.0379095077514648,-1.099624752998352,-1.066583275794983,-1.0227972269058228,-1.070810079574585,-1.1139758825302124,-1.1198177337646484,-1.0558855533599854,-1.0641093254089355,-0.9734500646591187,-1.143560528755188,-1.0660197734832764,-1.1063721179962158,-0.9410132169723511,-1.2027864456176758,-1.044624924659729,-0.9356356263160706,-1.1538646221160889,-1.0462021827697754,-1.2322026491165161,-1.1238898038864136,-1.2285277843475342,-1.0902972221374512,-1.199664831161499,-0.7051445245742798,-1.0426568984985352,-1.035166621208191,-1.074491262435913,-1.9736565351486206,-0.8926884531974792,-1.0675143003463745,-1.4477105140686035,-0.35716497898101807,-1.7987502813339233
5579.0,111.57900000000004,11.019988270805268,314.49999397773064,386.5458829831501,443331.09041600506,11.144383000000005,314.50001,386.5459900000001,443426.7794840002,9.586495855802692,0.0005091237465007,0.0035728649670927,19200.000000000007,-0.000405070958874,1.6022268141651214e-05,0.0001070168264556,0.0,9.648429011964014,-1.27439476594415,-0.0112684470995695,1.6449033575579235,0.0131691860971221,3.10654925567981,19199.758913753023,-4.3710160912160525,0.002,-1.8359288511937648,-3.168562705256172,-0.9372376763964356,6.0,10.0,180.0,-0.9419328346702656,-5.014582609682338,-0.0800823893628218,-3.267429150218338,372.1899210855812,-657.2161660216734,167.32348159271004,755.3073040006052,553.8750000000001,-0.9419328346702656,-0.9444738030433655,-1.0558849573135376,-1.029613733291626,-1.0446598529815674,-1.049123764038086,-1.0433323383331299,-1.0373578071594238,-1.0902777910232544,-1.0648831129074097,-1.0172994136810303,-1.0633175373077393,-1.1023081541061401,-1.113694667816162,-1.050302267074585,-1.0745657682418823,-0.9719183444976807,-1.1366229057312012,-1.0257643461227417,-1.0994374752044678,-0.9336000680923462,-1.1852338314056396,-1.046478509902954,-0.9310546517372131,-1.1449649333953857,-1.0388535261154175,-1.227070689201355,-1.1092578172683716,-1.211804747581482,-1.0782002210617065,-1.181994915008545,-0.6988922357559204,-1.0328569412231445,-1.023503303527832,-1.0491788387298584,-2.0368492603302,-0.9002006649971008,-1.0604947805404663,-1.4340778589248657,-0.3900336027145386,-1.8033945560455322
5580.0,111.59900000000005,11.211484528149768,314.4999191048392,386.5459904128135,443715.0912632605,11.336383000000003,314.50001,386.5459900000001,443810.7794840002,9.60329093856395,0.0030246363292812,-1.20764243825107e-05,19200.000000000007,9.86709280467166e-05,9.089516016078974e-05,-4.128135181889905e-07,0.0,9.536618506903526,4.199700713897469,-0.0132294137610546,-4.207095988799503,0.0034209738367516,-3.300513904846966,19200.42963825348,-12.898284707736016,0.002,-1.972750553013408,-3.264286953322728,-0.932504534407572,6.0,10.0,180.0,-0.9897593751799564,-5.027359031399219,-0.0795808982277086,-3.25408866913619,370.5744605427906,-656.5075830108367,166.99124079635502,753.8856520003026,558.3750000000001,-0.9897593751799564,-0.9672821760177612,-1.0977272987365723,-1.0733492374420166,-1.0712863206863403,-1.087904930114746,-1.1019014120101929,-1.0497310161590576,-1.1289143562316895,-1.0803000926971436,-1.0416926145553589,-1.0852808952331543,-1.1364001035690308,-1.138750672340393,-1.076480746269226,-1.0827267169952393,-1.0007598400115967,-1.115378737449646,-1.0980720520019531,-1.1194031238555908,-0.9607573747634888,-1.2122102975845337,-1.0541025400161743,-0.9425570964813232,-1.1758430004119873,-1.0535738468170166,-1.2546887397766113,-1.1311818361282349,-1.2446554899215698,-1.1042323112487793,-1.2116827964782715,-0.7466195225715637,-1.0628386735916138,-1.0648314952850342,-1.073999047279358,-1.9635167121887207,-0.9036775827407837,-1.0810186862945557,-1.4633063077926636,-0.4021965265274048,-1.7074670791625977
5581.0,111.61900000000004,11.40339441965618,314.49981985343777,386.54601982902494,444099.0950582101,11.528383000000003,314.50001,386.5459900000001,444194.7794840002,9.606285817370232,0.0063370481340377,-0.0010201671343474,19200.000000000007,0.0001885784703129,0.0001901465622965,-2.982902320544749e-05,0.0,9.646981613113672,-3.837621098183616,0.0105079182956145,3.722601921835533,0.003178337973084,-1.0379731499299727,19200.08550335354,-38.53682953759577,0.002,-1.948493768310687,-3.4059872736557883,-0.9566242012602962,6.0,10.0,180.0,-0.972648437243228,-5.054789263281874,-0.0820324097321825,-3.227928220295626,372.3537302713953,-656.9682915054184,167.2891203981775,755.1583260001513,552.2250000000001,-0.972648437243228,-0.935579776763916,-1.0389580726623535,-1.014963150024414,-1.0343642234802246,-1.0368082523345947,-1.0250110626220703,-1.0318208932876587,-1.082079529762268,-1.055615782737732,-0.9992395639419556,-1.046618103981018,-1.0869526863098145,-1.0999259948730469,-1.0377000570297241,-1.0761847496032715,-0.9622592926025391,-1.1600456237792969,-1.0017726421356201,-1.0825823545455933,-0.9202823638916016,-1.160140872001648,-1.0489588975906372,-0.9213241934776306,-1.1356124877929688,-1.028770089149475,-1.217768669128418,-1.0791712999343872,-1.196639895439148,-1.0683000087738037,-1.1726655960083008,-0.6713112592697144,-1.018616795539856,-1.0088237524032593,-1.014902114868164,-2.034024477005005,-0.8961982131004333,-1.0457427501678467,-1.4045883417129517,-0.3982069194316864,-1.7873599529266357
5582.0,111.63900000000004,11.595317588017569,314.5001211032169,386.54600098125474,444483.0955903378,11.720383000000004,314.50001,386.5459900000001,444578.7794840002,9.608858201348855,-0.0037028234721165,-0.0003639944222583,19200.000000000007,0.0002658098725304,-0.0001111032167726,-1.0981254381026155e-05,0.0,9.572496639242647,-0.3686654742117771,0.0108176133257149,0.0002068980222585,-0.0034150053446598,-0.66884626841331,19199.89452087193,-4.196846637684556,0.002,-1.80319516488028,-3.418737970919732,-0.9778622843117276,6.0,10.0,180.0,-1.0175696984770624,-5.035723414066981,-0.0888699235184801,-3.222803425617969,372.0603651356977,-656.3341457527092,167.12606019908873,754.4586630000756,556.6500000000001,-1.0175696984770624,-0.9484830498695374,-1.0638272762298584,-1.040083408355713,-1.050304889678955,-1.0575385093688965,-1.0587007999420166,-1.0391916036605835,-1.1001330614089966,-1.0652852058410645,-1.0191012620925903,-1.0639139413833618,-1.1077282428741455,-1.116072416305542,-1.052910566329956,-1.0747637748718262,-0.9766262173652649,-1.1353323459625244,-1.0458416938781738,-1.0992505550384521,-0.9386277198791504,-1.18612802028656,-1.0496809482574463,-0.931123673915863,-1.1515356302261353,-1.0394017696380615,-1.2307060956954956,-1.105855107307434,-1.2181270122528076,-1.0830655097961426,-1.1894736289978027,-0.7011019587516785,-1.0370932817459106,-1.0320113897323608,-1.045249104499817,-1.9968078136444092,-0.8990402817726135,-1.0613164901733398,-1.4312742948532104,-0.3959939777851105,-1.75584077835083
5583.0,111.65900000000003,11.78758300484968,314.5002789100344,386.5459578484483,444867.0954668416,11.912383000000004,314.50001,386.5459900000001,444962.7794840002,9.600003330474069,-0.0089838948456166,0.0010715713313296,19200.000000000007,-5.9466267235928905e-09,-0.0002689100343225,3.215155176840367e-05,0.0,9.64550610345845,-0.912966936340769,0.0031864437459201,-3.1168109516992533,-0.0051238238020747,-1.7060023765194348,19200.065769873778,-30.108351841975765,0.002,-1.7856593341093614,-3.276608972313213,-0.945908737084046,6.0,10.0,180.0,-0.958979126802527,-5.011681655371055,-0.0844552472501456,-3.220251398813224,372.82468256784887,-657.0070728763546,167.35053009954436,755.4193315000377,555.0000000000001,-0.958979126802527,-0.949567437171936,-1.0691081285476685,-1.0550804138183594,-1.0561964511871338,-1.0586658716201782,-1.0649194717407227,-1.0400534868240356,-1.1066877841949463,-1.0688432455062866,-1.0146563053131104,-1.065119981765747,-1.113241195678711,-1.1188745498657227,-1.0569047927856445,-1.07310152053833,-0.9763196110725403,-1.16293203830719,-1.0654478073120117,-1.1009819507598877,-0.9411476254463196,-1.1928919553756714,-1.0521570444107056,-0.9344522356987,-1.1593172550201416,-1.045567274093628,-1.236849308013916,-1.1132739782333374,-1.2305196523666382,-1.0932642221450806,-1.2039506435394287,-0.6538323163986206,-1.0404551029205322,-1.0357271432876587,-1.0524502992630005,-1.9588265419006348,-0.8918262124061584,-1.062925934791565,-1.4353296756744385,-0.37000542879104614,-1.765721321105957
5584.0,111.67900000000004,11.979736250816662,314.5000797570009,386.5459716329932,445251.0966933204,12.104383000000004,314.50001,386.5459900000001,445346.7794840002,9.594917165709532,-0.0023215794986058,0.0006127541515331,19200.000000000007,-0.0001530494660429,-6.9757000816265e-05,1.836700685565177e-05,0.0,9.575949338510036,-1.94983721234652,-0.0244476379866931,-1.3999652524057755,0.002191408546339,2.3814070437487733,19199.862188704465,-55.93039372174999,0.002,-1.8049850087582424,-3.271952751676426,-0.9539614285069892,6.0,10.0,180.0,-1.006833025248635,-4.996988427241982,-0.0805482188429286,-3.225895948690076,371.1473412839245,-657.0790364381774,167.17126504977216,754.6561657500189,559.5000000000001,-1.006833025248635,-0.9395065307617188,-1.0548187494277954,-1.0393027067184448,-1.0446943044662476,-1.049043893814087,-1.0478582382202148,-1.033915638923645,-1.0913636684417725,-1.0589985847473145,-1.0086688995361328,-1.0571515560150146,-1.0984501838684082,-1.1073236465454102,-1.042712688446045,-1.0589582920074463,-0.9613280296325684,-1.1480849981307983,-1.0450050830841064,-1.0932862758636475,-0.9307153224945068,-1.1893128156661987,-1.0446382761001587,-0.9290775656700134,-1.1446069478988647,-1.0380233526229858,-1.2212761640548706,-1.1072206497192383,-1.217117190361023,-1.0819834470748901,-1.1906356811523438,-0.6728501319885254,-1.028163194656372,-1.0199216604232788,-1.0498474836349487,-1.9538811445236206,-0.890364944934845,-1.0546640157699585,-1.4250460863113403,-0.36980944871902466,-1.783431053161621
5585.0,111.69900000000004,12.171588991032648,314.4999716171184,386.5459813432338,445635.0988366908,12.296383000000002,314.50001,386.5459900000001,445730.7794840002,9.599809169623132,0.001280136451645,0.0002837128529554,19200.000000000007,-5.688711951668183e-06,3.838288173202877e-05,8.656766396857596e-06,0.0,9.598868960132076,-2.206158353919692,-0.009063481053538,-1.462620700091309,-0.0051282653452544,2.019098092562861,19200.12094667424,-21.434622087443824,0.002,-1.8768929434946,-3.2799188396680807,-0.9275683849786048,6.0,10.0,180.0,-0.9638409676710452,-5.005328103673095,-0.0844859120661291,-3.199742815971633,371.20067064196223,-657.0795182190886,167.17713252488608,754.6820828750094,553.3500000000001,-0.9638409676710452,-0.9381551742553711,-1.055558204650879,-1.0388879776000977,-1.044844150543213,-1.0463489294052124,-1.0448157787322998,-1.0328760147094727,-1.0899356603622437,-1.059400200843811,-1.008744239807129,-1.0585955381393433,-1.1008527278900146,-1.1089601516723633,-1.0456690788269043,-1.0649117231369019,-0.964497983455658,-1.1622111797332764,-1.0421756505966187,-1.0944294929504395,-0.930141806602478,-1.1850981712341309,-1.0448575019836426,-0.9292526841163635,-1.1445631980895996,-1.0384671688079834,-1.2226659059524536,-1.1070243120193481,-1.216687560081482,-1.0811572074890137,-1.1904351711273193,-0.6738852262496948,-1.0302760601043701,-1.02121901512146,-1.0520292520523071,-1.9842503070831299,-0.8896095752716064,-1.056249737739563,-1.4279557466506958,-0.35778456926345825,-1.8069374561309814
5586.0,111.71900000000002,12.363236543618152,314.49985275476297,386.54603905595417,446019.0997485317,12.488383000000002,314.50001,386.5459900000001,446114.7794840002,9.611555473364492,0.005243669835507,-0.001635683125086,19200.000000000007,0.0003465557667559,0.0001572452371404,-4.905595407185503e-05,0.0,9.580790656926588,1.1560790378967716,0.0043876695191597,6.588062690736445,0.0068263803175061,0.3625465302175918,19199.964895356174,21.55994537364028,0.002,-1.9090517739025128,-3.342235139813928,-0.9327106222501124,6.0,10.0,180.0,-1.0141582797018067,-5.0229559246620745,-0.0864528358966284,-3.193568192017586,371.3968353209812,-656.6107591095443,167.10456626244303,754.3700414375047,557.7750000000002,-1.0141582797018067,-0.954818606376648,-1.0593349933624268,-1.0158621072769165,-1.0440727472305298,-1.0590612888336182,-1.0504575967788696,-1.0434942245483398,-1.0960363149642944,-1.0685222148895264,-1.0311119556427002,-1.066551923751831,-1.103722333908081,-1.1183373928070068,-1.054457426071167,-1.089314579963684,-0.985934853553772,-1.0626988410949707,-1.0075170993804932,-1.1017155647277832,-0.9396035671234131,-1.1770216226577759,-1.050392508506775,-0.929405689239502,-1.1457135677337646,-1.034274697303772,-1.2330323457717896,-1.0973488092422485,-1.1998777389526367,-1.0706005096435547,-1.1660144329071045,-0.8355067372322083,-1.0360729694366455,-1.0311094522476196,-1.0303360223770142,-2.098078966140747,-0.916903555393219,-1.0629385709762573,-1.431961178779602,-0.4585529565811157,-1.7359498739242554
5587.0,111.73900000000005,12.55574328251414,314.5000425505179,386.5460000603689,446403.1002853796,12.680383000000004,314.50001,386.5459900000001,446498.7794840002,9.59465920417365,-0.0010814365127097,-0.0003345739882804,19200.000000000007,-0.0001602859637596,-3.2550517719515755e-05,-1.0060368787116397e-05,0.0,9.62963735302226,-5.182667789453165,-0.0049124231482052,-1.4072721903494507,0.0071012140487215,0.4309030790385771,19199.89467103326,73.00103696987219,0.002,-1.862622524619924,-3.389771333852592,-0.9528181162866356,6.0,10.0,180.0,-0.9707407761733042,-5.019113820865789,-0.0893636385499749,-3.174576202158002,371.96391766049055,-657.1208795547722,167.27328313122152,755.0930207187523,554.7750000000001,-0.9707407761733042,-0.9282917380332947,-1.039289951324463,-1.031624436378479,-1.0365551710128784,-1.0338006019592285,-1.0278375148773193,-1.0272215604782104,-1.0815017223358154,-1.0511178970336914,-0.9885737299919128,-1.0429158210754395,-1.0856959819793701,-1.0947988033294678,-1.031923532485962,-1.0564080476760864,-0.9485129117965698,-1.190177083015442,-1.0294936895370483,-1.0793581008911133,-0.9165993928909302,-1.1714110374450684,-1.04541015625,-0.922314465045929,-1.1366682052612305,-1.0327577590942383,-1.2120161056518555,-1.091566801071167,-1.209362268447876,-1.0763885974884033,-1.1885919570922852,-0.6138620972633362,-1.015884518623352,-1.0044100284576416,-1.0303393602371216,-1.9411109685897827,-0.8809294700622559,-1.0425344705581665,-1.4033995866775513,-0.34707555174827576,-1.809136986732483
5588.0,111.75900000000004,12.7473124499401,314.50010291667434,386.545982296852,446787.1007689388,12.872383000000005,314.50001,386.5459900000001,446882.7794840002,9.609025527464222,-0.0030984375784143,0.0002527645016313,19200.000000000007,0.0002708493591396,-9.291667424334348e-05,7.703148199113694e-06,0.0,9.562758992215777,3.8447568070751528,0.0041640479765171,2.993087207337686,-0.0017189047580218,1.5249348608651454,19199.92905958535,-42.965073957428274,0.002,-1.8230161704407897,-3.4112115332310022,-0.9611693011686404,6.0,10.0,180.0,-1.0351943282890494,-5.003979184807527,-0.0927748371571206,-3.1950872655764657,371.4809588302453,-656.4274397773861,167.07714156561076,754.2515103593762,551.7750000000001,-1.0351943282890494,-0.963352620601654,-1.0823127031326294,-1.0379163026809692,-1.0581915378570557,-1.0730197429656982,-1.0742597579956055,-1.0479059219360352,-1.1084485054016113,-1.0779290199279785,-1.049405574798584,-1.0860610008239746,-1.126757025718689,-1.1362788677215576,-1.0733853578567505,-1.0958728790283203,-1.0033104419708252,-1.069985270500183,-1.041865587234497,-1.1203207969665527,-0.9536772966384888,-1.196661353111267,-1.0499236583709717,-0.9386693835258484,-1.159012794494629,-1.0464932918548584,-1.2455381155014038,-1.1237903833389282,-1.2194229364395142,-1.0830129384994507,-1.180851936340332,-0.8310374021530151,-1.056654930114746,-1.0537878274917603,-1.0664716958999634,-2.11206316947937,-0.9186997413635254,-1.0809563398361206,-1.464638590812683,-0.4332118630409241,-1.7602574825286865
5589.0,111.77900000000004,12.93959161724743,314.5001094155025,386.546034085009,447171.0978732654,13.064383000000005,314.50001,386.5459900000001,447266.7794840002,9.599717167611772,-0.0033127107383952,-0.0014688559651306,19200.000000000007,-8.514123023792202e-06,-9.941550242955382e-05,-4.4085008928033526e-05,0.0,9.604993483902854,-2.7431918699271867,0.0144447390801375,3.420031354980272,0.0041515348956652,-5.256010288070941,19199.998913196545,85.77056913254903,0.002,-1.7683925159275555,-3.330878416542215,-0.954602559071832,6.0,10.0,180.0,-0.960933788234706,-4.993164810805036,-0.092780741336755,-3.20483306813845,372.2684794151226,-656.368219888693,167.1560707828054,754.5882551796881,552.5250000000001,-0.960933788234706,-0.9408038258552551,-1.046350121498108,-1.021146535873413,-1.038928508758545,-1.0443494319915771,-1.0374343395233154,-1.0343201160430908,-1.0921661853790283,-1.0575207471847534,-1.0018922090530396,-1.0485270023345947,-1.0931377410888672,-1.1041195392608643,-1.043080449104309,-1.0836507081985474,-0.9712498784065247,-1.1565290689468384,-1.0129175186157227,-1.0834648609161377,-0.9264432787895203,-1.1569315195083618,-1.0534141063690186,-0.9214001297950745,-1.1420156955718994,-1.028653621673584,-1.2218602895736694,-1.073695182800293,-1.1999932527542114,-1.0713438987731934,-1.1761376857757568,-0.6790317296981812,-1.02423095703125,-1.0184239149093628,-1.0069305896759033,-2.02246356010437,-0.898905336856842,-1.0479094982147217,-1.4034799337387085,-0.4155198931694031,-1.7452565431594849
5590.0,111.79900000000004,13.13155574164982,314.50007616768613,386.5459930954044,447555.09756201727,13.256383000000003,314.50001,386.5459900000001,447650.7794840002,9.60091407614676,-0.0021957562937062,-0.0001053803315556,19200.000000000007,2.735951871744719e-05,-6.616768603824793e-05,-3.095404288149163e-06,0.0,9.6188895633056,5.250061400670994,-0.0027007942612167,-0.4304570533656594,-0.0029358546521302,-4.69390456897787,19200.03437808649,12.855433053871712,0.002,-1.791938943309053,-3.254133998832196,-0.9414401016203828,6.0,10.0,180.0,-0.9975476909222856,-4.9804607186079055,-0.0898356902350336,-3.21510404490038,372.3007397075613,-656.8321099443465,167.25403539140268,755.0076275898441,547.2750000000001,-0.9975476909222856,-0.9740746021270752,-1.101442575454712,-1.0630342960357666,-1.0725555419921875,-1.0896809101104736,-1.0987846851348877,-1.0539140701293945,-1.1304298639297485,-1.087853193283081,-1.0530184507369995,-1.094583511352539,-1.1455461978912354,-1.1496117115020752,-1.090109944343567,-1.1094452142715454,-1.02064049243927,-1.105314016342163,-1.0763156414031982,-1.128194808959961,-0.9652314782142639,-1.2015674114227295,-1.0590437650680542,-0.9446659684181213,-1.178323745727539,-1.0548409223556519,-1.2638473510742188,-1.1315038204193115,-1.23927640914917,-1.100014328956604,-1.2013370990753174,-0.7748243808746338,-1.072087049484253,-1.0747368335723877,-1.069307565689087,-2.0804920196533203,-0.9173684120178223,-1.0900241136550903,-1.4755051136016846,-0.42827367782592773,-1.7286159992218018
5591.0,111.81900000000005,13.324024596815274,314.4999637555251,386.5459893772708,447939.0995084468,13.448383000000003,314.50001,386.5459900000001,448034.7794840002,9.585284270008533,0.0015390044103011,1.8745871442317224e-05,19200.000000000007,-0.0004414986444724,4.624447497447852e-05,6.227293391725878e-07,0.0,9.575423768353453,-4.469675461637093,-0.0024281819862322,-1.651331906360554,-0.0073037910423465,1.6491576550451317,19200.20558200712,64.43976542265476,0.002,-1.857611761569192,-3.2119379738599965,-0.937510905629432,6.0,10.0,180.0,-0.95406444194072,-4.990739355858448,-0.0912839808893718,-3.204375017852734,371.6258698537807,-656.5560549721732,167.12001769570134,754.4348137949221,545.1000000000001,-0.95406444194072,-0.925199031829834,-1.0437569618225098,-1.0307799577713013,-1.036847472190857,-1.0322767496109009,-1.0271638631820679,-1.0242629051208496,-1.0774847269058228,-1.0495326519012451,-0.9957753419876099,-1.0508041381835938,-1.0931657552719116,-1.1002391576766968,-1.03866446018219,-1.0642915964126587,-0.9568853378295898,-1.1932110786437988,-1.0286076068878174,-1.0858919620513916,-0.918432354927063,-1.1690605878829956,-1.0413228273391724,-0.9229994416236877,-1.1341913938522339,-1.0323607921600342,-1.212039589881897,-1.0949252843856812,-1.2076199054718018,-1.0729153156280518,-1.1852521896362305,-0.6564680933952332,-1.0235484838485718,-1.0112377405166626,-1.045596957206726,-1.9968302249908447,-0.8831453919410706,-1.0498075485229492,-1.4171481132507324,-0.32759955525398254,-1.853637933731079
5592.0,111.83900000000004,13.515432639107065,314.4998730248394,386.5460138998943,448323.10230086494,13.640383000000003,314.50001,386.5459900000001,448418.7794840002,9.605027878395976,0.0045732857263002,-0.0007920222945301,19200.000000000007,0.0001503601819632,0.0001369751607591,-2.389989425303401e-05,0.0,9.615232197085607,9.163487230127789,0.0100284071448832,-2.068741698132534,-0.0082928985571649,2.4376251724601428,19200.324312600744,-47.15427216621862,0.002,-1.9230756614914808,-3.289955237740342,-0.9262318840193736,6.0,10.0,180.0,-1.0058336493422513,-5.00877139941232,-0.0947145456233556,-3.18129708994927,372.3519349268903,-656.6345274860867,167.22000884785066,754.861406897461,541.0500000000002,-1.0058336493422513,-0.9858027696609497,-1.1274446249008179,-1.0768953561782837,-1.0916697978973389,-1.111177682876587,-1.119673728942871,-1.0574978590011597,-1.1364866495132446,-1.1017003059387207,-1.085940957069397,-1.1230063438415527,-1.1707262992858887,-1.1724733114242554,-1.1121996641159058,-1.115232229232788,-1.0405521392822266,-1.0756957530975342,-1.0976216793060303,-1.1562449932098389,-0.9785274267196655,-1.2321363687515259,-1.0534172058105469,-0.9552106261253357,-1.188368797302246,-1.0710123777389526,-1.2793408632278442,-1.1678786277770996,-1.2534873485565186,-1.10862135887146,-1.2067158222198486,-0.8543586730957031,-1.0967230796813965,-1.09798264503479,-1.1256678104400635,-2.15910267829895,-0.927275538444519,-1.115749716758728,-1.525549292564392,-0.4093897342681885,-1.7897965908050537
5593.0,111.85900000000004,13.707979503384228,314.4999246213188,386.5460155550662,448707.1021611586,13.832383000000004,314.50001,386.5459900000001,448802.7794840002,9.58678727392768,0.0028457450268657,-0.0008521536295981,19200.000000000007,-0.0003963034657768,8.53786812568929e-05,-2.5555066080154662e-05,0.0,9.5905779680372,-4.268964571416168,0.0031832585636121,-2.4439589239845025,-0.0007466616877438,0.4943605086186423,19199.84332552267,4.2766068267988775,0.002,-1.964969598153068,-3.40329949120633,-0.9378443387533626,6.0,10.0,180.0,-0.9809871393343006,-5.0170372357000375,-0.0976634152758322,-3.180731772600589,372.0894674634452,-656.5252637430433,167.16750442392532,754.6367034487305,537.3750000000001,-0.9809871393343006,-0.9253968000411987,-1.0487909317016602,-1.0352377891540527,-1.0398273468017578,-1.0321714878082275,-1.0292987823486328,-1.0238908529281616,-1.0797569751739502,-1.0513310432434082,-0.9977039098739624,-1.0556377172470093,-1.1004669666290283,-1.1053731441497803,-1.0460138320922852,-1.0734938383102417,-0.9647173285484314,-1.2066572904586792,-1.032820701599121,-1.0899250507354736,-0.9213271141052246,-1.1663432121276855,-1.0423474311828613,-0.9239568114280701,-1.1371471881866455,-1.0341981649398804,-1.2168647050857544,-1.096491813659668,-1.2107484340667725,-1.0749855041503906,-1.188299298286438,-0.6580771207809448,-1.0303493738174438,-1.0178285837173462,-1.051446557044983,-2.025693655014038,-0.8833652138710022,-1.0548810958862305,-1.4249197244644165,-0.31310349702835083,-1.8783116340637207
5594.0,111.87900000000003,13.89942772582051,314.5000925400718,386.54601265562326,449091.1023553457,14.024383000000004,314.50001,386.5459900000001,449186.7794840002,9.6051816281583,-0.0027505957226698,-0.0007861730956268,19200.000000000007,0.0001553726332306,-8.254007173630034e-05,-2.2655623158819867e-05,0.0,9.6216031831968,5.9816444839102605,0.0080240805271194,0.6133442862752212,0.0031745217815591,2.256442225590935,19200.016077651704,-25.820445938055173,0.002,-1.8851742605336528,-3.457225479704311,-0.95455607721045,6.0,10.0,180.0,-1.0405550872070293,-5.011152717171824,-0.1015738892911307,-3.1781657340918392,372.6202337317226,-656.7336318715217,167.27125221196266,755.0793517243653,534.1500000000002,-1.0405550872070293,-0.9702532291412354,-1.1040236949920654,-1.054540753364563,-1.0736311674118042,-1.0832021236419678,-1.0885748863220215,-1.0492079257965088,-1.1173653602600098,-1.089174509048462,-1.0676127672195435,-1.1086010932922363,-1.1532601118087769,-1.1576911211013794,-1.098740816116333,-1.116655707359314,-1.028290033340454,-1.1008214950561523,-1.061016321182251,-1.141442060470581,-0.9655014872550964,-1.2063219547271729,-1.0506469011306763,-0.9480111002922058,-1.170894980430603,-1.0592694282531738,-1.2636443376541138,-1.1460624933242798,-1.2345175743103027,-1.0926142930984497,-1.190824031829834,-0.8355514407157898,-1.0812005996704102,-1.0779991149902344,-1.1027183532714844,-2.198387384414673,-0.9235079884529114,-1.102707862854004,-1.5031887292861938,-0.398113489151001,-1.8336656093597412
5595.0,111.89900000000004,14.091847610203232,314.5002850632619,386.5459746556411,449475.097855617,14.216383000000004,314.50001,386.5459900000001,449570.7794840002,9.591185053750518,-0.0091709163080448,0.0005140923732386,19200.000000000007,-0.0002645103152527,-0.0002750632618546,1.5344359019671713e-05,0.0,9.58790079966281,-2.931589009493825,-0.001717032635918,-2.931417504878522,0.0048776670059999,0.6061739882493555,19199.759626155592,-4.319266246855824,0.002,-1.848813195179393,-3.422028214724364,-0.9550070262290898,6.0,10.0,180.0,-1.0204564461194052,-4.980895043515912,-0.1015743062653247,-3.21923374111098,372.0141168658613,-656.6398159357609,167.18212610598133,754.6986758621827,531.3750000000001,-1.0204564461194052,-0.9290838241577148,-1.0583895444869995,-1.0406866073608398,-1.0447425842285156,-1.0366830825805664,-1.0367788076400757,-1.025650978088379,-1.0841619968414307,-1.0556526184082031,-1.0070240497589111,-1.06538724899292,-1.1113249063491821,-1.1144620180130005,-1.0564894676208496,-1.0829713344573975,-0.976355791091919,-1.205361008644104,-1.0397323369979858,-1.0988421440124512,-0.9284480810165405,-1.1700117588043213,-1.04239022731781,-0.927753746509552,-1.1416875123977661,-1.0384243726730347,-1.2238117456436157,-1.104265570640564,-1.2153956890106201,-1.0780293941497803,-1.1905241012573242,-0.6818496584892273,-1.0407721996307373,-1.0287402868270874,-1.0647951364517212,-2.0643839836120605,-0.8872957825660706,-1.0640190839767456,-1.4405709505081177,-0.3071885108947754,-1.8979012966156006
5596.0,111.91900000000004,14.283822185276776,314.5001162784,386.54599117928126,449859.0969195484,14.408382999991778,314.50001,386.5459900000001,449954.7794840002,9.592021262369476,-0.0035462770506348,-6.839103817363461e-05,19200.000000000007,-0.0002391817853226,-0.0001062783999417,-1.1792811891704537e-06,0.0,9.641825087583006,1.5822427544520667,-0.0090260455176289,3.6612261698685984,0.0002288600267042,-1.531502621281175,19200.17114689688,-25.68769850477569,0.002,-1.7633695920523251,-3.384634476042262,-0.9500449860627072,6.0,10.0,180.0,-0.9916299717732858,-4.965366169480946,-0.1015696213969387,-3.2418281661999173,372.32655843293065,-657.3539079678804,167.36256305299065,755.4738379310913,528.8250000000002,-0.9916299717732858,-0.9516135454177856,-1.0743716955184937,-1.0296807289123535,-1.0517899990081787,-1.05462646484375,-1.0521804094314575,-1.0396926403045654,-1.0988667011260986,-1.0725054740905762,-1.037405014038086,-1.0840773582458496,-1.1282991170883179,-1.135890007019043,-1.0786598920822144,-1.1176460981369019,-1.010744333267212,-1.146144986152649,-1.0186587572097778,-1.1166971921920776,-0.9465514421463013,-1.1689828634262085,-1.0506556034088135,-0.9340009689331055,-1.152634620666504,-1.0422439575195312,-1.2471675872802734,-1.1053918600082397,-1.2104990482330322,-1.0759503841400146,-1.1749200820922852,-0.7960779666900635,-1.0579215288162231,-1.0519658327102661,-1.0578042268753052,-2.2079546451568604,-0.9158399105072021,-1.0805412530899048,-1.4629322290420532,-0.39483481645584106,-1.8477517366409302
5597.0,111.93900000000004,14.476006887634416,314.5000936383042,386.5459558247824,450243.0985496879,14.600382999953345,314.50000999999816,386.5459900000001,450338.7794840002,9.585873441743454,-0.0027890982845692,0.0011054553134696,19200.000000000007,-0.0004236848727607,-8.363830414692738e-05,3.417521774788729e-05,0.0,9.569085660066731,-3.1692705292220382,-0.0051075807044806,-1.217980928376497,-0.0009504705846784,-0.7871753087424818,19200.04917940353,0.0837208251959452,0.002,-1.857510688592868,-3.299769894492099,-0.9353605826397512,6.0,10.0,180.0,-0.9863038134227284,-4.957568743677408,-0.1005789081917634,-3.221830841014839,371.4462792164653,-656.7964539839402,167.14778152649532,754.5554189655456,526.5750000000002,-0.9863038134227284,-0.9261174201965332,-1.0542534589767456,-1.0320625305175781,-1.0403865575790405,-1.032354712486267,-1.0294318199157715,-1.0233662128448486,-1.0803756713867188,-1.052581787109375,-1.0052809715270996,-1.0632781982421875,-1.1090342998504639,-1.1127901077270508,-1.055847406387329,-1.0907312631607056,-0.9792357683181763,-1.2101068496704102,-1.025139331817627,-1.0959529876708984,-0.9254664182662964,-1.1578423976898193,-1.0423280000686646,-0.924044668674469,-1.1372838020324707,-1.034247636795044,-1.222193717956543,-1.0931159257888794,-1.2073912620544434,-1.0716757774353027,-1.1824836730957031,-0.6897298693656921,-1.0391480922698975,-1.0271908044815063,-1.0548866987228394,-2.1033689975738525,-0.8898587822914124,-1.0621129274368286,-1.4356954097747803,-0.3136427402496338,-1.90401029586792
5598.0,111.95900000000005,14.66769347621709,314.49992373305383,386.5460214277848,450627.1015098199,14.792382999911776,314.5000099999815,386.5459900000001,450722.7794840002,9.596319204923834,0.0028837164611301,-0.0010470980360105,19200.000000000007,-0.0001103786131698,8.62669412602871e-05,-3.1427784748253964e-05,0.0,9.61718105973892,-0.2448474978768111,-0.0112622890299514,0.6139185968794918,0.0070680257881523,-1.225012026632723,19200.083376655668,-25.819565330454928,0.002,-1.840007494204203,-3.3478679768188884,-0.9517166450432428,6.0,10.0,180.0,-0.9858404317787371,-4.972141418764563,-0.1000864521799443,-3.1874326104697133,371.5706396082327,-657.1922269919701,167.24239076324767,754.9612094827728,524.6250000000001,-0.9858404317787371,-0.9405503869056702,-1.0694122314453125,-1.035101294517517,-1.0488379001617432,-1.0454533100128174,-1.0445884466171265,-1.0322983264923096,-1.0924850702285767,-1.0651003122329712,-1.0246412754058838,-1.0779902935028076,-1.1239314079284668,-1.1285548210144043,-1.0722630023956299,-1.108060598373413,-0.9998575448989868,-1.185333013534546,-1.0272436141967773,-1.1102840900421143,-0.9395122528076172,-1.165771484375,-1.0468031167984009,-0.9313449859619141,-1.147930383682251,-1.0408509969711304,-1.2384957075119019,-1.1041797399520874,-1.2127777338027954,-1.0764633417129517,-1.1813994646072388,-0.7349288463592529,-1.0534602403640747,-1.0445293188095093,-1.063276767730713,-2.168084144592285,-0.9032320380210876,-1.0754190683364868,-1.4566706418991089,-0.3480820059776306,-1.886693000793457
5599.0,111.97900000000004,14.85973515651931,314.4999895801726,386.54598636278496,451011.1038959806,14.984382999917871,314.50000999994035,386.5459900000001,451106.7794840002,9.594927081832926,0.0006818767450016,0.0001219799124801,19200.000000000007,-0.0001521610176158,2.041979509565676e-05,3.637215140038639e-06,0.0,9.58838651604924,-1.768875561663302,0.0087750602607492,-3.8451549247576,-0.010755127003127,1.58721986523686,19199.965414459886,-98.82823517173358,0.002,-1.8545296990085625,-3.389569465453014,-0.9543974153116144,6.0,10.0,180.0,-1.019540833293965,-4.980486771560827,-0.103516064274331,-3.185339492436732,371.8538198041164,-656.669113495985,167.16919538162384,754.6456047413865,522.9000000000001,-1.019540833293965,-0.9313146471977234,-1.068333387374878,-1.04656982421875,-1.0497753620147705,-1.0396411418914795,-1.0426745414733887,-1.0263181924819946,-1.086252212524414,-1.0597221851348877,-1.0173413753509521,-1.0759541988372803,-1.1227915287017822,-1.123664140701294,-1.0670809745788574,-1.0917466878890991,-0.9874343872070312,-1.209395170211792,-1.0470948219299316,-1.1086463928222656,-0.9344357252120972,-1.174384355545044,-1.0411847829818726,-0.9318611025810242,-1.1454284191131592,-1.0438930988311768,-1.230836033821106,-1.1145685911178589,-1.2203210592269897,-1.0805349349975586,-1.193366289138794,-0.7108272314071655,-1.0515062808990479,-1.039277195930481,-1.083562970161438,-2.114957571029663,-0.8893560767173767,-1.0737977027893066,-1.458880066871643,-0.28888818621635437,-1.933901309967041
5600.0,111.99900000000002,15.05170585144667,314.49999933977426,386.5460047446624,451395.1046650469,15.176383000070192,314.5000099998815,386.5459900000001,451490.7794840002,9.595911324369762,0.0003565745047047,-0.0005613049473132,19200.000000000007,-0.0001226523527066,1.0660147812073084e-05,-1.474466218645766e-05,0.0,9.609378580274605,-0.1241633616792896,-0.0114652395226154,0.354922717376103,-0.0009710022422572,0.1248520487671029,19199.96632899282,12.923222711779228,0.002,-1.880409888142616,-3.349904747948442,-0.9338821179475508,6.0,10.0,180.0,-0.97512733947591,-4.977146086557953,-0.1020540876031729,-3.1658665273193227,371.64240990205815,-657.0435567479925,167.22059769081193,754.8673023706933,521.4000000000001,-0.97512733947591,-0.9390134811401367,-1.0704929828643799,-1.0349469184875488,-1.048872709274292,-1.0442206859588623,-1.0432838201522827,-1.0311272144317627,-1.0898373126983643,-1.0633900165557861,-1.027318000793457,-1.0810686349868774,-1.1261365413665771,-1.1302518844604492,-1.0741485357284546,-1.1089528799057007,-1.0013808012008667,-1.1875357627868652,-1.026921033859253,-1.11307954788208,-0.939673662185669,-1.167077898979187,-1.0446220636367798,-0.9320306181907654,-1.1465840339660645,-1.0419440269470215,-1.2387300729751587,-1.1081901788711548,-1.2126350402832031,-1.0753065347671509,-1.1806941032409668,-0.7431187033653259,-1.055722713470459,-1.0459083318710327,-1.0717592239379883,-2.1872689723968506,-0.9033189415931702,-1.0781855583190918,-1.4630032777786255,-0.3371945023536682,-1.9099942445755005
5601.0,112.01900000000003,15.243671762697616,314.49999512566336,386.54596954760166,451779.1035935275,15.368383981039822,314.50000999975265,386.5459900000001,451874.7794840002,9.597183326631814,0.0004691070430732,0.0006773727588391,19200.000000000007,-8.871175153050669e-05,1.4874188153515163e-05,2.045239848651193e-05,0.0,9.582791971926456,-2.734266262965569,-0.0021770619865706,3.181627029524948,0.0100039214031876,2.807118845521793,19199.82700745908,8.681176413675898,0.002,-1.88824625792034,-3.357833832315227,-0.9472108145683504,6.0,10.0,180.0,-1.0264604620398246,-4.977573276124717,-0.1015584199423082,-3.1863984659256355,371.4267049510291,-656.7442783739963,167.13529884540597,754.5006511853467,513.3000000000001,-1.0264604620398246,-0.9226940274238586,-1.0496710538864136,-1.0103816986083984,-1.0332975387573242,-1.0239461660385132,-1.011560320854187,-1.0209026336669922,-1.0666322708129883,-1.047454833984375,-1.0154192447662354,-1.0706326961517334,-1.1097557544708252,-1.1167981624603271,-1.0612151622772217,-1.1074676513671875,-0.9890633821487427,-1.1995714902877808,-0.9869118332862854,-1.1018482446670532,-0.92271888256073,-1.1461304426193237,-1.037285566329956,-0.9226782917976379,-1.1267842054367065,-1.0329471826553345,-1.2256816625595093,-1.0892921686172485,-1.1909618377685547,-1.057183027267456,-1.1614603996276855,-0.765807032585144,-1.0425200462341309,-1.0265130996704102,-1.061811089515686,-2.2498414516448975,-0.9012227654457092,-1.068735957145691,-1.4489396810531616,-0.3189774453639984,-1.9768378734588623
5602.0,112.03900000000004,15.435834451877987,314.5000388009912,386.5459794209804,452163.1013241696,15.560388497771854,314.5000102406051,386.5459900000001,452258.7794840002,9.591972611918225,-0.0009226895689495,0.000317969813308,19200.000000000007,-0.0002492109806603,-2.879695898760918e-05,1.057901971104634e-05,0.0,9.625019910272089,-1.7098734700787577,-0.0070531404275595,-2.62048652968872,-0.0019363037324706,1.28192484088282,19199.87704839536,60.1018788583537,0.002,-1.8616402092755,-3.3933950156627337,-0.9618930522307774,6.0,10.0,180.0,-0.9848958284876824,-4.975567146553067,-0.1025402449163624,-3.1910182273611287,371.83185247551455,-657.1761391869982,167.26964942270297,755.0758255926733,519.5250000000001,-0.9848958284876824,-0.9318393468856812,-1.0674750804901123,-1.0423734188079834,-1.048494577407837,-1.0379023551940918,-1.0387344360351562,-1.0266987085342407,-1.0856882333755493,-1.0602139234542847,-1.0179572105407715,-1.0771535634994507,-1.1234803199768066,-1.1253626346588135,-1.0696783065795898,-1.0989503860473633,-0.9914753437042236,-1.2123385667800903,-1.0377198457717896,-1.1096068620681763,-0.9347261190414429,-1.1699481010437012,-1.0420997142791748,-0.9317582249641418,-1.1449580192565918,-1.0435229539871216,-1.2335039377212524,-1.1126621961593628,-1.217613697052002,-1.0786833763122559,-1.1895036697387695,-0.7045592069625854,-1.0524719953536987,-1.0399614572525024,-1.080262303352356,-2.146836519241333,-0.8924432396888733,-1.0749595165252686,-1.4606367349624634,-0.29570215940475464,-1.9442510604858398
5603.0,112.05900000000004,15.6276033368673,314.49993772954684,386.5460109816576,452547.1023581022,15.752394490125004,314.5000125234497,386.5459900000001,452642.7794840002,9.599908037275055,0.0026431828364775,-0.0007321993531324,19200.000000000007,-1.270755917431974e-05,7.291983182905446e-05,-2.0981657549066355e-05,0.0,9.554191685367549,2.508939559735129,0.0076880993447694,7.818361385128467,0.0068120783888921,-1.156814366761718,19200.04919603469,-21.52206536196768,0.002,-1.833327625963581,-3.3748816815897835,-0.9613166075446746,6.0,10.0,180.0,-1.0517664705519012,-4.980976863276231,-0.1020540253885873,-3.2079523342057144,371.39692623775727,-656.286569593499,167.03882471135148,754.0874127963366,518.5500000000001,-1.0517664705519012,-0.9483349919319153,-1.0713648796081543,-1.0093836784362793,-1.0448987483978271,-1.0501569509506226,-1.041414737701416,-1.03652822971344,-1.0891271829605103,-1.063541293144226,-1.0462757349014282,-1.0882511138916016,-1.1285372972488403,-1.137664556503296,-1.0816200971603394,-1.1323306560516357,-1.0211139917373657,-1.1141165494918823,-0.987600564956665,-1.1185286045074463,-0.9442548751831055,-1.1518933773040771,-1.046739101409912,-0.9296084046363831,-1.142514705657959,-1.0363489389419556,-1.247130274772644,-1.0921958684921265,-1.1917304992675781,-1.060347318649292,-1.1525087356567383,-0.9480535387992859,-1.0610787868499756,-1.0538427829742432,-1.054608702659607,-2.3294272422790527,-0.9271142482757568,-1.0843867063522339,-1.4673388004302979,-0.41274940967559814,-1.8767578601837158
5604.0,112.07900000000004,15.82010623994878,314.5000737498299,386.5459925557958,452931.10117275326,15.94440060629502,314.50001818214776,386.5459900000001,453026.7794840002,9.58331987599622,-0.0016689821912302,-8.474912872791229e-05,19200.000000000007,-0.0005096132960543,-5.946352403668467e-05,-2.55579562360824e-06,0.0,9.659499417614926,-2.440093361799452,0.0141699320580904,1.0356527273422018,0.0034360305843392,-5.802003316516253,19200.016560425986,81.47938001042994,0.002,-1.914994437261201,-3.302579938073931,-0.9263558707497752,6.0,10.0,180.0,-1.0357260611241776,-4.9731624002917325,-0.0991008612368478,-3.2033333750813164,373.0909631188787,-656.9307847967495,167.36541235567574,755.4842063981682,517.6500000000002,-1.0357260611241776,-0.9345959424972534,-1.060339331626892,-1.0302326679229736,-1.0447397232055664,-1.035958170890808,-1.0330886840820312,-1.028448224067688,-1.089521884918213,-1.0601348876953125,-1.0102300643920898,-1.0682767629623413,-1.118297815322876,-1.122079610824585,-1.0685187578201294,-1.115687370300293,-0.9977928400039673,-1.2204724550247192,-1.0154576301574707,-1.1002107858657837,-0.9321417212486267,-1.14535653591156,-1.0510926246643066,-0.9243746399879456,-1.1452077627182007,-1.0364274978637695,-1.2359317541122437,-1.0837109088897705,-1.2066718339920044,-1.0731853246688843,-1.1803038120269775,-0.6841174960136414,-1.04764723777771,-1.0382975339889526,-1.0401793718338013,-2.1755146980285645,-0.8987711071968079,-1.0677411556243896,-1.4390854835510254,-0.3399047255516052,-1.8918514251708984
5605.0,112.09900000000005,16.01209812219586,314.4998688827707,386.54600097677815,453315.099134855,16.136380208374913,314.5000242955377,386.5459900000001,453410.7794840002,9.556350493473149,0.0053760904753799,-0.0003654210110916,19200.000000000007,-0.0004950817948613,0.0001514386484466,-1.0976778057375064e-05,0.0,9.552797325409584,3.72023941495526,-0.0077683659882183,0.486380476737002,-0.0004737045658993,0.1810426869817483,19199.897499449,21.447890153962444,0.002,-1.417946342325641,-3.18184140012668,-0.8912395167717967,6.0,10.0,180.0,-1.015791490332271,-4.986917908871195,-0.0981104039887323,-3.232553841800949,371.4764815594393,-656.4493923983748,167.08120617783788,754.269603199084,516.9750000000001,-1.015791490332271,-0.9519514441490173,-1.0921907424926758,-1.0441017150878906,-1.0603528022766113,-1.060713529586792,-1.0664255619049072,-1.0369415283203125,-1.1024138927459717,-1.0710753202438354,-1.0525553226470947,-1.1013247966766357,-1.1475130319595337,-1.1491910219192505,-1.0939037799835205,-1.1240556240081787,-1.0257824659347534,-1.156109094619751,-1.0425642728805542,-1.131805419921875,-0.9549899101257324,-1.1788605451583862,-1.045562505722046,-0.9391557574272156,-1.157423734664917,-1.0496537685394287,-1.2533787488937378,-1.1233075857162476,-1.2208518981933594,-1.0802842378616333,-1.1815426349639893,-0.821514904499054,-1.0766470432281494,-1.0702558755874634,-1.0947355031967163,-2.249408483505249,-0.9162418246269226,-1.0968084335327148,-1.4928261041641235,-0.3552137017250061,-1.9033334255218506
5606.0,112.11900000000006,16.19724467242633,314.5002622451733,386.54599371382375,453699.1008706911,16.297321538035526,314.50003040567043,386.5459900000001,453794.7794840002,5.3166371057123225,-0.0075255185065851,-0.0001219441420459,19200.000000000007,0.0047201811930667,-0.0002358104434798,-3.7138235828013776e-06,0.0,7.927210428029705,-297.0053700172317,0.046242436229274,-2.1358038153796604,-0.0082605299966434,-1.3992257142651632,19200.25708431745,98.8025153996526,0.002,0.0326203442170985,-2.2498164585675786,-0.5896237680342656,6.0,10.0,180.0,0.5215493733161469,-4.9849155260443165,-0.1015607027636094,-3.2202645241338246,346.15874077971966,-635.1276961991874,159.76760308891895,723.435801599542,516.3750000000001,0.5215493733161469,0.6158856749534607,0.827109694480896,0.5305320024490356,0.5224708318710327,0.37091314792633057,0.6908555030822754,0.6225678324699402,0.7074861526489258,0.8794373869895935,0.2991953492164612,0.6663522124290466,0.6403898000717163,0.5673174858093262,0.7220780253410339,0.7602674961090088,0.9119043350219727,-1.492051362991333,0.7175801992416382,0.6175761222839355,0.5888669490814209,1.0030657052993774,0.738696277141571,0.8306745290756226,0.7373860478401184,0.960490345954895,1.2231807708740234,0.7801954746246338,0.1469799131155014,0.5380754470825195,1.1042706966400146,-1.7000951766967773,0.7546514868736267,0.7706797122955322,0.5178560018539429,1.7979127168655396,0.23036664724349976,0.6307798027992249,0.9181281328201294,1.678775429725647,-3.08207631111145
5607.0,112.13900000000004,16.28549414524064,314.49780864413214,386.546269046078,454083.1233766366,16.34787355658866,314.4923701349143,386.5459900000001,454178.7794840002,2.1727529120872067,-1.1768511468638845,-0.0092993967685683,19200.000000000007,0.0397507504323348,0.0020529969601856,-0.0002790460772055,0.0,1.747117324320276,-83.99724071491943,-0.6008327453140101,-101.68319587135224,0.0168169969681285,-0.3674600735566233,19202.847525398312,85.89135313404572,0.002,0.5698508924314504,-2.2654086859393554,-0.599649249296934,6.0,10.0,180.0,-0.0007917003034992,-4.537463055331993,-0.122105369352083,-3.022359056971545,156.82687038985983,-511.1028480995937,117.65830154445948,555.938400799771,516.0000000000001,-0.0007917003034992,-0.10510382056236267,-0.3874543309211731,-0.3311748504638672,-0.4779469668865204,-0.270641952753067,-0.45217934250831604,-0.4137052297592163,-0.11480819433927536,-0.3679088056087494,-0.3532148003578186,-0.2538232207298279,-0.29513752460479736,-0.11566765606403351,-0.019075559452176094,0.6833997368812561,0.09014369547367096,-1.3832354545593262,-0.9022343158721924,-0.1819375455379486,0.01585458219051361,-0.1947833001613617,-0.1778356432914734,-0.2252538502216339,-0.12093609571456909,-0.07799933105707169,0.3206103444099426,-0.04887375235557556,-0.6479512453079224,0.10815991461277008,-0.4807049036026001,-2.8613429069519043,-0.4144314229488373,-0.2154075652360916,-0.8013461828231812,1.4730448722839355,-0.14005044102668762,-0.37824058532714844,-0.4536435008049011,1.1733970642089844,-2.14912486076355
5608.0,112.15900000000003,16.320748666039567,314.4587770641688,386.5465409703229,454467.1868318138,16.35199411930079,314.4206142902433,386.5459900000001,454562.7794840002,1.0221309275060315,-6.09771567639377,-0.0183628268937163,19200.000000000007,0.0306739811389104,0.0206805977741487,-0.0005509703205981,0.0,1.5932510106175024,-86.97939388560081,-4.212185408469469,-334.428249179417,0.0175479741182776,-2.018029781844126,19202.761469254205,-120.1992230288777,0.002,1.3219597318647105,-2.492469798470994,-0.7298373985570333,6.0,10.0,180.0,-0.1463444992507188,-3.2273650214025635,-0.1836160955055969,-2.4240288776334054,-123.58056480507008,-438.64592404979686,116.86665077222976,550.5957003998856,515.6250000000001,-0.1463444992507188,-0.37627583742141724,-0.04087410867214203,-0.12953895330429077,-0.06716983765363693,0.17320048809051514,-0.008695706725120544,-0.2754679322242737,-0.17611274123191833,-0.5221068263053894,-0.06904926896095276,0.0752490758895874,-0.083437979221344,0.10555946081876755,0.18330800533294678,1.7532930374145508,0.39880263805389404,-1.4548463821411133,-1.2155969142913818,0.048834022134542465,-0.2050880491733551,-0.2798651456832886,0.06546679884195328,0.05424123257398605,-0.08009622991085052,-0.1181381568312645,0.8152568936347961,0.5574986934661865,-1.1901129484176636,-0.19880101084709167,-0.6941999793052673,-0.13885854184627533,-0.016171995550394058,0.05355396494269371,-0.6662026047706604,0.585107684135437,0.5946646928787231,0.04723008722066879,-0.14853200316429138,2.557929277420044,-1.4411606788635254
5609.0,112.17900000000002,16.33650035315299,314.3198506654138,386.5461156727888,454851.20948426926,16.35198799971237,314.24338242071764,386.5459900000001,454946.7794840002,0.5160624711922588,-8.079692704671817,-0.0041892850404294,19200.000000000007,0.0154917103088129,0.0456192519682024,-0.0001256727932254,0.0,0.5592677574537998,36.437381715655775,-8.239732083234866,16.35227600014066,-0.0408054762422624,5.91821286417604,19199.56970893897,-141.70750824678692,0.002,1.7095728029303363,-2.324933085685358,-0.7526875127018994,6.0,10.0,180.0,-0.4644022591743919,-4.324748605506644,-0.2206904097491519,-2.197936071513984,-361.011282402535,-404.7729620248985,136.1818253861149,627.3273501999428,515.4000000000001,-0.4644022591743919,0.41473984718322754,-0.06506592780351639,0.14176231622695923,-0.1501183956861496,-0.10382714867591858,-0.20334210991859436,0.005632640793919563,0.08439509570598602,0.04533334821462631,-0.19779512286186218,-0.0910264179110527,-0.043760284781455994,0.0023376827593892813,0.03317228704690933,0.005778416991233826,-0.0236066784709692,-1.4598573446273804,0.012367770075798035,-0.056884653866291046,0.1543503999710083,0.20569482445716858,0.2565886080265045,-0.08554921299219131,0.29674381017684937,0.20977303385734558,0.2853006422519684,0.42103904485702515,0.380074679851532,0.18016186356544495,0.23197835683822632,-0.9764639139175415,-0.13945269584655762,-0.07108595967292786,-0.37412339448928833,0.22231927514076233,-0.11716563999652863,-0.09922146052122116,-0.42226409912109375,-0.12324899435043335,-0.7314552068710327
5610.0,112.19900000000004,16.347948945024037,314.153548511413,386.5461462089454,455235.1973618873,16.351981873185217,314.05137629860576,386.5459900000001,455330.7794840002,0.1342582710927924,-8.845930380140128,-0.0052065388806174,19200.000000000007,0.0040369009176337,0.0226317594569457,-0.0001562089843367,0.0,0.1945745783692778,-47.306827844976205,-8.73873681373724,-43.3415703339179,-0.0146173016364316,-2.196456764769118,19199.5023071542,8.543307497519635,0.002,1.87715197392026,-2.269945856442186,-0.7658912565740063,6.0,10.0,180.0,0.07022365096117,-4.189431159504662,-0.2236177030548647,-2.31220404875908,-493.6586412012675,-382.0589810124493,147.99491269305744,674.6996750999714,515.1750000000002,0.07022365096117,0.5971437692642212,0.5129876136779785,0.6106839179992676,0.496533066034317,0.4941045045852661,0.5697980523109436,0.46743470430374146,0.6522704362869263,0.6090956330299377,0.4216192364692688,0.5665242671966553,0.5274068713188171,0.6378583312034607,0.6880544424057007,0.9751407504081726,0.7097196578979492,-1.6629911661148071,0.28069183230400085,0.6042861938476562,0.4666164219379425,0.5409185886383057,0.7951586842536926,0.5819900631904602,0.507267951965332,0.6602153778076172,0.9176639318466187,0.6550359725952148,0.5681776404380798,0.7366328239440918,0.6535278558731079,-1.2201745510101318,0.39793071150779724,0.5151122212409973,0.0007083825767040253,1.065330982208252,0.3790524899959564,0.45608460903167725,0.29926908016204834,1.1412609815597534,-1.4795712232589722
5611.0,112.21900000000004,16.34947598998146,313.973667039874,386.54595427327433,455619.1906508965,16.351976731536787,313.8593701768577,386.5459900000001,455714.7794840002,0.0832973233151694,-9.25006832384604,0.0011948358305216,19200.000000000007,0.0025037891703208,0.0105071129945954,3.572674700516457e-05,0.0,0.2063475725636854,10.206325996544992,-9.181866545217634,-15.247062468367764,0.0136957798041211,1.2813842647983698,19199.81106569768,-21.401691936662168,0.002,2.064707610255339,-2.2258323780938785,-0.7948882393277205,6.0,10.0,180.0,-0.193422230745623,-4.331451652997132,-0.2099633413573657,-2.38343672061246,-565.1163206006338,-378.1184905062246,155.82945634652873,706.5503375499857,515.1000000000001,-0.193422230745623,0.588259220123291,0.3591907322406769,0.4127529561519623,0.31122249364852905,0.28560131788253784,0.32013070583343506,0.3517487645149231,0.5444088578224182,0.4062155485153198,0.3037456274032593,0.3548455834388733,0.35150277614593506,0.4242389500141144,0.4462829828262329,0.5637575387954712,0.4293438494205475,-2.3212122917175293,0.2781875729560852,0.3637808561325073,0.37425363063812256,0.5060741305351257,0.56984543800354,0.43211129307746887,0.5060028433799744,0.5444932579994202,0.7159283757209778,0.6065543293952942,0.6544439792633057,0.6119931936264038,0.5607250928878784,-0.40033185482025146,0.3253021240234375,0.35003602504730225,-0.06952467560768127,0.04790908098220825,0.2938139736652374,0.3421817719936371,0.08264009654521942,0.74600750207901,-0.8874496817588806
5612.0,112.23900000000005,16.35175913650341,313.7873587816048,386.54589867484367,456003.1845831426,16.35197512870192,313.6673643009637,386.5459900000001,456098.7794840002,0.0071994488796259,-9.439950977383084,0.0030402707605083,19200.000000000007,0.0002167096961325,0.0048092604309058,9.132538001714672e-05,0.0,-0.0152009674780056,-5.618752838136755,-9.42021127587456,-2.263025023870585,-0.008037566420225,3.490579418826848,19199.48274720192,0.0946738172117193,0.002,2.205909866532536,-2.203962331282822,-0.8227497997291096,6.0,10.0,180.0,0.0010451653214684,-4.4130903960630565,-0.2099682211086796,-2.441985454327481,-608.022160300317,-372.2297452531123,160.75422817326438,726.7431687749929,515.0250000000001,0.0010451653214684,0.6104316115379333,0.5306971073150635,0.5733726024627686,0.4942333698272705,0.49887797236442566,0.49410420656204224,0.5362691283226013,0.7266598343849182,0.6067305207252502,0.5121243000030518,0.5355832576751709,0.5201232433319092,0.5894199013710022,0.6105071902275085,0.6283220052719116,0.577142059803009,-2.2159173488616943,0.5936034917831421,0.5400508642196655,0.54472815990448,0.6092191338539124,0.7392016053199768,0.538219153881073,0.540341854095459,0.6498277187347412,0.8045189380645752,0.6301823854446411,0.7462493181228638,0.7828179597854614,0.6455428600311279,0.24974866211414337,0.4874274432659149,0.5308601260185242,0.12369467318058014,-0.05662080645561218,0.3606097996234894,0.5023962259292603,0.2729291319847107,0.8104122281074524,-0.998487651348114
5613.0,112.259,16.352333032922594,313.59835490088,386.5459373759185,456387.17888787313,16.35197500011582,313.4753604615585,386.5459900000001,456482.7794840002,-0.0119353606728114,-9.539832267652434,0.0017608627518774,19200.000000000007,-0.0003580164835751,0.0018076675692939,5.262401863839589e-05,0.0,0.0431306714793128,-8.5434563773039,-9.501677878719049,-2.617318486418479,-0.0061367714436163,-3.0556928527111564,19199.808581361274,-34.39038234172939,0.002,2.324768111341783,-2.185106528105582,-0.8484855564039802,6.0,10.0,180.0,0.0171259429897762,-4.374121553820545,-0.1992171164522127,-2.489697684033829,-629.2850801501585,-372.6118726265562,163.5606140866322,738.3175843874965,507.52500000000015,0.0171259429897762,0.6203839778900146,0.5663347244262695,0.6043574810028076,0.5302255153656006,0.5550745725631714,0.55767822265625,0.571378767490387,0.7601205706596375,0.6344375014305115,0.5610910058021545,0.5825525522232056,0.5553483963012695,0.6282995343208313,0.646569013595581,0.621199369430542,0.6130868196487427,-2.213942289352417,0.6479828357696533,0.5804771780967712,0.5861176252365112,0.6256632208824158,0.7479079961776733,0.5646026730537415,0.56867516040802,0.6596981287002563,0.8267433047294617,0.6469717025756836,0.7729262113571167,0.8168691992759705,0.6696853041648865,0.22198154032230377,0.5299265384674072,0.566234290599823,0.1781923621892929,-0.16739699244499207,0.3944626748561859,0.5477951169013977,0.3237403631210327,0.8652908802032471,-1.0018762350082397
5614.0,112.27900000000002,16.352249054674118,313.40739152241275,386.5458558374085,456771.1735154075,16.3519749999136,313.28335999990134,386.5459900000001,456866.7794840002,-0.0091300264015221,-9.574380081955274,0.0044731690790376,19200.000000000007,-0.0002740548722097,0.0007685579406873,0.0001341614892933,0.0,0.0112228187553577,3.540192992369188,-9.57424814957178,0.1224828063537792,0.0058327134595159,0.3036668135588346,19199.46752153282,-38.7435259511672,0.002,2.433896661248176,-2.148194436320709,-0.8660524230864517,6.0,10.0,180.0,0.0356327500099465,-4.398990148065212,-0.186027467192315,-2.5578022372408107,-641.3785400750792,-372.87743631327805,165.26980704331612,745.4102921937483,514.8750000000001,0.0356327500099465,0.6265460848808289,0.5311335921287537,0.5586768388748169,0.49104467034339905,0.5006673336029053,0.5024486184120178,0.5119991302490234,0.7229773998260498,0.5785926580429077,0.5185813307762146,0.5298128128051758,0.5132939219474792,0.577640175819397,0.5920737981796265,0.5716280341148376,0.5539683103561401,-2.316141128540039,0.6142032146453857,0.5241628885269165,0.5443432927131653,0.6213734745979309,0.7127920389175415,0.5383585095405579,0.569659948348999,0.645081639289856,0.786220133304596,0.6380740404129028,0.7898327708244324,0.7846296429634094,0.6567718386650085,0.16405059397220612,0.5150020718574524,0.5268083214759827,0.1481264978647232,-0.39184945821762085,0.3776143491268158,0.5176578760147095,0.27495336532592773,0.8067303895950317,-0.8751338720321655
5615.0,112.29900000000002,16.352597612235577,313.21582182222363,386.5458518594442,457155.16700831865,16.351974999929205,313.0913599998536,386.5459900000001,457250.7794840002,-0.0207556663076785,-9.588727024074448,0.0046057407508539,19200.000000000007,-0.0006226123470203,0.0003381777015449,0.00013813877915,0.0,-0.0246389159014784,-3.4091530476700624,-9.595232631155175,-4.390933986534287,-0.0021799934386079,1.0994663488803376,19199.622736115187,30.101178209331835,0.002,2.5314696920415,-2.1027277456615,-0.88222895684419,6.0,10.0,180.0,0.1127971116114901,-4.422426360035436,-0.1752908813096372,-2.6090825102710777,-648.3597700375396,-372.119718156639,166.21240352165808,749.3291460968742,514.8000000000002,0.1127971116114901,0.6339715123176575,0.5755636692047119,0.6004650592803955,0.5443893671035767,0.5531237125396729,0.5603406429290771,0.5514782667160034,0.7595899701118469,0.6269762516021729,0.571800172328949,0.578352153301239,0.5552574396133423,0.6238309144973755,0.6411828994750977,0.6524115800857544,0.607933521270752,-2.1942009925842285,0.6347419023513794,0.5736997127532959,0.5692815780639648,0.6284920573234558,0.7406627535820007,0.5761679410934448,0.5766502022743225,0.6688015460968018,0.8249251842498779,0.6486061811447144,0.7956693172454834,0.8248604536056519,0.6757274866104126,0.282956600189209,0.5510514974594116,0.5713168978691101,0.17027243971824646,-0.34457165002822876,0.41101327538490295,0.5585741996765137,0.3275499939918518,0.9090779423713684,-0.9613016843795776
5616.0,112.31900000000005,16.352461007100445,313.0235947727981,386.5458436688429,457539.16182167473,16.35197499998275,312.89935999991155,386.5459900000001,457634.7794840002,-0.0161981803601725,-9.58115996545311,0.0048794349910327,19200.000000000007,-0.0004860071363937,0.0005652282954681,0.0001464302963224,0.0,0.0114514779741177,-0.7933186438108951,-9.594250924950476,4.764372053365343,0.0026864707463486,1.157725447300885,19199.77540733515,21.546959708167428,0.002,2.623947985744989,-2.0702722350491176,-0.8959258628849855,6.0,10.0,180.0,0.1352705987249381,-4.491689456694827,-0.1591902384998938,-2.666036003871546,-651.1398850187697,-372.9588590783195,166.67920176082902,751.273073048437,514.8000000000002,0.1352705987249381,0.6283254623413086,0.5674697160720825,0.5953701734542847,0.5320379734039307,0.5505887269973755,0.5413925647735596,0.5571445226669312,0.7568994164466858,0.6240223050117493,0.5687016844749451,0.5721403956413269,0.5521494150161743,0.616372287273407,0.6304680109024048,0.575911283493042,0.5879949331283569,-2.2599411010742188,0.7005225419998169,0.5656969547271729,0.5946505069732666,0.6416593194007874,0.7541173100471497,0.5526619553565979,0.5836201906204224,0.6662145256996155,0.803226888179779,0.6460312008857727,0.809569239616394,0.7999558448791504,0.6724117994308472,0.18501414358615875,0.5501738786697388,0.5703828930854797,0.19748689234256744,-0.4548669159412384,0.38406071066856384,0.5525463223457336,0.3183102011680603,0.8047906756401062,-0.9176172018051147
5617.0,112.33900000000006,16.352425130787655,312.832050841791,386.54583585311536,457923.1557064339,16.351974999998852,312.7073599999656,386.5459900000001,458018.7794840002,-0.0150011983870635,-9.596367289371742,0.0051419498064684,19200.000000000007,-0.0004501307922927,0.000109159345011,0.0001542478949912,0.0,-0.0100286178983366,2.2548313966362925,-9.604016673682374,-2.8139271285852856,0.0014689918108228,2.319180796604994,19199.825899398355,72.96742373342082,0.002,2.7015161830925214,-2.0440029045364505,-0.9097917810874298,6.0,10.0,180.0,0.1689112768709432,-4.425716237931268,-0.1445411441447959,-2.7095700807503533,-653.0579425093849,-372.8004295391597,166.9536008804145,752.4175365242186,514.8000000000002,0.1689112768709432,0.6343029737472534,0.5522146224975586,0.5741237998008728,0.521271824836731,0.5237795114517212,0.5315183997154236,0.522345781326294,0.7389885187149048,0.5947074294090271,0.5486674308776855,0.5506970882415771,0.5317835807800293,0.5970344543457031,0.6122239828109741,0.616342306137085,0.5762975215911865,-2.2865495681762695,0.6215260028839111,0.5440205931663513,0.5469074249267578,0.623380720615387,0.7198103070259094,0.5595047473907471,0.5768387317657471,0.6564814448356628,0.8036127686500549,0.6434140205383301,0.8015604615211487,0.8028637170791626,0.6670623421669006,0.21919025480747223,0.5399739742279053,0.5495011210441589,0.15371376276016235,-0.4618450403213501,0.4001752436161041,0.5408202409744263,0.3004724383354187,0.8807763457298279,-0.9138972759246826
5618.0,112.35900000000004,16.35249407587177,312.6398567237067,386.5458573593675,458307.1541952129,16.351975000000007,312.51535999999646,386.5459900000001,458402.7794840002,-0.0173073602131851,-9.589885527773792,0.0044208247982141,19200.000000000007,-0.0005190758716153,0.0003033759989297,0.0001326426151814,0.0,-0.004640871990984,-0.3058279556042101,-9.580820059077132,4.637821939289055,0.0053743971947506,0.9812153880956462,19199.77492747808,-64.43055904433986,0.002,2.7601582263859354,-2.0260945416417937,-0.9187828115803236,6.0,10.0,180.0,0.2133644106672107,-4.398410512450826,-0.1347651764040631,-2.7516144345779616,-653.6464712546924,-372.5317147695798,166.99330044020724,752.5737682621093,514.8000000000002,0.2133644106672107,0.6300899982452393,0.5699145793914795,0.5960894823074341,0.5343837738037109,0.5525223016738892,0.5437235832214355,0.5571823120117188,0.7569652795791626,0.6237062215805054,0.5706233978271484,0.5741859078407288,0.5539109706878662,0.6177152991294861,0.6316512823104858,0.577579915523529,0.5887250900268555,-2.2707128524780273,0.7016011476516724,0.5668254494667053,0.5954260230064392,0.6422308087348938,0.7528228759765625,0.5543196797370911,0.5857068300247192,0.6667542457580566,0.8030236959457397,0.646854043006897,0.8126413226127625,0.8020309805870056,0.6737029552459717,0.18952001631259918,0.5547921657562256,0.5727002024650574,0.20001472532749176,-0.4762169122695923,0.38832536339759827,0.55618816614151,0.322121262550354,0.8131604790687561,-0.9080221056938171
5619.0,112.37900000000002,16.352376870694695,312.4481180045352,386.54587017984704,458691.148134025,16.351975000000007,312.32336000000004,386.5459900000001,458786.7794840002,-0.0133972420071763,-9.598605780306467,0.0039968573738741,19200.000000000007,-0.0004018706946854,4.199409583777332e-05,0.0001198211157338,0.0,0.0017236166885116,1.469154062127196,-9.616451481263388,-1.5183750453334846,0.009748658383413,-0.3123023706079679,19199.913525034928,102.9409597492366,0.002,2.819346169950882,-1.9957350616212048,-0.9269131223856074,6.0,10.0,180.0,0.2343870027423452,-4.459960402436977,-0.1196300149865202,-2.786530190209783,-654.2262356273462,-373.1888573847899,167.1626502201036,753.2918841310546,514.8000000000002,0.2343870027423452,0.6348705291748047,0.5573870539665222,0.5810213088989258,0.5223133563995361,0.5342711210250854,0.5401324033737183,0.5339969396591187,0.7451927065849304,0.60284423828125,0.5538636445999146,0.5589325428009033,0.5376527905464172,0.6035414934158325,0.6178532242774963,0.6017494201660156,0.5812254548072815,-2.2822227478027344,0.6373952627182007,0.5510777235031128,0.5626703500747681,0.6300784349441528,0.7247444987297058,0.561474621295929,0.5822306871414185,0.6593548655509949,0.8054811954498291,0.646877646446228,0.8062175512313843,0.8093663454055786,0.6723383069038391,0.20646043121814728,0.5441576242446899,0.5536212921142578,0.17068275809288025,-0.45833566784858704,0.40021100640296936,0.5467533469200134,0.30859994888305664,0.8637396097183228,-0.8979485630989075
5620.0,112.39900000000004,16.352389769472122,312.25575401823147,386.5458769750928,459075.1454807021,16.351975000000007,312.13136000000014,386.5459900000001,459170.7794840002,-0.013820161233581,-9.586461207626112,0.0037661092722333,19200.000000000007,-0.0004147694721196,0.0004059801936031,0.0001130238975162,0.0,-0.0126968077513693,-0.0629026674915939,-9.577395068299484,7.931936690447571,0.005368848281781,-2.131632085405069,19199.94880040217,-17.163563199192616,0.002,2.8723385530847825,-1.9762173482439152,-0.93630754392429,6.0,10.0,180.0,0.271471842682608,-4.500025933268523,-0.1093850842071349,-2.82803306304362,-654.3461178136731,-372.39292869239495,167.08332511005182,752.9469420655273,514.8000000000002,0.271471842682608,0.6298213005065918,0.57246994972229,0.6007947325706482,0.5302661657333374,0.5604089498519897,0.5482905507087708,0.5670835971832275,0.7569571137428284,0.6276074647903442,0.5712437033653259,0.579483151435852,0.5579366683959961,0.6206598877906799,0.6331650614738464,0.544601559638977,0.5867094993591309,-2.2851619720458984,0.726874828338623,0.5702004432678223,0.6176704168319702,0.6466962695121765,0.7565727233886719,0.5502240061759949,0.5925394892692566,0.6699056625366211,0.7976926565170288,0.6503220796585083,0.8172942996025085,0.8041180372238159,0.6793234348297119,0.12487204372882843,0.5582373738288879,0.5745031237602234,0.22316692769527435,-0.4849449694156647,0.38383209705352783,0.5601710677146912,0.32758092880249023,0.7722199559211731,-0.8661971092224121
5621.0,112.41900000000004,16.352255674532366,312.0642224878259,386.5459084482328,459459.1409747101,16.351975000000007,311.93936000000014,386.5459900000001,459554.7794840002,-0.0093573644948701,-9.602084875566929,0.0027218727986198,19200.000000000007,-0.000280674532359,-6.248906335888956e-05,8.155025829640452e-05,0.0,-0.0027003828804884,-0.0616173635481096,-9.606924304062414,-3.355681097879777,-0.000474587123396,-3.000582408279725,19199.8960265938,64.4756312746218,0.002,2.9242106784991675,-1.9382960679124417,-0.9489652928097037,6.0,10.0,180.0,0.2797790151362278,-4.440926172861958,-0.0991279301237512,-2.866961361694541,-654.5525589068366,-372.8144643461975,167.1676625550259,753.3069710327636,514.8000000000002,0.2797790151362278,0.6374220848083496,0.5651329755783081,0.5890323519706726,0.5270174145698547,0.545000433921814,0.5547102093696594,0.5405852198600769,0.7502634525299072,0.6094388365745544,0.5585590600967407,0.5694297552108765,0.5447858572006226,0.6125308275222778,0.6272868514060974,0.6140906810760498,0.5927945375442505,-2.253772497177124,0.6295382976531982,0.5607233643531799,0.5695780515670776,0.6297547221183777,0.724076509475708,0.5713043808937073,0.585699737071991,0.6622763276100159,0.8136133551597595,0.6509460210800171,0.80466228723526,0.8222564458847046,0.6782620549201965,0.20047833025455475,0.5493623614311218,0.5581901669502258,0.1785867065191269,-0.41631364822387695,0.4108366072177887,0.5553102493286133,0.3205897808074951,0.88404780626297,-0.88983553647995
5622.0,112.43900000000004,16.352259626726127,311.87194747374514,386.5458993694518,459843.13890947134,16.351975000000007,311.7473600000001,386.5459900000001,459938.7794840002,-0.0094618635954417,-9.59291128134609,0.0029850941487282,19200.000000000007,-0.0002846267261223,0.0002126263056891,9.073046864480388e-05,0.0,0.0019625116183806,2.3251118868641307,-9.563264574279044,1.2753442441816034,-0.001218686947231,-2.131583827787271,19200.083058085504,-51.45860722033476,0.002,2.966283415612014,-1.9144765195404485,-0.9582013011848663,6.0,10.0,180.0,0.3047084060242367,-4.457900334286227,-0.091302979864429,-2.8895346178847303,-654.0612794534184,-372.4787321730987,167.02583127751296,752.7004855163818,514.8000000000002,0.3047084060242367,0.6333181858062744,0.5532709360122681,0.5792962312698364,0.5143030881881714,0.5334310531616211,0.5328009128570557,0.536798357963562,0.7420067191123962,0.6004805564880371,0.5473416447639465,0.55854332447052,0.5371453762054443,0.6018331050872803,0.6152253746986389,0.5739675164222717,0.5754899978637695,-2.3146183490753174,0.6539823412895203,0.5491560697555542,0.5734392404556274,0.6336426138877869,0.7265135645866394,0.5530378222465515,0.5847101211547852,0.6560355424880981,0.7965542078018188,0.6466600894927979,0.8083016872406006,0.8033495545387268,0.6714379787445068,0.1628260761499405,0.5442139506340027,0.5520711541175842,0.18379853665828705,-0.4697967767715454,0.3950195014476776,0.5461612343788147,0.30873042345046997,0.8287654519081116,-0.8582172989845276
5623.0,112.45900000000005,16.352218864138894,311.68032165865054,386.54590915221695,460227.13479651976,16.351975000000007,311.5553600000001,386.5459900000001,460322.7794840002,-0.0081308623077527,-9.605391566533603,0.0026951524173313,19200.000000000007,-0.000243864138889,-0.0001616572933376,8.104943501042654e-05,0.0,-0.0048974456549884,2.0678768918933006,-9.60593786299302,-5.67066750404083,-0.0063447479719949,-1.3314752290038534,19199.68896823572,25.65397649485294,0.002,2.8898759180863003,-1.9136614625222608,-0.9449120388226968,6.0,10.0,180.0,0.3217932402724714,-4.490140157571892,-0.0825102764899012,-2.9269702752446323,-654.4421397267092,-372.76836608654935,167.13541563875648,753.1677427581909,514.8000000000002,0.3217932402724714,0.6381750106811523,0.5496796369552612,0.5745392441749573,0.5178178548812866,0.5262972116470337,0.5424720644950867,0.5210499167442322,0.7375063896179199,0.589792788028717,0.5447988510131836,0.553645133972168,0.5312562584877014,0.5985070466995239,0.6135768294334412,0.6239442825317383,0.580855667591095,-2.266813039779663,0.596714437007904,0.5452960729598999,0.5450687408447266,0.6185542941093445,0.7077009081840515,0.568708062171936,0.5802324414253235,0.6543228030204773,0.8085513710975647,0.6473134160041809,0.7991313338279724,0.8126054406166077,0.6729121208190918,0.17559827864170074,0.5407630205154419,0.5452819466590881,0.15501828491687775,-0.43149396777153015,0.41178086400032043,0.5446420907974243,0.30541032552719116,0.9035395383834839,-0.8879370093345642
5624.0,112.47900000000004,16.352173766236813,311.48839200160194,386.5459245501073,460611.132092901,16.351975000000007,311.36336000000006,386.5459900000001,460706.7794840002,-0.0066270028843054,-9.607733423100594,0.0021782481351009,19200.000000000007,-0.0001987662368065,-0.0002320005931005,6.54520787829446e-05,0.0,-0.003887322633183,0.125286823360426,-9.576911157013672,-2.68820183622366,-0.0041475331135151,-0.9185149825761766,19199.759561420207,-77.31120096143201,0.002,3.0132476617642605,-1.9603245026666376,-0.9636154580482588,6.0,10.0,180.0,0.3339945083560786,-4.475175082518193,-0.0761712144653353,-2.9572190537105767,-654.2785698633546,-372.4781830432746,167.06770781937826,752.8788713790955,514.8000000000002,0.3339945083560786,0.6357954144477844,0.5636982917785645,0.5872873067855835,0.5288258790969849,0.5418834686279297,0.5482345819473267,0.5379447340965271,0.7490174770355225,0.6093344688415527,0.5587115287780762,0.5676009654998779,0.5445979833602905,0.6116116046905518,0.6267749667167664,0.6174480319023132,0.5913782715797424,-2.2622265815734863,0.6352822780609131,0.5596383213996887,0.5660821199417114,0.6293933391571045,0.7267073392868042,0.5673216581344604,0.5823049545288086,0.6615682244300842,0.8111992478370667,0.6484334468841553,0.8042497634887695,0.8166463971138,0.674950897693634,0.20774902403354645,0.5494697093963623,0.5602149367332458,0.1742825210094452,-0.4317132234573364,0.40789687633514404,0.5536622405052185,0.3187083601951599,0.8837857842445374,-0.902764618396759
5625.0,112.49900000000002,16.35202701682626,311.29674327480706,386.5459316813064,460995.1266868264,16.351975000000007,311.17136000000005,386.5459900000001,461090.7794840002,-0.0017389465725641,-9.619444898610316,0.0019494673996017,19200.000000000007,-5.201682625457554e-05,-0.0005832748627467,5.8319653857114064e-05,0.0,0.0207513429438099,2.625922403832855,-9.611316904941557,-5.430837743552027,-0.0102344290834276,1.4633259259225828,19199.880086204004,-12.854052602319888,0.002,3.160181701854846,-1.916958430966581,-1.0017245683408096,6.0,10.0,180.0,0.3222648422881514,-4.454198713320495,-0.0756894781948941,-3.0054250524868147,-654.1142849316773,-373.7295915216373,167.17835390968912,753.3554356895477,514.8000000000002,0.3222648422881514,0.6359525918960571,0.5454976558685303,0.5679707527160645,0.5159130692481995,0.5174314379692078,0.5323800444602966,0.5141124129295349,0.734623908996582,0.5847307443618774,0.5423083305358887,0.5457192659378052,0.5255323052406311,0.5924413204193115,0.6077805757522583,0.6259390711784363,0.5751481056213379,-2.268465042114258,0.5956894159317017,0.5387351512908936,0.5345636606216431,0.6162471175193787,0.7064587473869324,0.5631250739097595,0.5761655569076538,0.6511175632476807,0.8053743839263916,0.6437432169914246,0.7969892621040344,0.8038256168365479,0.6676419973373413,0.17563851177692413,0.5353864431381226,0.54192715883255,0.14283885061740875,-0.4615454375743866,0.4045739471912384,0.5373303890228271,0.2958717346191406,0.902059018611908,-0.9133959412574768
5626.0,112.51900000000003,16.35230466156471,311.10459189994697,386.5459007129787,461379.1243110764,16.351975000000007,310.97936000000016,386.5459900000001,461474.7794840002,-0.0109571459492366,-9.614396701192558,0.002983318205718,19200.000000000007,-0.0003296615647026,-0.0004319001638737,8.938595498350109e-05,0.0,0.0068156115085569,-2.0188133242490984,-9.614973022134588,-1.5254841051435215,-0.006136182595429,1.4560457331047811,19199.75881032953,-34.26005849428047,0.002,3.166822215730825,-1.8375673557717425,-0.9871108103105828,6.0,10.0,180.0,0.3632684810694594,-4.438507225068141,-0.0707993657541796,-3.031074697627814,-654.3456424658386,-373.93929576081865,167.24917695484456,753.6582178447738,507.3750000000001,0.3632684810694594,0.6319620609283447,0.5736554265022278,0.5950019359588623,0.5437936186790466,0.5545623302459717,0.557377278804779,0.5513612627983093,0.7604494094848633,0.6198809146881104,0.5789965391159058,0.5771523714065552,0.5532686114311218,0.6209158897399902,0.6361204981803894,0.6122493743896484,0.5979543924331665,-2.26517653465271,0.6681313514709473,0.570015549659729,0.573326051235199,0.6334103941917419,0.7382470965385437,0.5674028992652893,0.5830325484275818,0.6596750020980835,0.8170093297958374,0.6488418579101562,0.805814802646637,0.8137673139572144,0.673005998134613,0.2391011267900467,0.5542250871658325,0.5727505087852478,0.1774515062570572,-0.4667853116989136,0.4059765636920929,0.5596742033958435,0.3242315649986267,0.9013648629188538,-0.979874849319458
5627.0,112.53900000000004,16.352321315536983,310.9119668144438,386.5458877840872,461763.1191476602,16.351975000000007,310.7873600000001,386.5459900000001,461858.7794840002,-0.0115464618668155,-9.593562937216262,0.0034047832319738,19200.000000000007,-0.0003463155369784,0.0001931855656199,0.0001022141839387,0.0,0.0031968038816166,-2.319420170625316,-9.633789908073863,5.618397861472616,0.0102571353256976,1.961594548821544,19199.688691378225,21.50490083107268,0.002,3.129434914487667,-1.8355045962287493,-0.9651012384113392,6.0,10.0,180.0,0.3896329252966676,-4.512771597022691,-0.060051966618708,-3.08286952548373,-654.7478212329193,-374.2241478804093,167.3635884774223,754.1481089223869,514.8000000000002,0.3896329252966676,0.6297792196273804,0.5787018537521362,0.6079731583595276,0.5473943948745728,0.5672860741615295,0.5572544932365417,0.5719419717788696,0.7684109210968018,0.6391533017158508,0.5881051421165466,0.5853085517883301,0.5642848014831543,0.628691554069519,0.642810046672821,0.582969605922699,0.5994327664375305,-2.232203483581543,0.7248583436012268,0.578944206237793,0.6094298362731934,0.6471256613731384,0.7661023139953613,0.5597836971282959,0.5885847806930542,0.6741572022438049,0.8110775351524353,0.649899423122406,0.8165619373321533,0.8060852885246277,0.6783409714698792,0.20430399477481842,0.5609331130981445,0.5844452977180481,0.209848091006279,-0.48553767800331116,0.3860532343387604,0.5634097456932068,0.331603467464447,0.8135893940925598,-0.9456262588500977
5628.0,112.55900000000004,16.352174947338124,310.720004392511,386.5459383454713,462147.1179170209,16.351975000000007,310.5953600000001,386.5459900000001,462242.7794840002,-0.0066616310020964,-9.594815764382854,0.0017193321332843,19200.000000000007,-0.0001999473381179,0.0001556075165722,5.165474550367502e-05,0.0,-0.0077892490151429,-1.22581649048476,-9.576659433157852,-0.48682540851557,0.0014873291635978,-0.8559635590640571,19199.980387168296,-30.09308750128676,0.002,3.159571533205828,-1.8835686767754225,-0.99425895880188,6.0,10.0,180.0,0.3950142101301444,-4.48147069889904,-0.0566439024525045,-3.095667917458884,-654.5029106164596,-373.0665739402047,167.18029423871116,753.3620544611935,522.2250000000001,0.3950142101301444,0.6367195844650269,0.5735430121421814,0.6001229882240295,0.5355533361434937,0.5537102222442627,0.5536938905715942,0.5527515411376953,0.7597296237945557,0.6269996166229248,0.5668776035308838,0.5776635408401489,0.5551763772964478,0.6217973232269287,0.6374558210372925,0.6249555349349976,0.6020784378051758,-2.1993367671966553,0.6560006141662598,0.5708119869232178,0.5860589742660522,0.6384184956550598,0.7454602122306824,0.5700283646583557,0.5843629837036133,0.6744590997695923,0.8151138424873352,0.650016725063324,0.8087310791015625,0.8219414949417114,0.6800444722175598,0.2312718778848648,0.5555800795555115,0.5703948140144348,0.19147324562072754,-0.4139072299003601,0.4017381966114044,0.559428870677948,0.3299564719200134,0.8520047068595886,-0.8871935606002808
5629.0,112.57900000000004,16.352090710230854,310.52819397442806,386.54593642233823,462531.1154317934,16.351975000000007,310.4033600000001,386.5459900000001,462626.7794840002,-0.0038544640042613,-9.601127104277074,0.001788450963377,19200.000000000007,-0.0001157102308453,-3.3974426710038774e-05,5.357963618765652e-05,0.0,0.0004846118407328,-1.6431316264108171,-9.607155684427893,4.151150108203124,-0.0105035745038673,0.4260494936253508,19199.467228508067,-90.22462410653117,0.002,3.1829582085008363,-1.890670268001484,-0.99399779759985,6.0,10.0,180.0,0.3989320428427542,-4.480888467232917,-0.0556803641223199,-3.1284605039007087,-654.5744553082297,-373.2677869701023,167.2181471193556,753.5230272305967,529.6500000000001,0.3989320428427542,0.6354489922523499,0.5762360692024231,0.6098002791404724,0.5391328930854797,0.5619406700134277,0.5541878938674927,0.565394937992096,0.7686740159988403,0.6420570015907288,0.5734230279922485,0.5826773643493652,0.5630271434783936,0.6273244023323059,0.6427952647209167,0.6141422390937805,0.6048475503921509,-2.1450369358062744,0.6915615797042847,0.5773248672485352,0.6090161204338074,0.6477683186531067,0.7686713337898254,0.5654695630073547,0.586467444896698,0.6871931552886963,0.8124125003814697,0.6495438814163208,0.814003050327301,0.8159767389297485,0.6858203411102295,0.22206582129001617,0.5596733093261719,0.5786453485488892,0.21121500432491302,-0.41474485397338867,0.387063205242157,0.5611277222633362,0.3339610695838928,0.7894569039344788,-0.8649553060531616
5630.0,112.59900000000005,16.35214818126242,310.3363386621603,386.5459411946959,462915.1097535348,16.351975000000007,310.21136000000007,386.5459900000001,463010.7794840002,-0.0057773576475376,-9.60595086573366,0.0016200464576801,19200.000000000007,-0.0001731812624171,-0.0001786621620369,4.890560148318949e-05,0.0,-0.002467860673637,-1.5740387771723403,-9.610388885154103,-4.6433509403685935,0.0075402471680133,2.7438251536422857,19199.845887409472,85.84137918339343,0.002,3.3649603611823524,-1.8731487990802391,-1.0358610557348666,6.0,10.0,180.0,0.4130774364277695,-4.449174407510727,-0.0547043700926095,-3.178212875086216,-654.702227654115,-373.3163934850512,167.2495735596778,753.6580136152984,535.9500000000002,0.4130774364277695,0.642055094242096,0.5722565650939941,0.6022861003875732,0.5415834784507751,0.5467640161514282,0.5518835783004761,0.5383527874946594,0.7611083984375,0.6333246231079102,0.5639657974243164,0.5731675624847412,0.5540276765823364,0.6213479042053223,0.6396408677101135,0.6926717758178711,0.6126729249954224,-1.9742929935455322,0.6112481951713562,0.5702834725379944,0.5672772526741028,0.6329192519187927,0.7506004571914673,0.5834873914718628,0.5779449343681335,0.6899041533470154,0.8261597752571106,0.6479405760765076,0.8023059368133545,0.8302898406982422,0.6849044561386108,0.292630136013031,0.5538462400436401,0.5690556168556213,0.17020677030086517,-0.36254072189331055,0.4040994346141815,0.5555489659309387,0.3285982012748718,0.8736750483512878,-0.8886454105377197
5631.0,112.61900000000004,16.35214295280015,310.143961918744,386.5459737472959,463299.1079230668,16.351975000000007,310.0193600000001,386.5459900000001,463394.7794840002,-0.0055943293396756,-9.593397808617231,0.0005414014559545,19200.000000000007,-0.0001679528001408,0.0001980812558356,1.6250299207430135e-05,0.0,0.0099864147254975,1.148866920004045,-9.616698051338792,3.1751172738719053,-2.4804965093789407e-06,-0.7943503373983785,19199.724621359503,-29.970598241685632,0.002,3.355996229900717,-1.7272857010534362,-1.0344396491262602,6.0,10.0,180.0,0.4164882593768261,-4.534613660871086,-0.0566418221338866,-3.2064088576769407,-654.5981138270574,-373.8686967425256,167.2922867798389,753.8415068076492,546.0000000000001,0.4164882593768261,0.6409752368927002,0.5616960525512695,0.600479245185852,0.5186341404914856,0.5423552989959717,0.5381401777267456,0.549164891242981,0.7575750946998596,0.6332809925079346,0.5480571389198303,0.5655363202095032,0.5490520000457764,0.6124773621559143,0.6283745169639587,0.6304104924201965,0.5959835052490234,-2.0320732593536377,0.6475102305412292,0.5611812472343445,0.5982829332351685,0.6469139456748962,0.7636770009994507,0.5646610856056213,0.5859110951423645,0.6954472661018372,0.8063422441482544,0.6477996706962585,0.8119022846221924,0.8219739198684692,0.6925011277198792,0.2152555137872696,0.5487766861915588,0.5602748394012451,0.2029777616262436,-0.3811763823032379,0.37862563133239746,0.5472738146781921,0.3210107684135437,0.7449802756309509,-0.7713571786880493
5632.0,112.63900000000004,16.352281666252487,309.9522026434412,386.545910400327,463683.0983614824,16.351975000000007,309.8273600000001,386.5459900000001,463778.7794840002,-0.0102172991895163,-9.601422504843102,0.0026579140685455,19200.000000000007,-0.0003066662524854,-4.264344110356031e-05,7.969765308553538e-05,0.0,-0.021463326066141,-2.9386520617695253,-9.599626412756535,-3.970988930169527,-0.0002203667354611,1.524952728336729,19199.86055573041,154.56737423637335,0.002,3.238185404766321,-1.6724902801174035,-1.029195094881317,6.0,10.0,180.0,0.4556038004437982,-4.466693626904886,-0.047829999716846,-3.273540903970701,-654.9575569135287,-372.7933483712628,167.24164338991943,753.6217534038246,550.5750000000002,0.4556038004437982,0.6469948291778564,0.5823562145233154,0.6187483072280884,0.5471492409706116,0.5592749118804932,0.5637085437774658,0.5484031438827515,0.7713534832000732,0.6481360197067261,0.5673359632492065,0.5849984884262085,0.5662163496017456,0.6332715749740601,0.6529381275177002,0.7220934629440308,0.6293007135391235,-1.7291877269744873,0.6108752489089966,0.5833638906478882,0.5879895687103271,0.6413542628288269,0.7725269198417664,0.5930971503257751,0.5804852843284607,0.7110194563865662,0.8342817425727844,0.6508570909500122,0.8050863742828369,0.8424077033996582,0.6965233087539673,0.3250763416290283,0.5617955923080444,0.5781249403953552,0.1892012059688568,-0.29410213232040405,0.403313547372818,0.5634306073188782,0.3446044921875,0.8402127623558044,-0.8303075432777405
5633.0,112.65900000000003,16.35210243499533,309.75962715908463,386.5459208050701,464067.103445468,16.351975000000007,309.6353600000001,386.5459900000001,464162.7794840002,-0.0042489863985854,-9.582233653001069,0.0023029847193603,19200.000000000007,-0.0001274349953249,0.000532840915504,6.919479051692903e-05,0.0,-0.0034130688882299,-0.299050287281725,-9.607402346058928,8.606780753541086,0.0151300365344895,3.062973922272762,19200.203542987834,-94.4440242700287,0.002,3.1437426761894454,-1.7445969335118892,-1.015362413097941,6.0,10.0,180.0,0.447325478426044,-4.520011316982918,-0.041970640153699,-3.259182702461324,-654.8757784567644,-372.9956741856314,167.2483216949597,753.6503767019124,554.5500000000002,0.447325478426044,0.6389045119285583,0.5741415619850159,0.617592990398407,0.5348596572875977,0.5574213266372681,0.5418993234634399,0.5613872408866882,0.7702142596244812,0.6592339277267456,0.564754068851471,0.5778348445892334,0.5654795169830322,0.6256390810012817,0.6422138810157776,0.6363218426704407,0.6067183017730713,-1.929488182067871,0.6981123089790344,0.5763219594955444,0.6268870830535889,0.6516860127449036,0.791368305683136,0.5627257227897644,0.5869232416152954,0.7124323844909668,0.8070308566093445,0.6468283534049988,0.8163679242134094,0.8256051540374756,0.7022616863250732,0.1932355910539627,0.5605989098548889,0.5805440545082092,0.2252320796251297,-0.3812335729598999,0.36444562673568726,0.5548622608184814,0.33335626125335693,0.6897439360618591,-0.7737351059913635
5634.0,112.67900000000004,16.35163954579654,309.5680701324535,386.5459512551498,464451.0978780945,16.351975000000007,309.4433600000001,386.5459900000001,464546.7794840002,0.0111835466650857,-9.597001317508797,0.0012952355882153,19200.000000000007,0.0003354542034616,8.986754661644091e-05,3.874505312114961e-05,0.0,-0.0278322198186663,4.825806075576827,-9.545393432287137,3.177014813802303,0.0078277190598659,-0.6750759335700479,19199.67255041053,90.04551575645034,0.002,3.2634786697100657,-1.7521871703148106,-1.0336141298237953,6.0,10.0,180.0,0.4023284356946394,-4.516180766921365,-0.041999594906032,-3.28789327399428,-654.5958892283822,-371.26133709281567,166.99216084747985,752.5511883509562,558.0000000000001,0.4023284356946394,0.6449227333068848,0.5423076152801514,0.5887603759765625,0.5016074776649475,0.520956814289093,0.5160635113716125,0.528553307056427,0.7376555800437927,0.6202497482299805,0.5220875144004822,0.5488253831863403,0.5367942452430725,0.5972938537597656,0.6136854290962219,0.6415049433708191,0.5831871032714844,-2.0083203315734863,0.6134458780288696,0.5445663928985596,0.5853232145309448,0.6437453627586365,0.7554640173912048,0.5580416321754456,0.5837175846099854,0.6999152898788452,0.7943885922431946,0.6436893343925476,0.8091572523117065,0.817878007888794,0.6951956152915955,0.2181112915277481,0.5433206558227539,0.5463626384735107,0.19444070756435394,-0.36006855964660645,0.3752647936344147,0.5364019274711609,0.3099619746208191,0.7108834385871887,-0.6756325960159302
5635.0,112.69900000000004,16.351960124361046,309.37639259824425,386.54604105359306,464835.09928162425,16.351975000000007,309.2513600000001,386.5459900000001,464930.7794840002,0.0005005066386231,-9.607752461823434,-0.0017310093320869,19200.000000000007,1.487563895936198e-05,-0.0002325982441035,-5.095333465610744e-05,0.0,0.0212438290293202,-3.3566492467895066,-9.63309935155246,-0.0618507104675472,-0.0014510030471723,-3.112723156525346,19200.29229627278,-25.79926313390407,0.002,3.2375855406102825,-1.8006367644583463,-1.0188247548408065,6.0,10.0,180.0,0.4120488023828368,-4.525932348409222,-0.0508058697162128,-3.282758731836372,-654.5114446141911,-373.4851685464079,167.2310804237399,753.5790941754781,560.9250000000001,0.4120488023828368,0.648136556148529,0.5834127068519592,0.6282133460044861,0.5369099378585815,0.568427324295044,0.5693739056587219,0.5645442008972168,0.778731107711792,0.6634531617164612,0.5629928112030029,0.5904750227928162,0.570405125617981,0.6373509168624878,0.6560179591178894,0.6965571045875549,0.632738471031189,-1.646772861480713,0.6301729679107666,0.5884127020835876,0.6199434995651245,0.6521306037902832,0.7866231799125671,0.5911287665367126,0.5873750448226929,0.723349928855896,0.8324921131134033,0.6546627879142761,0.8105615377426147,0.8448672890663147,0.7071807384490967,0.2686007022857666,0.5612627267837524,0.5771575570106506,0.2207716554403305,-0.246789813041687,0.39047324657440186,0.5642775893211365,0.3502158522605896,0.7546235918998718,-0.7483253479003906
5636.0,112.71900000000004,16.351965065916172,309.1846516964556,386.5460322582126,465219.0983350268,16.351975000000007,309.0593600000001,386.5459900000001,465314.7794840002,0.0003330072467705,-9.616392396682167,-0.001405788934064,19200.000000000007,9.934083832953588e-06,-0.0004916964545489,-4.2257121063790807e-05,0.0,-0.005882788640847,3.23765916178312,-9.559576985517497,-3.3581238729280742,0.0065750156533503,-2.381352761324341,19199.9826970604,90.22160705049654,0.002,3.2729538323537564,-1.7643403786907277,-1.0359802041285866,6.0,10.0,180.0,0.4111127436460268,-4.46780533934861,-0.0517602538972178,-3.29459590327474,-654.1512223070956,-372.4865842732039,167.04254021186995,752.770047087739,563.5500000000001,0.4111127436460268,0.6505720019340515,0.5412523746490479,0.5910159945487976,0.5027756690979004,0.5204077959060669,0.5265995860099792,0.5214254260063171,0.737555742263794,0.6210703253746033,0.5182964205741882,0.5507243275642395,0.5354779958724976,0.6003627777099609,0.6186447143554688,0.6944396495819092,0.5975455045700073,-1.725063443183899,0.5570186376571655,0.5473570823669434,0.5694076418876648,0.6346513032913208,0.7459011077880859,0.5737180113792419,0.5802837610244751,0.7064926624298096,0.810177743434906,0.6466434597969055,0.801661491394043,0.8224761486053467,0.696065366268158,0.2149447351694107,0.5397169589996338,0.5413563847541809,0.17800146341323853,-0.2877926230430603,0.3890947103500366,0.5371614694595337,0.31447577476501465,0.7636469006538391,-0.6800196170806885
5637.0,112.73900000000006,16.35200222037367,308.9923976215156,386.5459960872615,465603.0973532934,16.351975000000007,308.8673600000001,386.5459900000001,465698.7794840002,-0.0009058761744771,-9.607945828335158,-0.0002017299096212,19200.000000000007,-2.7220373664109312e-05,-0.0002376215135841,-6.086308577131898e-06,0.0,-0.0028952297554733,2.011845124375093,-9.602759903026078,3.0500775037441685,-0.0080533350080005,-1.2249377830735793,19199.946156771,-81.46523261593427,0.002,3.3970971452797234,-1.800940806069648,-0.9988439924864098,6.0,10.0,180.0,0.4184596590528965,-4.482907642388513,-0.0551525497829029,-3.3099919299821607,-654.4106111535477,-372.787292136602,167.129770105935,753.1435235438696,565.8750000000001,0.4184596590528965,0.6471380591392517,0.556617259979248,0.6055150032043457,0.5119571089744568,0.5376211404800415,0.5333844423294067,0.5444387793540955,0.7546210885047913,0.6419488191604614,0.5346670746803284,0.5624271631240845,0.549019455909729,0.6111525893211365,0.6286910176277161,0.6658399701118469,0.6017718315124512,-1.8040752410888672,0.6199448108673096,0.5600336790084839,0.603262186050415,0.6491538286209106,0.7730451226234436,0.5688169598579407,0.5852605104446411,0.7153093218803406,0.8076683878898621,0.6473965048789978,0.8106402158737183,0.8289976716041565,0.7041768431663513,0.22934819757938385,0.5483618974685669,0.556580662727356,0.20792065560817719,-0.3068796694278717,0.37381795048713684,0.5441078543663025,0.32323157787323,0.697818398475647,-0.6783640384674072
5638.0,112.75900000000004,16.352082956752618,308.80028501118056,386.5460567747364,465987.0959188266,16.351975000000007,308.67536,386.5459900000001,466082.7794840002,-0.0035993792513528,-9.604172150855325,-0.0022237522757439,19200.000000000007,-0.0001079567526128,-0.00012501119096,-6.677474249070113e-05,0.0,0.0119454930778026,0.731355811058032,-9.621573583618709,-7.200046820273937,-0.0012288053231055,-3.4193165884822085,19200.16911739085,55.7466518395152,0.002,3.4055249090518487,-1.7680002672268498,-1.0393928963305252,6.0,10.0,180.0,0.4267689573177712,-4.539065279942726,-0.0556503105689566,-3.316606307196848,-654.4678055767738,-373.74614606830096,167.2518850529675,753.6677617719348,560.4750000000001,0.4267689573177712,0.6527339220046997,0.5520875453948975,0.5989720821380615,0.5136701464653015,0.5320645570755005,0.5455081462860107,0.5234665274620056,0.7476304769515991,0.620397686958313,0.5306210517883301,0.5607168078422546,0.5416878461837769,0.6099289655685425,0.6289424300193787,0.7195175886154175,0.6118000745773315,-1.5232555866241455,0.5415030121803284,0.5575899481773376,0.5667413473129272,0.6304684281349182,0.7470502257347107,0.5882614850997925,0.5818847417831421,0.7075800895690918,0.8252759575843811,0.6510284543037415,0.7993194460868835,0.8331340551376343,0.6980945467948914,0.2104271799325943,0.5425940752029419,0.5460959076881409,0.17406654357910156,-0.2569749355316162,0.4011988937854767,0.5448314547538757,0.3233067989349365,0.8133304715156555,-0.7252873182296753
5639.0,112.77900000000002,16.3522361446565,308.6081221957332,386.5459892735256,466371.0990667215,16.351975000000007,308.4833600000002,386.5459900000001,466466.7794840002,-0.0086715207472904,-9.598735206107916,2.199986482248184e-05,19200.000000000007,-0.000261144656494,3.7804218400719336e-05,7.262337996983164e-07,0.0,0.0066005267354283,0.9763664228650444,-9.574725231154073,-1.956712996563744,-0.00757317315701,3.481274706419132,19199.810352250883,-60.166939092436266,0.002,3.3882912931333267,-1.6484440310635473,-1.0558369578077638,6.0,10.0,180.0,0.4541299888040783,-4.530825531183207,-0.0615305379655652,-3.291478177876565,-654.062902788387,-373.2910730341505,167.11694252648374,753.0903808859674,562.2000000000002,0.4541299888040783,0.6466480493545532,0.5550739765167236,0.6003553867340088,0.5229729413986206,0.5302801132202148,0.5303136110305786,0.5274168848991394,0.753767728805542,0.6356791853904724,0.5387030243873596,0.559505820274353,0.5468184351921082,0.610916018486023,0.6304823756217957,0.7140040397644043,0.6080172657966614,-1.7134497165679932,0.5894747972488403,0.5592565536499023,0.5723080039024353,0.638696551322937,0.7632295489311218,0.576431155204773,0.5760643482208252,0.7110773324966431,0.8173356652259827,0.6438517570495605,0.8030955791473389,0.8230034112930298,0.6943643093109131,0.27859580516815186,0.5464259386062622,0.5582245588302612,0.175157830119133,-0.3167538642883301,0.383470743894577,0.5420364141464233,0.32014644145965576,0.7767242789268494,-0.762577474117279
5640.0,112.79900000000004,16.352045846572594,308.4162558382092,386.5459726015404,466755.0929818304,16.351975000000007,308.29136000000017,386.5459900000001,466850.7794840002,-0.0023611061335014,-9.603193019301262,0.0005784630218572,19200.000000000007,-7.084657259046158e-05,-9.583811862442676e-05,1.7398465015648033e-05,0.0,0.0014588651928116,2.381222115015212,-9.625219896936214,-4.275466661597658,-0.0041475159592574,-0.9747737631170492,19199.828561381924,-8.60929912822096,0.002,3.3769013285204763,-1.5915859095608569,-1.0095535975809151,6.0,10.0,180.0,0.4496953030984114,-4.506316873220863,-0.0576159845498078,-3.3499819956536827,-654.5409513941935,-373.7015365170753,167.26147126324187,753.7086904429837,563.7000000000002,0.4496953030984114,0.6511469483375549,0.5463781356811523,0.594491720199585,0.509344220161438,0.5242161750793457,0.5321622490882874,0.5223888158798218,0.7443959712982178,0.6233788728713989,0.5261456370353699,0.5526578426361084,0.5376746654510498,0.6029974222183228,0.6217036843299866,0.7069282531738281,0.6017868518829346,-1.6406354904174805,0.5560712814331055,0.5504054427146912,0.5673187971115112,0.6346369385719299,0.7504680752754211,0.5788154006004333,0.5800439119338989,0.7098089456558228,0.8166176676750183,0.6473450064659119,0.8019497394561768,0.8258747458457947,0.6969790458679199,0.24119611084461212,0.5402114391326904,0.5439635515213013,0.17373505234718323,-0.29083991050720215,0.38934996724128723,0.5382717251777649,0.31473106145858765,0.7767629623413086,-0.7104806303977966
5641.0,112.81900000000005,16.352092881194956,308.22392260821977,386.5459765858429,467139.09554277983,16.351975000000007,308.0993600000001,386.5459900000001,467234.7794840002,-0.0039281118818649,-9.59208863581038,0.0004482419573889,19200.000000000007,-0.0001178811949475,0.0002373920397373,1.3414290503266685e-05,0.0,0.0019551736376069,-2.263632951092184,-9.607923819004508,2.3881276137257283,0.0014498638224713,0.362465389962451,19200.46321661356,-29.975920022483272,0.002,3.3459987676931946,-1.743071095114231,-0.996935978974691,6.0,10.0,180.0,0.4638317178022293,-4.507636956453237,-0.0551563655735663,-3.335136109633201,-654.5679756970967,-373.6397682585376,167.25973563162094,753.7013452214918,571.8000000000002,0.4638317178022293,0.6486227512359619,0.5799978971481323,0.6289808750152588,0.5362232327461243,0.5619673132896423,0.5568480491638184,0.5594872236251831,0.7780665159225464,0.6693341732025146,0.558813750743866,0.5850263833999634,0.5700489282608032,0.6340571641921997,0.6536365747451782,0.7099642753601074,0.6302752494812012,-1.6041088104248047,0.6365314722061157,0.5851969718933105,0.6225612163543701,0.6545217037200928,0.7977637648582458,0.5851262211799622,0.5841801166534424,0.733233630657196,0.8278931975364685,0.6506736278533936,0.811967134475708,0.8426931500434875,0.7112411260604858,0.2728126049041748,0.561154842376709,0.5789004564285278,0.22027339041233063,-0.25827524065971375,0.3775739371776581,0.559074342250824,0.34670716524124146,0.7147392630577087,-0.7216572761535645
5642.0,112.83900000000006,16.35201259096435,308.03207306978567,386.5460458703501,467523.1015640004,16.351975000000007,307.90736000000004,386.5459900000001,467618.7794840002,-0.0012541323794758,-9.597103755185566,-0.0018937751736975,19200.000000000007,-3.759096434325436e-05,8.692978965132521e-05,-5.587027815703085e-05,0.0,0.0066092953191765,-1.21824043627502,-9.617908398387694,-2.318889908105365,-0.0038976314166361,-0.6128094113160163,19200.04935930871,-34.25370399953293,0.002,3.3668231175605703,-1.72661277604164,-1.041261264729528,6.0,10.0,180.0,0.4604519145284241,-4.538961607911583,-0.0610233700118343,-3.2807749926411547,-654.6084878485483,-373.9318841292688,167.3013678158105,753.8811726107459,558.0000000000001,0.4604519145284241,0.6480063796043396,0.5698126554489136,0.6126463413238525,0.5298333168029785,0.5494794845581055,0.5529178380966187,0.5457292795181274,0.7651865482330322,0.6451032161712646,0.5517640113830566,0.5748740434646606,0.5571167469024658,0.6235230565071106,0.6424042582511902,0.7039289474487305,0.6196252703666687,-1.6871428489685059,0.6026748418807983,0.5729067921638489,0.5915288925170898,0.6439370512962341,0.7692945599555969,0.5867212414741516,0.5824213027954102,0.7134716510772705,0.8263312578201294,0.6504906415939331,0.8066220283508301,0.8371539115905762,0.6988354325294495,0.276241660118103,0.5531567335128784,0.56578129529953,0.19420325756072998,-0.2899949550628662,0.39177241921424866,0.5539302229881287,0.33481937646865845,0.7865234017372131,-0.7672573328018188
5643.0,112.85900000000004,16.35198128071071,307.8401876141096,386.5460038133694,467907.1001977635,16.351975000000007,307.71536000000003,386.5459900000001,468002.7794840002,-0.0002110045710188,-9.600917332236314,-0.0004602962807689,19200.000000000007,-6.280710705434468e-06,-2.761555140045931e-05,-1.381350717268717e-05,0.0,-0.0019825575777342,-1.030852295526922,-9.55715321351224,1.275162486580317,-0.0058250159018299,0.2505440163682078,19199.84277720369,-34.3744025808234,0.002,3.414227178725223,-1.6834267250489665,-1.0132817735558528,6.0,10.0,180.0,0.4614449697481982,-4.53030046992789,-0.0659302307968364,-3.28278708117657,-654.0967439242742,-372.8054420646344,167.06768390790523,752.879086305373,553.3500000000001,0.4614449697481982,0.6435475945472717,0.5717459917068481,0.6127029061317444,0.5310306549072266,0.5518116354942322,0.5476342439651489,0.553475022315979,0.7654178738594055,0.6491393446922302,0.5545942187309265,0.5773913860321045,0.560572624206543,0.6251958608627319,0.6433712244033813,0.6769589185714722,0.6152141094207764,-1.8702757358551025,0.6374119520187378,0.5748304724693298,0.6021418571472168,0.6469734311103821,0.7732082605361938,0.5756388306617737,0.5820545554161072,0.7081553936004639,0.8177571296691895,0.6485196948051453,0.8090430498123169,0.8299398422241211,0.6960880756378174,0.25326061248779297,0.5565629005432129,0.5719098448753357,0.2044454663991928,-0.3206353783607483,0.38599467277526855,0.5556406378746033,0.33632683753967285,0.765005886554718,-0.7732870578765869
5644.0,112.87900000000002,16.352019439804724,307.64814281507813,386.5459696731482,468291.0975097832,16.351975000000007,307.5233600000001,386.5459900000001,468386.7794840002,-0.0014856950122126,-9.59942307840247,0.0006768390559609,19200.000000000007,-4.443980471974082e-05,1.728410883207933e-05,2.052669752571133e-05,0.0,0.0029181382122904,-1.2819746874077338,-9.63988055377545,1.0373509472554372,-0.0007806558128634,0.5501844084840128,19199.55300142204,-43.030557358291006,0.002,3.4203010448211155,-1.6831520069171286,-1.0277757846507911,6.0,10.0,180.0,0.4638660013855597,-4.540101974513241,-0.0634925528229331,-3.320180659579377,-654.6993719621371,-373.7472210323172,167.2988419539526,753.8690431526866,543.9000000000001,0.4638660013855597,0.6416846513748169,0.5751917362213135,0.6109499931335449,0.5352931022644043,0.5550979375839233,0.5531275272369385,0.5565276145935059,0.7680209875106812,0.6455045342445374,0.563869059085846,0.5774224400520325,0.5594760179519653,0.6244698762893677,0.6415326595306396,0.6591596603393555,0.6110589504241943,-1.96794855594635,0.6484349370002747,0.5742174386978149,0.5991223454475403,0.646725594997406,0.7693937420845032,0.5756041407585144,0.5840194821357727,0.7003369927406311,0.8191757798194885,0.6497172713279724,0.8109592199325562,0.8280012607574463,0.6920416355133057,0.272304892539978,0.5559993386268616,0.571965217590332,0.2010165899991989,-0.35583263635635376,0.3880598247051239,0.5565697550773621,0.33241069316864014,0.786133885383606,-0.8222226500511169
5645.0,112.89900000000004,16.352111484141922,307.4562794062298,386.5459560747148,468675.097806779,16.351975000000007,307.3313600000001,386.5459900000001,468770.7794840002,-0.0045471120780455,-9.603979849303633,0.0011290718539978,19200.000000000007,-0.0001364841419193,-0.000119405257493,3.3925319594395386e-05,0.0,-0.0014477779363482,-2.262920522672794,-9.5673898723693,1.831166285483975,0.0021981755917477,2.987397302894588,19200.12044872726,51.52759273625679,0.002,3.373133731915121,-1.6114848613072636,-1.0329974572113256,6.0,10.0,180.0,0.479007539488901,-4.49175715704575,-0.0634778319133809,-3.314039521287373,-654.2481859810686,-372.8946105161586,167.10892097697632,753.0550215763433,539.7,0.479007539488901,0.6383154988288879,0.5769816637039185,0.613188624382019,0.5445303916931152,0.5586671829223633,0.5520972609519958,0.5585936903953552,0.7699054479598999,0.6494415402412415,0.5713185667991638,0.5828353762626648,0.5652869343757629,0.6300901770591736,0.6477481126785278,0.6634815335273743,0.615257978439331,-2.0156378746032715,0.6668219566345215,0.5801820755004883,0.599422812461853,0.645986795425415,0.7736721038818359,0.5729954838752747,0.5807416439056396,0.6973909735679626,0.819242000579834,0.64750736951828,0.810273289680481,0.822504997253418,0.6877439022064209,0.272308349609375,0.5607714653015137,0.5816546082496643,0.1997814029455185,-0.3742035925388336,0.38882359862327576,0.560443639755249,0.3375912308692932,0.803122341632843,-0.8629413843154907
5646.0,112.91900000000004,16.35198144973349,307.26427822253066,386.5459599752999,469059.1019559229,16.351975000000007,307.1393600000002,386.5459900000001,469154.7794840002,-0.000216694107612,-9.603944837576964,0.0009987792884788,19200.000000000007,-6.44973348485286e-06,-0.0001182211420834,3.0024819287764668e-05,0.0,-0.0088006431071742,-1.7121389506106506,-9.635752474780974,1.838092681569544,2.428223515798661e-05,2.9940816144757814,19200.15339442427,0.0655530990105546,0.002,3.3577570275367976,-1.6771505484340403,-1.005083695065954,6.0,10.0,180.0,0.4712117803601579,-4.562045938349732,-0.0624956335202545,-3.278680821458736,-654.9510929905343,-373.3203052580793,167.30096048848816,753.8760107881717,536.0250000000001,0.4712117803601579,0.6383932828903198,0.5775609016418457,0.610966145992279,0.5443955659866333,0.5583481788635254,0.5535117387771606,0.5585516095161438,0.7699761390686035,0.6455893516540527,0.5740216970443726,0.5800759792327881,0.5626084804534912,0.6269309520721436,0.6437981724739075,0.6516007781028748,0.6098878383636475,-2.056790828704834,0.669246256351471,0.5769250392913818,0.5972059965133667,0.6461689472198486,0.7710314393043518,0.572479784488678,0.5828090906143188,0.6942041516304016,0.8184290528297424,0.6482564210891724,0.8121647834777832,0.8210982084274292,0.6868138313293457,0.28925836086273193,0.5596556663513184,0.5789589881896973,0.197856605052948,-0.3948322832584381,0.38918015360832214,0.5595155358314514,0.3328845500946045,0.8070648908615112,-0.8743884563446045
5647.0,112.93900000000004,16.35190839370791,307.0725067475633,386.5460247168568,469443.1011183332,16.351975000000007,306.9473600000001,386.5459900000001,469538.7794840002,0.0022233059685482,-9.611562750390828,-0.0011511117673421,19200.000000000007,6.660629209939996e-05,-0.0003467472522118,-3.471683939219361e-05,0.0,-0.0073029364902985,0.4184929854691585,-9.561497443939,-2.1320352059083656,0.0087722833798985,1.0314389022514163,19200.06675755931,133.06513730702983,0.002,3.436242822965064,-1.7994571247212894,-1.015404019592551,6.0,10.0,180.0,0.4624101043792933,-4.530281017777488,-0.0649466919243784,-3.2745816806129886,-654.4200464952671,-372.38565262903967,167.08548024424408,752.9525053940858,532.7250000000001,0.4624101043792933,0.6398177146911621,0.5620906352996826,0.5932732820510864,0.5286261439323425,0.5385570526123047,0.5402266383171082,0.5360816717147827,0.7517271041870117,0.6216816902160645,0.5525139570236206,0.5659254193305969,0.5470860004425049,0.6128628253936768,0.629667341709137,0.6551861763000488,0.5987096428871155,-2.1219146251678467,0.6219320297241211,0.5609495043754578,0.5698286890983582,0.6338950395584106,0.7418574690818787,0.5712893605232239,0.5791833400726318,0.6812535524368286,0.8129134774208069,0.6465243101119995,0.8051251173019409,0.8202599287033081,0.6802452802658081,0.24540354311466217,0.550224781036377,0.5617766380310059,0.17596937716007233,-0.39105454087257385,0.3990059196949005,0.5506216287612915,0.3213574290275574,0.8439546823501587,-0.851321816444397
5648.0,112.95900000000005,16.35198048398043,306.8804335934383,386.5460361289843,469827.1066711803,16.351975000000007,306.75536000000005,386.5459900000001,469922.7794840002,-0.0001851138169697,-9.609116481489895,-0.0015421493420964,19200.000000000007,-5.483980427515e-06,-0.0002735937047591,-4.612900856680649e-05,0.0,3.823819540840767e-06,0.0120909280702433,-9.607162759737694,7.137852736681839,0.0063561278328504,-0.6630561156518283,19200.17003181513,-90.1504144922794,0.002,3.5186732749389016,-1.7885900623104802,-1.03788161296588,6.0,10.0,180.0,0.4623817509960834,-4.53367356557141,-0.0708169762674829,-3.253574463708332,-654.5380232476335,-372.9053263145198,167.16924012212203,753.311752697043,529.8750000000001,0.4623817509960834,0.6339977979660034,0.5717114806175232,0.6049076318740845,0.529449999332428,0.5567800998687744,0.545732319355011,0.5634613037109375,0.7617985010147095,0.6364734768867493,0.5660836696624756,0.5765281915664673,0.5580926537513733,0.6205323934555054,0.6345424652099609,0.5820343494415283,0.5934498906135559,-2.181166648864746,0.7055028676986694,0.5701720714569092,0.616147518157959,0.6484893560409546,0.7667859196662903,0.556316614151001,0.5894399285316467,0.6854698657989502,0.8023577332496643,0.6488757729530334,0.8162955045700073,0.8122667074203491,0.6872246861457825,0.16764862835407257,0.5567531585693359,0.5731426477432251,0.21981076896190643,-0.4379967749118805,0.37810322642326355,0.5564113259315491,0.32732582092285156,0.747039794921875,-0.8295274972915649
5649.0,112.97900000000004,16.352165151113155,306.6885933446555,386.5459930284574,470211.10212283273,16.351975000000007,306.5633600000005,386.5459900000001,470306.7794840002,-0.0063331431744412,-9.614446466796576,-0.0001030743614848,19200.000000000007,-0.000190151113149,-0.0004333447240623,-3.028466688963588e-06,0.0,0.0092840081011188,0.175160752480502,-9.600590270483757,-3.299290489937556,0.0009882268916528,-2.6876039558109075,19199.62107531511,38.59760474087867,0.002,3.497902114604416,-1.6260947568431656,-1.0643243993566616,6.0,10.0,180.0,0.4833740639771308,-4.499896437076851,-0.0708111435804619,-3.275611504846052,-654.3450116238168,-373.3806631572599,167.18462006106105,753.3793763485214,527.325,0.4833740639771308,0.6402950882911682,0.5610374808311462,0.5915054082870483,0.5226563811302185,0.541138768196106,0.5485697388648987,0.5384859442710876,0.7509539723396301,0.6158630847930908,0.551029622554779,0.566775918006897,0.5442432761192322,0.6118255257606506,0.6275772452354431,0.6364993453025818,0.5968236327171326,-2.1526103019714355,0.6147791147232056,0.5598376989364624,0.5714946389198303,0.6321625113487244,0.7312709093093872,0.5740380883216858,0.5833454132080078,0.6744122505187988,0.8145034909248352,0.650136411190033,0.8042905330657959,0.8253089189529419,0.6824411153793335,0.2082439810037613,0.5470860004425049,0.5557792782783508,0.17955194413661957,-0.38327085971832275,0.4040941894054413,0.5514213442802429,0.3206465244293213,0.8535969853401184,-0.8471347093582153
5650.0,112.99900000000002,16.352051548364386,306.4959068410444,386.545967687344,470595.09653100447,16.35197500000004,306.3713600000184,386.5459900000001,470690.7794840002,-0.0025539794948821,-9.591561727459156,0.0007479788525424,19200.000000000007,-7.654836438280503e-05,0.0002531590031789,2.2312658921433827e-05,0.0,-0.016601845091056,2.325850741056628,-9.648217397102972,3.969874551034728,0.0004983677976359,-0.8493823712225843,19200.10266065478,38.59348219433559,0.002,3.4105019262903875,-1.6360018020247689,-0.9988750330371616,6.0,10.0,180.0,0.4877999967548511,-4.574606529701809,-0.0678608590498629,-3.33609061786306,-655.2935058119084,-373.49883157863,167.39081003053053,754.2616881742607,525.075,0.4877999967548511,0.635894775390625,0.5613222122192383,0.5895422697067261,0.5190395712852478,0.5406002998352051,0.5363607406616211,0.5472233891487122,0.7518573999404907,0.6154412627220154,0.5545642375946045,0.561507523059845,0.5432342886924744,0.6057702302932739,0.6192659735679626,0.5793054103851318,0.5790551900863647,-2.246426820755005,0.6712653636932373,0.5538569688796997,0.5902395248413086,0.6431110501289368,0.7475787997245789,0.5554518103599548,0.5883100032806396,0.6722919940948486,0.7982019782066345,0.6476565599441528,0.814719557762146,0.8083372116088867,0.6804516911506653,0.20620764791965485,0.5481693148612976,0.5576300621032715,0.19737233221530914,-0.46831512451171875,0.38431715965270996,0.547676146030426,0.3120519518852234,0.7817613482475281,-0.8316434621810913
5651.0,113.01900000000003,16.351981388988705,306.30394238818985,386.5459922631045,470979.1006110242,16.35197500000415,306.17936000006097,386.5459900000001,471074.7794840002,-0.0001832697307724,-9.592745130376189,-7.148198233678012e-05,19200.000000000007,-6.388988091796756e-06,0.0002176118509288,-2.2631040779919e-06,0.0,-0.0100375207779394,-1.1623710371680258,-9.547361798071169,-3.1758347319279734,0.0133873452164828,-1.9002584382438847,19200.35997598126,85.888139023786,0.002,3.3955106315067463,-1.7398296093317926,-1.006976491717895,6.0,10.0,180.0,0.4883107397149446,-4.544429559461028,-0.0619863154694745,-3.3043211230318783,-654.4797529059542,-372.150415789315,167.06990501526525,752.8878440871304,516.5250000000001,0.4883107397149446,0.637058675289154,0.5713455080986023,0.5950853824615479,0.5349493026733398,0.5505558848381042,0.55660080909729,0.546913206577301,0.7542117834091187,0.6185407042503357,0.5641930103302002,0.5765373706817627,0.5518966913223267,0.6199314594268799,0.6355774402618408,0.6296642422676086,0.6015074253082275,-2.230736255645752,0.6374163627624512,0.5685707926750183,0.5739517211914062,0.6315365433692932,0.7318263649940491,0.5734360814094543,0.5837001800537109,0.6664268374443054,0.8168673515319824,0.6504685282707214,0.804704487323761,0.8251776695251465,0.6787282824516296,0.21269066631793976,0.5548073649406433,0.5670629143714905,0.18177060782909393,-0.4075218737125397,0.41238921880722046,0.560257077217102,0.3294108510017395,0.8913556933403015,-0.9014619588851929
5652.0,113.03900000000004,16.351851642790642,306.1120080676771,386.5460527350728,471363.10697557154,16.351975000024606,305.98736000010933,386.5459900000001,471458.7794840002,0.0041102495161611,-9.594906149262806,-0.0020954494687821,19200.000000000007,0.0001233572216522,0.00015193239997,-6.273507278537751e-05,0.0,0.0063500061741833,3.2992471160597474,-9.596681130525043,5.550153132865718,-0.0090016281561315,-2.194634044950015,19200.307114247065,-72.9074257556952,0.002,3.44938747305466,-1.7236254327098175,-1.039863236963746,6.0,10.0,180.0,0.4673026716412652,-4.5459370061456985,-0.0712718206607599,-3.245369844988857,-654.3238764529772,-372.8342078946575,167.11695250763262,753.0909220435651,514.5750000000002,0.4673026716412652,0.6308289766311646,0.5529258847236633,0.5788688063621521,0.5096356272697449,0.5341487526893616,0.5271267890930176,0.5436065196990967,0.7429540753364563,0.6009155511856079,0.5476477146148682,0.5561965703964233,0.5364647507667542,0.5988153219223022,0.6107593774795532,0.5376866459846497,0.5663127899169922,-2.322812795639038,0.6850568056106567,0.5462654829025269,0.5871443152427673,0.6392216086387634,0.7352107763290405,0.5433897376060486,0.5889220237731934,0.6560615301132202,0.7866712212562561,0.6460380554199219,0.8129921555519104,0.7962862253189087,0.6728640794754028,0.13358177244663239,0.5435088276863098,0.5515485405921936,0.19765347242355347,-0.507260799407959,0.38244494795799255,0.5436866879463196,0.3040931820869446,0.7781534194946289,-0.8391923904418945
5653.0,113.05900000000004,16.351913091024365,305.9203196708048,386.5460254279436,471747.1048411579,16.35197500007001,305.79536000013644,386.5459900000001,471842.7794840002,0.0020643894182923,-9.605320910961664,-0.0012125887972608,19200.000000000007,6.190902916798136e-05,-0.0001596706886863,-3.5427943582457074e-05,0.0,0.0031871659426594,2.9316115665516014,-9.60302900654806,-10.988526183750505,-0.0083161964168421,-1.2189280499480026,19199.80934927508,-0.0502060730160792,0.002,3.36366074813864,-1.6223948684283789,-1.048431786986144,6.0,10.0,180.0,0.4692604997328694,-4.506392050512868,-0.0737363765068796,-3.260240748704676,-654.3829382264886,-373.1746039473287,167.16847625381632,753.3104610217825,520.35,0.4692604997328694,0.6427873373031616,0.5378439426422119,0.5656646490097046,0.5109219551086426,0.5117244124412537,0.5402673482894897,0.5036992430686951,0.7262527942657471,0.5757298469543457,0.5307326316833496,0.5429036617279053,0.5208518505096436,0.5898643732070923,0.6063676476478577,0.6650010943412781,0.5807489156723022,-2.1356077194213867,0.5375033617019653,0.5355395078659058,0.5200424194335938,0.604257345199585,0.6908970475196838,0.5750393271446228,0.5764517188072205,0.6524984836578369,0.8126394152641296,0.6486642360687256,0.7891805768013,0.8077667951583862,0.673275351524353,0.0950484424829483,0.5331053733825684,0.532805323600769,0.13005034625530243,-0.3944169282913208,0.4199294149875641,0.5372872352600098,0.297745943069458,0.9421439170837402,-0.8754284381866455
5654.0,113.07900000000002,16.35204965704728,305.7277246557649,386.5459547860438,472131.10358392895,16.351975000261632,305.60335994487843,386.5459900000001,472226.7794840002,-0.002488828111532,-9.585515192516542,0.0011678677927058,19200.000000000007,-7.465694379522345e-05,0.0004353443804523,3.521395633155682e-05,0.0,-0.0009759468766292,-1.5804697640123817,-9.591796032220453,3.361714048537537,-0.0099982325521831,-1.1557612090427996,19199.84482615336,-42.94829835431632,0.002,3.4202586505742274,-1.7102035197335148,-1.018910804194096,6.0,10.0,180.0,0.4824509363977591,-4.559650878173652,-0.0698470216551382,-3.276676050715692,-654.3639691132444,-373.02080197366433,167.14673812690816,753.2177305108912,519.0000000000001,0.4824509363977591,0.6333452463150024,0.5754667520523071,0.6045185923576355,0.5373603105545044,0.5617177486419678,0.5558160543441772,0.5639259815216064,0.7647106647491455,0.632453978061676,0.5738958716392517,0.5826417207717896,0.5602091550827026,0.6254862546920776,0.640009343624115,0.5931198596954346,0.5998795628547668,-2.232137441635132,0.6936647891998291,0.5751797556877136,0.6040533185005188,0.644364595413208,0.7566043734550476,0.5630179047584534,0.5879268050193787,0.6743754148483276,0.8106400966644287,0.6504473090171814,0.813412606716156,0.8119494915008545,0.6801484227180481,0.20112694799900055,0.5585725903511047,0.5761124491691589,0.2084617167711258,-0.4366961717605591,0.39391079545021057,0.5622901320457458,0.33226197957992554,0.817420244216919,-0.8893059492111206
5655.0,113.09900000000005,16.351795977747734,305.5362609130787,386.5459599284097,472515.1019014134,16.35197499531028,305.41135765501474,386.5459900000001,472610.7794840002,0.0059669554108036,-9.603589280064345,0.0010031550246831,19200.000000000007,0.000179022396511,-0.0001012974912055,3.00715904871254e-05,0.0,0.0134441385313666,3.043767181000928,-9.618796201789124,-5.629243892159897,-0.0046323363943218,3.83795435996788,19200.11953555856,-8.572438000268312,0.002,3.3624814531796776,-1.7093565699352151,-0.9978745811322002,6.0,10.0,180.0,0.4511627830989755,-4.505828110623759,-0.0654516448171008,-3.295113562000945,-654.3834845566222,-373.86990098683214,167.2488690634541,753.6558652554456,517.8000000000001,0.4511627830989755,0.6363683938980103,0.5454343557357788,0.5666570067405701,0.5181232690811157,0.5131110548973083,0.5275039076805115,0.50971519947052,0.7339627146720886,0.5851870775222778,0.5422493815422058,0.5419824719429016,0.524100661277771,0.5902015566825867,0.6061772704124451,0.6398452520370483,0.5742651224136353,-2.2496418952941895,0.5911335945129395,0.5363370180130005,0.5284421443939209,0.6152282357215881,0.7085669040679932,0.5624520182609558,0.5739465951919556,0.6543987393379211,0.8053209781646729,0.6419541835784912,0.7967138290405273,0.8009099960327148,0.6659796237945557,0.1985449343919754,0.5347265005111694,0.5420766472816467,0.13507989048957825,-0.4711013734340668,0.40181148052215576,0.534504234790802,0.292668879032135,0.9037596583366394,-0.9220259189605713
5656.0,113.11900000000006,16.352069231402435,305.3440209563548,386.5459638338671,472899.10461921885,16.351974297952065,305.2193523168228,386.5459900000001,472994.7794840002,-0.0032323271449178,-9.595807549908285,0.0008384715339748,19200.000000000007,-9.431260729616767e-05,0.000135018796269,2.616613300960211e-05,0.0,-0.0027340972612891,-3.1238195055569524,-9.577158960703368,4.697776459849899,0.0138943334539277,1.4624956183823528,19200.25611041566,0.0286557991864611,0.002,3.3832950324954685,-1.8148018364937133,-0.9991411768227012,6.0,10.0,180.0,0.4804793676730216,-4.5150526084275295,-0.0605493672517953,-3.279174732100638,-654.2272422783111,-373.0689504934161,167.12493453172704,753.1229326277228,516.6750000000001,0.4804793676730216,0.630584716796875,0.5813044309616089,0.6118555068969727,0.5505667328834534,0.5705355405807495,0.5606003999710083,0.5727948546409607,0.7697008848190308,0.6434990763664246,0.588007390499115,0.5906596779823303,0.5687652826309204,0.6339249014854431,0.6488630771636963,0.5987935662269592,0.6070950627326965,-2.2208094596862793,0.718977689743042,0.5844627022743225,0.611088216304779,0.6466439366340637,0.7677157521247864,0.5634105801582336,0.586884081363678,0.6774148941040039,0.8143299221992493,0.6502249836921692,0.8148308396339417,0.8095307946205139,0.6796116828918457,0.21061690151691437,0.5643682479858398,0.5885459780693054,0.21176151931285858,-0.45265695452690125,0.3914411962032318,0.567444920539856,0.3391285538673401,0.8240382671356201,-0.9379663467407227
5657.0,113.13900000000004,16.351851024971648,305.15261720879914,386.5460537690867,473283.1078302447,16.351970462715265,305.0273462082281,386.5459900000001,473378.7794840002,0.0038235766332312,-9.61587813723,-0.0021251819397444,19200.000000000007,0.0001224165727764,-0.0004670218858535,-6.376908619358399e-05,0.0,0.0144041468280812,1.2768704360036138,-9.60058954460083,-4.821218502970068,-0.0053747130835566,-3.1065701628275404,19199.91208115207,-77.23148325720543,0.002,3.383369190090306,-1.7857625171753728,-1.0294730488167054,6.0,10.0,180.0,0.4532044693124686,-4.511184625937686,-0.0688236543604335,-3.2520460804804414,-654.0886211391555,-373.635475246708,167.16196726586352,753.2829663138614,515.7750000000001,0.4532044693124686,0.6378045678138733,0.5520092248916626,0.5784786939620972,0.5161789059638977,0.5315581560134888,0.5457540154457092,0.528149425983429,0.7410838603973389,0.5952948927879333,0.5458306670188904,0.5581021308898926,0.5341031551361084,0.6022593379020691,0.6170346736907959,0.6155063509941101,0.5844466686248779,-2.2534408569335938,0.6050056219100952,0.5493825078010559,0.5549160838127136,0.6227065920829773,0.7115681767463684,0.5690450072288513,0.5828325748443604,0.6562176942825317,0.8096661567687988,0.6490682363510132,0.8003584742546082,0.8168505430221558,0.6759477257728577,0.16283799707889557,0.5408178567886353,0.5466226935386658,0.16489233076572418,-0.4219246208667755,0.4091656506061554,0.5463653802871704,0.30952686071395874,0.8879766464233398,-0.8785398006439209
5658.0,113.15900000000003,16.35198948204635,304.9606006519033,386.5459873701802,473667.1072041942,16.35196440652059,304.83534009580046,386.5459900000001,473762.7794840002,-0.0010057289785993,-9.615524418570228,2.525517393467029e-05,19200.000000000007,-2.110434693252957e-05,-0.0004565812004589,2.6298218155538213e-06,0.0,-0.0073270038183871,-2.1341350338679392,-9.575503681786088,0.6148425482050677,-0.0060742237759563,0.4874319897571518,19199.929575374063,12.84460113018315,0.002,3.357374296776368,-1.639983678063679,-1.012392403049142,6.0,10.0,180.0,0.4653348318083039,-4.502424778916433,-0.0727280289397204,-3.245422030593093,-654.1513105695778,-372.769737623354,167.07498363293178,752.9089831569306,514.9500000000002,0.4653348318083039,0.6332024931907654,0.5762889981269836,0.6022850871086121,0.5433720946311951,0.5596903562545776,0.5566318035125732,0.5590511560440063,0.7634196877479553,0.6293975114822388,0.5770698189735413,0.5825328230857849,0.5595955848693848,0.6260480880737305,0.6414697170257568,0.6136529445648193,0.60296231508255,-2.238992214202881,0.678979754447937,0.5755860805511475,0.5893193483352661,0.6388410925865173,0.7489325404167175,0.5670545697212219,0.5842528343200684,0.6691743731498718,0.815409243106842,0.649415910243988,0.8090664148330688,0.8151571750640869,0.6766600012779236,0.23479117453098297,0.5588333606719971,0.5775015354156494,0.19345301389694214,-0.4365885853767395,0.40214163064956665,0.5631371140480042,0.33219581842422485,0.8636808395385742,-0.9311314225196838
5659.0,113.17900000000004,16.352030140610736,304.768507154672,386.5459384870044,474051.1080054637,16.35195830288759,304.6452210165662,386.5459900000001,474146.7794840002,-0.0025749378649142,-8.959630359744192,0.0016860547477508,19200.000000000007,-6.787857714741188e-05,-0.0003691979342952,5.1512993568598615e-05,0.0,0.0050759573746223,-4.156011985047345,-9.638529751831468,24.656801629505065,-0.0046376946763689,1.524445361810442,19199.79372203964,-47.29053616595188,0.002,2.804238388500166,-0.6678234236910261,-0.762884390328256,6.0,10.0,180.0,0.4707510989369791,-4.604522459903272,-0.0688510729731026,-3.2535975288515453,-654.6676552847889,-373.778868811677,167.2959918164659,753.8579915784653,514.3500000000001,0.4707510989369791,0.617728590965271,0.5916978120803833,0.6211947202682495,0.5594149827957153,0.6074157953262329,0.5668758153915405,0.6001516580581665,0.7738798260688782,0.6775166988372803,0.6229107975959778,0.6118735074996948,0.5942352414131165,0.6507260799407959,0.6609526872634888,0.4700120687484741,0.5980799794197083,-2.280930995941162,0.8851453065872192,0.6046650409698486,0.7101666927337646,0.6584003567695618,0.8262959122657776,0.5364847183227539,0.6074527502059937,0.6835013031959534,0.7926970720291138,0.6634283661842346,0.8241603374481201,0.8060899972915649,0.7015602588653564,-0.2704108953475952,0.5800229907035828,0.6169936060905457,0.29796406626701355,-0.5723453760147095,0.343357652425766,0.5793883204460144,0.3518996834754944,0.6244480013847351,-0.9102424383163452
5660.0,113.19900000000004,16.35177344951429,304.6110366139281,386.5460875347629,474435.1141365189,16.3521566988659,304.52508748068146,386.5459900000001,474530.7794840002,0.1175710873145249,-3.5809716223157544,-0.0032512373299024,19200.000000000007,0.0001826962128193,-0.0225442854781815,-9.7534792749202e-05,0.0,-0.0383445006533943,-4.6976409444579375,-4.804641765246654,313.00998923499526,0.0220010144839318,4.331045191800294,19200.79012985112,120.18710886978845,0.002,1.6521624161311623,-0.2825510809538761,-0.3650459987488637,6.0,10.0,180.0,0.4497445636095186,-6.0442104454949135,-0.0718084713426593,-3.193632239060611,-587.2538276423945,-289.8624344058385,143.52899590823296,656.5034957892326,513.825,0.4497445636095186,0.21478472650051117,0.44347652792930603,1.047766089439392,0.6443026661872864,0.6511435508728027,0.4777136445045471,0.7740039825439453,0.5303734540939331,0.6178038120269775,0.30862143635749817,0.565175473690033,0.7793868780136108,0.6737391948699951,0.6789761781692505,-0.4225066006183624,0.4456813633441925,-2.013354778289795,1.5379414558410645,0.7008726596832275,1.1634927988052368,1.1516040563583374,1.1377434730529785,0.8044878840446472,0.9996373653411865,0.5864089131355286,0.8802860379219055,1.4396785497665405,1.1320340633392334,1.0283384323120117,1.361006736755371,-8.010432243347168,0.5557664036750793,0.5585638880729675,0.7721736431121826,-1.183350682258606,-0.19819951057434082,0.5564023852348328,0.3128277659416199,-1.4199484586715698,-0.4581834673881531
5661.0,113.21900000000002,16.35661642804924,304.55081364036386,386.5467346496083,474819.1568052871,16.37417996544719,304.50042230118567,386.5459900000001,474914.7794840002,2.6949367306976866,-1.535153199610702,-0.0248235616206495,19200.000000000007,-0.0020260294674201,-0.0403366689168836,-0.0007446496097094,0.0,1.0898248487246274,149.67285626943777,-2.039314348849089,83.18690444208625,0.0371022025133822,-1.7103595472119184,19203.295287193847,120.2511116973495,0.002,0.1199638169649413,-1.2191251319527645,-0.3125600996666231,6.0,10.0,180.0,-0.7583952491468654,-5.190616092684545,-0.1377132879064967,-2.814770085326528,-445.27841382119726,-291.16421720291925,113.85449795411648,538.9227478946164,513.45,-0.7583952491468654,-0.27119025588035583,-0.7310062646865845,0.09654971957206726,-0.6658446788787842,-0.6043986678123474,-0.892645001411438,-0.7842751741409302,-0.6838251352310181,-0.5719960331916809,-0.9818474650382996,-0.45314157009124756,-0.3606303930282593,-0.3724748492240906,-0.37748536467552185,-0.3334851562976837,-0.4346686005592346,-1.7135404348373413,-0.16855265200138092,-0.4703691601753235,-0.5823625922203064,-0.3707273006439209,-0.5884451270103455,-0.559380292892456,-0.22391369938850403,-0.410736083984375,-0.6398456692695618,-0.004788237623870373,0.07864171266555786,-0.5865707993507385,-0.5145237445831299,-6.738946437835693,-0.318468302488327,-0.2897222638130188,-0.43878427147865295,-1.4571278095245361,-0.18154974281787872,-0.3459954261779785,-0.6623098850250244,-0.9338821172714233,1.2129755020141602
5662.0,113.23900000000005,16.428492280377863,304.5249510197796,386.5472644772495,475203.23631048726,16.494306488581906,304.4999931747376,386.5459900000001,475298.7794840002,8.03780466306613,-0.8316920154997746,-0.0424808512000176,19200.000000000007,-0.0273600319959636,-0.0249602016952017,-0.0012744770337186,0.0,6.867312231829212,344.75241395107025,-0.9045176934567976,49.87631059633795,0.0177886772417434,-3.961215402313112,19204.61581325517,42.95646386760913,0.002,-0.1078309875443446,-2.140513983981882,-0.5206339413253883,6.0,10.0,180.0,-2.2952054730649274,-4.917316095377262,-0.2734199100738871,-2.0548527304301785,-120.32970691059865,-455.7581086014597,128.34624897705822,596.0748739473081,513.225,-2.2952054730649274,-1.7598611116409302,-2.370347023010254,-1.3682661056518555,-2.1864404678344727,-2.1449429988861084,-1.9409862756729126,-1.6089260578155518,-2.0693118572235107,-1.8487356901168823,-2.5607223510742188,-1.9334232807159424,-2.057037115097046,-1.8536639213562012,-1.8672521114349365,-0.8901934623718262,-1.847064733505249,-1.3088444471359253,-1.5684537887573242,-1.9173932075500488,-1.0964527130126953,-1.9433871507644653,-1.366687536239624,-1.6013692617416382,-2.191554307937622,-1.8587669134140015,-2.198183298110962,-1.7089711427688599,-1.7523916959762573,-2.274237632751465,-2.014958143234253,1.0916523933410645,-2.386289596557617,-2.0675275325775146,-1.9946120977401733,-2.1366751194000244,-1.6646519899368286,-2.2762792110443115,-2.830087184906006,-2.745819330215454,0.5330899953842163
5663.0,113.25900000000004,16.600479084826294,304.51392197353744,386.5465464286476,475587.2861651197,16.68443499392719,304.49999930266483,386.5459900000001,475682.7794840002,8.24061503212808,-0.4639075392258576,-0.01854739771954,19200.000000000007,-0.0407912518818618,-0.013926637356925,-0.0005564286934432,0.0,8.439924566957087,-125.50288095304292,-0.3965344564121204,-1.5225161293818474,-0.025431162018517,3.2359456124125527,19199.826126681044,-278.9963502626053,0.002,-0.269362726489087,-2.5590633184650504,-0.6214870341195682,6.0,10.0,180.0,-0.0410866677222536,-4.62110003337139,-0.315400749697493,-1.5912884807530747,92.19814654470068,-549.9425543007299,142.7801244885291,654.3229369736541,505.65000000000015,-0.0410866677222536,-0.07585689425468445,-0.009858906269073486,-0.26861006021499634,-0.13092181086540222,-0.1879403293132782,0.027586273849010468,-0.21054445207118988,0.21571746468544006,-0.016216930001974106,-0.27474525570869446,-0.026075594127178192,-0.027883287519216537,-0.02474907599389553,0.05249549075961113,0.14924876391887665,0.25220608711242676,-1.3710176944732666,-0.0016716085374355316,-0.042150966823101044,0.2176053822040558,0.0541364923119545,-0.27685996890068054,-0.15318343043327332,-0.04495006427168846,-0.18328192830085754,0.18266743421554565,0.019338496029376984,-0.393580824136734,-0.21332159638404846,0.09203128516674042,0.3063786029815674,-0.08520174026489258,0.0908653736114502,-0.23371335864067078,0.805591344833374,-0.17377930879592896,-0.13479802012443542,-0.13948507606983185,0.6359767317771912,-2.470108985900879
5664.0,113.27900000000002,16.76406424169266,304.50690078808145,386.5462574266342,475971.265829588,16.876441122603612,304.5000053764722,386.5459900000001,476066.7794840002,9.186079733591194,-0.229692594230214,-0.0089186823450838,19200.000000000007,-0.0124270969124377,-0.0068993347696886,-0.0002674275736404,0.0,9.033488750596922,137.09583748565984,-0.1897007536857856,13.722907211362436,-0.0341673439469709,-0.5520627350030369,19198.865692817977,72.90178750980692,0.002,-0.2643616768418228,-2.6925437603305875,-0.6846318722005736,6.0,10.0,180.0,-1.373056985265947,-4.525627618513892,-0.3330107670041612,-1.755368225344612,216.1710732723504,-600.364777150365,152.58256224426455,694.3199684868271,505.4250000000001,-1.373056985265947,-1.3456789255142212,-1.7309784889221191,-1.3027141094207764,-1.519699215888977,-1.7610929012298584,-1.506719946861267,-1.179282546043396,-1.554353952407837,-1.4047579765319824,-1.7629306316375732,-1.5485522747039795,-1.6141855716705322,-1.5613059997558594,-1.5149588584899902,-1.207444190979004,-1.5170550346374512,-1.2092748880386353,-1.4082608222961426,-1.538727879524231,-1.0870187282562256,-1.5922026634216309,-1.1173951625823975,-1.1530903577804565,-1.6277121305465698,-1.3860604763031006,-1.719918131828308,-1.550819993019104,-1.449897289276123,-1.4243143796920776,-1.2755062580108643,-0.055513665080070496,-1.6766971349716187,-1.6637636423110962,-1.666414737701416,-2.8526060581207275,-1.2289320230484009,-1.5838029384613037,-2.232652187347412,-1.3674652576446533,-0.8630881309509277
5665.0,113.29900000000002,16.95321259312036,304.5040625240944,386.5460344842394,476355.2407331158,17.068447234438043,304.50000920852017,386.5459900000001,476450.7794840002,9.28132925459112,-0.1350912361710674,-0.0014822662895144,19200.000000000007,-0.0095693320380361,-0.0040553372150966,-4.448544071586402e-05,0.0,9.095735660651298,-48.1649169537252,-0.1546212841892912,1.7666640872694857,-0.0075517373296592,0.8501516231522824,19198.9010925562,21.4343988430826,0.002,-0.415075751406242,-2.8756328519544176,-0.7292769922655354,6.0,10.0,180.0,-0.3831996184648757,-4.403106918526531,-0.3213212667249028,-2.0081426415228747,280.4385366361752,-625.6448885751824,157.74978112213228,715.4414842434135,505.27500000000015,-0.3831996184648757,-0.6313149929046631,-0.6811798810958862,-0.789024829864502,-0.7108578681945801,-0.7275040149688721,-0.6336383819580078,-0.7640926837921143,-0.7283939123153687,-0.8575794696807861,-0.7279418706893921,-0.7206720113754272,-0.7351850271224976,-0.7502771019935608,-0.6889420747756958,-0.7706680297851562,-0.5689249634742737,-1.2748855352401733,-0.6614444255828857,-0.744972825050354,-0.3038167357444763,-0.7861807346343994,-0.9294452667236328,-0.7195939421653748,-0.833889901638031,-0.8430837392807007,-0.8704126477241516,-0.6784937381744385,-0.9493468999862671,-0.840467631816864,-0.8561781048774719,-0.3220388889312744,-0.7157803177833557,-0.6336042284965515,-0.7653902769088745,-1.3796720504760742,-0.644201934337616,-0.7501631379127502,-0.9850290417671204,0.03840864449739456,-2.189713478088379
5666.0,113.31900000000005,17.13819627097765,304.50193944834484,386.54591297842376,476739.2218083191,17.260452654680748,304.50000998756724,386.5459900000001,476834.7794840002,9.515315847317408,-0.0643178717675626,0.0025678240460102,19200.000000000007,-0.0025469739843099,-0.0019297790360205,7.712096163553386e-05,0.0,9.694380205722863,26.728732173670444,-0.0399192493411748,4.629132878533198,0.0090358996364728,-3.6619343450067072,19199.26089022692,73.04179025099978,0.002,-0.4155217267792171,-2.919830807091879,-0.7572171561559211,6.0,10.0,180.0,-0.8568714592082094,-4.395457385742106,-0.2993377408574127,-2.1871029013443555,326.3442683180876,-643.0629442875912,162.86889056106614,736.8002421217068,512.6250000000001,-0.8568714592082094,-1.024198055267334,-1.2210628986358643,-1.0810174942016602,-1.1146626472473145,-1.1826516389846802,-1.1733770370483398,-1.0669355392456055,-1.1878795623779297,-1.130260705947876,-1.1565041542053223,-1.1629774570465088,-1.2114808559417725,-1.212968111038208,-1.157807469367981,-1.1648285388946533,-1.1048393249511719,-0.9319305419921875,-1.098405361175537,-1.185699462890625,-1.0046663284301758,-1.2331041097640991,-1.059253454208374,-0.9642921090126038,-1.2276239395141602,-1.077365517616272,-1.3364285230636597,-1.1856555938720703,-1.249452829360962,-1.1079304218292236,-1.169015645980835,-1.3904645442962646,-1.1477786302566528,-1.1565454006195068,-1.1638041734695435,-2.457124948501587,-0.9419587254524231,-1.148277997970581,-1.6009129285812378,-0.5458398461341858,-1.671938180923462
5667.0,113.33900000000004,17.329291961208774,304.5011042512146,386.54578875605984,477123.2086775595,17.452454944862172,304.5000099999198,386.5459900000001,477218.7794840002,9.545421000993338,-0.0364739400520136,0.0067059540002841,19200.000000000007,-0.0016380199973648,-0.0010942510249606,0.0002012439707239,0.0,9.3318394851281,6.152560256656575,-0.0392550095505155,-2.860949145206443,-0.0026756574462079,-1.3997047523466073,19199.533977124403,-30.01170236399538,0.002,-0.54836617642416,-3.012840068801096,-0.7892811801840571,6.0,10.0,180.0,-0.686961092951606,-4.366302440150911,-0.2783107250768903,-2.3081539306191705,343.44563415904383,-647.5529721437956,163.89844528053305,740.9436210608534,512.5500000000002,-0.686961092951606,-0.9310356378555298,-1.0982428789138794,-1.04496169090271,-1.0437613725662231,-1.0536116361618042,-1.0625360012054443,-1.016754150390625,-1.0987662076950073,-1.0531258583068848,-1.038215160369873,-1.0824981927871704,-1.1284229755401611,-1.1260507106781006,-1.069787859916687,-1.0954383611679077,-0.9999958276748657,-1.162248134613037,-1.0549063682556152,-1.1076996326446533,-0.9430223703384399,-1.1659014225006104,-1.0308924913406372,-0.9261544942855835,-1.146701455116272,-1.0330274105072021,-1.233993649482727,-1.1055654287338257,-1.2079743146896362,-1.0680402517318726,-1.1689709424972534,-0.9178345203399658,-1.063912272453308,-1.0550886392593384,-1.1000372171401978,-2.1959550380706787,-0.8825737237930298,-1.0762641429901123,-1.4753316640853882,-0.32595449686050415,-1.865912914276123
5668.0,113.35900000000004,17.520236166477407,304.50059595465507,386.545790080849,477507.19899531873,17.6444550001754,304.50001000010144,386.5459900000001,477602.7794840002,9.580631591889928,-0.0195345878456776,0.0066693171549425,19200.000000000007,-0.0005811673049768,-0.0005859545204008,0.0002000198493683,0.0,9.717803670364862,-2.86486203168744,-0.0090724059305056,-1.8312105163340084,-0.0166108510859932,-1.0998177005067415,19199.51735124003,8.530222079876216,0.002,-0.6208803966405918,-3.0402063804292245,-0.8004523932123301,6.0,10.0,180.0,-0.7022215849650403,-4.360268996343512,-0.2538881808313348,-2.405068521608115,359.26731707952194,-653.6869860718978,166.03972264026652,749.9638105304267,512.4750000000001,-0.7022215849650403,-0.9206753969192505,-1.058706283569336,-1.031723976135254,-1.0352153778076172,-1.0233769416809082,-1.0178598165512085,-1.0174323320388794,-1.0795010328292847,-1.0527338981628418,-0.9999168515205383,-1.0586622953414917,-1.1049833297729492,-1.1087719202041626,-1.0541491508483887,-1.0938299894332886,-0.9745470285415649,-1.2380237579345703,-1.017495036125183,-1.0898747444152832,-0.9203640222549438,-1.1493340730667114,-1.0408964157104492,-0.9221634268760681,-1.137778878211975,-1.0339022874832153,-1.2275781631469727,-1.0920320749282837,-1.2048258781433105,-1.0702239274978638,-1.1794546842575073,-0.6943072080612183,-1.0365407466888428,-1.0211724042892456,-1.0598256587982178,-2.1570210456848145,-0.8735650181770325,-1.0567370653152466,-1.4386333227157593,-0.2881709039211273,-1.9415805339813232
5669.0,113.37900000000003,17.711778166675522,304.5003164679796,386.54575303678746,477891.1915572694,17.836455000135796,304.5000100000535,386.5459900000001,477986.7794840002,9.595893894855784,-0.0102124101798273,0.0079012291201691,19200.000000000007,-0.0001231665273178,-0.0003064679102611,0.0002369644372838,0.0,9.522735436455193,8.05735318080762,-0.0178201339363778,-1.9583490947237303,-0.005126955948145,1.943523611112561,19199.69069454848,-25.819105777590607,0.002,-0.6898746018319089,-3.075439006849423,-0.8195431386422662,6.0,10.0,180.0,-0.7407432558901024,-4.354959601380625,-0.2290025642253964,-2.481458319416023,363.737658539761,-654.6754930359489,166.29236132013324,750.9714052652134,512.4750000000001,-0.7407432558901024,-0.9617513418197632,-1.1190741062164307,-1.061963677406311,-1.0758767127990723,-1.0816748142242432,-1.090816855430603,-1.0384634733200073,-1.1164207458496094,-1.079270601272583,-1.0745997428894043,-1.1188623905181885,-1.1661064624786377,-1.164229393005371,-1.109044075012207,-1.1264716386795044,-1.0404006242752075,-1.1365303993225098,-1.071486234664917,-1.1476463079452515,-0.9675089120864868,-1.1990779638290405,-1.0426944494247437,-0.9450804591178894,-1.1707215309143066,-1.059272050857544,-1.2666255235671997,-1.1473559141159058,-1.2345582246780396,-1.0893129110336304,-1.1879578828811646,-0.8917900919914246,-1.095388412475586,-1.0904356241226196,-1.1315194368362427,-2.278486490249634,-0.9159240126609802,-1.111859917640686,-1.5253113508224487,-0.3479568362236023,-1.9045774936676025
5670.0,113.39900000000004,17.903649180461542,304.5002165285411,386.5457683910666,478275.1849866933,18.02845500006425,304.5000100000083,386.5459900000001,478370.7794840002,9.600193554029044,-0.0068875932589948,0.0073819222721372,19200.000000000007,5.819672046457011e-06,-0.0002065285196679,0.0002216097907839,0.0,9.61060607760133,-6.348593909262516,-0.0065578811636413,-1.9494042448711904,-0.0043921937228715,2.943541009711565,19199.811535650595,-17.16453894228086,0.002,-0.7718731616295219,-3.1107573907700465,-0.8379153502703409,6.0,10.0,180.0,-0.7236232434311385,-4.353483313018973,-0.2065523441015264,-2.5358085167724864,367.7728292698805,-655.9662465179745,166.7876806600666,753.0527026326067,512.4750000000001,-0.7236232434311385,-0.9049756526947021,-1.0378479957580566,-1.0197021961212158,-1.026552438735962,-1.0078842639923096,-0.9968379139900208,-1.0093154907226562,-1.0575921535491943,-1.038105845451355,-0.9886067509651184,-1.0525307655334473,-1.094483494758606,-1.0983521938323975,-1.043039083480835,-1.0825666189193726,-0.9611051082611084,-1.2476686239242554,-1.0015246868133545,-1.0844477415084839,-0.9052388668060303,-1.142639398574829,-1.0329396724700928,-0.9158110022544861,-1.120401382446289,-1.0288418531417847,-1.2101584672927856,-1.0874137878417969,-1.1949018239974976,-1.0611368417739868,-1.1741079092025757,-0.6767262816429138,-1.02692449092865,-1.006568431854248,-1.0609973669052124,-2.140855312347412,-0.8740305304527283,-1.0522366762161255,-1.428017020225525,-0.25026026368141174,-2.010526180267334
5671.0,113.41900000000004,18.095414791918703,304.50012403950984,386.54576840567614,478659.18102629966,18.22045500001833,304.5000100000001,386.5459900000001,478754.7794840002,9.60800550144843,-0.0037990305398268,0.0073847251196901,19200.000000000007,0.0002402080139348,-0.0001140395072798,0.0002215942956662,0.0,9.61402772748337,0.4310419410899594,-0.0070888727274005,1.3376465458853375,0.004873482293476,2.988307234984576,19199.845063179044,-42.85369983223859,0.002,-0.8487050096739901,-3.143462245367826,-0.8552588257477368,6.0,10.0,180.0,-0.7806941044484363,-4.353491583806719,-0.1845716441826711,-2.587065358695754,369.8269146349402,-656.6611232589872,167.0498403300333,754.1548513163034,512.4750000000001,-0.7806941044484363,-0.936323881149292,-1.072027325630188,-1.0285395383834839,-1.0465869903564453,-1.040198802947998,-1.036118507385254,-1.0279743671417236,-1.0831201076507568,-1.0598304271697998,-1.0340577363967896,-1.0869518518447876,-1.1287672519683838,-1.133307695388794,-1.0780701637268066,-1.1148314476013184,-1.0057663917541504,-1.1879987716674805,-1.0147125720977783,-1.1179070472717285,-0.9391509294509888,-1.1654020547866821,-1.040183424949646,-0.9329501986503601,-1.1421394348144531,-1.0428627729415894,-1.241141676902771,-1.1111478805541992,-1.2078053951263428,-1.069758415222168,-1.1725761890411377,-0.7860029935836792,-1.0596691370010376,-1.0468095541000366,-1.0858029127120972,-2.262218713760376,-0.9054579734802246,-1.0833468437194824,-1.4755712747573853,-0.32383280992507935,-1.9631067514419556
5672.0,113.43900000000004,18.287411049212345,304.5000743588206,386.5457890111558,479043.1755141172,18.41245500000042,304.50001000000003,386.5459900000001,479138.7794840002,9.608133799926105,-0.0021459624800773,0.0066975373479125,19200.000000000007,0.0002439505407757,-6.435882044339211e-05,0.000200988645816,0.0,9.58715161226585,-0.3689710559249644,-0.007350347264221,0.1243281387242258,0.0073181424359254,0.7937448144785471,19199.60296966816,-4.212359279970192,0.002,-0.9014161862007116,-3.1736827792814104,-0.8721985366422361,6.0,10.0,180.0,-0.7357971943600929,-4.353049505057049,-0.1689436634590321,-2.639879803578808,370.4144573174701,-656.7050616294937,167.06842016501665,754.2254256581517,512.4750000000001,-0.7357971943600929,-0.9332300424575806,-1.070009469985962,-1.0322117805480957,-1.0463299751281738,-1.0384259223937988,-1.0364582538604736,-1.026554822921753,-1.0840730667114258,-1.0575761795043945,-1.026801586151123,-1.082625389099121,-1.1272826194763184,-1.130058765411377,-1.0755228996276855,-1.1128435134887695,-1.002994418144226,-1.2020741701126099,-1.0211106538772583,-1.1134462356567383,-0.9370037317276001,-1.1607236862182617,-1.0412416458129883,-0.9307753443717957,-1.142141580581665,-1.041122317314148,-1.2375322580337524,-1.1057143211364746,-1.2090177536010742,-1.0711668729782104,-1.176857829093933,-0.7572126388549805,-1.0577508211135864,-1.0454938411712646,-1.0789707899093628,-2.2289490699768066,-0.9013292193412781,-1.0799020528793335,-1.4674116373062134,-0.314311146736145,-1.9544823169708252
5673.0,113.45900000000005,18.479618282455384,304.5000167630004,386.5458438719784,479427.17160780646,18.604455000000005,304.50001000000003,386.5459900000001,479522.7794840002,9.6012284448657,-0.0002223388601993,0.0048725761114503,19200.000000000007,3.671804933732081e-05,-6.763000331142584e-06,0.0001461280302559,0.0,9.6110955281805,-5.681775342293831,-0.0058177860496963,0.3065767243466412,0.0044285618726649,-2.7443015366721686,19199.825712734928,-47.25687441252255,0.002,-0.9574135782315704,-3.184590187524164,-0.8857911916460341,6.0,10.0,180.0,-0.7539241366283486,-4.358377844401401,-0.1562628683625028,-2.6727111516376105,371.1442286587351,-656.9725308147468,167.17771008250833,754.6887128290759,513.6750000000001,-0.7539241366283486,-0.9137366414070129,-1.0402357578277588,-1.018039584159851,-1.030116319656372,-1.0149989128112793,-1.0052261352539062,-1.0151127576828003,-1.0679490566253662,-1.0432100296020508,-0.9913536310195923,-1.05374276638031,-1.0998719930648804,-1.1040871143341064,-1.0502043962478638,-1.0996904373168945,-0.9751721620559692,-1.2427942752838135,-0.9971023797988892,-1.0854158401489258,-0.9122588634490967,-1.1325492858886719,-1.0415977239608765,-0.9146263003349304,-1.1267095804214478,-1.027582049369812,-1.2170206308364868,-1.0709840059280396,-1.1936225891113281,-1.0628384351730347,-1.1725581884384155,-0.6608027815818787,-1.0313079357147217,-1.0158389806747437,-1.0375005006790161,-2.1569721698760986,-0.885338306427002,-1.054175615310669,-1.4215580224990845,-0.2931751608848572,-1.9554877281188965
5674.0,113.47900000000004,18.671278140263134,304.4999990187454,386.5458602787488,479811.1672042597,18.796455000000005,304.50001000000003,386.5459900000001,479906.7794840002,9.612557859302372,0.0003653205111579,0.0043222600059703,19200.000000000007,0.0003768613279578,1.0981254661140822e-05,0.0001297212765856,0.0,9.59105641158212,3.6686811181996175,0.0031518556326638,0.24351508201923,0.0007045183375138,-0.8560379374784557,19199.58713796093,-30.152992524501947,0.002,-1.027367183221782,-3.193497738012346,-0.8983145160178257,6.0,10.0,180.0,-0.7763723883316068,-4.362797455726314,-0.1445528614727885,-2.7214100375413266,371.4946143293676,-656.7017654073734,167.14885504125417,754.561356414538,513.3750000000001,-0.7763723883316068,-0.9532195329666138,-1.0945508480072021,-1.0465335845947266,-1.0620101690292358,-1.0606340169906616,-1.067042350769043,-1.037811279296875,-1.1047277450561523,-1.0727488994598389,-1.0525410175323486,-1.102419376373291,-1.1503076553344727,-1.1513187885284424,-1.097158432006836,-1.1288740634918213,-1.0291099548339844,-1.1686692237854004,-1.0436166524887085,-1.132842779159546,-0.9560277462005615,-1.1770421266555786,-1.0475863218307495,-0.9401872754096985,-1.1605291366577148,-1.051602840423584,-1.2571154832839966,-1.1229525804519653,-1.2230331897735596,-1.082428216934204,-1.1837990283966064,-0.8114126324653625,-1.0789228677749634,-1.0724543333053589,-1.09445321559906,-2.263685703277588,-0.9155981540679932,-1.09816312789917,-1.4945861101150513,-0.34997081756591797,-1.9106907844543457
5675.0,113.49900000000004,18.863516652022287,304.5000253636476,386.54587695824046,480195.1635893223,18.98845500000001,304.50001000000003,386.5459900000001,480290.7794840002,9.604614870185658,-0.0005115147224645,0.0037704654744003,19200.000000000007,0.0001384488788033,-1.5363647456337965e-05,0.0001130417586733,0.0,9.59471957453938,-3.731066889952048,-0.0077986261692857,-2.01230466126418,-0.0031524176783021,0.1815467710825475,19199.79435627207,12.882410966686669,0.002,-1.0895518198677023,-3.210700264766665,-0.9032628246428396,6.0,10.0,180.0,-0.7987649808255359,-4.360401497526498,-0.1367255777249678,-2.7516502812096166,371.35330716468377,-656.8203827036866,167.14942752062709,754.562678207269,505.8000000000001,-0.7987649808255359,-0.9176197052001953,-1.0561714172363281,-1.0307673215866089,-1.038979172706604,-1.0218901634216309,-1.018059253692627,-1.0168322324752808,-1.0720341205596924,-1.0462005138397217,-1.006805181503296,-1.070629358291626,-1.1170188188552856,-1.11771559715271,-1.0648925304412842,-1.1054391860961914,-0.9885276556015015,-1.2421232461929321,-1.0167477130889893,-1.1014034748077393,-0.9233503341674805,-1.1473411321640015,-1.0382779836654663,-0.9230316877365112,-1.1331539154052734,-1.0366519689559937,-1.226095199584961,-1.0957539081573486,-1.2049156427383423,-1.0698126554489136,-1.1800175905227661,-0.6957995295524597,-1.047534704208374,-1.031601071357727,-1.0721431970596313,-2.197645902633667,-0.8875767588615417,-1.0697206258773804,-1.451540231704712,-0.2650361657142639,-2.0039851665496826
5676.0,113.51900000000003,19.05537404876376,304.49998926277283,386.5458808228176,480579.1599725352,19.180455,304.5000100000001,386.5459900000001,480674.7794840002,9.609364206799508,0.0006953542720073,0.0036372869067602,19200.000000000007,0.000280949583372,2.073722729441064e-05,0.0001091771886637,0.0,9.614747166495324,0.0059644703996823,-0.0007396989814121,3.232469108386568,0.0036477929312149,3.293727586533998,19199.776300309142,25.81681114043881,0.002,-1.134906021318447,-3.219125136505313,-0.9107875434591926,6.0,10.0,180.0,-0.8178173352558774,-4.362785540096668,-0.1288908121976457,-2.7911075352485337,371.8456535823419,-656.9736913518433,167.23371376031355,754.9223391036345,507.0750000000001,-0.8178173352558774,-0.9342118501663208,-1.0674415826797485,-1.0189976692199707,-1.0435281991958618,-1.0356216430664062,-1.0277099609375,-1.0269618034362793,-1.077094316482544,-1.0560522079467773,-1.035399079322815,-1.0881668329238892,-1.1283671855926514,-1.1339728832244873,-1.079647183418274,-1.123070240020752,-1.0099613666534424,-1.188036561012268,-0.9977649450302124,-1.1186110973358154,-0.9370290040969849,-1.156821846961975,-1.0395294427871704,-0.931229293346405,-1.1374797821044922,-1.0417784452438354,-1.241418719291687,-1.1048786640167236,-1.200286865234375,-1.0634920597076416,-1.1644413471221924,-0.8086738586425781,-1.0599172115325928,-1.04605233669281,-1.0822269916534424,-2.3163654804229736,-0.9108271598815918,-1.0848259925842285,-1.4764301776885986,-0.3268781006336212,-1.9884854555130005
5677.0,113.53900000000004,19.24750405607228,304.50003757683453,386.5459191399406,480963.1548694374,19.37245499999958,304.50000999999986,386.5459900000001,481058.7794840002,9.605034717915222,-0.0009158323529277,0.0023670418382949,19200.000000000007,0.0001509411316788,-2.75768343875242e-05,7.086010363155913e-05,0.0,9.579127540676058,-0.4313750182608139,-0.0022063451269111,0.0609334877311212,0.0093016354605816,0.9185879267828356,19199.75784231324,81.59707045282258,0.002,-1.2030809157305913,-3.247279183635675,-0.92106748953212,6.0,10.0,180.0,-0.8227929537681906,-4.358406605282761,-0.1220484090765079,-2.824386694478209,371.4693267911709,-656.6678456759216,167.12635688015678,754.4626695518173,506.7750000000001,-0.8227929537681906,-0.9315994381904602,-1.070936918258667,-1.0315921306610107,-1.0466923713684082,-1.0365248918533325,-1.0346596240997314,-1.025050401687622,-1.0819735527038574,-1.0553233623504639,-1.0285754203796387,-1.0858653783798218,-1.1307766437530518,-1.1325056552886963,-1.079174518585205,-1.1181660890579224,-1.0074241161346436,-1.2100636959075928,-1.0189111232757568,-1.1160513162612915,-0.9372735619544983,-1.1576787233352661,-1.0403321981430054,-0.930805504322052,-1.1411224603652954,-1.0419199466705322,-1.2387522459030151,-1.105515718460083,-1.2082078456878662,-1.0697563886642456,-1.17573881149292,-0.7599295377731323,-1.0613720417022705,-1.0482794046401978,-1.0838427543640137,-2.2586309909820557,-0.9026710391044617,-1.0833460092544556,-1.4726818799972534,-0.30343684554100037,-1.9809719324111938
5678.0,113.55900000000004,19.43948718017841,304.50000699190866,386.5459298114848,481347.1535632685,19.56445499999749,304.5000099999992,386.5459900000001,481442.7794840002,9.60559053791775,7.212375099834865e-05,0.0020099965574569,19200.000000000007,0.0001677189652427,3.0080916077454138e-06,6.018844656860723e-05,0.0,9.60982861871791,-1.156091246637334,0.0007470021151675,3.480876937057418,0.0068268516608476,-1.5313371204475117,19199.80873581344,-60.08432386737138,0.002,-1.2660202990865943,-3.270695572705092,-0.9215332136450192,6.0,10.0,180.0,-0.8145173359127004,-4.356494678842337,-0.1171773482662244,-2.8633621293503326,371.8751633955855,-656.8114228379609,167.20167844007838,754.7838347759086,515.6250000000001,-0.8145173359127004,-0.9340896606445312,-1.0602220296859741,-1.018437385559082,-1.040993571281433,-1.0355098247528076,-1.0279395580291748,-1.0278754234313965,-1.0817492008209229,-1.0567001104354858,-1.0218560695648193,-1.0751084089279175,-1.1188619136810303,-1.1251158714294434,-1.0702881813049316,-1.1180922985076904,-1.0017534494400024,-1.1911969184875488,-0.9987246990203857,-1.1063144207000732,-0.9327867031097412,-1.1476099491119385,-1.045053482055664,-0.9258692860603333,-1.1384581327438354,-1.0353038311004639,-1.235951542854309,-1.087499737739563,-1.1978697776794434,-1.0646429061889648,-1.1668710708618164,-0.7700937986373901,-1.050100564956665,-1.0390512943267822,-1.0527998208999634,-2.2446982860565186,-0.9070332050323486,-1.0731161832809448,-1.4513970613479614,-0.3502929210662842,-1.9208216667175293
5679.0,113.57900000000004,19.631446101969555,304.5000145673976,386.5459482851172,481731.1483430502,19.756455000002145,304.5000099999996,386.5459900000001,481826.7794840002,9.606947153290012,-0.0001511487807903,0.0013923979392682,19200.000000000007,0.0002088994453342,-4.567398470864647e-06,4.171461634494864e-05,0.0,9.579594531182623,2.750115309872707,0.0053761907824523,1.40842286900522,0.0007245824092601,-3.2374988118947337,19199.84385198707,85.76030603751556,0.002,-1.2875252229594696,-3.302972120042959,-0.948310200536466,6.0,10.0,180.0,-0.860842767284797,-4.354973812930721,-0.1137692953890568,-2.8921222891516343,371.74958169779273,-656.4442114189804,167.1123392200392,754.4004173879543,517.3500000000001,-0.860842767284797,-0.9513192176818848,-1.086827039718628,-1.040307879447937,-1.0577833652496338,-1.0579235553741455,-1.062132716178894,-1.0379406213760376,-1.1035693883895874,-1.070596694946289,-1.0442498922348022,-1.0937256813049316,-1.1422107219696045,-1.1445462703704834,-1.0900588035583496,-1.127237319946289,-1.0236971378326416,-1.1675043106079102,-1.0351470708847046,-1.1243534088134766,-0.9519171118736267,-1.1676422357559204,-1.0497660636901855,-0.9359120726585388,-1.1573622226715088,-1.0460630655288696,-1.2522703409194946,-1.109413504600525,-1.2170820236206055,-1.0790531635284424,-1.1801679134368896,-0.8034223318099976,-1.0712394714355469,-1.0658711194992065,-1.0743194818496704,-2.2399868965148926,-0.9149270057678223,-1.090261697769165,-1.4781074523925781,-0.3673405051231384,-1.8779139518737793
5680.0,113.59900000000005,19.82363965697556,304.50003909218987,386.5459668248617,482115.145771146,19.948455000042,304.50001000000185,386.5459900000001,482210.7794840002,9.60051002456785,-0.0009722369054621,0.0007730390245371,19200.000000000007,1.5344316875741288e-05,-2.909219663691263e-05,2.3175449404094105e-05,0.0,9.623302195689558,-0.0064997674849529,0.011936946266185,2.255890934686245,-0.0058534023332375,-3.3501296178988347,19199.982987393592,4.228876506369252,0.002,-1.3383751589632429,-3.3030899256774404,-0.9329057367806955,6.0,10.0,180.0,-0.8256082892769511,-4.352536070794112,-0.1108382642774262,-2.932632973467782,372.6107908488964,-656.6366057094901,167.2506696100196,754.9917086939772,509.7000000000001,-0.8256082892769511,-0.9395341277122498,-1.0716800689697266,-1.028529167175293,-1.048543930053711,-1.041835904121399,-1.0395872592926025,-1.0307339429855347,-1.090163230895996,-1.0609586238861084,-1.0295554399490356,-1.083807349205017,-1.1314008235931396,-1.1347397565841675,-1.0816820859909058,-1.1282708644866943,-1.0145552158355713,-1.2013999223709106,-1.0126819610595703,-1.1143732070922852,-0.9405869245529175,-1.1504184007644653,-1.04801607131958,-0.9298149347305298,-1.1468267440795898,-1.0406888723373413,-1.2448176145553589,-1.0936238765716553,-1.2062647342681885,-1.070728063583374,-1.1736243963241577,-0.7648194432258606,-1.0611507892608643,-1.0521236658096313,-1.0618058443069458,-2.266512155532837,-0.909064531326294,-1.0816506147384644,-1.4642677307128906,-0.343965083360672,-1.9247539043426514
5681.0,113.61900000000006,20.015508796561253,304.5000537033775,386.5459570543075,482499.1413935578,20.140454999965065,304.5000099979994,386.5459900000001,482594.7794840002,9.60488444426993,-0.0014608740464675,0.0010966769568259,19200.000000000007,0.0001462033815579,-4.370343066888473e-05,3.2947081102010465e-05,0.0,9.564449779443205,2.806509648039205,0.0014932759969603,-2.38342099857882,-0.0026975861776236,-0.3631874393439442,19199.89692357573,60.16588469035416,0.002,-1.3794523077918872,-3.305720759601432,-0.9548366346109292,6.0,10.0,180.0,-0.8676052269762964,-4.347193830131514,-0.105953758914518,-2.974666224987465,371.7408954244482,-656.256802854745,167.0728348050098,754.2318543469886,511.2000000000001,-0.8676052269762964,-0.9473152160644531,-1.0941450595855713,-1.0535645484924316,-1.062383770942688,-1.0571374893188477,-1.066483974456787,-1.033447265625,-1.1022472381591797,-1.0689586400985718,-1.0468443632125854,-1.1010968685150146,-1.15047025680542,-1.1487375497817993,-1.0951061248779297,-1.1221654415130615,-1.0238251686096191,-1.1884405612945557,-1.055633544921875,-1.1313389539718628,-0.9537238478660583,-1.178921103477478,-1.0449129343032837,-0.9392314553260803,-1.1597508192062378,-1.0523087978363037,-1.2523581981658936,-1.1267244815826416,-1.2270087003707886,-1.0846295356750488,-1.1908103227615356,-0.7788170576095581,-1.0787863731384277,-1.0709108114242554,-1.103273868560791,-2.2303178310394287,-0.9078842997550964,-1.097336769104004,-1.494864583015442,-0.3177162706851959,-1.9349122047424316
5682.0,113.63900000000004,20.207546720965432,304.5000866226364,386.54595204577,482883.1385543493,20.33245499917866,304.5000099954145,386.5459900000001,482978.7794840002,9.60358848793108,-0.0025507001656652,0.0012316757278136,19200.000000000007,0.000108278873484,-7.662720501902915e-05,3.795520233852118e-05,0.0,9.630878292790683,-0.2371726684851644,0.006619103709898,-1.8299571360094105,-0.010720344479386,0.9189122199675652,19199.946480607123,-34.26547850860703,0.002,-1.462116154947363,-3.293242076847389,-0.9378845151916548,6.0,10.0,180.0,-0.8642615233612195,-4.342747792950517,-0.1064457718445511,-2.999267458688069,372.5479477122241,-656.7339014273725,167.2629174025049,755.0444271734943,527.9250000000001,-0.8642615233612195,-0.9420206546783447,-1.0738675594329834,-1.0453729629516602,-1.0537824630737305,-1.0487782955169678,-1.051645040512085,-1.033524513244629,-1.0943708419799805,-1.067549467086792,-1.0269320011138916,-1.0808496475219727,-1.1270837783813477,-1.130293846130371,-1.072855830192566,-1.0988523960113525,-0.9960460066795349,-1.1872408390045166,-1.0449492931365967,-1.114043116569519,-0.9416828155517578,-1.1795051097869873,-1.0456551313400269,-0.9351717829704285,-1.1518669128417969,-1.0462243556976318,-1.2387182712554932,-1.1182457208633423,-1.221958875656128,-1.0829089879989624,-1.1914658546447754,-0.7152941226959229,-1.0554602146148682,-1.0461353063583374,-1.0786980390548706,-2.129972219467163,-0.8985461592674255,-1.0779612064361572,-1.4638365507125854,-0.3290412425994873,-1.8931033611297607
5683.0,113.65900000000002,20.3993016261116,304.5000045625724,386.5459570115052,483267.1353961566,20.524455000350407,304.500010071528,386.5459900000001,483362.7794840002,9.611777146871184,0.0001933013418513,0.0011017780441718,19200.000000000007,0.0003533745732543,5.444050399089926e-06,3.3087681788068984e-05,0.0,9.563219101247318,4.882109191273936,-0.0053820865167279,-0.2485403796049915,0.0002199492872936,2.5571254168937307,19199.84328596753,-0.0368266796982197,0.002,-1.561234874309097,-3.331542246811662,-0.9524802237981846,6.0,10.0,180.0,-0.9058222568111816,-4.339828394435672,-0.1020526830871688,-3.0310432040854014,371.454973856112,-656.4254507136862,167.07395870125245,754.2372135867472,535.2750000000001,-0.9058222568111816,-0.9619287252426147,-1.0969181060791016,-1.0522394180297852,-1.067032814025879,-1.0747090578079224,-1.0814707279205322,-1.0439119338989258,-1.110907793045044,-1.08120858669281,-1.0585203170776367,-1.1015558242797852,-1.1456291675567627,-1.1495394706726074,-1.090000867843628,-1.107362151145935,-1.0182167291641235,-1.1119245290756226,-1.0602492094039917,-1.1341350078582764,-0.9598679542541504,-1.2018123865127563,-1.046964168548584,-0.9439231753349304,-1.164205551147461,-1.0545222759246826,-1.2540135383605957,-1.1399508714675903,-1.230360746383667,-1.0888514518737793,-1.1897635459899902,-0.8208214640617371,-1.0741825103759766,-1.0698691606521606,-1.0994669198989868,-2.1661298274993896,-0.9169448018074036,-1.0959898233413696,-1.4931381940841675,-0.3826449513435364,-1.839441180229187
5684.0,113.67900000000004,20.59142765227381,304.500030197892,386.5459707463424,483651.1323629807,20.716455009698947,304.5000103450976,386.5459900000001,483746.7794840002,9.607574316119118,-0.0006514543006839,0.0006420857102398,19200.000000000007,0.0002273507424188,-2.005754963962382e-05,1.925221585741511e-05,0.0,9.627925080540567,-2.1320708778943405,0.0012301844614275,-1.7000083657923737,0.0036450148619673,1.7686782705091255,19199.775665770467,-17.212428683396322,0.002,-1.584237087950394,-3.3363827995665734,-0.954457618497812,6.0,10.0,180.0,-0.9004434690556351,-4.344734486993581,-0.1030301667138284,-3.0628513657098075,372.175486928056,-656.8897253568432,167.25147935062623,754.9961067933737,540.9750000000001,-0.9004434690556351,-0.936866283416748,-1.0597879886627197,-1.0397956371307373,-1.046811580657959,-1.0434132814407349,-1.0424143075942993,-1.0314826965332031,-1.0886589288711548,-1.0611933469772339,-1.0123287439346313,-1.0657787322998047,-1.109529733657837,-1.1156401634216309,-1.0553085803985596,-1.078643560409546,-0.974880576133728,-1.1822267770767212,-1.0394941568374634,-1.100558876991272,-0.9320788383483887,-1.1797891855239868,-1.0446549654006958,-0.9307146668434143,-1.1454353332519531,-1.040658712387085,-1.2269247770309448,-1.1102226972579956,-1.2173963785171509,-1.0808643102645874,-1.1903833150863647,-0.6802988648414612,-1.0388251543045044,-1.0281614065170288,-1.0619374513626099,-2.046558141708374,-0.8914787769317627,-1.0636824369430542,-1.4403401613235474,-0.3372182846069336,-1.8585100173950195
5685.0,113.69900000000004,20.783108393643424,304.5000279394804,386.5459746634179,484035.1272519728,20.908455032273103,304.5000108589746,386.5459900000001,484130.7794840002,9.618222388141437,-0.0005482307840374,0.0004793320101442,19200.000000000007,0.0005467199837614,-1.7440909839754955e-05,1.533615742223731e-05,0.0,9.587405410391176,5.368824414841292,0.000267714680819,-1.4683000439637073,0.0046554555612414,-0.9129086665683774,19199.93085624804,-4.311089302429653,0.002,-1.6154804021629965,-3.3399663730801232,-0.9642912982344668,6.0,10.0,180.0,-0.9912535393866132,-4.344677052335742,-0.0996158106593581,-3.110044020229024,371.850243464028,-656.6723626784217,167.1697396753131,754.6465533966868,547.5000000000001,-0.9912535393866132,-0.971192479133606,-1.1021292209625244,-1.0642578601837158,-1.0723237991333008,-1.088402271270752,-1.097599744796753,-1.0513389110565186,-1.1253113746643066,-1.0865116119384766,-1.0563135147094727,-1.0977203845977783,-1.1458510160446167,-1.1495883464813232,-1.0888715982437134,-1.101395845413208,-1.0163663625717163,-1.101991891860962,-1.0800528526306152,-1.1314371824264526,-0.9645030498504639,-1.2102023363113403,-1.0538792610168457,-0.9460400342941284,-1.1750261783599854,-1.0570063591003418,-1.260707974433899,-1.1404755115509033,-1.2404587268829346,-1.099785327911377,-1.2018389701843262,-0.7880712151527405,-1.0729179382324219,-1.0729397535324097,-1.0866360664367676,-2.0809574127197266,-0.915385901927948,-1.0925860404968262,-1.4835857152938843,-0.40822768211364746,-1.7601218223571777
5686.0,113.71900000000002,20.975595605231028,304.50001703629385,386.5459687818982,484419.12680214224,21.100456874883253,304.50007371081153,386.5459900000001,484514.7794840002,9.60232413637632,0.0096323120300027,0.0007087380408197,19200.000000000007,5.943908824481948e-05,-4.342126258422413e-06,2.1218361309478395e-05,0.0,9.639660048762456,-4.456028692101449,-0.0009738671129267,1.4628640619106947,-0.0038996369443655,-0.4935063195977861,19200.03396054024,-38.61264113023218,0.002,-1.6194418198014928,-3.3060401045694525,-0.9603819183373372,6.0,10.0,180.0,-0.9345917567021133,-4.351062052333225,-0.099122211486881,-3.1223441601481903,372.484621732014,-657.1896813392109,167.34786983765656,755.4092766983434,547.2750000000001,-0.9345917567021133,-0.9305179119110107,-1.039920687675476,-1.0216600894927979,-1.035141110420227,-1.033174753189087,-1.0238797664642334,-1.0282740592956543,-1.0800061225891113,-1.0531662702560425,-0.9957602024078369,-1.0478975772857666,-1.0898761749267578,-1.1002423763275146,-1.0389447212219238,-1.0740464925765991,-0.9608942270278931,-1.184672474861145,-1.0113096237182617,-1.0835322141647339,-0.9189460277557373,-1.1613061428070068,-1.0466347932815552,-0.921649694442749,-1.1352157592773438,-1.030287265777588,-1.2158154249191284,-1.0844327211380005,-1.2014729976654053,-1.0705007314682007,-1.1785273551940918,-0.6444427967071533,-1.0205904245376587,-1.009758472442627,-1.0254755020141602,-2.023716449737549,-0.8903725743293762,-1.0471625328063965,-1.409098744392395,-0.365231454372406,-1.821783423423767
5687.0,113.73900000000005,21.16781831356408,304.5000901611611,386.5459462428895,484803.1251922593,21.29246885164398,304.50014989337745,386.5459900000001,484898.7794840002,9.595195777962216,-0.0228464964483151,0.0014547809126098,19200.000000000007,-0.000158010215602,6.506871999063929e-05,4.375720110459262e-05,0.0,9.62379672284397,-0.9741009881876784,-0.0055499184452731,-2.868771482908782,0.0002186669018846,0.4314864435899975,19199.844158186515,-8.520948694881765,0.002,-1.6868502621626045,-3.307895022268164,-0.9529059637999572,6.0,10.0,180.0,-0.9150338511857384,-4.371633954780275,-0.0971493746547948,-3.137722815427934,372.3923108660071,-657.3558406696054,167.37093491882828,755.5081383491718,557.1000000000001,-0.9150338511857384,-0.9475512504577637,-1.0664141178131104,-1.0520654916763306,-1.0539188385009766,-1.0571107864379883,-1.0616029500961304,-1.039063811302185,-1.102514386177063,-1.067114233970642,-1.0152134895324707,-1.0646631717681885,-1.1102540493011475,-1.1168346405029297,-1.0537045001983643,-1.0676026344299316,-0.9721657037734985,-1.1552480459213257,-1.061883807182312,-1.1008055210113525,-0.9393625855445862,-1.195887804031372,-1.0493053197860718,-0.9340850710868835,-1.155686855316162,-1.0447940826416016,-1.2330729961395264,-1.1152013540267944,-1.2283512353897095,-1.0912964344024658,-1.201143503189087,-0.6659197211265564,-1.038045048713684,-1.0320019721984863,-1.0566939115524292,-1.957864761352539,-0.8919680714607239,-1.0621230602264404,-1.4357832670211792,-0.36731666326522827,-1.7751898765563965
5688.0,113.75900000000004,21.3599613584294,304.4991877903928,386.5459815242832,485187.126626298,21.484440773604163,304.4977595497701,386.5459900000001,485282.7794840002,9.585602935803818,-0.2287224574271649,0.0002500963070293,19200.000000000007,-0.0002920639659169,0.0006079788153407,8.475668428135097e-06,0.0,9.572971398769322,-6.294990493022435,-0.1215424958700275,-12.750271200019265,0.003176218129314,0.055566066981963,19200.11799788097,-30.04747825386128,0.002,-1.7093462657873943,-3.4130659008604893,-0.9828045723751734,6.0,10.0,180.0,-0.9164833981965366,-4.236303468719763,-0.0956819242525576,-3.1228325616558275,367.5626554330036,-659.0889203348027,167.17146745941417,754.6695691745858,555.9000000000001,-0.9164833981965366,-0.9156780242919922,-1.0525903701782227,-1.0745668411254883,-1.0435148477554321,-1.032669186592102,-1.0434083938598633,-1.0177198648452759,-1.0906124114990234,-1.043092131614685,-0.978062093257904,-1.039865255355835,-1.0917184352874756,-1.0904650688171387,-1.0281493663787842,-1.0242700576782227,-0.9313310384750366,-1.2034838199615479,-1.0962002277374268,-1.075725793838501,-0.9156738519668579,-1.1853998899459839,-1.0430101156234741,-0.9241955876350403,-1.14439058303833,-1.0407328605651855,-1.211993932723999,-1.1061618328094482,-1.2373132705688477,-1.1042671203613281,-1.2238556146621704,-0.7149521112442017,-1.0180600881576538,-1.0075316429138184,-1.0615049600601196,-1.7646973133087158,-0.8510137796401978,-1.0394530296325684,-1.4083176851272583,-0.2478894293308258,-1.8348593711853027
5689.0,113.77900000000002,21.55136086548886,304.49375406861424,386.54599309492994,485571.1261352448,21.67620833723928,304.4891737464873,386.5459900000001,485666.7794840002,9.586889730066387,-0.5577104098251819,-0.0001363381303664,19200.000000000007,0.0002331579432223,0.0018364306279245,-3.094940267120113e-06,0.0,9.58863953834506,2.812241031093889,-0.4469444533408594,-20.20816629376253,0.0012605443216284,-0.3002567485814446,19199.621259883814,-85.92313553709303,0.002,-1.5064971563403158,-3.498761915585983,-0.9972711837805902,6.0,10.0,180.0,-0.9589659661509704,-4.133266121839052,-0.0966852715041647,-3.1376723190259352,354.2858277165018,-666.2449601674014,167.17923372970708,754.745784587293,560.325,-0.9589659661509704,-0.941065788269043,-1.1148432493209839,-1.133720874786377,-1.0695672035217285,-1.0666636228561401,-1.107292652130127,-1.0284372568130493,-1.1396443843841553,-1.0661898851394653,-1.01362144947052,-1.0765209197998047,-1.1364766359329224,-1.1282943487167358,-1.0655871629714966,-1.031089186668396,-0.966814398765564,-1.1863627433776855,-1.1776175498962402,-1.1107306480407715,-0.956570029258728,-1.2365111112594604,-1.0445455312728882,-0.9400098919868469,-1.1848033666610718,-1.0638223886489868,-1.2512125968933105,-1.1545029878616333,-1.2808998823165894,-1.1421897411346436,-1.2593891620635986,-0.9443119764328003,-1.057474136352539,-1.059946060180664,-1.121559500694275,-1.7087420225143433,-0.8548067808151245,-1.0694206953048706,-1.4740506410598755,-0.2529636025428772,-1.7773371934890747
5690.0,113.79900000000004,21.74332471739237,304.4815258264141,386.5459022861252,485955.12081038055,21.86750612791813,304.47306109240634,386.5459900000001,486050.7794840002,9.545116128550095,-0.8950434085001456,0.0029297467024962,19200.000000000007,-9.432340969288472e-05,0.0028424782553724,8.771387668387105e-05,0.0,9.578614185257267,-3.8432894816379033,-0.7944038543910498,-18.4930178515548,-0.0090444316349491,1.58207461557276,19199.70810644808,17.169609540708883,0.002,-1.3718069813816014,-3.576739109244276,-0.9932324778058048,6.0,10.0,180.0,-0.936035955316507,-4.090831719254601,-0.0918213499498044,-3.181266066539504,335.5899138582509,-675.9489800837007,167.23511686485352,755.0438922936464,558.3000000000001,-0.936035955316507,-0.8902559280395508,-1.0499716997146606,-1.0987290143966675,-1.0200650691986084,-1.0109519958496094,-1.029698371887207,-0.9975016117095947,-1.099494218826294,-1.0292296409606934,-0.9537622928619385,-1.0266286134719849,-1.0786051750183105,-1.0773756504058838,-1.0130441188812256,-0.9956573247909546,-0.9096260666847229,-1.1820670366287231,-1.1175634860992432,-1.0612324476242065,-0.9106259346008301,-1.1825605630874634,-1.0294815301895142,-0.9179534316062927,-1.136620044708252,-1.0343776941299438,-1.1996136903762817,-1.1047523021697998,-1.2446842193603516,-1.114342212677002,-1.228548526763916,-0.856773853302002,-1.0021730661392212,-0.9979515671730042,-1.0703250169754028,-1.6521371603012085,-0.8206091523170471,-1.018305778503418,-1.4092216491699219,-0.19465544819831848,-1.8468165397644043
5691.0,113.81900000000005,21.93454586501989,304.46212027830006,386.54592360718095,486339.11823094095,22.05804443301048,304.4496038861398,386.5459900000001,486434.7794840002,9.494838509070478,-1.2371576639946154,0.0022122609819637,19200.000000000007,-0.0002514694627686,0.0035545714102549,6.639282012879391e-05,0.0,9.548829862989276,-2.206027682723657,-1.1501558148863622,-16.41719011427407,-0.000733720531274,2.8698399141477595,19199.775935549194,0.0631165582311084,0.002,-1.2708550008827222,-3.626994683527461,-0.9830964301881646,6.0,10.0,180.0,-0.8818764128675465,-4.085879509396411,-0.0844857853119789,-3.216141090212685,313.54395692912544,-686.5504900418504,167.28955843242676,755.3419461468231,568.0500000000001,-0.8818764128675465,-0.8764094114303589,-1.0328311920166016,-1.0899081230163574,-0.9965420365333557,-0.9960336089134216,-1.0096691846847534,-0.9880644083023071,-1.0980782508850098,-1.0131264925003052,-0.9359485507011414,-1.0088508129119873,-1.0550925731658936,-1.0604981184005737,-0.9921176433563232,-0.9776664972305298,-0.8902379274368286,-1.1649349927902222,-1.0967442989349365,-1.0433989763259888,-0.9011660814285278,-1.1758822202682495,-1.0204875469207764,-0.9113706350326538,-1.1241121292114258,-1.0197036266326904,-1.1838880777359009,-1.088355541229248,-1.2328217029571533,-1.1054236888885498,-1.2114567756652832,-0.819427490234375,-0.9793735146522522,-0.9782313704490662,-1.049306035041809,-1.622583031654358,-0.8102725148200989,-0.9957956075668335,-1.3894165754318237,-0.21216073632240295,-1.8086128234863281
5692.0,113.83900000000006,22.12468753573959,304.43558980330715,386.5459669904466,486723.11333816266,22.24754154649966,304.4188490324806,386.5459900000001,486818.7794840002,9.437909623716592,-1.5838582050047043,0.0007695889038865,19200.000000000007,-0.0001878261787557,0.0040686489060358,2.300955354732957e-05,0.0,9.443634508923935,-6.838441290159987,-1.5107814342531014,-12.451069234744,0.0114607113491438,-1.4002637735791097,19199.91236363343,85.85423609461056,0.002,-1.114656086788088,-3.66199116376267,-0.9948974317932562,6.0,10.0,180.0,-0.8466999815522052,-4.124951738387695,-0.0790957867715517,-3.248429739904412,288.1874784645628,-696.5007450209253,167.08927921621338,754.5509730734116,571.0500000000002,-0.8466999815522052,-0.8298114538192749,-0.9701346158981323,-1.0520973205566406,-0.9450142979621887,-0.9466243982315063,-0.9438222646713257,-0.9577367305755615,-1.067631721496582,-0.9833606481552124,-0.8762803673744202,-0.9522138833999634,-0.9937994480133057,-1.0063745975494385,-0.9372046589851379,-0.947510302066803,-0.8381557464599609,-1.1538231372833252,-1.0296235084533691,-0.9855221509933472,-0.8427368402481079,-1.1075092554092407,-1.0091859102249146,-0.880776584148407,-1.0784412622451782,-0.9834938049316406,-1.1324106454849243,-1.0122909545898438,-1.1890937089920044,-1.071958303451538,-1.1634870767593384,-0.6825213432312012,-0.9223537445068359,-0.9189460873603821,-0.9710156917572021,-1.5598026514053345,-0.780694842338562,-0.9390437006950378,-1.3085328340530396,-0.20229589939117432,-1.7892236709594727
5693.0,113.85900000000004,22.31335359238978,304.4020454870714,386.545921190018,487107.11511471577,22.435718366076124,304.3808417180756,386.5459900000001,487202.7794840002,9.37827988029678,-1.936980188612258,0.0022927778727327,19200.000000000007,0.0002125323561965,0.0043142535102213,6.880998220493281e-05,0.0,9.433370165628537,-0.8493351812646474,-1.8595964067239168,-18.13359382511145,0.0031726816284631,0.0615005574908494,19199.9467033982,-21.47403871217276,0.002,-0.945924686471097,-3.729104213468661,-1.0135714153885595,6.0,10.0,180.0,-0.8207463858237445,-4.15877430461342,-0.0761600291980379,-3.254584895671118,263.44823923228137,-706.7328725104626,167.2041396081067,755.1049865367058,573.7500000000001,-0.8207463858237445,-0.8306491374969482,-0.9940579533576965,-1.0899953842163086,-0.947622537612915,-0.9542684555053711,-0.9662927985191345,-0.9573016166687012,-1.0920464992523193,-0.989830493927002,-0.8923585414886475,-0.9627077579498291,-1.0075770616531372,-1.0171678066253662,-0.9460097551345825,-0.9357116222381592,-0.8430443406105042,-1.154930591583252,-1.07633376121521,-0.9948223829269409,-0.867745041847229,-1.133428692817688,-1.0035151243209839,-0.8909151554107666,-1.0928996801376343,-0.9932701587677002,-1.1463929414749146,-1.0380052328109741,-1.2143750190734863,-1.0935990810394287,-1.1868293285369873,-0.8979375958442688,-0.9328172206878662,-0.9366721510887146,-1.0068612098693848,-1.5321614742279053,-0.7677705883979797,-0.9425070285797119,-1.3387529850006104,-0.1722131073474884,-1.7673802375793457
5694.0,113.87900000000003,22.501032611339305,304.3613222359403,386.5459941945657,487491.11475494754,22.62229758791152,304.3356379612209,386.5459900000001,487586.7794840002,9.29048175262878,-2.288868741168103,-0.0002073084931507,19200.000000000007,0.0001823301442589,0.0045046693028026,-4.194565528812621e-06,0.0,9.305675950294532,-4.755853192167259,-2.1847647804686665,-8.843517397418683,0.0027112557737543,-3.8445410529535673,19200.0676156467,64.33300053096568,0.002,-0.8461480476970292,-3.723795901112217,-0.9765980345296736,6.0,10.0,180.0,-0.8188223001127174,-4.1880762281609885,-0.07665249427505,-3.2463709072929503,237.42211961614063,-715.0834362552313,167.02506980405337,754.396493268353,570.6750000000001,-0.8188223001127174,-0.7849106192588806,-0.9172811508178711,-1.0271146297454834,-0.8892037868499756,-0.9030989408493042,-0.9056949019432068,-0.927228569984436,-1.0529438257217407,-0.9555392265319824,-0.8474008440971375,-0.9076257944107056,-0.9432634115219116,-0.9637948274612427,-0.8929958939552307,-0.9246276617050171,-0.8001258373260498,-1.1287028789520264,-0.9711306095123291,-0.9376454949378967,-0.7975509166717529,-1.0589381456375122,-0.9883531332015991,-0.8564147353172302,-1.0324130058288574,-0.9477459192276001,-1.097943902015686,-0.9390155076980591,-1.1514523029327393,-1.044753074645996,-1.1176352500915527,-0.6909756064414978,-0.8752654194831848,-0.8755385279655457,-0.9174338579177856,-1.5716172456741333,-0.7508979439735413,-0.8875118494033813,-1.2573659420013428,-0.1963684856891632,-1.7561204433441162
5695.0,113.89900000000004,22.68682971687709,304.3139429080994,386.5459483426751,487875.1138966122,22.80700330581632,304.28330490058863,386.5459900000001,487970.7794840002,9.195231257190295,-2.654420734403609,0.0013945230581015,19200.000000000007,0.0003392445838638,0.0041771315288803,4.165732508167255e-05,0.0,9.254852846455512,-5.5506181082026895,-2.55247718867092,-20.75537963559596,-0.0007375626691311,-1.531298408559035,19200.102876858484,17.148645751402285,0.002,-0.7108974650888589,-3.728059958014157,-1.0086995668394274,6.0,10.0,180.0,-0.7285703881483395,-4.104000751046869,-0.0703146152521823,-3.258674645449485,210.9715598080703,-723.7172181276156,167.11053490202667,754.8177466341765,573.6000000000001,-0.7285703881483395,-0.7520670890808105,-0.9084910750389099,-1.0691673755645752,-0.8749679923057556,-0.8784240484237671,-0.887722373008728,-0.9054374694824219,-1.0408425331115723,-0.9523025751113892,-0.826587438583374,-0.885730504989624,-0.9270340204238892,-0.9397221803665161,-0.8668906688690186,-0.8621039390563965,-0.7565003037452698,-1.1421520709991455,-1.0233441591262817,-0.9153413772583008,-0.7702775001525879,-1.0419431924819946,-0.9772078990936279,-0.8565426468849182,-1.0222233533859253,-0.9444243907928467,-1.072438359260559,-0.950788140296936,-1.1717534065246582,-1.0624191761016846,-1.1381115913391113,-0.9361813068389893,-0.8569921255111694,-0.8576743006706238,-0.9427931308746338,-1.4210439920425415,-0.7031583189964294,-0.862618088722229,-1.2489162683486938,-0.0693398043513298,-1.7982350587844849
5696.0,113.919,22.870300684954344,304.2593205756759,386.545990957096,488259.1141981624,22.989564217750345,304.2239193304647,386.5459900000001,488354.7794840002,9.09837145264415,-3.011220113355842,-3.0998736312571384e-05,19200.000000000007,0.0008539960824887,0.0039884960353205,-9.57095868852786e-07,0.0,9.104043258720225,-2.0818634934198874,-2.8921059569073675,-18.24855512998533,-0.0080455710832403,-2.374757209963316,19200.01659991584,73.0223118421417,0.002,-0.6106121488258465,-3.753990331090436,-0.9917930675529876,6.0,10.0,180.0,-0.7676115635992048,-4.066381508978154,-0.0766650093521195,-3.256651936115301,183.07127990403515,-730.5616090638077,166.95176745101332,754.1868733170883,576.4500000000002,-0.7676115635992048,-0.7350126504898071,-0.8878079652786255,-1.0589572191238403,-0.8497699499130249,-0.8651522397994995,-0.8791046142578125,-0.8930186033248901,-1.0394498109817505,-0.9359031915664673,-0.8161010146141052,-0.8706132173538208,-0.9077979326248169,-0.9241349697113037,-0.8495255708694458,-0.8536183834075928,-0.7457641363143921,-1.1325719356536865,-0.9996672868728638,-0.8972764015197754,-0.758601725101471,-1.0289608240127563,-0.964708685874939,-0.8467340469360352,-1.0015103816986084,-0.9249424934387207,-1.0585933923721313,-0.9187870621681213,-1.1541993618011475,-1.0479590892791748,-1.1148934364318848,-0.9001367688179016,-0.84054034948349,-0.8454064726829529,-0.923516035079956,-1.4384706020355225,-0.6953946948051453,-0.8432911038398743,-1.2333201169967651,-0.09049003571271896,-1.7519359588623047
5697.0,113.93900000000004,23.051933483860022,304.19753779248026,386.54600387503086,488643.1139043903,23.169710527328263,304.15756885164444,386.5459900000001,488738.7794840002,8.974747636628809,-3.3587928179668283,-0.0004557663651943,19200.000000000007,0.0009671101230835,0.0039377116387898,-1.387503073927138e-05,0.0,9.040078946069148,-3.355103691019501,-3.257330903893373,-20.99386119165368,-0.0078091444273661,-1.5929437060040814,19200.27262870736,-38.575190935327456,0.002,-0.4180172224807824,-3.795263714588518,-1.0145687298706247,6.0,10.0,180.0,-0.7104147914265392,-4.070809152113252,-0.0742113963626336,-3.2622753118681445,155.64813995201757,-737.6148045319039,167.10988372550668,754.906936658544,572.8500000000001,-0.7104147914265392,-0.6962331533432007,-0.8546406626701355,-1.0577176809310913,-0.8193050622940063,-0.8302512764930725,-0.8400784730911255,-0.8680648803710938,-1.0081639289855957,-0.921065092086792,-0.7907088994979858,-0.8404568433761597,-0.8761819005012512,-0.8922111988067627,-0.8176103830337524,-0.8184844851493835,-0.7080981731414795,-1.1308858394622803,-0.9825506210327148,-0.8655005097389221,-0.7090622782707214,-0.9885972142219543,-0.9499333500862122,-0.8332485556602478,-0.9683681726455688,-0.9043968915939331,-1.028152585029602,-0.8870965242385864,-1.1435413360595703,-1.0355587005615234,-1.0982780456542969,-0.9504775404930115,-0.8114696741104126,-0.8146785497665405,-0.9097780585289001,-1.4065396785736084,-0.6643669009208679,-0.8112546801567078,-1.205581784248352,-0.027225129306316376,-1.791075587272644
5698.0,113.95900000000005,23.23117960771083,304.12889651468544,386.54593663209545,489027.1165833172,23.34717663715627,304.0843516666173,386.5459900000001,489122.7794840002,8.833895032852475,-3.70366444261285,0.0017822988115455,19200.000000000007,0.0009588923642067,0.0038139137714873,5.336790470837522e-05,0.0,8.895504060100711,-4.692750379033879,-3.6059899164679416,-18.98310821548072,-0.0063901771313726,4.706484462676235,19199.9633757466,-21.4889979497417,0.002,-0.2138821175691411,-3.7724555607644175,-1.009187849088247,6.0,10.0,180.0,-0.7172757284788903,-4.039616999259355,-0.0756714189888281,-3.2371272599521808,127.20406997600878,-743.2094022659519,167.14594186275332,755.097468329272,575.3250000000002,-0.7172757284788903,-0.6527628302574158,-0.8005419969558716,-1.0317999124526978,-0.7829577922821045,-0.7895442247390747,-0.7927292585372925,-0.8406399488449097,-0.9649492502212524,-0.8874326944351196,-0.7638407945632935,-0.805561900138855,-0.8290430307388306,-0.8512911796569824,-0.7726181745529175,-0.7713744640350342,-0.6601302623748779,-1.108141303062439,-0.9282023310661316,-0.8292968273162842,-0.6375888586044312,-0.9550009965896606,-0.9254431128501892,-0.812748372554779,-0.9156253337860107,-0.8715553283691406,-0.9879028797149658,-0.8516427278518677,-1.1079257726669312,-1.0112688541412354,-1.057978630065918,-0.8815111517906189,-0.7704557180404663,-0.768819272518158,-0.8909292221069336,-1.409581184387207,-0.6407939791679382,-0.7741097211837769,-1.170024037361145,0.009324677288532257,-1.8365739583969116
5699.0,113.97900000000008,23.407876367499203,304.0532945509781,386.54591411430977,489411.1175343506,23.521701243934224,304.00437507574566,386.5459900000001,489506.7794840002,8.672648303070906,-4.03855179668582,0.0024928568833668,19200.000000000007,0.0007279388101193,0.0038197887830646,7.588569035842685e-05,0.0,8.76927453493728,-6.468877550997594,-3.959451759580716,-18.55852761900963,0.0038997612323354,3.724236248485032,19200.153381513832,-0.0644595916533873,0.002,-0.0777963904800474,-3.744832844236986,-0.9999542033373072,6.0,10.0,180.0,-0.6040274050556684,-4.0527835144800335,-0.0703096616391871,-3.2310205444175337,98.6310349880044,-748.0482011329759,167.26047093137666,755.6182341646361,577.6500000000001,-0.6040274050556684,-0.6102920174598694,-0.754692554473877,-1.0175635814666748,-0.7487150430679321,-0.7510939836502075,-0.7501400709152222,-0.813908576965332,-0.931245744228363,-0.8612228631973267,-0.7337213158607483,-0.7638458609580994,-0.7840057611465454,-0.8084450960159302,-0.7293071150779724,-0.7314392328262329,-0.6151988506317139,-1.095594882965088,-0.8870934247970581,-0.7855004072189331,-0.5632686018943787,-0.895513653755188,-0.9102556705474854,-0.7897099852561951,-0.8659179210662842,-0.8420930504798889,-0.9462249875068665,-0.7956653833389282,-1.0814096927642822,-0.9857028722763062,-1.0144963264465332,-0.7828538417816162,-0.7304782867431641,-0.7273332476615906,-0.851338267326355,-1.373713731765747,-0.6128501296043396,-0.7326220273971558,-1.1216284036636353,0.03637314587831497,-1.8312067985534668
5700.0,113.99900000000002,23.581165830726853,303.9708717815198,386.54596485738296,489795.1198345004,23.69302694322379,303.91775767395137,386.5459900000001,489890.7794840002,8.511148393031672,-4.363889916231365,0.0008362132987133,19200.000000000007,0.0008721829977831,0.0039280599044315,2.514261718437529e-05,0.0,8.571058507942826,-9.225812998131826,-4.281471635630553,-16.242425889544524,0.0061390944809166,-0.0064261699009168,19200.10290458708,-42.9464282123916,0.002,0.0245263487454337,-3.744724303592628,-1.0001905975094836,6.0,10.0,180.0,-0.5942478681614144,-4.022396698018062,-0.0683672054594181,-3.2141199738349364,69.25551749400219,-750.840100566488,167.14673546568832,755.152117082318,577.5000000000001,-0.5942478681614144,-0.5605253577232361,-0.696093738079071,-0.9744031429290771,-0.7083011269569397,-0.7064884901046753,-0.699421226978302,-0.7820395827293396,-0.8913663029670715,-0.8300360441207886,-0.6989907622337341,-0.7120091319084167,-0.7295757532119751,-0.7557725310325623,-0.6778042316436768,-0.6944397687911987,-0.5659589767456055,-1.0889873504638672,-0.825264036655426,-0.7304656505584717,-0.46665722131729126,-0.8090564608573914,-0.8925262093544006,-0.7586745619773865,-0.8024230003356934,-0.8030787110328674,-0.8901721835136414,-0.7093394994735718,-1.040622591972351,-0.9467839002609253,-0.9483487606048584,-0.6072719097137451,-0.6829078197479248,-0.6773518919944763,-0.7914243936538696,-1.3458341360092163,-0.5842314958572388,-0.6833677887916565,-1.0555520057678223,0.05286119133234024,-1.8122576475143433
5701.0,114.01900000000003,23.75097343292873,303.88201203760303,386.5459851126725,490179.12239895447,23.86090103763096,303.824626461361,386.5459900000001,490274.7794840002,8.343607068140253,-4.68795292430622,0.0001619404705085,19200.000000000007,0.001210280552028,0.0038753971470954,4.887327705785834e-06,0.0,8.429467709652702,-8.418486228952226,-4.612061498715197,-18.241416269982683,0.0024324006591516,-1.3430904684361775,19200.22288489414,8.625377537282958,0.002,0.1425369779429698,-3.7849161405652,-1.0023637549353788,6.0,10.0,180.0,-0.5502743059311831,-3.99112787334882,-0.0683683800228132,-3.193065875580161,40.7607587470011,-753.215550283244,167.20586773284415,755.421558541159,572.6250000000001,-0.5502743059311831,-0.5265584588050842,-0.6736572980880737,-0.9641497135162354,-0.6828895211219788,-0.6807215213775635,-0.6718624830245972,-0.7567449808120728,-0.8708399534225464,-0.816239595413208,-0.6792491674423218,-0.6880279779434204,-0.7058301568031311,-0.7292062044143677,-0.6528396606445312,-0.6703267097473145,-0.5402401685714722,-1.0832206010818481,-0.8109087944030762,-0.7028696537017822,-0.4266393184661865,-0.7609732151031494,-0.8801580667495728,-0.7451220154762268,-0.7579827308654785,-0.7848648428916931,-0.8574730753898621,-0.6741416454315186,-1.02946937084198,-0.9295560717582703,-0.9210637807846069,-0.6128683090209961,-0.6627956628799438,-0.6581445336341858,-0.7788833379745483,-1.3418927192687988,-0.5607667565345764,-0.6582062840461731,-1.0351935625076294,0.09050480276346207,-1.81954026222229
5702.0,114.03900000000004,23.91742872389183,303.78661117659124,386.54599881305774,490563.12319791847,24.025075929622066,303.7251192460104,386.5459900000001,490658.7794840002,8.157610091518388,-5.002427285770699,-0.0002945322089452,19200.000000000007,0.0013621797220873,0.0038979451036371,-8.813057574039559e-06,0.0,8.207026837953563,-13.981111681170884,-4.91630232089896,-13.18572556300994,0.0012190839493422,-1.3369527436763295,19199.84361643948,-38.54118243125055,0.002,0.3157459362088399,-3.782818007673329,-1.013287311465962,6.0,10.0,180.0,-0.5234166964324849,-4.055145862756669,-0.0688486322171626,-3.1915451634682994,11.47537937350055,-753.598275141622,167.0609338664221,754.8062792705796,574.5000000000001,-0.5234166964324849,-0.45939701795578003,-0.5894015431404114,-0.8641738891601562,-0.6051104068756104,-0.6197667121887207,-0.5984267592430115,-0.7120277881622314,-0.7949870228767395,-0.7629143595695496,-0.6305594444274902,-0.6194866895675659,-0.6279488801956177,-0.6567674875259399,-0.5800185203552246,-0.6107496619224548,-0.46766918897628784,-1.1014801263809204,-0.7057617902755737,-0.6319970488548279,-0.2978544533252716,-0.6521767973899841,-0.845336377620697,-0.7023975253105164,-0.6535502672195435,-0.7316140532493591,-0.7713375687599182,-0.5641249418258667,-0.9494420289993286,-0.8733031153678894,-0.8094750642776489,-0.3403242826461792,-0.5958510041236877,-0.5830016732215881,-0.7048589587211609,-1.3137409687042236,-0.52836674451828,-0.5954657196998596,-0.9481949806213379,0.11033954471349716,-1.8308734893798828
5703.0,114.05900000000004,24.07988905585409,303.6850095182839,386.5459571311532,490947.1212777306,24.18530981528489,303.61938282722974,386.5459900000001,491042.7794840002,7.966664475473974,-5.313503812763097,0.0010987713848252,19200.000000000007,0.001724237131087,0.0037951866626141,3.2868846836823895e-05,0.0,8.061529157140814,-8.787806631465745,-5.26935538852395,-18.671123284488083,-0.0026881432275545,-0.7940316032812216,19199.89449102048,-21.489368821337685,0.002,0.4686510196616874,-3.739532434700511,-1.011544376964436,6.0,10.0,180.0,-0.4975503322851781,-4.056115359796397,-0.0698149060070918,-3.200779028192199,-17.433310313249724,-754.332137570811,167.25696693321106,755.6466396352898,581.4000000000001,-0.4975503322851781,-0.439580500125885,-0.5968025922775269,-0.8869152069091797,-0.6223633289337158,-0.6146631240844727,-0.6065880060195923,-0.7025058269500732,-0.808143675327301,-0.7529571056365967,-0.6283968091011047,-0.6169672012329102,-0.6276910305023193,-0.6511708498001099,-0.5724648237228394,-0.5798871517181396,-0.4579818844795227,-1.0514880418777466,-0.7470158934593201,-0.6260918974876404,-0.31376054883003235,-0.6518545746803284,-0.8408680558204651,-0.704534113407135,-0.6273051500320435,-0.7314526438713074,-0.759133517742157,-0.5768408179283142,-0.9673845767974854,-0.8832297325134277,-0.8289843797683716,-0.4274219274520874,-0.5962201356887817,-0.5907308459281921,-0.7261536121368408,-1.2818572521209717,-0.5114530920982361,-0.5881252288818359,-0.9611309766769409,0.12899726629257202,-1.7829866409301758
5704.0,114.07900000000004,24.238732085121264,303.57699892582406,386.5459592357151,491331.1207181356,24.34136609669528,303.5075724966627,386.5459900000001,491426.7794840002,7.750490019374217,-5.6087876993200485,0.001026008202939,19200.000000000007,0.001679198639288,0.0039252555147281,3.0764285054472355e-05,0.0,7.806660459512668,-14.525899938593083,-5.524636006220784,-13.366061267195551,-0.0014812454516244,0.9680552416360452,19199.77599015244,-38.73969358491138,0.002,0.5691188081571593,-3.735394132390986,-0.9998855082294148,6.0,10.0,180.0,-0.47511656128315,-4.097655126773866,-0.0678635295686066,-3.215099263007475,-46.19865515662486,-752.3260687854056,167.07348346660552,754.8508198176448,583.0500000000002,-0.47511656128315,-0.3714446425437927,-0.5111790895462036,-0.7777681350708008,-0.5371183156967163,-0.5434952974319458,-0.5311246514320374,-0.654850959777832,-0.7257565855979919,-0.6912283897399902,-0.5785365104675293,-0.5474925637245178,-0.5474282503128052,-0.5756431818008423,-0.496474027633667,-0.5120614767074585,-0.38166144490242004,-1.0987941026687622,-0.6341918706893921,-0.5543102025985718,-0.2006864845752716,-0.5404882431030273,-0.7964081764221191,-0.6536447405815125,-0.5264034271240234,-0.6745736002922058,-0.657383382320404,-0.4637414216995239,-0.8805104494094849,-0.8219186067581177,-0.704601526260376,-0.1629493683576584,-0.5280133485794067,-0.5121495723724365,-0.6568430662155151,-1.2596992254257202,-0.4792664647102356,-0.5255518555641174,-0.8746047616004944,0.15410232543945312,-1.8069639205932617
5705.0,114.09900000000002,24.392972426792813,303.46357122763567,386.5459777255746,491715.121498668,24.49301497942896,303.3898539554543,386.5459900000001,491810.7794840002,7.534432844784218,-5.915597398385839,0.0004079307721025,19200.000000000007,0.0019781405669877,0.0034559191916637,1.2274425520635576e-05,0.0,7.624994838387685,-11.356478658258338,-5.836377395086092,-14.224625286663928,0.0019558003269928,1.162128390120892,19200.017299269988,17.19519799281755,0.002,0.675978942027201,-3.742559630601936,-0.991424088747586,6.0,10.0,180.0,-0.4658579421358974,-4.075198103512644,-0.0659292419637755,-3.203828581814025,-74.32682757831243,-750.3810343927028,167.14274173330276,755.1334099088224,582.9000000000001,-0.4658579421358974,-0.3397215008735657,-0.49458229541778564,-0.7437169551849365,-0.5255083441734314,-0.5227980613708496,-0.5180423259735107,-0.6349397897720337,-0.7124107480049133,-0.6643962860107422,-0.566548764705658,-0.533075213432312,-0.5310505032539368,-0.5565799474716187,-0.47805821895599365,-0.49152642488479614,-0.3653333783149719,-1.048193335533142,-0.6233142018318176,-0.5354944467544556,-0.18871353566646576,-0.51157546043396,-0.7789357900619507,-0.6398876309394836,-0.48736047744750977,-0.6603785753250122,-0.6299756169319153,-0.4414668679237366,-0.8624374866485596,-0.8062409162521362,-0.6850280165672302,-0.14638684689998627,-0.5158193707466125,-0.5024041533470154,-0.6538916230201721,-1.2747864723205566,-0.4654231071472168,-0.5091761350631714,-0.8673789501190186,0.15985798835754395,-1.7845808267593384
5706.0,114.11900000000006,24.542968525033253,303.3440158555076,386.54597643556974,492099.1210482916,24.64003265513118,303.2664001100045,386.5459900000001,492194.7794840002,7.2992932971346365,-6.204220240895205,0.000447595399732,19200.000000000007,0.0020347158840773,0.0032654478306818,1.3564430330970256e-05,0.0,7.367215509089372,-12.3311166682924,-6.14089802366065,-14.47203243545862,0.0036856261341453,2.0255393238740504,19199.861595337108,0.0696168836427318,0.002,0.8843908214555908,-3.737522716915457,-1.036315220822648,6.0,10.0,180.0,-0.3642905106203246,-4.0477622838731815,-0.0654501818550548,-3.217669474385416,-103.89741378915622,-746.7340171963514,167.1303708666514,755.0557049544111,582.8250000000002,-0.3642905106203246,-0.2867124676704407,-0.4497113823890686,-0.6729873418807983,-0.48602694272994995,-0.4770772159099579,-0.4760667085647583,-0.5994129180908203,-0.6481202840805054,-0.6051591634750366,-0.5313743948936462,-0.49237972497940063,-0.48651057481765747,-0.5091664791107178,-0.4312177896499634,-0.4390501379966736,-0.31797027587890625,-1.030316710472107,-0.5780246257781982,-0.49096250534057617,-0.1409589648246765,-0.442049503326416,-0.741823136806488,-0.6057196259498596,-0.40748363733291626,-0.6241097450256348,-0.5607820153236389,-0.3780222237110138,-0.8116232752799988,-0.7668164968490601,-0.6194409132003784,-0.061277613043785095,-0.47907790541648865,-0.462475448846817,-0.6276107430458069,-1.253251552581787,-0.43830910325050354,-0.4712199568748474,-0.8256166577339172,0.19305941462516785,-1.7917640209197998
5707.0,114.13900000000004,24.688194877167795,303.2185323090245,386.5459901879557,492483.11698140495,24.782202514808,303.1373931587218,386.5459900000001,492578.7794840002,7.055548862793302,-6.475019465270729,-4.039464125335339e-06,19200.000000000007,0.0021533306695849,0.0033304479199052,-1.8795551241127346e-07,0.0,7.139886573384052,-13.362044512570256,-6.404551879495426,-14.150173637544873,-0.008546136773105,-0.3808485405038467,19199.809377991547,47.2129652954541,0.002,0.970778456127662,-3.5789981126871773,-1.023405444826461,6.0,10.0,180.0,-0.3701246743705516,-4.04338208404125,-0.0717794440827129,-3.239168723596341,-132.0737068945781,-742.2460085981756,167.1266854333257,755.0083524772056,584.1750000000001,-0.3701246743705516,-0.23203736543655396,-0.4066343307495117,-0.6077901124954224,-0.4422149956226349,-0.4341007471084595,-0.4388454258441925,-0.5612677335739136,-0.5859808325767517,-0.546855628490448,-0.49529266357421875,-0.4487466514110565,-0.4427848756313324,-0.4619797170162201,-0.38554584980010986,-0.39486655592918396,-0.2735200524330139,-1.023276925086975,-0.533251166343689,-0.4439958930015564,-0.09956686198711395,-0.3707693815231323,-0.7035082578659058,-0.5703713297843933,-0.33106058835983276,-0.588695764541626,-0.48769718408584595,-0.3049563467502594,-0.7587549686431885,-0.7270193696022034,-0.5433605909347534,0.04046107828617096,-0.4423433542251587,-0.42400413751602173,-0.588138222694397,-1.226216435432434,-0.41198644042015076,-0.4319474697113037,-0.7769260406494141,0.20765000581741333,-1.761575698852539
5708.0,114.15900000000002,24.82846190171891,303.08776507160627,386.5459561055825,492867.1139491013,24.919315169616475,303.003023400184,386.5459900000001,492962.7794840002,6.802761865001896,-6.742886439544696,0.0011345653478814,19200.000000000007,0.0023093676485733,0.0031924355725169,3.3894417605404695e-05,0.0,6.876246560495278,-14.09965267479414,-6.6613961541876,-5.4990735137468505,0.0156209575609431,0.4317558718455727,19199.895331897693,-60.09621629367954,0.002,1.0511302953539448,-3.543770264619178,-1.0249634965540304,6.0,10.0,180.0,-0.3046629729638775,-4.0444410423731485,-0.0629679792915485,-3.2950907129700817,-160.26635344728905,-736.3000042990878,167.05034271666284,754.6426762386028,576.6000000000001,-0.3046629729638775,-0.16536200046539307,-0.33789607882499695,-0.5213097333908081,-0.3831285238265991,-0.38332921266555786,-0.3846692442893982,-0.5012641549110413,-0.5051528811454773,-0.45103102922439575,-0.4466082453727722,-0.4058986306190491,-0.388670951128006,-0.4115055501461029,-0.339701771736145,-0.38460293412208557,-0.23662978410720825,-0.9862145185470581,-0.40788912773132324,-0.39546865224838257,-0.049888573586940765,-0.2990962862968445,-0.6338993906974792,-0.5193964838981628,-0.27534791827201843,-0.5352364778518677,-0.40347781777381897,-0.21333248913288116,-0.644146740436554,-0.6513264179229736,-0.4155878722667694,0.11225636303424835,-0.400104820728302,-0.37388187646865845,-0.5345601439476013,-1.2832344770431519,-0.4040359854698181,-0.39395514130592346,-0.7256649732589722,0.1792682409286499,-1.770566463470459
5709.0,114.17900000000002,24.963477965649982,302.95174647252924,386.5459960592145,493251.1126965932,25.05116782991034,302.86348863707565,386.5459900000001,493346.7794840002,6.544119447976729,-7.002102787123019,-0.0002042969477196,19200.000000000007,0.0025873621507257,0.0030103732555268,-6.059214360833989e-06,0.0,6.618396465422023,-12.012714088437493,-6.939227998751884,-12.324840999830624,0.005842175336548,-2.4440920117259703,19200.22207318924,128.71398157182128,0.002,1.1064697306015356,-3.396745895442704,-0.9998589057205532,6.0,10.0,180.0,-0.2939296060096737,-4.108436982145286,-0.0639512731096902,-3.2925342888635485,-188.6281767236445,-729.608002149544,167.07667135833142,754.7113381193014,576.3750000000001,-0.2939296060096737,-0.11783263087272644,-0.3325693905353546,-0.4975822865962982,-0.36554354429244995,-0.3593488335609436,-0.3738636076450348,-0.44474196434020996,-0.47226500511169434,-0.43931615352630615,-0.4318109154701233,-0.38339757919311523,-0.37362271547317505,-0.383777379989624,-0.3133664131164551,-0.33819666504859924,-0.20877674221992493,-0.9560540914535522,-0.4398553967475891,-0.3692021369934082,-0.042193204164505005,-0.26264381408691406,-0.6236311197280884,-0.5032033920288086,-0.19698739051818848,-0.5098660588264465,-0.35441944003105164,-0.18190358579158783,-0.632839024066925,-0.6333436965942383,-0.418096125125885,0.12571240961551666,-0.3878540098667145,-0.36519569158554077,-0.5374125242233276,-1.2428972721099854,-0.3733924329280853,-0.37245553731918335,-0.7110028266906738,0.2296694815158844,-1.741278886795044
5710.0,114.19900000000004,25.09302891158275,302.81040873082776,386.5459571732353,493635.11238725,25.17756668507542,302.718995068116,386.5459900000001,493730.7794840002,6.280504286754677,-7.243322703624797,0.0010932435830599,19200.000000000007,0.0030015729761071,0.0030544442372127,3.282676486370736e-05,0.0,6.334956149425506,-10.025395878924812,-7.151152108269189,-6.351552553811061,0.0085486817821257,-0.1818678355486028,19199.75968524724,38.58179427197937,0.002,1.1971870924635613,-3.4078278362360583,-1.030246280062805,6.0,10.0,180.0,-0.325714685046006,-4.115855048184737,-0.0610428972361728,-3.301180799060745,-216.05658836182224,-721.311001074772,166.9403356791657,754.0761690596507,576.3000000000002,-0.325714685046006,-0.07031119614839554,-0.28631195425987244,-0.4314342141151428,-0.3418768346309662,-0.3285368084907532,-0.34462136030197144,-0.3866924047470093,-0.4146649241447449,-0.361664742231369,-0.39484527707099915,-0.3541714549064636,-0.33523836731910706,-0.34629082679748535,-0.27785974740982056,-0.319186806678772,-0.18163278698921204,-0.8673397302627563,-0.35684752464294434,-0.3350106477737427,-0.014367491006851196,-0.2136656939983368,-0.5554068684577942,-0.46189555525779724,-0.16014200448989868,-0.4632212221622467,-0.2984282076358795,-0.13621287047863007,-0.5362606644630432,-0.564697265625,-0.32718634605407715,0.12010066211223602,-0.3581526577472687,-0.3314208686351776,-0.5079250931739807,-1.2840906381607056,-0.367178350687027,-0.3453492522239685,-0.679761528968811,0.19664674997329712,-1.7127325534820557
5711.0,114.21900000000002,25.21763556475226,302.66487494597925,386.5460273941103,494019.1177653096,25.29832532501743,302.5697557938339,386.5459900000001,494114.7794840002,5.988589804472891,-7.496688701281539,-0.0012479537472148,19200.000000000007,0.0028401692905296,0.0024091586217409,-3.7394110133812045e-05,0.0,6.094522900648261,-16.30070652244195,-7.430622435371066,-17.27565526980237,-0.0119667767395606,-3.725799375671204,19200.49748410991,-4.217395116393663,0.002,1.38279213309449,-3.4329749955317097,-1.0228743150101642,6.0,10.0,180.0,-0.2495560369881491,-4.0943717263983865,-0.0717880005458088,-3.259686386504967,-243.1142941809112,-713.377000537386,167.10916783958285,754.7425845298253,576.2250000000001,-0.2495560369881491,0.008923644199967384,-0.2506992816925049,-0.3794250190258026,-0.28883224725723267,-0.26507866382598877,-0.2883009910583496,-0.2837095260620117,-0.30113887786865234,-0.3203006386756897,-0.32456859946250916,-0.2871980369091034,-0.2804015278816223,-0.2745579183101654,-0.20707154273986816,-0.20372171700000763,-0.09810474514961243,-0.908151388168335,-0.37113261222839355,-0.2680046856403351,0.02150779962539673,-0.13584475219249725,-0.4874383211135864,-0.4141704738140106,-0.02515064924955368,-0.39026522636413574,-0.14124415814876556,-0.049974970519542694,-0.5021984577178955,-0.5079925060272217,-0.2991333603858948,0.1874048262834549,-0.30966097116470337,-0.27897489070892334,-0.4806661307811737,-1.141882061958313,-0.3035197854042053,-0.2887003719806671,-0.6124206781387329,0.3282490372657776,-1.746639609336853
5712.0,114.23900000000005,25.336067795195287,302.5137326167788,386.54599798011657,494403.1186407126,25.413265254855425,302.41598991565485,386.5459900000001,494498.7794840002,5.703665098239794,-7.707586216446447,-0.0002642439830144,19200.000000000007,0.0031496751942211,0.0027027172920746,-7.980116475253699e-06,0.0,5.776618922351723,-9.392843858693553,-7.6325500006077105,-11.841945608914456,-0.00606539108189,0.1253420766366636,19200.186365982903,-17.08123050198808,0.002,1.6144503855476813,-3.4990339943474504,-1.0197286801919434,6.0,10.0,180.0,-0.2587830584522965,-4.114678714033725,-0.0698263543733084,-3.252606109559128,-270.2886470904556,-703.092500268693,167.03358391979145,754.3552922649126,576.2250000000001,-0.2587830584522965,0.03149876371026039,-0.23077231645584106,-0.34073731303215027,-0.28791379928588867,-0.25976455211639404,-0.28854304552078247,-0.2575500011444092,-0.2909066379070282,-0.2669072151184082,-0.311201810836792,-0.28536710143089294,-0.2689979374408722,-0.2625541687011719,-0.19692128896713257,-0.20839574933052063,-0.10062447190284729,-0.7678276300430298,-0.321036696434021,-0.2601172924041748,0.026563450694084167,-0.12296255677938461,-0.43483132123947144,-0.39569535851478577,-0.01604534685611725,-0.3570191562175751,-0.14337511360645294,-0.040126677602529526,-0.4181070625782013,-0.45970484614372253,-0.2370826154947281,0.19319067895412445,-0.3038102388381958,-0.27307096123695374,-0.48305758833885193,-1.2304141521453857,-0.3107348084449768,-0.2835352420806885,-0.6168358325958252,0.2736768126487732,-1.696535348892212
5713.0,114.25900000000004,25.449282581599213,302.358926773661,386.545983305443,494787.119954721,25.522217380026383,302.25792503090173,386.5459900000001,494882.7794840002,5.38845023060331,-7.933122228553417,0.0002267885146419,19200.000000000007,0.002797714918183,0.0022122828444605,6.694557150784929e-06,0.0,5.511482274230916,-15.748577449089776,-7.85112333874511,-13.850752852763495,-0.004177990619686,-0.1181953121532263,19199.92885828776,-0.0684943897226048,0.002,1.852471456053378,-3.471238122981067,-1.0547558668553645,6.0,10.0,180.0,-0.1849920992568465,-4.095099754716162,-0.069831502246518,-3.231543324378621,-296.1398235452278,-692.7947501343465,167.0822919598957,754.4971461324562,575.0250000000001,-0.1849920992568465,0.11557358503341675,-0.16726580262184143,-0.2680750787258148,-0.2314944714307785,-0.19171303510665894,-0.214556485414505,-0.16943006217479706,-0.15452174842357635,-0.18121451139450073,-0.2285267412662506,-0.21252889931201935,-0.1980568766593933,-0.1830582320690155,-0.11954288184642792,-0.11399531364440918,-0.018117375671863556,-0.7420234680175781,-0.2525655925273895,-0.18648844957351685,0.07103417813777924,-0.02740664780139923,-0.30787423253059387,-0.30692270398139954,0.08400776237249374,-0.2552545368671417,0.04251130670309067,0.04713648930191994,-0.3267839848995209,-0.3772434592247009,-0.1463034749031067,0.286376953125,-0.24342665076255798,-0.20270663499832153,-0.43260279297828674,-1.140392780303955,-0.26390179991722107,-0.22283419966697693,-0.537339448928833,0.34781357645988464,-1.7336199283599854
5714.0,114.27900000000004,25.55620681072276,302.1994247762667,386.5459588791453,495171.1176723503,25.625021000065896,302.0957941409696,386.5459900000001,495266.7794840002,5.073611302856111,-8.130929876689146,0.0010065143146692,19200.000000000007,0.0026911093056172,0.0021994929846186,3.11208549398692e-05,0.0,5.204556300384679,-12.07442767319186,-8.099366214641472,-14.58773725473452,-0.0053790306891681,0.3686452246661281,19199.673373411653,-64.462211050847,0.002,1.9445277676975083,-3.1489511967891968,-1.0619033258905946,6.0,10.0,180.0,-0.1024911958754585,-4.111348191650147,-0.0688570067041555,-3.2591736359717047,-322.8764117726139,-681.4448750671733,167.25364597994786,755.1565730662281,575.3250000000002,-0.1024911958754585,0.14646446704864502,-0.14872309565544128,-0.23378099501132965,-0.21370312571525574,-0.17257249355316162,-0.20066940784454346,-0.1272502988576889,-0.11806350201368332,-0.1403273344039917,-0.19919048249721527,-0.19328884780406952,-0.1787528395652771,-0.15577006340026855,-0.09460946917533875,-0.08263806998729706,0.0010733623057603836,-0.6504324674606323,-0.23605382442474365,-0.16347703337669373,0.08051836490631104,0.005821617320179939,-0.25577419996261597,-0.27149656414985657,0.12642043828964233,-0.1894713044166565,0.10102720558643341,0.087002694606781,-0.2658793032169342,-0.3191189467906952,-0.10290001332759857,0.2763211727142334,-0.22874003648757935,-0.18836067616939545,-0.42898544669151306,-1.1549370288848877,-0.2488902509212494,-0.20418810844421387,-0.5235540866851807,0.3488577902317047,-1.6953859329223633
5715.0,114.29900000000002,25.65698782102519,302.0356474214666,386.5458827071219,495555.11144668906,25.721524513420224,301.9298357485035,386.5459900000001,495650.7794840002,4.749446932338959,-8.306889199899775,0.0035765644880023,19200.000000000007,0.002525421855859,0.0024794510055003,0.0001072928782575,0.0,4.86549247949867,-19.53919877830052,-8.273219674268129,-12.019121434350684,-0.0029252659114498,2.193748723804396,19199.982925478427,-21.4332340183253,0.002,1.790121710877097,-2.9909440065149,-0.999219355767063,6.0,10.0,180.0,-0.0825212575495598,-4.132362658643963,-0.0590801695607972,-3.313574112031931,-349.249205886307,-667.9909375335867,167.21482298997392,754.9077865331141,582.9000000000001,-0.0825212575495598,0.21832826733589172,-0.05993802845478058,-0.1323861926794052,-0.14426963031291962,-0.10476338863372803,-0.1139591634273529,-0.03254300728440285,0.05847591906785965,-0.01071181707084179,-0.10603278875350952,-0.10282783955335617,-0.0861603245139122,-0.05871020257472992,0.001888968050479889,0.03161848336458206,0.09935447573661804,-0.4326441287994385,-0.119383804500103,-0.07294652611017227,0.13526064157485962,0.12702761590480804,-0.0681866705417633,-0.14529156684875488,0.21551406383514404,-0.05711760371923447,0.3136803209781647,0.1770273745059967,-0.13232748210430145,-0.21477413177490234,0.03443663567304611,0.44189441204071045,-0.14984130859375,-0.09509040415287018,-0.35371825098991394,-1.034693956375122,-0.2047397792339325,-0.12986159324645996,-0.4199864864349365,0.3877588212490082,-1.7010951042175293
5716.0,114.31900000000005,25.7502182630896,301.8681173008779,386.54595781825367,495939.107358375,25.811585819684268,301.76029494891327,386.5459900000001,496034.7794840002,4.458389665335252,-8.470127178954177,0.0010376438086105,19200.000000000007,0.0035592944631372,0.0027696677262754,3.218174641047592e-05,0.0,4.493189617352466,-12.75049256849203,-8.470932854975606,-5.863699933879296,0.0124484384207804,3.113112772933367,19199.8615447398,64.43397261987529,0.002,1.9095291242856745,-3.095202523240305,-1.0184409284366631,6.0,10.0,180.0,-0.149895952652183,-4.213466162925036,-0.0537021912095138,-3.360792188678558,-376.5551029431535,-652.4944687667934,167.15741149498697,754.570893266557,581.6250000000001,-0.149895952652183,0.25966566801071167,-0.03428472578525543,-0.08163857460021973,-0.12967315316200256,-0.10346835851669312,-0.10815320909023285,-0.002221055328845978,0.09289902448654175,0.04388433322310448,-0.08876970410346985,-0.09073763340711594,-0.06906528770923615,-0.03771236538887024,0.01772031933069229,0.019888147711753845,0.09940089285373688,-0.260587215423584,-0.05542117729783058,-0.05580410733819008,0.1501210629940033,0.1787547916173935,0.001512087881565094,-0.10242932289838791,0.24078291654586792,-0.0009003430604934692,0.3175112307071686,0.21232233941555023,-0.037071604281663895,-0.14618037641048431,0.1052236258983612,0.36867064237594604,-0.13795307278633118,-0.0821465253829956,-0.3385460078716278,-1.0967471599578857,-0.20797696709632874,-0.11711715906858444,-0.41077715158462524,0.3203032910823822,-1.6203819513320923
5717.0,114.33900000000004,25.837798382923545,301.69794681939226,386.5460039558498,496323.1184008049,25.895071719539345,301.5874217409841,386.5459900000001,496418.7794840002,4.132955828170543,-8.649258658254466,-0.0004977660689256,19200.000000000007,0.0037536763769211,0.0022047471671027,-1.3955849695241596e-05,0.0,4.2726923423653576,-19.905744851558744,-8.578864184301105,-8.180599165393353,-0.0100102685116302,-0.3062147090048924,19200.51294652228,-115.85288214054808,0.002,2.1217741492146938,-3.192788951360305,-1.0210511741822248,6.0,10.0,180.0,-0.1113060142114904,-4.171028222761124,-0.0605381584423387,-3.261297635029937,-398.2515514715767,-639.3532343833967,167.10720574749348,754.2794466332786,581.9250000000001,-0.1113060142114904,0.3065485954284668,0.02369314432144165,-0.01143135130405426,-0.061444610357284546,-0.049803197383880615,-0.03495053946971893,0.07983502000570297,0.22026100754737854,0.11403891444206238,-0.013813838362693787,-0.010182036086916924,0.0027591129764914513,0.04466864466667175,0.09818768501281738,0.11396099627017975,0.18381890654563904,-0.23121857643127441,0.008176805451512337,0.023051511496305466,0.19239243865013123,0.26409637928009033,0.11327601224184036,0.008306413888931274,0.3116184175014496,0.07436423003673553,0.4767799973487854,0.30650103092193604,0.02911745011806488,-0.06349357962608337,0.18930649757385254,0.48723649978637695,-0.07520981878042221,-0.010034631006419659,-0.27521830797195435,-0.9682198762893677,-0.15697719156742096,-0.052648402750492096,-0.3205249011516571,0.38742440938949585,-1.6211705207824707
5718.0,114.35900000000004,25.919156776936426,301.52443473140136,386.54602372462585,496707.1188783503,25.971859513117646,301.411470932912,386.5459900000001,496802.7794840002,3.788343991155922,-8.81226410325031,-0.0011227987287357,19200.000000000007,0.0035501759823865,0.0017374385971267,-3.372462581001221e-05,0.0,3.8701214086299247,-18.67464747512845,-8.775677454760151,-5.547862025501201,0.0014706167269209,-3.600815299957593,19199.912139565546,12.842061330960064,0.002,2.3772316956181383,-3.078670632646454,-1.0684049829970377,6.0,10.0,180.0,-0.0551978360203603,-4.213844041834784,-0.0634648269116087,-3.2479281592710407,-423.4782757357883,-622.7416171916984,167.11360287374674,754.2107233166394,580.5000000000001,-0.0551978360203603,0.3372347950935364,0.06749816238880157,0.05751901865005493,-0.02173389494419098,-0.022795438766479492,0.0015804916620254517,0.14354020357131958,0.2952542304992676,0.17350798845291138,0.030555129051208496,0.036500364542007446,0.04521181061863899,0.0965038388967514,0.14488112926483154,0.14160111546516418,0.2196386158466339,-0.16234123706817627,0.07517146319150925,0.07142578065395355,0.2264132797718048,0.3399749994277954,0.20221644639968872,0.08935225754976273,0.35487788915634155,0.14749231934547424,0.5444551110267639,0.38937124609947205,0.12600593268871307,0.040801409631967545,0.27571818232536316,0.45912522077560425,-0.03967064991593361,0.029309194535017014,-0.2299012988805771,-0.9267244338989258,-0.13507795333862305,-0.014019928872585297,-0.26965421438217163,0.37155163288116455,-1.5527387857437134
5719.0,114.37900000000003,25.99386692574858,301.347625509666,386.5459358602694,497091.1168708926,26.041835897690937,301.2327017262422,386.5459900000001,497186.7794840002,3.435303119982001,-8.951867500816252,0.0018093711114651,19200.000000000007,0.003256015366466,0.0015799608078107,5.413973064654191e-05,0.0,3.5876524653062254,-17.638418292576553,-8.911154597697209,-10.557617268545988,-0.0082905947229007,1.4558962810862748,19199.449828684275,-64.43469468417001,0.002,2.53012890035274,-2.8526294463195163,-1.0399523536401567,6.0,10.0,180.0,-0.0146803896832137,-4.183503099160832,-0.062005644582559,-3.280201719396301,-445.88863786789415,-607.2323085958492,167.18080143687337,754.4113616583197,578.7750000000002,-0.0146803896832137,0.35827720165252686,0.07882630825042725,0.08790741860866547,0.009490236639976501,0.005988478660583496,0.029557928442955017,0.17757681012153625,0.3339880704879761,0.2110934853553772,0.07236206531524658,0.06560944020748138,0.07315853238105774,0.1344594657421112,0.18238605558872223,0.22356487810611725,0.25727641582489014,-0.1602100133895874,0.07404293864965439,0.100897416472435,0.23194114863872528,0.34631913900375366,0.25934576988220215,0.13446664810180664,0.3769158124923706,0.217149019241333,0.6035552620887756,0.41002991795539856,0.1763138473033905,0.0918770283460617,0.2983909845352173,0.40373075008392334,-0.014665193855762482,0.05846230313181877,-0.2437957227230072,-0.9194815158843994,-0.10080714523792267,0.014043979346752167,-0.2477252185344696,0.44558650255203247,-1.583229660987854
5720.0,114.39900000000004,26.061483236403568,301.1676096546093,386.5459032104209,497475.1091403803,26.104897668159776,301.05137821534424,386.5459900000001,497570.7794840002,3.085529839652913,-9.062186697734484,0.0028921517519017,19200.000000000007,0.0032071838248613,0.0019026050537991,8.678957965752154e-05,0.0,3.175311159988721,-20.87553923973659,-9.085197538307698,-2.501150593193222,0.0073127105864306,2.3878918921607326,19199.794041781097,94.40225527002926,0.002,2.583579365013974,-2.7197990065043003,-1.0334685527153715,6.0,10.0,180.0,-0.0043907490008666,-4.235394102484844,-0.0503044974800243,-3.346847016028297,-470.6483189339471,-588.5686542979246,167.28890071843668,754.7706808291598,579.0000000000001,-0.0043907490008666,0.40583306550979614,0.17219573259353638,0.21403799951076508,0.0854591578245163,0.06810027360916138,0.09581941366195679,0.2546221613883972,0.48221153020858765,0.32898950576782227,0.1501540243625641,0.14478695392608643,0.15327230095863342,0.21726417541503906,0.26051461696624756,0.2723507285118103,0.3232482075691223,-0.07317614555358887,0.2257373034954071,0.18019583821296692,0.29657477140426636,0.45969638228416443,0.42196106910705566,0.2534369230270386,0.40801745653152466,0.31762227416038513,0.6777412295341492,0.49003565311431885,0.3104320764541626,0.2689231336116791,0.4190307855606079,0.19580675661563873,0.05421796441078186,0.1406620591878891,-0.16273409128189087,-0.8307207822799683,-0.07445582747459412,0.07879041880369186,-0.15976722538471222,0.4231871962547302,-1.5535060167312622
5721.0,114.41900000000004,26.12171152011133,300.9855691727268,386.54594405831057,497859.11452239787,26.16095182680371,300.8677672011604,386.5459900000001,497954.7794840002,2.7460181247911817,-9.173606536511109,0.0015299615528633,19200.000000000007,0.0035978688212178,0.0017888681741856,4.594169142576545e-05,0.0,2.8435139357523784,-19.46864842097552,-9.137445003616142,-6.230294129690379,0.0024506734309503,2.6258732507754443,19200.32558466996,-21.40090528692729,0.002,2.724462682438386,-2.6752139607736893,-1.0429291938526497,6.0,10.0,180.0,-0.0185478973626601,-4.240293092165334,-0.0503153603501512,-3.307370921951074,-492.3466594669735,-569.4533271489622,167.11295035921836,753.9203404145799,577.5000000000001,-0.0185478973626601,0.43013906478881836,0.1927042156457901,0.2523036003112793,0.12494947016239166,0.09821003675460815,0.12074717879295349,0.2829137444496155,0.5113563537597656,0.358258455991745,0.1839466094970703,0.1832970827817917,0.18530957400798798,0.2602542042732239,0.3017498850822449,0.340881884098053,0.36021149158477783,-0.10451614856719971,0.23186130821704865,0.21748682856559753,0.3114441931247711,0.4730471670627594,0.46707242727279663,0.2918662130832672,0.4250982999801636,0.3776659667491913,0.7100396752357483,0.5147653222084045,0.3614327609539032,0.3300705552101135,0.45515474677085876,-0.039348915219306946,0.08494030684232712,0.1736166924238205,-0.15374402701854706,-0.7954322099685669,-0.03559231385588646,0.11404668539762497,-0.12101520597934723,0.4781720042228699,-1.521880865097046
5722.0,114.439,26.175101291474824,300.80169970205554,386.5460252820037,498243.1149140753,26.209915585924573,300.6821396864406,386.5459900000001,498338.7794840002,2.3959980257279527,-9.283553339635018,-0.0012075607717084,19200.000000000007,0.0037892582842412,0.0013110221574954,-3.5282006046165e-05,0.0,2.5080502372407016,-14.036551595480812,-9.258565603876615,-6.3501233318374,0.0009886729065479,-1.893452970529148,19200.16973456332,103.0648365326791,0.002,2.8616604949754607,-2.5940894673801296,-1.0336968700270608,6.0,10.0,180.0,0.0566364901191058,-4.287594363506682,-0.0571415574853258,-3.286871836311034,-513.3608297334868,-550.5476635744811,167.12047517960917,753.8551702072899,575.7750000000001,0.0566364901191058,0.4545672535896301,0.19144053757190704,0.2750095725059509,0.14053310453891754,0.1152307391166687,0.133943110704422,0.3136160373687744,0.5143033862113953,0.3685190677642822,0.19395267963409424,0.20512282848358154,0.2003663182258606,0.28324025869369507,0.31991398334503174,0.34788060188293457,0.3674851655960083,-0.16809546947479248,0.24110467731952667,0.2374207079410553,0.32822537422180176,0.4929966330528259,0.4826487898826599,0.3087267577648163,0.4435455799102783,0.41578730940818787,0.7164645791053772,0.5402437448501587,0.42641422152519226,0.39804017543792725,0.4943324327468872,-0.5371944308280945,0.10286285728216171,0.1857534646987915,-0.13326440751552582,-0.7858703136444092,-0.0113179050385952,0.13729804754257202,-0.09738461673259735,0.4644136428833008,-1.406136155128479
5723.0,114.45900000000005,26.22185328307024,300.6156056781752,386.54596503709536,498627.1197187168,26.251717041238457,300.4947688686831,386.5459900000001,498722.7794840002,2.026662966916862,-9.369630273913378,0.0008341676660699,19200.000000000007,0.0035017256424164,0.001136431417233,2.496287312655066e-05,0.0,2.122318874121297,-21.79420235965169,-9.324955997925304,4.825543042475845,0.0038895578138506,1.837487486284982,19200.066520798588,-94.4601851391748,0.002,2.987127450156262,-2.4765214571295395,-1.0632793413915744,6.0,10.0,180.0,0.1386724461400799,-4.341748063109498,-0.0546764602768332,-3.2684244030315583,-534.2194148667434,-529.4228317872405,167.0032375898046,753.251585103645,574.0500000000002,0.1386724461400799,0.5019198656082153,0.32864558696746826,0.4032658338546753,0.24418015778064728,0.2229459285736084,0.23189759254455566,0.400976300239563,0.6775873899459839,0.5183684229850769,0.3142791986465454,0.3139161169528961,0.3098519444465637,0.39045101404190063,0.42430639266967773,0.4110735058784485,0.45762208104133606,-0.23411405086517334,0.449072003364563,0.34435927867889404,0.4302375316619873,0.5653179287910461,0.6457106471061707,0.39663973450660706,0.4620634913444519,0.4959466755390167,0.7651147246360779,0.5767615437507629,0.5145558714866638,0.5811586380004883,0.5717421770095825,-1.0915030241012573,0.20026293396949768,0.3034122884273529,-0.02303392067551613,-0.6338247060775757,0.02516523376107216,0.22632285952568054,0.021611765027046204,0.4553554058074951,-1.417891502380371
5724.0,114.47900000000004,26.260902275221166,300.42818069634734,386.5459856368801,499011.1173694528,26.286294095251208,300.30593174738215,386.5459900000001,499106.7794840002,1.671769449907096,-9.452358570068398,0.0001476251201474,19200.000000000007,0.0037323623054516,0.0006459922256022,4.363118194626904e-06,0.0,1.7949223766067153,-15.920016665763749,-9.449470237827413,-7.999198552064792,0.0048786141237955,-2.2012223632333674,19199.86189580011,51.423988009842695,0.002,3.054702847401676,-2.2927731375353084,-1.054921764750547,6.0,10.0,180.0,0.1733166808944669,-4.291343319745687,-0.0536904549996723,-3.273541636984131,-554.0597074333716,-509.64391589362026,167.1761187949023,753.8952925518224,578.7000000000002,0.1733166808944669,0.5263693332672119,0.3022438883781433,0.402326762676239,0.24993765354156494,0.24585998058319092,0.2548639178276062,0.39121612906455994,0.649438202381134,0.4849957823753357,0.30492833256721497,0.3250901699066162,0.3098587393760681,0.4029732346534729,0.43630072474479675,0.49863171577453613,0.47194719314575195,-0.18893706798553467,0.33827078342437744,0.3516174852848053,0.40669968724250793,0.5531330704689026,0.6147187948226929,0.4252207577228546,0.4825925827026367,0.5373324155807495,0.7893566489219666,0.5931640863418579,0.5586157441139221,0.5976340770721436,0.5774495601654053,-1.0788187980651855,0.21128982305526733,0.29855307936668396,-0.048610616475343704,-0.6040844917297363,0.08156080543994904,0.24757063388824463,0.03455732762813568,0.552933394908905,-1.3110202550888062
5725.0,114.49900000000004,26.292915761557417,300.23830765913806,386.5459756639653,499395.11300050747,26.31359622787008,300.11590632888,386.5459900000001,499490.7794840002,1.3076635606463485,-9.485158049146625,0.0004791222179186,19200.000000000007,0.003754962192768,0.0012346054729042,1.4336271996634816e-05,0.0,1.3947444758168952,-17.09391980728423,-9.476091498011591,2.3867795675770216,0.0085617428920764,-1.8314458353125584,19200.051756911867,25.745475084117505,0.002,3.081025462901177,-2.1769316939842622,-1.031396302879046,6.0,10.0,180.0,0.2406848603913819,-4.366536552719706,-0.047365701519995,-3.325311251638606,-573.5128537166859,-486.8629579468101,167.09305939745116,753.4381462759112,577.0500000000001,0.2406848603913819,0.5531601905822754,0.3798772096633911,0.48328685760498047,0.31147319078445435,0.3400135934352875,0.33644890785217285,0.4567073583602905,0.7220619320869446,0.5613661408424377,0.3796440362930298,0.401194304227829,0.3854995369911194,0.47437405586242676,0.5038025379180908,0.512703001499176,0.5206413269042969,-0.3978005647659302,0.4933030605316162,0.42414528131484985,0.49456632137298584,0.5956054329872131,0.7066518068313599,0.46955955028533936,0.5047070980072021,0.5915476679801941,0.8009731769561768,0.6089800596237183,0.6232024431228638,0.6960206627845764,0.6268526911735535,-1.1487808227539062,0.2864435315132141,0.3797239065170288,0.04295090213418007,-0.517480731010437,0.11333216726779938,0.3164401054382324,0.11991097033023834,0.5144026875495911,-1.230522632598877
5726.0,114.51900000000003,26.317537191268293,300.04791564942275,386.5459860898666,499779.1139871654,26.33358261149686,299.92497292630185,386.5459900000001,499874.7794840002,0.945178624187728,-9.52296033763164,9.481351177987597e-05,19200.000000000007,0.003878883978992,0.0012517048761012,3.910118198070849e-06,0.0,1.0466204047572547,-18.19335960907716,-9.557146886316843,-2.625446347943437,0.0031528928405201,-3.23695166525134,19200.119203977018,94.53343041675012,0.002,3.2143371171159383,-2.0335320013006024,-1.0572763842301476,6.0,10.0,180.0,0.2666115006874893,-4.461933325623923,-0.048852495730757,-3.316620327785932,-591.952926858343,-464.91397897340505,167.20302969872557,753.8120731379556,581.5500000000001,0.2666115006874893,0.581104040145874,0.43755972385406494,0.5381090044975281,0.3623555600643158,0.4141281843185425,0.42120516300201416,0.4772462546825409,0.7565782070159912,0.5956412553787231,0.4316037893295288,0.4625914692878723,0.43982595205307007,0.5317479968070984,0.5614805221557617,0.6137570142745972,0.5761158466339111,-0.36351287364959717,0.5017041563987732,0.4813927412033081,0.5307929515838623,0.6144677996635437,0.7420293688774109,0.5237603187561035,0.5239477157592773,0.6413765549659729,0.8346400856971741,0.6267217993736267,0.672624409198761,0.7526565790176392,0.6564880609512329,-0.7262192964553833,0.34737423062324524,0.4342827796936035,0.08191041648387909,-0.3919183611869812,0.17929571866989136,0.3789485692977905,0.19039861857891083,0.6004331707954407,-1.1577508449554443
5727.0,114.53900000000004,26.334781943142502,299.856900603873,386.54598417906254,500163.1181690909,26.346141952089035,299.7334155528994,386.5459900000001,500258.7794840002,0.571951372764512,-9.552458847559503,0.0001557398591293,19200.000000000007,0.0040487386370784,0.0010823639304404,5.819839870662263e-06,0.0,0.6933309367561926,-16.050919954772304,-9.53442824890201,0.7329073059705619,-0.0122098376079864,1.5877764907884553,19200.203262982657,-107.25706645212531,0.002,3.2401688193183174,-1.891744669168221,-1.063569032194996,6.0,10.0,180.0,0.2725036672414203,-4.441486547399589,-0.0537185240823881,-3.281274507363196,-608.4569634291715,-441.69398948670255,167.0280148493628,752.9700365689778,575.4000000000001,0.2725036672414203,0.5967411398887634,0.4840254485607147,0.576265275478363,0.4115108549594879,0.4694178104400635,0.4666171669960022,0.507898211479187,0.7749036550521851,0.6328694224357605,0.4862901568412781,0.5077875852584839,0.4876711368560791,0.5736817121505737,0.6015158891677856,0.6513587236404419,0.6017844676971436,-0.7549608945846558,0.5751807689666748,0.523237943649292,0.568743109703064,0.6285211443901062,0.7805810570716858,0.5423654317855835,0.5372247695922852,0.6642834544181824,0.8379436135292053,0.6327694058418274,0.7157353162765503,0.7842622995376587,0.675983190536499,-0.4172206521034241,0.4071559011936188,0.48984748125076294,0.11813974380493164,-0.3696432113647461,0.2244512140750885,0.4316684603691101,0.2417009323835373,0.6407951712608337,-1.1147147417068481
5728.0,114.55900000000004,26.34474693227501,299.66551677822923,386.54601670461903,500547.1152939044,26.351422459800187,299.54152331666927,386.5459900000001,500642.7794840002,0.2495748387741825,-9.57344864338761,-0.0008911298308098,19200.000000000007,0.0039883991606923,0.0007603283839263,-2.6705964391497195e-05,0.0,0.2987549228719051,-13.125257727494269,-9.594251127857492,-5.250535513132956,-0.0036494680343701,-3.532282472633163,19199.65439206445,25.675173593190788,0.002,3.1952333103105635,-1.806557812796895,-1.0550661159221162,6.0,10.0,180.0,0.3012969451206448,-4.467804241655419,-0.052231069706298,-3.2992258381078137,-625.5189817145858,-417.55949474335125,167.1070074246814,753.2120182844889,579.8250000000002,0.3012969451206448,0.6279443502426147,0.5314460396766663,0.6103417873382568,0.4696904718875885,0.5221782326698303,0.5323053598403931,0.5329322218894958,0.7844818234443665,0.6466289758682251,0.5200580954551697,0.5526036024093628,0.5274388790130615,0.6110972166061401,0.6381572484970093,0.7291998863220215,0.6347709894180298,-0.6896603107452393,0.5490239858627319,0.5612326860427856,0.5943155884742737,0.6372553706169128,0.7921540141105652,0.5838133096694946,0.5609574317932129,0.7084220051765442,0.8555338382720947,0.6475626826286316,0.7624013423919678,0.8380805253982544,0.7030670046806335,-0.02095828950405121,0.4673643410205841,0.5262756943702698,0.15584895014762878,-0.24254322052001953,0.3020313084125519,0.49063730239868164,0.30183714628219604,0.7287783026695251,-0.9491613507270813
5729.0,114.57900000000004,26.348542571738893,299.47363713446464,386.5458847660586,500931.1118404342,26.35215850615873,299.349519017447,386.5459900000001,501026.7794840002,0.1057751021430331,-9.577721152968229,0.0035088068425524,19200.000000000007,0.0034398100909474,0.0006894442788608,0.0001053339797775,0.0,0.1213004414058509,-3.1680997363516186,-9.585454628110776,-5.557563872341182,0.0002589081582265,6.219142593991599,19199.948140971628,21.38292257453862,0.002,3.3083561584202728,-1.836660647193356,-1.034493804681909,6.0,10.0,180.0,0.2378128492564376,-4.469256013910135,-0.044425034237161,-3.341778569247825,-637.4714908572929,-399.2942473716756,167.09250371234072,753.0815091422444,578.1750000000002,0.2378128492564376,0.6363932490348816,0.5315574407577515,0.5861865282058716,0.48367050290107727,0.4938536584377289,0.49696439504623413,0.5050927400588989,0.75360107421875,0.6212501525878906,0.5094708800315857,0.5279052257537842,0.515991747379303,0.5885436534881592,0.6135234832763672,0.7508589029312134,0.6033961772918701,-1.0611159801483154,0.5262002348899841,0.5355083346366882,0.5476534366607666,0.6284331679344177,0.7679750323295593,0.5704156756401062,0.5572476387023926,0.7075731754302979,0.8288795351982117,0.6385484933853149,0.7798244953155518,0.818210244178772,0.6891430616378784,0.14656497538089752,0.486205130815506,0.5233966708183289,0.12141844630241394,-0.3302592933177948,0.32686173915863037,0.492190420627594,0.2822006940841675,0.7607112526893616,-0.882400393486023
5730.0,114.59900000000005,26.350345632551104,299.2818576476783,386.5460496580399,501315.116049528,26.351982822897327,299.15751215213874,386.5459900000001,501410.7794840002,0.0553308886520299,-9.584819632132282,-0.0019882578955476,19200.000000000007,0.0017321338316841,0.0004574433845788,-5.9656452836447416e-05,0.0,0.0893061121905805,-0.1243434058673729,-9.600324173230243,-2.011921356536193,-0.0016996381762587,-3.9061349157186185,19200.49828066926,-64.36979907184657,0.002,3.3874727039992005,-1.813315510362944,-1.0371382291261555,6.0,10.0,180.0,0.2339234777458773,-4.527321035746982,-0.047364670708226,-3.3002333213414503,-644.2442454286465,-389.2996236858378,167.14475185617036,753.2682545711223,582.6750000000002,0.2339234777458773,0.6459243893623352,0.5294137001037598,0.5943565368652344,0.47496265172958374,0.510300874710083,0.514950156211853,0.525143027305603,0.746962308883667,0.629798173904419,0.501850426197052,0.539642333984375,0.5236154198646545,0.5937132835388184,0.614905595779419,0.7009372711181641,0.6010050773620605,-1.2342617511749268,0.5415025949478149,0.541153073310852,0.5835832953453064,0.6410284042358398,0.7646792531013489,0.5693079233169556,0.5750043988227844,0.7177109718322754,0.8185607194900513,0.6465893983840942,0.7939696311950684,0.8267165422439575,0.7057353258132935,0.10001350939273834,0.5051291584968567,0.5239129662513733,0.1739186942577362,-0.26552626490592957,0.34354931116104126,0.5101396441459656,0.29987967014312744,0.6846043467521667,-0.693093478679657
5731.0,114.61900000000006,26.35159109585938,299.0898683809149,386.5459969120608,501699.1203985998,26.35197558402774,298.9655120164358,386.5459900000001,501794.7794840002,0.0128081366877001,-9.585215472575578,-0.0002640215934016,19200.000000000007,0.0003849787241776,0.0004434561175193,-6.910026937935061e-06,0.0,0.0424427728840881,-3.662288660499733,-9.58743502621812,0.1813655875203654,-0.002730677412043,-0.3622159120625491,19200.102341382088,-21.396781722562192,0.002,3.352394281186556,-1.7310334423954463,-1.062991374049943,6.0,10.0,180.0,0.2842080094530622,-4.515603684783178,-0.0493039184562546,-3.268441312476468,-648.3991227143233,-382.4968118429189,167.11637592808518,753.1221272855612,581.5500000000001,0.2842080094530622,0.6472577452659607,0.5660054683685303,0.6245416402816772,0.5178131461143494,0.5479604005813599,0.5455619692802429,0.5476707220077515,0.7750323414802551,0.6619567275047302,0.5418070554733276,0.5739302635192871,0.5582444667816162,0.6260433197021484,0.6479612588882446,0.7315280437469482,0.6311399936676025,-1.3652007579803467,0.599274754524231,0.5765507221221924,0.6137107610702515,0.6507956385612488,0.7972941994667053,0.5862575173377991,0.5776263475418091,0.7345950603485107,0.8334513306617737,0.6494924426078796,0.8025761246681213,0.8412339687347412,0.7123404145240784,0.21565772593021393,0.5387234687805176,0.5636465549468994,0.20269407331943512,-0.23072552680969238,0.35984542965888977,0.5410958528518677,0.3354409337043762,0.7046002745628357,-0.7312747836112976
5732.0,114.63900000000004,26.351976274930244,298.897869334978,386.5459815161023,502083.11845976097,26.351975184856634,298.7735120025694,386.5459900000001,502178.7794840002,-4.198754279468057e-05,-9.585250138368812,0.0002849463291292,19200.000000000007,-8.54781804063962e-07,0.0004426709509264,8.484988993105656e-06,0.0,0.0092781913966224,-2.318385294500664,-9.632548992037524,0.6676798157524491,-0.0070545174403788,0.1185031766513878,19199.49980837052,-47.13753283956326,0.002,3.228971826917065,-1.653618657776838,-1.0582422971466858,6.0,10.0,180.0,0.3070948715209126,-4.513747141301257,-0.0517340209043411,-3.2858923090798413,-651.6435613571616,-378.69190592145947,167.2926879640426,753.8600636427806,573.1500000000001,0.3070948715209126,0.6482940912246704,0.5711169242858887,0.6225205063819885,0.5250442028045654,0.551513671875,0.5495533347129822,0.5524057149887085,0.7739219665527344,0.6603896617889404,0.5495712757110596,0.5752833485603333,0.5600807666778564,0.6258517503738403,0.6462029218673706,0.7141892910003662,0.6251349449157715,-1.5161447525024414,0.6131907105445862,0.5761994123458862,0.6115534901618958,0.6510574817657471,0.7918292880058289,0.585279643535614,0.58119797706604,0.7294864654541016,0.8291559815406799,0.6501097083091736,0.8074663877487183,0.8398893475532532,0.7091374397277832,0.2596728801727295,0.5472925901412964,0.5671306848526001,0.20524829626083374,-0.26391837000846863,0.36998245120048523,0.5477129817008972,0.3357946276664734,0.7217250466346741,-0.7378904223442078
5733.0,114.65900000000003,26.35199735226341,298.7058311058475,386.5459727907772,502467.1147577111,26.351975017744667,298.58151199972383,386.5459900000001,502562.7794840002,-0.0007473752646386,-9.583968277639244,0.0005438512270233,19200.000000000007,-2.224936666786033e-05,0.0004808904007876,1.7308472030502634e-05,0.0,0.0014448255972422,-4.819251641906215,-9.60228810411727,-2.255753599805724,-0.007079283939114,-1.2812683452519986,19199.98044664401,-42.98197351279398,0.002,3.2480901969404363,-1.6570251051731972,-1.0542413959965409,6.0,10.0,180.0,0.3114393988427361,-4.496164847513727,-0.0483314889245328,-3.3166349745751065,-653.0667806785808,-376.03045296072975,167.2528439820213,753.6800318213902,572.1750000000001,0.3114393988427361,0.651418924331665,0.585019588470459,0.6357945799827576,0.5416567921638489,0.5689504146575928,0.5720811486244202,0.5578016638755798,0.7834745645523071,0.6658913493156433,0.5630947351455688,0.5932390689849854,0.5742277503013611,0.6422792673110962,0.6636175513267517,0.7456132173538208,0.6456059217453003,-1.3833701610565186,0.6072495579719543,0.5936664342880249,0.6172806024551392,0.6507824063301086,0.7972585558891296,0.6006798148155212,0.5831819176673889,0.7357761859893799,0.8428218960762024,0.654211699962616,0.8066529631614685,0.8529991507530212,0.7119192481040955,0.30094051361083984,0.5603185892105103,0.5806167721748352,0.21267132461071014,-0.21006357669830322,0.38880541920661926,0.5636016726493835,0.35624921321868896,0.7668247222900391,-0.7501934766769409
5734.0,114.67900000000002,26.35183111531412,298.5140018241505,386.5459952004432,502851.1149472568,26.35197499429477,298.38951199987844,386.5459900000001,502946.7794840002,0.0047982511944871,-9.589668578470214,-0.000174482206428,19200.000000000007,0.0001438840102418,0.0003099772918641,-5.202145675077389e-06,0.0,0.0041620201262906,2.312329307788082,-9.571803184750156,2.569750802388993,-0.0002456236242183,1.893099907509748,19199.999561612385,-21.54997345078481,0.002,3.217204911519466,-1.6905555914978616,-1.0419667047791468,6.0,10.0,180.0,0.295852895018691,-4.590361256107566,-0.0532361150665787,-3.325326217427501,-653.3748903392905,-374.3007264803649,167.10492199101066,753.0415159106951,576.6750000000001,0.295852895018691,0.6479374170303345,0.5495673418045044,0.6037509441375732,0.5095314979553223,0.5275158882141113,0.5217344760894775,0.5355116128921509,0.7522895336151123,0.6448042392730713,0.5271519422531128,0.5552045106887817,0.5452725887298584,0.6068666577339172,0.626142144203186,0.697478175163269,0.6030768156051636,-1.6561880111694336,0.6022202968597412,0.5555623769760132,0.5938160419464111,0.6461533308029175,0.7776731252670288,0.5687847137451172,0.5800745487213135,0.7233059406280518,0.8091751337051392,0.6435880064964294,0.8076136708259583,0.828497052192688,0.7069253921508789,0.2356027513742447,0.5430563688278198,0.5539795160293579,0.19533880054950714,-0.2995796203613281,0.3645441234111786,0.5359633564949036,0.3178887963294983,0.6854777336120605,-0.6723081469535828
5735.0,114.69900000000004,26.352046427517045,298.3223683601103,386.5459267012886,503235.1116029088,26.35197499973184,298.1975119999806,386.5459900000001,503330.7794840002,-0.002355625002424,-9.601878144570234,0.0021109261547693,19200.000000000007,-7.14307181184643e-05,-5.645527744688871e-05,6.329861281622435e-05,0.0,-0.0134246985217584,-4.824067042862378,-9.60963116981626,0.8494135552726092,0.0053877591162466,7.082032604774992,19199.09035609496,68.69589035841314,0.002,3.325893133090003,-1.7721605806838854,-1.04537302793795,6.0,10.0,180.0,0.3174162758611215,-4.550351198711382,-0.051770146933811,-3.346361960718041,-654.3099451696453,-373.4518632401824,167.19146099550534,753.4092579553476,575.0250000000001,0.3174162758611215,0.6481094360351562,0.5890048742294312,0.6407013535499573,0.5615377426147461,0.570594310760498,0.565004289150238,0.5569746494293213,0.789838969707489,0.6793640851974487,0.5783153772354126,0.5945267677307129,0.5826783776283264,0.6462549567222595,0.6683914661407471,0.7656861543655396,0.6477728486061096,-1.5129845142364502,0.6416952610015869,0.5989039540290833,0.6162331104278564,0.6538353562355042,0.8140605092048645,0.5944101214408875,0.5769712924957275,0.737956166267395,0.8420810103416443,0.6478015780448914,0.8095505833625793,0.8491346836090088,0.7104638814926147,0.3774253726005554,0.5697433948516846,0.5965811014175415,0.20731095969676971,-0.244579017162323,0.38002198934555054,0.5655698180198669,0.35591936111450195,0.7555781602859497,-0.8017674684524536
5736.0,114.71900000000004,26.351991035877244,298.1302499554179,386.54604970577975,503619.1109470775,26.35197499998111,298.0055119999914,386.5459900000001,503714.7794840002,-0.000535355471152,-9.597934647437397,-0.001987452010332,19200.000000000007,-1.6035857078181438e-05,6.184521358946593e-05,-5.970409298577645e-05,0.0,0.0185341385924356,0.7443585385500665,-9.596899128674968,3.3566610630661544,0.0038941463198613,-1.773745463748989,19200.75412002349,8.663843772395428,0.002,3.4350433300168848,-1.7337224472213464,-1.072927381027486,6.0,10.0,180.0,0.3081532795087208,-4.52296791687349,-0.0581051094730659,-3.3678856207485204,-654.0024725848227,-373.9019316200912,167.17773049775266,753.3531289776738,573.3000000000002,0.3081532795087208,0.6483458280563354,0.5607696771621704,0.6133361458778381,0.5137424468994141,0.5433457493782043,0.5386785864830017,0.5497643351554871,0.7610324621200562,0.6535311937332153,0.5365883708000183,0.567825436592102,0.5539130568504333,0.6170153021812439,0.6353157758712769,0.6802917718887329,0.6112507581710815,-1.6700031757354736,0.6204969882965088,0.5666294097900391,0.6136242747306824,0.6521684527397156,0.7826616168022156,0.5728884935379028,0.5855004787445068,0.7253435254096985,0.8135859370231628,0.6486064791679382,0.8107682466506958,0.83388352394104,0.7102290987968445,0.21116341650485992,0.5492690801620483,0.5604315400123596,0.2157006412744522,-0.2762201130390167,0.3694264888763428,0.5457784533500671,0.32977426052093506,0.6786406636238098,-0.6649367809295654
5737.0,114.73900000000005,26.35220242463512,297.9383028734462,386.5459885031738,504003.1145083901,26.351975000001183,297.81351200000006,386.5459900000001,504098.7794840002,-0.0075760461420917,-9.59969777504281,5.3426214911923496e-05,19200.000000000007,-0.0002274246382354,9.024170742537503e-06,1.597569835633738e-06,0.0,-0.0058840116591873,1.5866664508420398,-9.615251923686886,-2.3814629819184803,-0.0002682439898228,2.374915495079981,19199.82613030591,77.2685645132001,0.002,3.462057488872611,-1.664429505589102,-1.048765321083544,6.0,10.0,180.0,0.3388976700467612,-4.538001140956789,-0.0620099185676832,-3.3124820490038034,-654.5382362924113,-373.5954658100456,167.24986524887635,753.660064488837,577.8000000000001,0.3388976700467612,0.6525082588195801,0.5532858371734619,0.6057582497596741,0.5179330706596375,0.5288450717926025,0.5313600301742554,0.5252083539962769,0.7537654638290405,0.6382925510406494,0.5309774875640869,0.5573148727416992,0.5462368726730347,0.6096866130828857,0.6300933957099915,0.7389094829559326,0.6124300956726074,-1.4723809957504272,0.5661457777023315,0.5582647919654846,0.578065037727356,0.6420026421546936,0.7733480334281921,0.5814065337181091,0.5780549049377441,0.7276779413223267,0.821506679058075,0.6454828977584839,0.8045315742492676,0.8297154307365417,0.7059001326560974,0.2897099256515503,0.545349657535553,0.5539377331733704,0.18035632371902466,-0.26573336124420166,0.3793877065181732,0.539730429649353,0.3214525580406189,0.7400195002555847,-0.6923925876617432
5738.0,114.75900000000004,26.35234484396005,297.7457733456948,386.545971865918,504387.111690611,26.351975000001136,297.62151200000056,386.5459900000001,504482.7794840002,-0.0123290565248309,-9.582053647018425,0.0005702180380552,19200.000000000007,-0.000369843962762,0.0005382537517069,1.81329045721782e-05,0.0,-0.0072953111422498,-3.425350189991035,-9.61204677827362,6.112799300509023,0.0127076405087693,0.4924909495576388,19200.015241506928,-42.95035113495974,0.002,3.4270955918788664,-1.6991028369890515,-1.0301724196950133,6.0,10.0,180.0,0.3735628073152253,-4.5932145218726745,-0.0590851336388613,-3.3709524210885355,-654.7956181462057,-373.3407329050228,167.27243262443818,753.7540322444185,576.1500000000002,0.3735628073152253,0.6478878259658813,0.5876685380935669,0.6421095132827759,0.5443790555000305,0.5759429335594177,0.5647575259208679,0.5723178386688232,0.789029598236084,0.6887975931167603,0.5698409080505371,0.5959001183509827,0.581670343875885,0.6441179513931274,0.6635934114456177,0.702273964881897,0.6378463506698608,-1.6094563007354736,0.6719812154769897,0.5968310832977295,0.6495857834815979,0.6595593690872192,0.8130441308021545,0.5840590596199036,0.5874416828155518,0.7393248081207275,0.8293749690055847,0.6525698304176331,0.8162380456924438,0.8500053286552429,0.719234824180603,0.2393791824579239,0.5693007707595825,0.5912801623344421,0.2428276389837265,-0.246587336063385,0.3700725734233856,0.5662273168563843,0.3577163815498352,0.6731166839599609,-0.7077627182006836
5739.0,114.77900000000004,26.3521454087312,297.5540781614506,386.546050660502,504771.1138714668,26.35197500000013,297.4295120000001,386.5459900000001,504866.7794840002,-0.0056837908522398,-9.592207013168906,-0.0020240829454217,19200.000000000007,-0.0001704087314136,0.0002338402450134,-6.066140366685271e-05,0.0,-0.0060952253282185,3.1753746196386827,-9.58104442699353,0.3000875219982518,0.0080689662742181,-1.587441814045876,19200.27382200519,77.18855518936107,0.002,3.3942465299924534,-1.6852449007537675,-1.043258227486654,6.0,10.0,180.0,0.382331554939281,-4.540576561227092,-0.0624946699686493,-3.335084477378792,-654.5428090731028,-372.7513664525114,167.15271631221907,753.2415161222093,574.4250000000001,0.382331554939281,0.651431143283844,0.546215295791626,0.6001469492912292,0.5040081739425659,0.5260832905769348,0.5265686511993408,0.5308966040611267,0.7452212572097778,0.6363183259963989,0.5209664702415466,0.5539988875389099,0.5414137840270996,0.6041725277900696,0.6226673126220703,0.6936458349227905,0.6009896993637085,-1.6462316513061523,0.5797197818756104,0.5521711707115173,0.5889605283737183,0.6452908515930176,0.765751838684082,0.5719124674797058,0.5829762816429138,0.7202209830284119,0.8092823624610901,0.6464905738830566,0.8069672584533691,0.826697587966919,0.7063841819763184,0.23406125605106354,0.5431081056594849,0.5471384525299072,0.1952313482761383,-0.27892425656318665,0.3760232627391815,0.5378680229187012,0.3184612989425659,0.7030746340751648,-0.6403164267539978
5740.0,114.79900000000002,26.35204287356649,297.3622958761072,386.5460240990765,505155.1173314744,26.351975000000017,297.23751200000004,386.5459900000001,505250.7794840002,-0.0022647489205238,-9.599463546345792,-0.0011401570110069,19200.000000000007,-6.787356645100763e-05,1.6124980201774152e-05,-3.4099180303536085e-05,0.0,-0.0119781279563925,1.7192781929067056,-9.56517091294866,3.7193045662624016,-4.289418635680664e-06,-2.186778780489116,19200.13772743021,4.268740043240216,0.002,3.409900564549861,-1.7460885498491503,-1.0329844578251266,6.0,10.0,180.0,0.3857209596440856,-4.535223311926581,-0.0693229516208512,-3.3063714785590554,-654.3484045365515,-371.9996832262557,167.02635815610955,752.6997580611046,575.1000000000001,0.3857209596440856,0.6497013568878174,0.5589478015899658,0.6124672889709473,0.511786699295044,0.5412956476211548,0.5356578826904297,0.5468987822532654,0.756338357925415,0.6513232588768005,0.5319532155990601,0.5667487978935242,0.5536747574806213,0.6155178546905518,0.633813738822937,0.680052638053894,0.6089257001876831,-1.6964179277420044,0.6172757148742676,0.5649275779724121,0.6144556999206543,0.6516563296318054,0.7811549305915833,0.5710188746452332,0.5859254598617554,0.7269480228424072,0.809921145439148,0.6482726335525513,0.8111867904663086,0.833046019077301,0.711266040802002,0.2190709263086319,0.55170738697052,0.5597923398017883,0.21841056644916534,-0.26627832651138306,0.37215685844421387,0.5467408299446106,0.33079588413238525,0.6717427372932434,-0.632202684879303
5741.0,114.81900000000005,26.352059672964963,297.1707030834709,386.5460489996679,505539.1194791808,26.351975000000014,297.04551200000014,386.5459900000001,505634.7794840002,-0.0028213818887233,-9.61303803955507,-0.0019608704255299,19200.000000000007,-8.467296495440141e-05,-0.0003911860961856,-5.90014404691712e-05,0.0,0.0031682441852577,-0.6251617624124164,-9.602549447344682,-3.53763222500624,0.0034142596818451,-1.837828566658172,19200.20558222586,64.46633033710502,0.002,3.397622875855695,-1.686428125734292,-1.0554388730380015,6.0,10.0,180.0,0.3905975094678057,-4.548820031489008,-0.0712892399203849,-3.291004569588195,-654.3877022682757,-372.7458416131278,167.12017907805478,753.1028790305522,580.3500000000001,0.3905975094678057,0.6555284261703491,0.5645242929458618,0.618718683719635,0.5226714015007019,0.544856607913971,0.5505949854850769,0.5367388129234314,0.7619187831878662,0.6465733647346497,0.5365800261497498,0.572321891784668,0.5566776990890503,0.6227455139160156,0.6434505581855774,0.7488523721694946,0.6286028027534485,-1.3281673192977905,0.5633845329284668,0.5722877979278564,0.5950856804847717,0.6455453038215637,0.780754029750824,0.5921536684036255,0.5819445848464966,0.7356556057929993,0.8313611745834351,0.650974452495575,0.8043644428253174,0.8424080610275269,0.7115136384963989,0.27325868606567383,0.5521149635314941,0.5607556700706482,0.19814111292362213,-0.19687047600746155,0.3888342082500458,0.550904393196106,0.3383985757827759,0.7422437071800232,-0.6658994555473328
5742.0,114.83900000000006,26.351986395436388,296.97834460169145,386.5460118865192,505923.1231698391,26.351975000000014,296.85351200000014,386.5459900000001,506018.7794840002,-0.0003809934366711,-9.60111307899476,-0.0007270088542919,19200.000000000007,-1.1395436376543495e-05,-3.270765118018724e-05,-2.1889208040189164e-05,0.0,-0.0038970262000281,2.937225634332014,-9.587404843425528,0.3755799994173842,-0.0014725298415455,-3.1195512024522647,19200.34096061844,-72.89282802904435,0.002,3.367993244512644,-1.6409654082969156,-1.0362223440371972,6.0,10.0,180.0,0.3906060066789913,-4.541387802847437,-0.072280215125159,-3.261758841423985,-654.3693511341378,-372.631420806564,167.1030895390274,753.029939515276,578.7000000000002,0.3906060066789913,0.6531530022621155,0.5471510887145996,0.6038380861282349,0.5018733739852905,0.528956413269043,0.5300231575965881,0.5338762998580933,0.7465344667434692,0.6399509906768799,0.5188975930213928,0.5562791228294373,0.5430647134780884,0.6061080694198608,0.62480229139328,0.6967177391052246,0.6043948531150818,-1.5789823532104492,0.5755478143692017,0.5543872714042664,0.5958406329154968,0.6470870971679688,0.7696183323860168,0.5730555653572083,0.5842899680137634,0.7251776456832886,0.8110964298248291,0.6480468511581421,0.8071298599243164,0.8294311761856079,0.7105002403259277,0.22582127153873444,0.5435966849327087,0.5466907620429993,0.20225495100021362,-0.2493050992488861,0.3759717047214508,0.5391938090324402,0.32171183824539185,0.6877731680870056,-0.610831081867218
5743.0,114.859,26.351968780623075,296.7862659013128,386.5460069334264,506307.12365801504,26.351975000000014,296.6615120000001,386.5459900000001,506402.7794840002,0.0002091839004083,-9.598473491189344,-0.0005616585861198,19200.000000000007,6.219376933361536e-06,4.5996905219976e-05,-1.6733273675636034e-05,0.0,-0.0034196739262954,0.6694561896180733,-9.623318387187291,-4.219288563367816,-0.0053502967079481,-1.643538979539958,19199.99752729893,25.696237847781635,0.002,3.2847656538615206,-1.7306240360870857,-1.0375983174572094,6.0,10.0,180.0,0.3925742155281209,-4.545799746043357,-0.0703195579374811,-3.2504491266750164,-654.7656755670689,-373.1732104032819,167.2460447695137,753.641969757638,579.3750000000001,0.3925742155281209,0.6561400890350342,0.5572128295898438,0.611518144607544,0.5167774558067322,0.5366848707199097,0.5442052483558655,0.5291359424591064,0.7555797696113586,0.6382980346679688,0.5304967164993286,0.5644309520721436,0.5496221780776978,0.6152330636978149,0.6356399655342102,0.7446136474609375,0.6206226348876953,-1.3328412771224976,0.5512193441390991,0.5639955997467041,0.5852639079093933,0.6422378420829773,0.7726865410804749,0.5890465378761292,0.5816423892974854,0.7318558096885681,0.8276788592338562,0.6501357555389404,0.8038734793663025,0.8382698893547058,0.7095733880996704,0.26669442653656006,0.5476891994476318,0.553394615650177,0.18954913318157196,-0.21634367108345032,0.38861575722694397,0.5457799434661865,0.33028560876846313,0.7472860813140869,-0.6611712574958801
5744.0,114.87900000000006,26.35191005691436,296.59401886510443,386.5460078837182,506691.1247463312,26.351975000000014,296.4695120000001,386.5459900000001,506786.7794840002,0.0021627241733456,-9.590234741853491,-0.0005968311635605,19200.000000000007,6.494308564675033e-05,0.0002929423601972,-1.7881161694542738e-05,0.0,0.0082995652038355,1.274925667259282,-9.591296992487642,-3.1767737779232146,-0.0080797655039929,2.8687574858435263,19199.758641092605,-60.14354917378937,0.002,3.26961804189205,-1.7615333807310365,-1.034015616569136,6.0,10.0,180.0,0.3808645021287049,-4.527870681826164,-0.0722558621888044,-3.243322684804665,-654.3698377835344,-373.330105201641,167.18352238475686,753.375984878819,577.9500000000002,0.3808645021287049,0.6520994901657104,0.55194091796875,0.604897141456604,0.5187907218933105,0.5275708436965942,0.5303001403808594,0.5220960974693298,0.7532099485397339,0.6362388134002686,0.5300549864768982,0.5574798583984375,0.5462388396263123,0.6102686524391174,0.6311154961585999,0.7476857900619507,0.6146674752235413,-1.4350934028625488,0.5603035688400269,0.5587649345397949,0.5735089778900146,0.6398816704750061,0.7716911435127258,0.5817661285400391,0.5761442184448242,0.7267946600914001,0.8226596713066101,0.6447952389717102,0.8024994730949402,0.8287087082862854,0.7043348550796509,0.2814279794692993,0.5450717210769653,0.5542709231376648,0.17618350684642792,-0.26001298427581787,0.3810397982597351,0.5395703315734863,0.321824848651886,0.7499071955680847,-0.7001570463180542
5745.0,114.89900000000004,26.35177226341588,296.4022813572601,386.54599605645706,507075.11626502377,26.351975000000014,296.277512,386.5459900000001,507170.7794840002,0.0067525956764133,-9.598980952714546,-0.000204593930894,19200.000000000007,0.0002027365841245,3.04516889247158e-05,-6.054651255847914e-06,0.0,0.0019519608674904,3.4247899073550725,-9.603005088883524,-3.662693411841981,-0.0060934261943573,-1.212891215407693,19199.810930368472,12.860020777873649,0.002,3.297357555715482,-1.7448588937270062,-1.0567820813863344,6.0,10.0,180.0,0.3618067773062459,-4.535262732957009,-0.0746924453525243,-3.3213011383508926,-654.4294188917672,-373.3795526008205,167.2012611923784,753.4524924394095,570.8250000000002,0.3618067773062459,0.6526435613632202,0.5395708084106445,0.5922823548316956,0.5020672678947449,0.5178698301315308,0.5247424840927124,0.5188710689544678,0.7393423318862915,0.621872067451477,0.5165232419967651,0.5475522875785828,0.5341227650642395,0.5985733866691589,0.6175552606582642,0.7107974290847778,0.5989023447036743,-1.5724823474884033,0.5466182231903076,0.5456571578979492,0.5673552751541138,0.63526451587677,0.7517597079277039,0.5750167369842529,0.5798400640487671,0.7143949866294861,0.8130009770393372,0.6461964249610901,0.8012908697128296,0.8232133388519287,0.7002220153808594,0.22909153997898102,0.5375402569770813,0.5392756462097168,0.17462095618247986,-0.27780917286872864,0.3844493627548218,0.533846914768219,0.31155115365982056,0.7499149441719055,-0.667548656463623
5746.0,114.91900000000004,26.352017296623966,296.21045560171854,386.5460165804527,507459.1213060896,26.351975000000014,296.08551200000005,386.5459900000001,507554.7794840002,-0.0014157008955939,-9.604796149258735,-0.0009145836661169,19200.000000000007,-4.229662396102204e-05,-0.0001439017449354,-2.657913898180317e-05,0.0,0.017579589622068,-4.69981615259111,-9.5905856486367,-1.2183931966906765,-0.0065677892101332,-0.9808789001211664,19200.394394402167,-94.39657730134698,0.002,3.3221710365249795,-1.7432085430193838,-1.0409750057325082,6.0,10.0,180.0,0.3725564010267287,-4.515699324234855,-0.0756786641329019,-3.2858892517055764,-654.0102094458837,-373.7342763004102,167.1571305961892,753.2642462197048,570.9750000000001,0.3725564010267287,0.6503806710243225,0.5862878561019897,0.6363794803619385,0.5445325970649719,0.5712890625,0.5723706483840942,0.5596935749053955,0.7839559316635132,0.6688307523727417,0.5652260780334473,0.5955694913864136,0.5768722295761108,0.6442049741744995,0.6650474667549133,0.7394092679023743,0.6460299491882324,-1.4544086456298828,0.6186614036560059,0.5958634614944458,0.6202247738838196,0.6522675156593323,0.7985615134239197,0.5981097221374512,0.5834579467773438,0.7355296611785889,0.8407995700836182,0.6536049246788025,0.8079537153244019,0.8506021499633789,0.7115902900695801,0.29716038703918457,0.5644879937171936,0.5841943621635437,0.21785341203212738,-0.20880642533302307,0.39008310437202454,0.5665443539619446,0.3581998944282532,0.7585413455963135,-0.7460614442825317
5747.0,114.93900000000004,26.35186020008173,296.0182837590329,386.5459921756032,507843.1204537543,26.351975000000014,295.8935120000001,386.5459900000001,507938.7794840002,0.0038249313111829,-9.599062129218868,-6.834849612510781e-05,19200.000000000007,0.0001147999182692,2.8233868086378645e-05,-2.173764418444266e-06,0.0,0.0007445051506711,1.7130869070927428,-9.630353801383128,2.994607416188084,-6.769458715476933e-06,0.7317179493561843,19199.89556604465,17.21680925473482,0.002,3.264321999388028,-1.7132369674136625,-1.0495442427569992,6.0,10.0,180.0,0.3574515964319292,-4.512688174842833,-0.0752048182053573,-3.292524666553233,-654.5866047229418,-373.9811381502051,167.3025652980946,753.8871231098524,569.7,0.3574515964319292,0.6476185321807861,0.5582817196846008,0.607619047164917,0.5155217051506042,0.5372951030731201,0.5327802896499634,0.5444399118423462,0.7584444284439087,0.6468992829322815,0.5379007458686829,0.5615878701210022,0.5497370362281799,0.6115975975990295,0.6297413110733032,0.6800481081008911,0.6041824817657471,-1.730987548828125,0.6191895008087158,0.5607296228408813,0.6015578508377075,0.6499805450439453,0.7788292765617371,0.5709050297737122,0.5840784311294556,0.7204074263572693,0.8110495209693909,0.6464768648147583,0.810947060585022,0.8308172821998596,0.7063338756561279,0.2479010969400406,0.5477946996688843,0.5583869814872742,0.20367582142353058,-0.3132568299770355,0.3693804144859314,0.5424419045448303,0.3221273422241211,0.6954252123832703,-0.6929974555969238
5748.0,114.95900000000005,26.352089000075487,295.82605263432947,386.545932770309,508227.1220918925,26.351975000000014,295.7015120000001,386.5459900000001,508322.7794840002,-0.0037989875943529,-9.591352990474174,0.0019105718369906,19200.000000000007,-0.0001140000754794,0.0002593606459829,5.753042893580099e-05,0.0,-0.0036576333164473,-6.107204594689199,-9.60231657338856,-1.3490740304159707,-0.0029367910557344,1.7687998483366285,19199.84350110698,-34.33479203929279,0.002,3.250680741660178,-1.8114709037608256,-1.0438504614292132,6.0,10.0,180.0,0.3759897407465989,-4.523304093512143,-0.0713057159550369,-3.271997631874754,-654.638302361471,-373.50206907510255,167.2577826490473,753.6945615549262,577.3500000000001,0.3759897407465989,0.652267575263977,0.5944146513938904,0.6478410959243774,0.5588938593864441,0.5803970098495483,0.5812766551971436,0.5617828369140625,0.793491780757904,0.6794112920761108,0.576998233795166,0.6039617657661438,0.5869672298431396,0.65358567237854,0.6758290529251099,0.7718251943588257,0.6586130857467651,-1.3767592906951904,0.6243407726287842,0.6064088344573975,0.6263455152511597,0.6548001766204834,0.8143027424812317,0.6049876809120178,0.5820072889328003,0.7454811334609985,0.8496382236480713,0.6535201668739319,0.8088158369064331,0.8574017882347107,0.716446042060852,0.35555577278137207,0.5721941590309143,0.5959401726722717,0.2199411541223526,-0.1895415484905243,0.39054885506629944,0.5728145837783813,0.36788851022720337,0.7634568214416504,-0.7613456845283508
5749.0,114.97900000000004,26.3518781341965,295.6338810874791,386.5459845981173,508611.1196073748,26.351975000000014,295.5095120000001,386.5459900000001,508706.7794840002,0.0032309656502285,-9.585639254610566,0.0001808471451941,19200.000000000007,9.686580350795633e-05,0.0004308122980158,5.500935053784925e-06,0.0,0.0053533469756194,1.1557865351499772,-9.610124486798036,4.943626064362611,-0.0019752222003385,0.2992954513925204,19199.68988651912,-51.568052973863225,0.002,3.302905512004126,-1.8162517253927373,-1.0536906359773797,6.0,10.0,180.0,0.3554388974719039,-4.592162321132125,-0.0737410097514321,-3.310441691240707,-654.5801511807356,-373.6980345375513,167.26889132452365,753.7412807774631,577.5750000000002,0.3554388974719039,0.6485475897789001,0.5623973608016968,0.6156005859375,0.5166630744934082,0.5432995557785034,0.5352846384048462,0.5495736002922058,0.7635747194290161,0.6582359075546265,0.5388341546058655,0.5669804811477661,0.5557668805122375,0.6169307231903076,0.635516881942749,0.6844910979270935,0.6105384826660156,-1.6635675430297852,0.6304717063903809,0.5668984651565552,0.6172696948051453,0.6523686051368713,0.7897680997848511,0.5712949633598328,0.5854648351669312,0.7300041317939758,0.8121353983879089,0.6471437215805054,0.8122730255126953,0.8363567590713501,0.7136237621307373,0.22091008722782135,0.5514498949050903,0.563663125038147,0.2178252786397934,-0.2873780429363251,0.36367717385292053,0.5452399849891663,0.32908833026885986,0.6591752171516418,-0.6583373546600342
5750.0,114.99900000000008,26.351956157555584,295.44245747626167,386.54599216647046,508995.1198489727,26.351975000000014,295.3175120000001,386.5459900000001,509090.7794840002,0.0006292252171035,-9.604854423156416,-7.420280477227846e-05,19200.000000000007,1.884244442625912e-05,-0.0001454751693848,-2.1677283416632613e-06,0.0,-0.0090234437670057,-0.3684992009015808,-9.578147471635289,-6.958223976402401,0.0012381360515013,0.6810593134332086,19199.965291846373,42.91993681571946,0.002,3.3881614023099376,-1.721621751382567,-1.0486383178239311,6.0,10.0,180.0,0.3622747930952797,-4.481004188339229,-0.0732369656091217,-3.30022538394414,-654.4600755903678,-372.7855172687756,167.13944566226183,753.1851403887315,577.6500000000001,0.3622747930952797,0.6559002995491028,0.5597567558288574,0.6119508147239685,0.5259011387825012,0.5362194180488586,0.5454298853874207,0.5211397409439087,0.756538987159729,0.6341367959976196,0.5347115397453308,0.5669540762901306,0.5520889759063721,0.6188600063323975,0.6405790448188782,0.775402307510376,0.6280121803283691,-1.2254990339279175,0.5369649529457092,0.5675832033157349,0.5720747113227844,0.6355246901512146,0.7709285616874695,0.5939583778381348,0.5770561695098877,0.7298873662948608,0.8337725400924683,0.6489115357398987,0.7997550964355469,0.8388582468032837,0.7052405476570129,0.2740671634674072,0.54985511302948,0.558018147945404,0.17527545988559723,-0.21013683080673218,0.3963804244995117,0.5480097532272339,0.3338286280632019,0.7943168878555298,-0.7049040794372559
5751.0,115.01900000000003,26.3521083552657,295.25005106405604,386.54594709713774,509379.1214628968,26.351975000000014,295.12551200000007,386.5459900000001,509474.7794840002,-0.0044185554806727,-9.591302285061348,0.0014324761197439,19200.000000000007,-0.0001333552656907,0.0002608360159826,4.3002396085158046e-05,0.0,0.0090247670306918,-2.6877702689672187,-9.609331063701102,9.21297146160981,0.0014858353793926,3.53218643564715,19200.18783007568,30.087708805795767,0.002,3.334978861931273,-1.6751011959931994,-1.044034507036179,6.0,10.0,180.0,0.3695998255062972,-4.49866477799971,-0.0688332547477979,-3.2935908724805443,-654.4080377951839,-373.4482586343878,167.20522283113092,753.4680701943657,577.7250000000001,0.3695998255062972,0.6444185376167297,0.5823954939842224,0.6391292810440063,0.5432416796684265,0.570824146270752,0.5529472231864929,0.5681014060974121,0.7861557602882385,0.6900687217712402,0.5690188407897949,0.590499222278595,0.5799882411956787,0.6399829983711243,0.6592954397201538,0.690531849861145,0.6309184432029724,-1.6285755634307861,0.6923185586929321,0.5928762555122375,0.6511662006378174,0.655581533908844,0.8168779015541077,0.5741487145423889,0.5859819650650024,0.7355565428733826,0.8222646117210388,0.6492428779602051,0.8155211806297302,0.8441722393035889,0.7193980813026428,0.18782438337802887,0.5674585700035095,0.5922485589981079,0.24267493188381195,-0.2772170305252075,0.3572957217693329,0.5608981847763062,0.3503100275993347,0.640011727809906,-0.7147495746612549
5752.0,115.03900000000004,26.35212520244325,295.05863267687374,386.5459323490912,509763.1211718799,26.351975000000014,294.93351200000006,386.5459900000001,509858.7794840002,-0.00500089978156,-9.610694174550837,0.0019216285878811,19200.000000000007,-0.0001502024432477,-0.0003206777194425,5.765131868494648e-05,0.0,-0.0097700675292851,-0.2376215290023486,-9.58276436227739,-2.443136507970118,0.0033932700273967,4.582424013543603,19199.79209993044,98.75086605965456,0.002,3.3522438525394644,-1.732354937914445,-1.054331811777662,6.0,10.0,180.0,0.3842599723978773,-4.497112512572713,-0.0688380887715534,-3.2812583846613386,-654.4430188975919,-372.7111293171939,167.12761141556547,753.1330350971829,577.7250000000001,0.3842599723978773,0.6514216661453247,0.5644006729125977,0.6145873069763184,0.5321041941642761,0.5383602380752563,0.5383611917495728,0.5301235318183899,0.7630077600479126,0.6472041606903076,0.5429861545562744,0.5674270987510681,0.5565217137336731,0.6201534271240234,0.6415770649909973,0.7594114542007446,0.6243063807487488,-1.4534242153167725,0.5792462825775146,0.5697324275970459,0.5824207067489624,0.643230140209198,0.7835561633110046,0.5867721438407898,0.5755152106285095,0.7317955493927002,0.828177809715271,0.6450977921485901,0.8044450283050537,0.8340874314308167,0.7054550647735596,0.32343757152557373,0.5530236959457397,0.5666599869728088,0.1822766810655594,-0.25332561135292053,0.3825598955154419,0.5471358895301819,0.3317980170249939,0.7574821710586548,-0.7277109026908875
5753.0,115.059,26.351986131412524,294.86631125632664,386.546043991935,510147.12295150914,26.351975000000014,294.74151200000017,386.5459900000001,510242.7794840002,-0.0003748910422991,-9.59998345233764,-0.0018298833457423,19200.000000000007,-1.1131412517409211e-05,6.436076851599483e-07,-5.389166061690495e-05,0.0,-0.0090274373976279,1.5257767125888388,-9.630133190600995,3.8573263999307534,0.0134135559457759,-1.8378221353037325,19200.272786850222,-81.57995874197609,0.002,3.330113289315076,-1.770513206733282,-1.0378804853941122,6.0,10.0,180.0,0.3813696879220917,-4.572259717167066,-0.0737299508882406,-3.29149617055367,-654.9875094487959,-373.129064658597,167.28630570778273,753.8130175485915,577.7250000000001,0.3813696879220917,0.6509494781494141,0.5623911619186401,0.6156485080718994,0.5140600204467773,0.5439527034759521,0.5396616458892822,0.5505146384239197,0.7610490322113037,0.656120777130127,0.5362906455993652,0.5670239925384521,0.5544348955154419,0.6161493062973022,0.6343358755111694,0.6835199594497681,0.6103202104568481,-1.6478323936462402,0.6187257170677185,0.5659366846084595,0.6176875233650208,0.65362149477005,0.7865737080574036,0.5740163922309875,0.5876829028129578,0.7318750023841858,0.8133557438850403,0.6493124961853027,0.8133800029754639,0.8365885019302368,0.7149574160575867,0.23482467234134674,0.5516199469566345,0.5602887272834778,0.21986763179302216,-0.26877957582473755,0.36900773644447327,0.5465484857559204,0.33028846979141235,0.6633915901184082,-0.6363081336021423
5754.0,115.07900000000004,26.351948319048034,294.6743742435025,386.5459981474063,510531.12032351794,26.351975000000014,294.54951200000016,386.5459900000001,510626.7794840002,0.0008911492402381,-9.602064828117143,-0.0002736001075277,19200.000000000007,2.668095197053205e-05,-6.234082652836042e-05,-8.148317131641491e-06,0.0,-0.008304345910793,1.1558938786714417,-9.569580088312922,0.3621383807991403,0.0144008930911335,-2.132299554707086,19199.91353256936,102.92890382406948,0.002,3.353694527318368,-1.7794032670338509,-1.0363027361270345,6.0,10.0,180.0,0.3808900177718787,-4.508298726580119,-0.0703129222790556,-3.3002000263087914,-654.5517547243979,-372.3875323292985,167.11215285389136,753.0675087742957,577.7250000000001,0.3808900177718787,0.6525794267654419,0.5586817264556885,0.6128435134887695,0.5142211318016052,0.5397816896438599,0.5396376252174377,0.5421524047851562,0.7558232545852661,0.6487959623336792,0.5311455130577087,0.5668062567710876,0.5527364611625671,0.6164227724075317,0.6356703042984009,0.7097948789596558,0.6154050230979919,-1.5520824193954468,0.589443564414978,0.5655819177627563,0.6031723022460938,0.6490320563316345,0.7787112593650818,0.5795989632606506,0.5837615132331848,0.729103684425354,0.8180961012840271,0.6489935517311096,0.8084428310394287,0.8348596096038818,0.7109280824661255,0.24577869474887848,0.5506837368011475,0.5581191182136536,0.20723436772823334,-0.24240565299987793,0.3792065978050232,0.546919047832489,0.3324137330055237,0.7031840682029724,-0.6420432329177856
5755.0,115.09900000000002,26.35198823097356,294.48221097139015,386.5460079191633,510915.1211007792,26.351975000000014,294.3575120000001,386.5459900000001,511010.7794840002,-0.0004438443371082,-9.596637560493466,-0.0005947019138109,19200.000000000007,-1.3230973543170284e-05,0.0001009320729829,-1.7920399507063036e-05,0.0,0.0031776846581281,-0.5438977157492462,-9.595948409030214,2.443669288521124,0.002234946849299,-2.862810848898868,19200.15498022263,-17.170563499080224,0.002,3.4311256121032376,-1.7234738571679027,-1.0581245090672096,6.0,10.0,180.0,0.3798918934085207,-4.498559248582418,-0.0712917312826784,-3.300701676048376,-654.413377362199,-372.8337661646492,167.13557642694568,753.1682543871478,577.7250000000001,0.3798918934085207,0.651390790939331,0.5702501535415649,0.6237289905548096,0.5212498903274536,0.5538443326950073,0.5506768226623535,0.5553529262542725,0.7677437663078308,0.6630319356918335,0.5425165891647339,0.5777325630187988,0.5625084042549133,0.6262900829315186,0.6453871726989746,0.7006939649581909,0.6235272884368896,-1.5722205638885498,0.6168995499610901,0.5767418742179871,0.6232999563217163,0.6543766856193542,0.7915549874305725,0.5817319750785828,0.5864474773406982,0.735176682472229,0.8219252824783325,0.6514049172401428,0.8113749027252197,0.8403551578521729,0.7151076793670654,0.23579718172550201,0.556154727935791,0.56756991147995,0.22457073628902435,-0.2296331226825714,0.3761599361896515,0.5539007186889648,0.34180909395217896,0.6832768321037292,-0.6482322216033936
5756.0,115.11900000000006,26.35206733345703,294.2906004710157,386.5460136831024,511299.1214657305,26.351975000000014,294.1655120000001,386.5459900000001,511394.7794840002,-0.0030805878618255,-9.60962269579413,-0.0007853527812902,19200.000000000007,-9.2333457018442e-05,-0.0002885703126636,-2.368335229235076e-05,0.0,0.0102707708212481,1.7756086497610697,-9.581040261251172,-2.62514139318046,-0.0095250874122845,-2.8119668751104987,19200.13654719715,73.06821858166491,0.002,3.403214966087579,-1.700632519938728,-1.0242044657847944,6.0,10.0,180.0,0.3872022298818237,-4.480949125557508,-0.0742320730856297,-3.2966271743658817,-654.0351886810995,-373.05988308232463,167.08478821347285,752.9516271935739,577.7250000000001,0.3872022298818237,0.6540108919143677,0.548431396484375,0.6046085357666016,0.5063061118125916,0.5298415422439575,0.5348231792449951,0.528724730014801,0.7481520771980286,0.6350376009941101,0.5210070610046387,0.5587445497512817,0.5440036058425903,0.6091436743736267,0.6287885308265686,0.7205620408058167,0.6117163896560669,-1.4503254890441895,0.5564815402030945,0.5573234558105469,0.5859373807907104,0.6425136923789978,0.7661231160163879,0.5806198120117188,0.5814105272293091,0.7251647710800171,0.8189612030982971,0.6486037373542786,0.8032894134521484,0.831024169921875,0.7075375318527222,0.22784127295017242,0.5431672930717468,0.547412097454071,0.19206103682518005,-0.2303992509841919,0.3834203779697418,0.5407944321632385,0.32435065507888794,0.7251191735267639,-0.6388734579086304
5757.0,115.13900000000004,26.3520998125666,294.0982655545391,386.54601070128126,511683.12441027735,26.351975000000014,293.9735120000001,386.5459900000001,511778.7794840002,-0.0041568150144024,-9.598453444869172,-0.0006918986841971,19200.000000000007,-0.0001248125665893,4.644399475352619e-05,-2.070102672946851e-05,0.0,-0.0122257704809179,0.2932336291347273,-9.5959510276943,4.269329185736734,0.0033916874029739,-2.1379872827986133,19200.2375706652,-60.02520482512396,0.002,3.4181792830251734,-1.731079164383941,-1.0433304158240173,6.0,10.0,180.0,0.4067188186455477,-4.555565526765619,-0.0722772621624775,-3.2720292129409594,-654.4530943405498,-372.6424415411623,167.12139410673643,753.107813596787,570.3000000000001,0.4067188186455477,0.6482523679733276,0.5692462921142578,0.6189876794815063,0.5204674005508423,0.5518600940704346,0.545671284198761,0.5567751526832581,0.7653735280036926,0.658504843711853,0.5443099141120911,0.574930727481842,0.5604699850082397,0.6228548288345337,0.640859067440033,0.6738978624343872,0.6143001317977905,-1.7271506786346436,0.6364632844924927,0.5730210542678833,0.6234137415885925,0.6535857915878296,0.786846935749054,0.5741592049598694,0.5874224901199341,0.7270958423614502,0.8142663240432739,0.6501246094703674,0.8132071495056152,0.8367629051208496,0.7107373476028442,0.22591449320316315,0.5559743642807007,0.5674527287483215,0.22503577172756195,-0.2741704285144806,0.3736385107040405,0.5526942610740662,0.33704251050949097,0.6818814277648926,-0.6672911047935486
5758.0,115.15900000000002,26.35203017121949,293.9066990436804,386.5460293794139,512067.1252461391,26.351975000000014,293.781512,386.5459900000001,512162.7794840002,-0.0018405949875272,-9.61290967377412,-0.0013443251949205,19200.000000000007,-5.5171219474718365e-05,-0.0003872443008324,-3.9379377445306e-05,0.0,0.0070887266260216,2.318622186832773,-9.606675415410802,-9.094990637895204,-0.0080477703041105,-0.1881119877486941,19199.963155684185,-0.0821604062345329,0.002,3.40038193200691,-1.6622676011221644,-1.0426779991386377,6.0,10.0,180.0,0.4052666249836669,-4.506765158572843,-0.0761689649801925,-3.2591857442793155,-654.4130471702749,-373.2697207705812,167.18569705336822,753.3834067983935,570.3000000000001,0.4052666249836669,0.6553827524185181,0.5401842594146729,0.5915700197219849,0.5092009902000427,0.5159862041473389,0.5304920673370361,0.5032719373703003,0.7387716770172119,0.6087651252746582,0.5180320739746094,0.5482256412506104,0.5334367752075195,0.6004835367202759,0.6210089325904846,0.7550761699676514,0.6081995964050293,-1.314363718032837,0.5066215991973877,0.5472763180732727,0.5470157265663147,0.623284637928009,0.744111955165863,0.5852749943733215,0.5756357908248901,0.7128699421882629,0.8240403532981873,0.6480762362480164,0.7944515943527222,0.8258774876594543,0.6966660022735596,0.19961108267307281,0.5370633602142334,0.5383672714233398,0.1538173407316208,-0.24509605765342712,0.3983377516269684,0.5353202223777771,0.3134036660194397,0.8146541714668274,-0.7054706811904907
5759.0,115.17900000000004,26.352009481072333,293.714209859914,386.5459872363394,512451.12530021154,26.351975000000014,293.5895120000001,386.5459900000001,512546.7794840002,-0.0011196763312386,-9.596598108154172,9.23342705906734e-05,19200.000000000007,-3.448107232775784e-05,0.000102042322652,2.7636278466198525e-06,0.0,0.0002512893798216,1.838768032454973,-9.603274635296597,-1.6492973285663624,-0.0068440659129119,-0.3621916539399851,19200.085201215505,-17.2434369977833,0.002,3.357706815261748,-1.7367881996001682,-1.0114937296566515,6.0,10.0,180.0,0.4087280747493153,-4.489290991012551,-0.0756765571569468,-3.2679102367120523,-654.4855235851375,-373.2933603852906,167.20334852668412,753.4582033991967,570.3000000000001,0.4087280747493153,0.6509827375411987,0.551780104637146,0.6025503873825073,0.5126304626464844,0.5305187106132507,0.533211350440979,0.5308135151863098,0.7507104277610779,0.6362257599830627,0.5294824242591858,0.5582999587059021,0.544707179069519,0.6087778806686401,0.6278796792030334,0.7086224555969238,0.6072534322738647,-1.6079349517822266,0.5761421322822571,0.5570191144943237,0.5826751589775085,0.642434298992157,0.7652579545974731,0.5779762864112854,0.5808437466621399,0.7189235687255859,0.8165004849433899,0.6470116376876831,0.8051246404647827,0.8273168802261353,0.7027310729026794,0.2564488649368286,0.5447870492935181,0.5513848662376404,0.18756966292858124,-0.27857211232185364,0.3821757733821869,0.5412386059761047,0.3213023543357849,0.7400079369544983,-0.6874658465385437
5760.0,115.19900000000004,26.35195415981057,293.52225491245065,386.54600860664766,512835.1267657153,26.351975000000014,293.3975120000001,386.5459900000001,512930.7794840002,0.0007288443143579,-9.598103974236883,-0.0006227976843108,19200.000000000007,2.084018943099089e-05,5.679039143975111e-05,-1.8606595596280663e-05,0.0,0.0002103584502113,0.731301464375316,-9.608451756983424,-1.642793060748685,-0.0019553162732923,1.2758615092178966,19200.051857943905,-68.67900059207732,0.002,3.3900816199349544,-1.7461277075552804,-1.044492693233552,6.0,10.0,180.0,0.406772407536465,-4.5185505684683305,-0.0766533456687089,-3.252559672541825,-654.5822617925687,-373.38768019264535,167.23367426334207,753.5891016995984,577.7250000000001,0.406772407536465,0.6524156928062439,0.5586127042770386,0.6111186146736145,0.5206018090248108,0.5361295938491821,0.5376812219619751,0.5330276489257812,0.7583996057510376,0.6444476842880249,0.5352814197540283,0.5637079477310181,0.5513377785682678,0.6152389049530029,0.6355153322219849,0.7346400022506714,0.6173954010009766,-1.4775938987731934,0.5771130323410034,0.564327597618103,0.5880352854728699,0.6450472474098206,0.7783562541007996,0.5836517214775085,0.5796449184417725,0.7297618985176086,0.8235069513320923,0.6469916701316833,0.8055300712585449,0.833367109298706,0.7078922986984253,0.28393805027008057,0.5487410426139832,0.5585295557975769,0.19018472731113434,-0.2539583742618561,0.38003262877464294,0.5442535877227783,0.3278324604034424,0.7326661944389343,-0.6880561113357544
5761.0,115.21900000000002,26.35196992491559,293.3305943175836,386.5459989536853,513219.1265808223,26.351975000000014,293.2055120000001,386.5459900000001,513314.7794840002,0.0002020979785923,-9.609416301156502,-0.0003025598148627,19200.000000000007,5.075084423358803e-06,-0.000282420367083,-8.953712758172088e-06,0.0,0.0156524453707518,-1.532417590333116,-9.576658804219004,-2.80903903720733,-0.0026801106705072,0.0745521902684397,19199.99951204801,8.649576327474165,0.002,3.2905065647836174,-1.780831015038477,-1.0130523984544713,6.0,10.0,180.0,0.4018578135447656,-4.487760930044701,-0.0800704672823803,-3.259239647734289,-653.9656308962844,-373.45134009632267,167.11533713167103,753.0850508497992,577.7250000000001,0.4018578135447656,0.6526694297790527,0.5675649642944336,0.6201623678207397,0.5281615257263184,0.5472394227981567,0.5498312711715698,0.5391058921813965,0.7662539482116699,0.6504720449447632,0.5426547527313232,0.5752684473991394,0.5600111484527588,0.6261594891548157,0.6472194194793701,0.7497260570526123,0.6312087774276733,-1.3788058757781982,0.5782825350761414,0.5760140419006348,0.5956136584281921,0.6458165049552917,0.7840976119041443,0.591463029384613,0.5794318914413452,0.7333182692527771,0.8321091532707214,0.6494380831718445,0.8039103746414185,0.8412550091743469,0.7090436220169067,0.27850115299224854,0.5533630847930908,0.5664862394332886,0.19664104282855988,-0.21729466319084167,0.38602444529533386,0.5518943667411804,0.34005439281463623,0.7497492432594299,-0.702637791633606
5762.0,115.23900000000005,26.351952145563097,293.1385998278171,386.5459796962744,513603.1223744725,26.351975000000014,293.0135120000001,386.5459900000001,513698.7794840002,0.0007628050627938,-9.609602224328247,0.0003469657651484,19200.000000000007,2.2854436908587693e-05,-0.0002881363388037,1.030334497164939e-05,0.0,-0.0085386248982191,-1.94973871290575,-9.6256914932227,3.654695639324393,-0.0007498390793251,1.3373796872395882,19199.46547242728,-25.668375634362963,0.002,3.3606721470542427,-1.824251717054524,-1.0315557230388548,6.0,10.0,180.0,0.4047851405554757,-4.480996894695809,-0.0781268052874791,-3.30384604603236,-654.6933154481422,-373.4506700481613,167.2631685658355,753.7165254248996,570.3000000000001,0.4047851405554757,0.6475096940994263,0.5803629755973816,0.628942608833313,0.537879228591919,0.5624412298202515,0.555169939994812,0.5610767602920532,0.7788100838661194,0.6720964908599854,0.5615459084510803,0.5843713879585266,0.5705832242965698,0.6333914399147034,0.6526267528533936,0.701191782951355,0.6271413564682007,-1.6592588424682617,0.64853835105896,0.5846819877624512,0.6250118613243103,0.6554375290870667,0.7990414500236511,0.5822133421897888,0.5846244096755981,0.7318100929260254,0.8252686858177185,0.6499459743499756,0.8132455348968506,0.8424558639526367,0.7110741138458252,0.2764577865600586,0.5621466040611267,0.580508291721344,0.22195307910442352,-0.2743912935256958,0.37478378415107727,0.5589657425880432,0.34499049186706543,0.7068713903427124,-0.7285997867584229
5763.0,115.25900000000006,26.35189726839512,292.9468304018225,386.5460430064908,513987.1233435835,26.351975000000014,292.8215120000001,386.5459900000001,514082.7794840002,0.0025889655240716,-9.617292966156771,-0.0017689816555459,19200.000000000007,7.773160489271482e-05,-0.000518706213761,-5.300642180525821e-05,0.0,0.0143952943033945,0.8007251513879684,-9.573726062404678,0.1279232864808762,-0.0058532176838219,-1.4624326812923547,19200.426620130504,-12.937499662399722,0.002,3.35574372917682,-1.7528350283338632,-1.0349539394733331,6.0,10.0,180.0,0.3901203417705284,-4.452623792149638,-0.0844876039228367,-3.29304157675571,-654.0091577240712,-373.3893350240807,167.11708428291774,753.0922627124498,562.8750000000001,0.3901203417705284,0.6472629308700562,0.5572142601013184,0.6051671504974365,0.5152278542518616,0.5384067296981812,0.5380024313926697,0.5420188903808594,0.7550250887870789,0.640876293182373,0.5363118052482605,0.5653127431869507,0.5495579242706299,0.6142380833625793,0.6325075030326843,0.6838407516479492,0.6084364652633667,-1.746877908706665,0.6034946441650391,0.5629113912582397,0.5936536192893982,0.6452385783195496,0.7661641240119934,0.5754299163818359,0.582362711429596,0.7120456695556641,0.8143699765205383,0.6480475068092346,0.8066973090171814,0.8280835747718811,0.7001105546951294,0.23010767996311188,0.5476047396659851,0.5571975708007812,0.19836720824241638,-0.2954738140106201,0.381707102060318,0.5458528399467468,0.3264155387878418,0.738645613193512,-0.7104305624961853
5764.0,115.27900000000002,26.352048927309983,292.7546236417526,386.5459407097406,514371.1277925919,26.351975000000014,292.62951200000003,386.5459900000001,514466.7794840002,-0.0024619398749743,-9.610393074735333,0.0016483341731408,19200.000000000007,-7.392730997556674e-05,-0.0003119369937708,4.9292191494240686e-05,0.0,-0.0056046464829828,-2.932457309917255,-9.64917157877302,0.2447811756499963,0.0005041172790137,1.518276700598485,19199.690573996737,-85.94194334139877,0.002,3.324251974708231,-1.7536776535367316,-1.025665793650456,6.0,10.0,180.0,0.4052554455902455,-4.537530498715077,-0.0835049119100953,-3.263797112790097,-654.9260788620356,-373.8971675120403,167.36204214145886,754.1401313562249,556.5750000000002,0.4052554455902455,0.6459020376205444,0.5829395055770874,0.6248844265937805,0.5451141595840454,0.5644645690917969,0.5628830194473267,0.5602559447288513,0.7782421708106995,0.6623983383178711,0.5702426433563232,0.5865286588668823,0.5695916414260864,0.6348539590835571,0.6538053750991821,0.7019621729850769,0.6280062198638916,-1.7304301261901855,0.6404986381530762,0.5857313871383667,0.6087578535079956,0.6502200961112976,0.786783754825592,0.5871873497962952,0.5832698941230774,0.7193670868873596,0.8308390378952026,0.6511632204055786,0.8112998008728027,0.8397359251976013,0.7014011144638062,0.3172718286514282,0.5620664358139038,0.5809926390647888,0.20709069073200226,-0.2996034026145935,0.38816705346107483,0.5622437000274658,0.34453749656677246,0.7771315574645996,-0.8037378191947937
5765.0,115.29900000000004,26.35195902882067,292.56253607907985,386.54601260681454,514755.12760528026,26.351975000000014,292.4375120000001,386.5459900000001,514850.7794840002,0.0005363010792324,-9.607474394787864,-0.0007537891332876,19200.000000000007,1.5971179340740887e-05,-0.0002240729378141,-2.260436784488978e-05,0.0,-0.0053639433039263,-1.8316831421427835,-9.575927589127229,-2.92678478288933,-0.0016854743564367,0.4313523503251488,19200.08620985884,77.2881985566887,0.002,3.183066267705384,-1.751413253841893,-1.0320655879071974,6.0,10.0,180.0,0.4009206619127097,-4.465387858592452,-0.0829969345185405,-3.2571801701199234,-654.5360394310178,-372.97358375602016,167.17652107072945,753.3440656781124,546.5250000000001,0.4009206619127097,0.6446925401687622,0.5739219188690186,0.6104989051818848,0.5374600291252136,0.5522041320800781,0.5548801422119141,0.5465348958969116,0.7646968364715576,0.64272141456604,0.5594488382339478,0.5786735415458679,0.5595005750656128,0.62639981508255,0.6450493335723877,0.6963226199150085,0.619336724281311,-1.8561184406280518,0.6145070791244507,0.5757648944854736,0.5853949189186096,0.640253484249115,0.7620936036109924,0.5851175785064697,0.5805962085723877,0.7020012140274048,0.8262203335762024,0.6497838497161865,0.8051718473434448,0.8353396654129028,0.6922560334205627,0.28146255016326904,0.5567286610603333,0.571306586265564,0.18859601020812988,-0.3192674517631531,0.3996818959712982,0.5583400130271912,0.3372058868408203,0.828746497631073,-0.8216524124145508
5766.0,115.31900000000005,26.35188564655464,292.3703406546384,386.5459450287424,515139.13051556953,26.351975000000014,292.2455120000001,386.5459900000001,515234.7794840002,0.0029841080136349,-9.600959414678757,0.0014673686341192,19200.000000000007,8.935344536996267e-05,-2.8754307770234007e-05,4.517110447586133e-05,0.0,-0.0082986918369946,-1.892758318490381,-9.629171480905969,7.501113543907751,-1.230308479433992e-06,4.457753389247451,19199.99908007324,8.655063598177515,0.002,3.2093463043054618,-1.862504501551652,-1.0130613964880084,6.0,10.0,180.0,0.3877545258171274,-4.50059188846408,-0.0815329465564513,-3.2392294802252755,-655.010519715509,-373.2717918780101,167.30726053536472,753.9040328390563,541.95,0.3877545258171274,0.6358638405799866,0.5796427726745605,0.6197218894958496,0.5476904511451721,0.5660902261734009,0.5512830018997192,0.5679073333740234,0.7744830846786499,0.6597274541854858,0.5803769826889038,0.5851578712463379,0.5707181692123413,0.6320863366127014,0.648547887802124,0.6326518654823303,0.6104691028594971,-2.0180320739746094,0.713262677192688,0.5831089615821838,0.6228398680686951,0.6520645022392273,0.7894756197929382,0.5647876858711243,0.5857031345367432,0.7046805620193481,0.812621533870697,0.647947371006012,0.8165241479873657,0.8208845853805542,0.6944360733032227,0.2291935831308365,0.5647251605987549,0.5886929631233215,0.2198646515607834,-0.4109070301055908,0.3728835880756378,0.5614659786224365,0.33728522062301636,0.7405264973640442,-0.8526837229728699
5767.0,115.33900000000004,26.351638587893365,292.1786590501903,386.5460255479028,515523.1282353468,26.351975000000014,292.05351200000007,386.5459900000001,515618.7794840002,0.0112139799621813,-9.611593810730508,-0.0011774641277924,19200.000000000007,0.0003364121066459,-0.0003470535698597,-3.55504271726226e-05,0.0,-0.0031907916358196,2.563116488516461,-9.570811921207913,2.500679397614056,0.0033841735258826,1.156300420070837,19200.11812161956,85.86577050655711,0.002,3.3183735162325947,-1.86827468315082,-1.0323021279707094,6.0,10.0,180.0,0.351064938415467,-4.4682109338087495,-0.0839954657470315,-3.245829542102567,-654.4772598577545,-372.652395939005,167.12763026768238,753.1340164195282,537.9750000000001,0.351064938415467,0.6382718682289124,0.5534518957138062,0.5886120796203613,0.5163742303848267,0.5310238003730774,0.5261580348014832,0.5365262031555176,0.7475084662437439,0.6183984279632568,0.5430582165718079,0.5570052266120911,0.5415958762168884,0.6042181253433228,0.6198112368583679,0.6221285462379456,0.5851091742515564,-2.1523454189300537,0.6430432796478271,0.5519067049026489,0.5800909399986267,0.6410821080207825,0.75026935338974,0.5576062798500061,0.5824366807937622,0.6824790239334106,0.7996319532394409,0.6441532373428345,0.8092859983444214,0.8110620379447937,0.6827258467674255,0.2171555906534195,0.5459972620010376,0.5559281706809998,0.18697525560855865,-0.4234083294868469,0.38188236951828003,0.5427201390266418,0.3118114471435547,0.7737422585487366,-0.7996524572372437
5768.0,115.35900000000004,26.35202553747961,291.98672661550324,386.5459757523025,515907.1337954826,26.351975000000014,291.86151200000006,386.5459900000001,516002.7794840002,-0.0016561631048352,-9.613830638440843,0.0004765215745171,19200.000000000007,-5.053747960609107e-05,-0.0004149178521138,1.4245965386228043e-05,0.0,0.0043629226298025,-2.8635550340932907,-9.619857446129602,-0.5449712573985032,0.0090241098586102,0.3680840462629859,19200.100877232548,-60.11579122337086,0.002,3.376245014495288,-1.780981166223989,-1.0513539850984637,6.0,10.0,180.0,0.3651851573104402,-4.512191087842291,-0.0869269075596623,-3.2150708997164146,-654.6286299288772,-373.3926979695025,167.2438151338412,753.6320082097641,537.9750000000001,0.3651851573104402,0.6408500075340271,0.5806810855865479,0.6149681210517883,0.5443183183670044,0.5628340244293213,0.5626989603042603,0.5603253245353699,0.7718384265899658,0.6489277482032776,0.5728593468666077,0.5855346322059631,0.5650523900985718,0.6317875981330872,0.6491527557373047,0.6672496795654297,0.6190785765647888,-1.9857373237609863,0.650652289390564,0.5820000767707825,0.5981707572937012,0.6452172994613647,0.7668585777282715,0.5808743238449097,0.5835682153701782,0.6971856355667114,0.8260050415992737,0.65114426612854,0.8093374967575073,0.8332666754722595,0.6905032396316528,0.28489983081817627,0.5602753162384033,0.5786296725273132,0.19978927075862885,-0.3489452302455902,0.3969216048717499,0.5631421208381653,0.34011101722717285,0.8232917189598083,-0.8622724413871765
5769.0,115.37900000000003,26.35205497207664,291.79454093260046,386.545977565324,516291.1314465023,26.351975000000014,291.66951200000005,386.5459900000001,516386.7794840002,-0.0026658287862804,-9.607639437228643,0.0004139263573374,19200.000000000007,-7.997207663484043e-05,-0.0002290316973595,1.2434540360953038e-05,0.0,0.0024589156686095,2.074296827620141,-9.598857027244016,-0.7878965787749159,0.008808218747049,-0.4875985701860211,19200.01625909114,68.60118145286404,0.002,3.345592585295589,-1.763786658492324,-1.0144911912272112,6.0,10.0,180.0,0.3744892450636697,-4.4684220754525175,-0.0849480186323257,-3.2243271183458417,-654.5003149644385,-373.3598489847512,167.2139075669206,753.504004104882,535.0500000000001,0.3744892450636697,0.640234649181366,0.5529329776763916,0.5869802236557007,0.515920102596283,0.5308713912963867,0.5327548384666443,0.5329523682594299,0.746013879776001,0.6141732931137085,0.5425449013710022,0.5570143461227417,0.5389986038208008,0.60386061668396,0.6195618510246277,0.6329519748687744,0.5878217220306396,-2.143670082092285,0.6191555261611938,0.5513228178024292,0.5709890723228455,0.635733425617218,0.7384827136993408,0.5652284026145935,0.5820932388305664,0.6797343492507935,0.8058357834815979,0.6464332342147827,0.806785523891449,0.8157098293304443,0.6805656552314758,0.22095657885074615,0.5436362624168396,0.5515679717063904,0.1784466952085495,-0.4045490026473999,0.3911038339138031,0.5433326959609985,0.3118387460708618,0.8094654679298401,-0.8135503530502319
5770.0,115.39900000000004,26.35206270294981,291.60198798235353,386.5460059138269,516675.1322980801,26.351975000000014,291.4775120000049,386.5459900000001,516770.7794840002,-0.0029171994881554,-9.589203039633125,-0.0005292584172083,19200.000000000007,-8.770294980007536e-05,0.0003240194278419,-1.5913519387209153e-05,0.0,-0.0102370311286809,1.0879308798879035,-9.61791994821482,3.108043278833452,0.0080469509579234,-2.624656324932156,19200.18903115365,8.57514137852476,0.002,3.3390448973282143,-1.8172076868817968,-1.0166758760607175,6.0,10.0,180.0,0.3847810136059195,-4.511842779957807,-0.0825005917702802,-3.22688419626213,-654.9001574822192,-373.2159244923756,167.2784537834603,753.780002052441,529.8000000000001,0.3847810136059195,0.6378916501998901,0.5658301711082458,0.5967912673950195,0.5210607647895813,0.5472286343574524,0.5443498492240906,0.5523067712783813,0.7559027671813965,0.6239495277404785,0.5551495552062988,0.5689415335655212,0.5489720106124878,0.6129354238510132,0.6271277666091919,0.5953969955444336,0.5897954702377319,-2.2000417709350586,0.6642458438873291,0.5615450143814087,0.5980963110923767,0.6445769667625427,0.7516401410102844,0.5618361830711365,0.5886011123657227,0.679724931716919,0.8042831420898438,0.6498376131057739,0.8137804269790649,0.816220760345459,0.6845875382423401,0.20161153376102448,0.5511478185653687,0.5612989068031311,0.20487795770168304,-0.42112860083580017,0.38804152607917786,0.5523526072502136,0.3216997981071472,0.780479907989502,-0.8117098808288574
5771.0,115.41900000000004,26.352026962107693,291.4101100982825,386.5460334314672,517059.1332876075,26.351974999998912,291.2855120000409,386.5459900000001,517154.7794840002,-0.0017402334955298,-9.593275735578208,-0.0014445892380453,19200.000000000007,-5.196210767202732e-05,0.0002017008848029,-4.343067110460069e-05,0.0,-0.0002505242749689,0.1944688664843797,-9.580582503450284,0.8002538869316819,-0.0031796519873562,-2.9945610395181554,19200.08473542495,47.315980397335125,0.002,3.354523845999478,-1.748601336935974,-1.0441287411781592,6.0,10.0,180.0,0.3852633276774845,-4.475984064463605,-0.0869248776499577,-3.219724476031543,-654.4775787411096,-372.88346224618783,167.15422689173016,753.2485010262205,527.325,0.3852633276774845,0.6380319595336914,0.5660268068313599,0.5965441465377808,0.5234609246253967,0.5480129718780518,0.5476437211036682,0.5494697093963623,0.7551430463790894,0.62255859375,0.5553424954414368,0.5718371868133545,0.5499903559684753,0.6157180070877075,0.6306370496749878,0.610005795955658,0.5953394174575806,-2.198418378829956,0.6507316827774048,0.5642760992050171,0.5907567739486694,0.6403383612632751,0.7445276379585266,0.5660400986671448,0.5862929821014404,0.6761142015457153,0.8087345957756042,0.6502476930618286,0.8099746704101562,0.8204240798950195,0.6818779110908508,0.20021940767765045,0.5515910983085632,0.5622076392173767,0.19835521280765533,-0.4028034806251526,0.3961498439311981,0.5546799898147583,0.32514452934265137,0.8130112290382385,-0.8293344974517822
5772.0,115.43900000000004,26.35197454972635,291.2178419254711,386.5459951889847,517443.1331440823,26.351974999983234,291.0935120000852,386.5459900000001,517538.7794840002,1.4811160095256572e-05,-9.584331615653891,-0.0001738638312692,19200.000000000007,4.502708008077113e-07,0.0004700724077957,-5.187693021331427e-06,0.0,0.0012192339102257,2.681391307153661,-9.598135405675198,2.374314361878943,-0.0060915205963092,-0.8567844431379917,19200.100478160537,-51.48762689556238,0.002,3.313652319001793,-1.7604825371195882,-1.0090064193563806,6.0,10.0,180.0,0.38718913623366,-4.569696652028208,-0.0874278997644788,-3.221268347251243,-654.4397893705548,-373.0507311230939,167.16561344586506,753.2982505131102,535.7250000000001,0.38718913623366,0.6385963559150696,0.5525453090667725,0.5876728296279907,0.5122632384300232,0.5321420431137085,0.5291350483894348,0.5380401611328125,0.746637761592865,0.6153528094291687,0.5415546298027039,0.5568349361419678,0.5399031639099121,0.603022575378418,0.6179354786872864,0.6088484525680542,0.5827916860580444,-2.1755053997039795,0.6415510773658752,0.5506527423858643,0.582709550857544,0.641133725643158,0.7461672425270081,0.5576029419898987,0.5845574140548706,0.6796605587005615,0.7991294264793396,0.646006166934967,0.8096922039985657,0.8122079372406006,0.6830758452415466,0.20353330671787262,0.5443253517150879,0.5523015856742859,0.19065459072589874,-0.41945239901542664,0.38334783911705017,0.5427775979042053,0.3107934594154358,0.7712333798408508,-0.7895480394363403
5773.0,115.45900000000005,26.352004823690766,291.0260402227604,386.5460107834656,517827.1328674932,26.35197499993195,290.9015120000682,386.5459900000001,517922.7794840002,-0.0009969063163673,-9.590943017500829,-0.0006876980812201,19200.000000000007,-2.9823715555629075e-05,0.0002715776044083,-2.068253270551228e-05,0.0,-0.007828053237922,0.6751756049973953,-9.58839777510795,-5.069708860776392,0.0031841723488607,-1.5247655394241255,19200.118638929427,34.2534058332601,0.002,3.297578102192122,-1.811876652612955,-1.0103379098829477,6.0,10.0,180.0,0.3950083314095409,-4.511252880144694,-0.085453692535457,-3.21971182775074,-654.4838946852774,-372.6673655615469,167.13030672293252,753.1471252565551,533.8500000000001,0.3950083314095409,0.6433140635490417,0.5578916668891907,0.5908204317092896,0.5228862762451172,0.5357226133346558,0.5456845760345459,0.5313625335693359,0.7474391460418701,0.6151210069656372,0.5458446145057678,0.5634099841117859,0.5426472425460815,0.6099424362182617,0.626832127571106,0.6650658249855042,0.599237322807312,-2.0687315464019775,0.591305136680603,0.5576214790344238,0.5626521110534668,0.6280412077903748,0.7321329712867737,0.5785825848579407,0.5808054208755493,0.6805329322814941,0.8166013956069946,0.6489483714103699,0.8016620874404907,0.8241065740585327,0.6840342283248901,0.22277189791202545,0.5468670129776001,0.5538496375083923,0.17060287296772003,-0.3583986163139343,0.40683528780937195,0.5496270060539246,0.32006311416625977,0.861893355846405,-0.8293247222900391
5774.0,115.47900000000004,26.35192106406793,290.83451075157893,386.5460251144531,518211.1341422336,26.35197499991016,290.7095120000019,386.5459900000001,518306.7794840002,0.0017999837726265,-9.606630390726044,-0.0012042560275667,19200.000000000007,5.393585702089217e-05,-0.0001988479029437,-3.511451350237336e-05,0.0,0.008049211011543,1.581142202865756,-9.551742558627732,-2.5619924314279885,-0.0039041065148498,1.2257144943500042,19199.845210260224,-55.81260060410135,0.002,3.347139094838535,-1.7912051059746392,-1.0280683537121131,6.0,10.0,180.0,0.3838035021235809,-4.445869747034424,-0.0893365925422775,-3.217176249733287,-653.7774473426387,-372.4301827807735,166.95915336146626,752.4160626282776,535.1250000000001,0.3838035021235809,0.6398146748542786,0.5514638423919678,0.5855863094329834,0.5196294784545898,0.5278083086013794,0.5299562811851501,0.5265156030654907,0.7445403337478638,0.6131302118301392,0.541363000869751,0.5569437146186829,0.5393877029418945,0.6048928499221802,0.6218003034591675,0.6555644869804382,0.5920225381851196,-2.11948299407959,0.6061906814575195,0.5522390604019165,0.5603688955307007,0.6303168535232544,0.7350764870643616,0.5670777559280396,0.5772045254707336,0.678860604763031,0.8083636164665222,0.6444318294525146,0.8021591305732727,0.8150001764297485,0.6777252554893494,0.22439821064472198,0.5439032316207886,0.5532620549201965,0.16761253774166107,-0.38845381140708923,0.39578840136528015,0.5432921051979065,0.3125755190849304,0.8351178765296936,-0.8325286507606506
5775.0,115.49900000000004,26.351983364232343,290.6429795298044,386.54598716248495,518595.1331421697,26.35197500005929,290.51751144747016,386.5459900000001,518690.7794840002,-0.0002821596547081,-9.622355413247188,9.151745369222528e-05,19200.000000000007,-8.364370609659479e-06,-0.0006676357757481,2.936468065003718e-06,0.0,0.0144286718654913,1.5935167950561075,-9.625039275095777,-9.713868917166264,-0.0075855926787839,-0.3623815358951607,19200.0852729846,-34.30536117382271,0.002,3.3622165669074904,-1.813157753339339,-1.0223805712508849,6.0,10.0,180.0,0.3857569300070956,-4.49260544454243,-0.0917742358723083,-3.2192518398351018,-654.1432236713193,-373.70909139038673,167.18107668073313,753.3675313141388,530.2500000000001,0.3857569300070956,0.6441794633865356,0.5450942516326904,0.5771420001983643,0.5170266628265381,0.5201196670532227,0.5428363084793091,0.511345624923706,0.7371190786361694,0.5946376323699951,0.5365554094314575,0.5499977469444275,0.5292801856994629,0.5982242226600647,0.6156517267227173,0.6839342713356018,0.5920709371566772,-2.0121593475341797,0.5470828413963318,0.5447426438331604,0.5327581167221069,0.6126616597175598,0.7113582491874695,0.5798575282096863,0.576702892780304,0.6690444946289062,0.8183242678642273,0.6483700275421143,0.7918236255645752,0.8163381814956665,0.6796454191207886,0.16017819941043854,0.5366718769073486,0.5404173731803894,0.14073504507541656,-0.36297985911369324,0.4132041335105896,0.5402511954307556,0.30557411909103394,0.9113728404045105,-0.8619456887245178
5776.0,115.51900000000003,26.35203618315982,290.4502659979492,386.5459933227928,518979.1335239314,26.351975124829004,290.3255074665356,386.5459900000001,519074.7794840002,-0.0019795340688604,-9.598792674952463,-0.0001095477613203,19200.000000000007,-6.118324490096924e-05,4.435689584372783e-05,-3.324031987301888e-06,0.0,-0.0017097993640882,-0.6106839629776816,-9.638396607650918,2.0698895100794137,-0.001205798931566,0.7306847546480718,19200.067569378625,-34.33273225697375,0.002,3.3470146373940177,-1.7978627576205386,-1.020628764861427,6.0,10.0,180.0,0.397465389729144,-4.553114450486774,-0.0898315422209856,-3.227444200342183,-654.7921118356596,-374.0130456951933,167.34803834036654,754.0812656570694,531.9000000000001,0.397465389729144,0.637656569480896,0.5724167227745056,0.6034754514694214,0.5337949395179749,0.5526185035705566,0.5492086410522461,0.5553422570228577,0.7638357877731323,0.6346456408500671,0.566224217414856,0.574180006980896,0.5553512573242188,0.6199479103088379,0.6356378197669983,0.6259814500808716,0.6002997159957886,-2.127126693725586,0.665945827960968,0.5692172050476074,0.5949417352676392,0.6448739767074585,0.7607504725456238,0.5676609873771667,0.5850529670715332,0.6856691241264343,0.812734067440033,0.6488552093505859,0.81228107213974,0.8180812001228333,0.6846665143966675,0.248618021607399,0.5542265176773071,0.5701633095741272,0.197878897190094,-0.41437429189682007,0.38819459080696106,0.5551866292953491,0.3261341452598572,0.8012769818305969,-0.8593695163726807
5777.0,115.53900000000004,26.35204847625559,290.2580570671613,386.5459971990781,519363.1328175698,26.35197677418238,290.1335016037597,386.5459900000001,519458.7794840002,-0.0022707633615703,-9.592026565597124,-0.0002391702104126,19200.000000000007,-7.30721993660031e-05,0.0002483453648761,-7.199532407800628e-06,0.0,0.0059651820215984,-2.2480394191728896,-9.600861120908244,0.4912436097628767,0.0022065168055338,-2.138128441242091,19199.74054596628,-21.411643376603,0.002,3.329058602649642,-1.7681526004776855,-1.0261243797428912,6.0,10.0,180.0,0.4013298201820734,-4.496041031993828,-0.0893621391405591,-3.232083538068052,-654.5385559178299,-373.8245228475967,167.27501917018327,753.7676328285347,533.6250000000001,0.4013298201820734,0.6396936178207397,0.5777778625488281,0.6110923886299133,0.5363634824752808,0.5618096590042114,0.5612460374832153,0.563490629196167,0.7682276368141174,0.6420658230781555,0.5683200359344482,0.584175169467926,0.561901330947876,0.6287726163864136,0.6450313329696655,0.6392015814781189,0.6125284433364868,-2.072579860687256,0.657598614692688,0.5786064863204956,0.6029139757156372,0.6451354026794434,0.7607958912849426,0.5758804678916931,0.5866370797157288,0.6899285912513733,0.8201095461845398,0.6523094177246094,0.8111181259155273,0.8302646279335022,0.6889495849609375,0.23728491365909576,0.5579742193222046,0.574170708656311,0.20635955035686493,-0.3672733008861542,0.39613649249076843,0.5621553063392639,0.33823615312576294,0.8136676549911499,-0.8458098769187927
5778.0,115.559,26.35198998404431,290.06588060330404,386.545954023459,519747.13267481886,26.351981982079685,289.94149563577673,386.5459900000001,519842.7794840002,-8.603175939617333e-05,-9.58632884019691,0.001200043877644,19200.000000000007,-1.1731163461621195e-05,0.0004188894828932,3.5976212197988736e-05,0.0,0.0041968568526164,-1.345567987975624,-9.596718507481231,5.181790416428981,-0.0090410291826944,1.037768415119023,19200.015084338185,-17.18538123257025,0.002,3.294424420247557,-1.8396830124607555,-1.0166570814299858,6.0,10.0,180.0,0.397395134544615,-4.493363220942784,-0.0879107323955977,-3.2300321172801887,-654.396777958915,-373.6007614237983,167.22050958509163,753.5338164142673,529.0500000000002,0.397395134544615,0.6340513229370117,0.5740479230880737,0.6079404950141907,0.5376108884811401,0.5598475933074951,0.5500397086143494,0.5644200444221497,0.7665867805480957,0.6406872272491455,0.5725429058074951,0.5806809067726135,0.5617436170578003,0.6255280375480652,0.6407905220985413,0.6062639355659485,0.6016055345535278,-2.156865119934082,0.6988996267318726,0.5753847360610962,0.6095178127288818,0.6477423310279846,0.7688093185424805,0.5617297887802124,0.5861644148826599,0.6855782270431519,0.8093429207801819,0.6485554575920105,0.8142162561416626,0.8129324913024902,0.6851175427436829,0.20324762165546417,0.558429479598999,0.5782737731933594,0.21129746735095978,-0.43247470259666443,0.3828730583190918,0.5590936541557312,0.3314058184623718,0.7805351614952087,-0.8685572147369385
5779.0,115.57900000000004,26.351962351979303,289.8744735923018,386.5459940523448,520131.1334135185,26.3519880939074,289.7494899082637,386.5459900000001,520226.7794840002,0.0010487491570152,-9.606315063084889,-0.0001331154262685,19200.000000000007,2.17676556129678e-05,-0.0001802852921019,-4.053632460930611e-06,0.0,-0.0083298958878233,-1.3381101103664177,-9.606224414692663,-4.812674080319131,-0.0031792242740961,0.0005538244368681,19199.81065301918,-30.140825543995096,0.002,3.176736350033356,-1.416900798761803,-0.9687641221804388,6.0,10.0,180.0,0.3988833393609693,-4.512203769087457,-0.0893647239731208,-3.242306815768308,-654.6788889794575,-373.2153807118991,167.23325479254584,753.5879082071338,530.7000000000002,0.3988833393609693,0.6419184803962708,0.5709409713745117,0.6001156568527222,0.5367065668106079,0.548149585723877,0.5558273792266846,0.5419650077819824,0.7584397196769714,0.6277981996536255,0.5617296099662781,0.5740164518356323,0.5524231791496277,0.6203275918960571,0.6377453804016113,0.6729599237442017,0.6092104315757751,-2.0523886680603027,0.6114578247070312,0.5690512657165527,0.5698726177215576,0.6317495107650757,0.742852509021759,0.582638680934906,0.5808383822441101,0.6830586194992065,0.8238649964332581,0.6500715613365173,0.8028661012649536,0.8302562236785889,0.6848135590553284,0.26160019636154175,0.5532405972480774,0.5657432079315186,0.1750337928533554,-0.36452046036720276,0.4087517559528351,0.5571455955505371,0.32902389764785767,0.8794065117835999,-0.877560555934906
5780.0,115.59900000000002,26.35200874828977,289.6854214593685,386.5459533152663,520515.1344653877,26.351994178539428,289.5751499411423,386.5459900000001,520610.7794840002,-0.0002823194383118,-6.533599406718977,0.0012286005119837,19200.000000000007,-1.853113858347462e-05,-0.0027645814061417,3.678385275408526e-05,0.0,0.0025145418669123,-3.3637193224028565,-8.573418409600631,232.92248051818524,-0.0026843991599378,4.144114150008536,19200.01741562382,51.52521901815279,0.002,2.229976529761897,-0.2952572274973207,-0.6244721960625903,6.0,10.0,180.0,0.396000025719659,-5.486121404478188,-0.0883618040651202,-3.21977915866851,-642.2849444897288,-356.57919035594955,162.7781273962729,734.6779541035669,532.4250000000001,0.396000025719659,0.46639010310173035,0.558591902256012,0.9161674976348877,0.6209895610809326,0.7546345591545105,0.6129546165466309,0.8131754398345947,0.5835058093070984,0.7247442007064819,0.5173250436782837,0.6107615232467651,0.7360122203826904,0.6681740283966064,0.661963939666748,-0.33932414650917053,0.4563624858856201,-2.0023951530456543,1.5010135173797607,0.6758286952972412,1.232802391052246,1.0670562982559204,1.1827961206436157,0.6903155446052551,0.9199879169464111,0.5186774730682373,0.8060877323150635,1.2313164472579956,1.044196605682373,1.0001097917556763,1.239581823348999,-5.425415515899658,0.5874522924423218,0.6077724099159241,0.7874047756195068,-1.0890840291976929,-0.1269499659538269,0.5644139647483826,0.33130019903182983,-1.0322341918945312,-0.5767282843589783
5781.0,115.61900000000006,26.35090790525452,289.5765111593046,386.5462999560167,520899.1498761965,26.34799406568042,289.5077777170952,386.5459900000001,520994.7794840002,-0.7962448789516332,-2.4851412699730875,-0.0103320557789357,19200.000000000007,0.001077585798259,-0.0375103163513161,-0.0003099549252189,0.0,-0.2511648810056582,-51.38847545474832,-2.935391563905812,141.30357189592107,0.0388293200702463,3.24345229558826,19201.81872309075,193.2004900652821,0.002,2.061432913943193,0.3548240464935583,-0.556076817046242,6.0,10.0,180.0,0.6020697314087847,-5.440631701362437,-0.1049543159780006,-3.0936337239800604,-545.9699722448644,-229.2415951779748,128.69356369813644,597.8674770517835,527.9250000000001,0.6020697314087847,0.5802705883979797,0.7728421092033386,0.6894960403442383,0.6922162175178528,0.754853367805481,0.615176260471344,0.8360064029693604,0.5825564861297607,0.9184340238571167,0.7629679441452026,0.9234738349914551,0.968929648399353,0.9647383689880371,1.0130348205566406,0.49700605869293213,0.839285135269165,-2.1242167949676514,1.3884999752044678,0.989616870880127,1.1595220565795898,0.8561142086982727,1.0221446752548218,0.5638928413391113,0.6836347579956055,0.6553022861480713,0.8492946028709412,0.9392692446708679,0.8588229417800903,0.8832837343215942,0.9666757583618164,-7.157837390899658,0.8114516735076904,0.991575300693512,0.8005566596984863,-0.42857712507247925,0.336349755525589,0.8734782338142395,0.7552419900894165,-0.22651934623718262,-0.3650364577770233
5782.0,115.63900000000004,26.32627550908604,289.53537800477886,386.54674716126783,521283.2077494041,26.295992464486524,289.49958369105354,386.5459900000001,521378.7794840002,-4.91000499643543,-1.1931953840570078,-0.0252377249448194,19200.000000000007,0.0129020084070348,-0.0335668778076754,-0.000757159665151,0.0,-2.8414449603118728,-248.4278278451615,-1.2309290434286808,62.07829448882726,-0.0007423846310545,-1.468639953301028,19203.328607692783,0.0172804330653548,0.002,2.7950312938272868,1.2400157149703734,-0.7826057851888812,6.0,10.0,180.0,1.907301075812676,-5.253596484047301,-0.1909109054219608,-2.5413545425334134,-428.48848612243216,62.07520241101261,112.7972818490682,534.3117385258918,529.575,1.907301075812676,1.0023623704910278,1.7023987770080566,1.3716833591461182,1.8306630849838257,1.9212006330490112,1.591041922569275,2.0335025787353516,1.1635792255401611,1.771515130996704,1.9260371923446655,1.9339094161987305,2.027301788330078,1.8720325231552124,1.9332932233810425,1.6446444988250732,1.858477234840393,-1.0582250356674194,1.7171581983566284,2.047137975692749,1.276916265487671,1.3763023614883423,1.9800926446914673,1.1812973022460938,1.1594738960266113,1.623061180114746,1.5868629217147827,1.1814602613449097,1.0034794807434082,1.6382110118865967,1.7178146839141846,0.38496196269989014,2.134805679321289,2.249772310256958,1.9936062097549438,2.427002429962158,1.4735130071640015,2.309840679168701,2.419755697250366,1.6845818758010864,-0.9094372391700745
5783.0,115.65900000000003,26.20711324459681,289.5128624942917,386.5464374806304,521667.24640152615,26.132977660827898,289.49489652036993,386.5459900000001,521762.7794840002,-8.151470693939817,-0.8907732128335775,-0.0149159464210596,19200.000000000007,0.0426205781752544,-0.0141336808094553,-0.0004474809818913,0.0,-8.748591516954754,-138.32099225150134,-1.04119492100484,8.426072827016592,-0.0268545961775477,0.5569630195479277,19199.946712058976,-214.6024433811946,0.002,2.405248166590178,1.6127893089023744,-0.7411399170874023,6.0,10.0,180.0,1.7690941116251608,-5.18839012798676,-0.2422006254470051,-2.1835002242744097,-423.7692430612161,327.2716012055063,136.60714092453412,629.999369262946,525.075,1.7690941116251608,0.9487687945365906,1.3901407718658447,1.2879055738449097,1.6384013891220093,1.626733422279358,1.5240955352783203,1.5439906120300293,1.028836727142334,1.4377083778381348,1.6237068176269531,1.6934154033660889,1.7984397411346436,1.7148702144622803,1.751765251159668,1.8083956241607666,1.612857699394226,-1.8827627897262573,1.6075530052185059,1.7189213037490845,1.449516773223877,1.1032719612121582,1.6718436479568481,1.028928279876709,1.0131030082702637,1.445844054222107,1.2609535455703735,1.0538910627365112,1.034816861152649,1.3713710308074951,1.2916711568832397,-0.5291996002197266,1.830129623413086,1.877808928489685,1.415974497795105,3.015596389770508,1.399013876914978,1.8142344951629639,2.098050355911255,1.967199683189392,0.26920992136001587
5784.0,115.67900000000002,26.036933671348088,289.49425756525784,386.54600606303165,522051.2249665579,25.941391577675727,289.48281411002006,386.5459900000001,522146.7794840002,-8.602389538143054,-0.8800669950645709,-0.0005308990135301,19200.000000000007,0.0289480944601308,-0.002761699422372,-1.6064787753138542e-05,0.0,-7.849571084894552,-4.085059974016306,-0.8241608804581858,-3.7850890844720175,0.03074797963756,5.662418591366619,19199.34604123775,188.81594146962624,0.002,2.564440465315624,1.892911205807157,-0.8181455177484742,6.0,10.0,180.0,0.9067188624558288,-5.250743126080333,-0.2207099958441803,-2.3670878635825687,-401.0726215306081,452.7813006027532,144.37207046226706,660.539184631473,526.2000000000002,0.9067188624558288,0.8866488933563232,0.9550513029098511,1.0107190608978271,0.9799234867095947,0.9566306471824646,0.9360030889511108,0.8129253387451172,0.6985638737678528,0.9146130084991455,1.0368831157684326,1.0555009841918945,1.0902971029281616,1.0989887714385986,1.122450351715088,1.339134693145752,0.9250451326370239,-1.8190959692001343,0.9894953966140747,1.0649620294570923,1.0998387336730957,0.8767958283424377,1.011426329612732,0.7997663021087646,0.7795448303222656,1.062589406967163,0.8578112721443176,0.814012348651886,0.9168695211410522,0.9855908751487732,0.8409039378166199,1.0093181133270264,1.0384297370910645,1.0548769235610962,0.5811870098114014,2.3866918087005615,0.9346566200256348,1.0719308853149414,1.0452098846435547,0.89505535364151,1.0319890975952148
5785.0,115.69900000000004,25.86235854187285,289.47527208388647,386.54606820724337,522435.22130399256,25.75039505706368,289.4633837110234,386.5459900000001,522530.7794840002,-9.12660008709101,-1.1026102384604486,-0.0026124761034853,19200.000000000007,0.0121017263276603,0.0015667795767438,-7.810780362556208e-05,0.0,-9.54104385409692,4.825561944962834,-1.0893072964154655,-14.658565076652817,-0.0290416800090047,-1.3944543752686862,19199.84499401695,-77.30471179706535,0.002,2.51315897831935,1.9753185276292773,-0.8260372804471006,6.0,10.0,180.0,1.1396167411364315,-5.241017875955829,-0.2353442007087149,-2.414178919235061,-422.466310765304,531.5126503013767,155.79603523113354,707.5660923157365,534.6000000000001,1.1396167411364315,0.9501672983169556,1.059068202972412,1.1393183469772339,0.9434053897857666,1.0232981443405151,1.0091030597686768,0.8683483600616455,0.7846009731292725,0.9417074918746948,1.0223262310028076,1.0516819953918457,1.0702922344207764,1.1181600093841553,1.1324405670166016,1.311343789100647,0.9089230298995972,-1.8119314908981323,0.9721717238426208,1.0798587799072266,1.2046005725860596,0.9575473666191101,1.1061490774154663,0.9111537337303162,0.88511061668396,1.144592046737671,0.9225963950157166,0.9030652642250061,1.0204039812088013,1.1171693801879883,0.9422997832298279,1.106081485748291,1.0044357776641846,1.0009868144989014,0.5550505518913269,2.5447421073913574,0.8854383826255798,1.0441910028457642,1.0217474699020386,0.8957647085189819,1.1341205835342407
5786.0,115.71900000000002,25.67990695355489,289.4515544596194,386.5460544997908,522819.2115102589,25.56028575117664,289.4366317445985,386.5459900000001,522914.7794840002,-9.350733996179311,-1.410408936320292,-0.0021493525342394,19200.000000000007,0.0038356954456124,0.003287632274314,-6.449854717196496e-05,0.0,-9.027859050128196,-50.47945402646568,-1.3219045567753047,-15.631986168490233,0.0146554991180505,-8.37491509385592,19199.742266266137,77.29027128637094,0.002,2.588126981490628,2.100792015276164,-0.8622806192927566,6.0,10.0,180.0,1.2182983180698426,-5.233165706482392,-0.2182597964958666,-2.511086746971097,-434.231655382652,559.2278251506883,159.47151761556677,722.3665461578682,535.5750000000002,1.2182983180698426,0.9701322913169861,1.2283990383148193,1.2475913763046265,1.3454139232635498,1.247256875038147,1.2788798809051514,1.0850542783737183,0.9282103180885315,1.167079210281372,1.3173182010650635,1.3269729614257812,1.3569867610931396,1.3883283138275146,1.383178472518921,1.5888787508010864,1.2180073261260986,-1.824698567390442,1.2727370262145996,1.3510046005249023,1.3974403142929077,1.0687700510025024,1.3748620748519897,0.9825701117515564,0.9469410181045532,1.2942900657653809,1.0517168045043945,0.9816010594367981,1.0696357488632202,1.2226111888885498,1.07545804977417,1.8900147676467896,1.2899523973464966,1.3223164081573486,0.8797888159751892,3.5496251583099365,1.054263710975647,1.295722246170044,1.411514401435852,1.2161974906921387,0.8142803907394409
5787.0,115.73900000000005,25.491009417975043,289.4212759519608,386.5458268518664,523203.205300718,25.37134506778373,289.40259924566124,386.5459900000001,523298.7794840002,-9.31306518021535,-1.7407789000039855,0.0054333655897192,19200.000000000007,0.0030012007801422,0.0042609149350271,0.0001631495678604,0.0,-9.431663815693144,43.16604057784028,-1.6708249583856063,-9.276980573599904,0.0007387830034808,0.6878463191238865,19199.62047778008,-55.71873757351216,0.002,2.6498656758957497,2.1583426074796903,-0.8848655542545423,6.0,10.0,180.0,0.8877312594422142,-5.235592685420643,-0.2075399067033823,-2.5645300930097745,-456.923327691326,570.2259125753442,163.2427588077834,737.9627730789341,531.0750000000002,0.8877312594422142,0.8945931196212769,0.9471688270568848,1.0678058862686157,0.7453688383102417,0.9025749564170837,0.9280748963356018,0.7670118808746338,0.7617261409759521,0.8620555996894836,0.9101036190986633,0.886345624923706,0.8969862461090088,0.9503637552261353,0.955133318901062,1.0129767656326294,0.6942362785339355,-1.8957463502883911,0.8713293671607971,0.9223699569702148,1.0277254581451416,0.9573145508766174,0.994499146938324,0.8783352971076965,0.9150292873382568,1.0632245540618896,0.8813974261283875,0.898057222366333,1.0589408874511719,1.0740842819213867,0.9333764314651489,0.40104174613952637,0.8359376192092896,0.7868684530258179,0.41447749733924866,1.7063840627670288,0.7518312335014343,0.8836163878440857,0.7388813495635986,0.5504936575889587,1.3891582489013672
5788.0,115.75900000000004,25.306243961580986,289.38463662948914,386.545940699685,523587.19582212216,25.183854034448416,289.3613380898805,386.5459900000001,523682.7794840002,-9.357014098313938,-2.098404375174737,0.0016495464125739,19200.000000000007,-0.0006978412002099,0.0043317927663027,4.930054128791704e-05,0.0,-9.354511672454896,-24.174116396248195,-2.009013702294589,-19.412196417048285,-0.0075825047617522,-4.526252805829112,19199.74017791517,21.44128206193175,0.002,2.6672857242587384,2.2041714678498643,-0.9002723237356689,6.0,10.0,180.0,1.1840721126790528,-5.221069006011151,-0.1992401945372128,-2.6588915314564505,-478.403663845663,566.7354562876722,165.08337940389168,745.5213865394671,532.7250000000001,1.1840721126790528,0.9819874167442322,1.2210495471954346,1.2492331266403198,1.2202154397964478,1.2045427560806274,1.19798743724823,1.0212316513061523,0.9186827540397644,1.0892173051834106,1.2078315019607544,1.234619140625,1.255967378616333,1.302957534790039,1.2955741882324219,1.4819951057434082,1.1118862628936768,-1.8122056722640991,1.1891248226165771,1.2661458253860474,1.3674354553222656,1.059233546257019,1.2941299676895142,0.9989585280418396,0.9623713493347168,1.2532037496566772,1.024275541305542,0.9799717664718628,1.0856345891952515,1.2301769256591797,1.064177393913269,2.0279526710510254,1.1868956089019775,1.1992384195327759,0.746338963508606,3.399592399597168,0.9921032190322876,1.206547498703003,1.2439414262771606,1.1085315942764282,0.8863240480422974
5789.0,115.77900000000004,25.11896444257396,289.3408447775783,386.5458683790279,523971.1885325082,24.998085909450985,289.3129096309006,386.5459900000001,524066.7794840002,-9.251997023207943,-2.454593558089924,0.0040582670962588,19200.000000000007,-0.0003367923720528,0.0043463977565072,0.0001216198072677,0.0,-9.17801047337989,18.007106805936154,-2.352524537281653,-24.593742776381088,0.0014548872574445,-0.556452576665168,19199.58707838025,-25.83535750936696,0.002,2.7693346668211034,2.2391872891534645,-0.93069079220066,6.0,10.0,180.0,0.968209884764036,-5.199513237468394,-0.1816430761170864,-2.7326567095576704,-498.2788319228315,554.2282281438361,165.61168970194583,747.5756932697336,533.7000000000002,0.968209884764036,0.9575984477996826,1.1048216819763184,1.1719098091125488,0.9494447708129883,1.0598779916763306,1.0002555847167969,0.8337063193321228,0.8481029272079468,0.9380924105644226,1.0241670608520508,1.0371378660202026,1.0445048809051514,1.1011649370193481,1.1008481979370117,1.252732515335083,0.8890435695648193,-1.782625675201416,0.9391671419143677,1.0724114179611206,1.1659451723098755,0.9896174073219299,1.087551474571228,0.948917806148529,0.9318259954452515,1.1410058736801147,0.9591063261032104,0.9314595460891724,1.0772881507873535,1.1645479202270508,0.9817628860473633,1.219081163406372,0.9895672798156738,0.9603531956672668,0.5133399963378906,2.6254355907440186,0.8969420790672302,1.0330625772476196,0.93603515625,0.8944482803344727,1.1272703409194946
5790.0,115.79900000000002,24.93491164665686,289.2898656528429,386.5458552527425,524355.1815590977,24.814314295728707,289.2573853701442,386.5459900000001,524450.7794840002,-9.180302052371218,-2.805486341803973,0.0044545796705162,19200.000000000007,-0.0013843119498305,0.0044047638134269,0.0001347457835127,0.0,-9.266164577837142,6.045221191643068,-2.736360148314426,-18.98089662251065,-0.0112217181742612,1.5325848637477362,19199.67375856541,-72.96324886017547,0.002,2.806465660975911,2.2351347847071623,-0.9428284803584702,6.0,10.0,180.0,1.0869020476471156,-5.252337240044783,-0.1713890580127226,-2.796742466863533,-521.3179159614158,539.600614071918,166.6618448509729,751.9153466348669,534.6750000000001,1.0869020476471156,0.9754233360290527,1.1783356666564941,1.2066802978515625,1.069714069366455,1.1339408159255981,1.0714291334152222,0.917189359664917,0.895210862159729,0.9915677309036255,1.086374044418335,1.1213611364364624,1.139914870262146,1.187182903289795,1.1859610080718994,1.3421714305877686,0.980148196220398,-1.7857732772827148,1.0761147737503052,1.1546820402145386,1.2767688035964966,1.011842966079712,1.166575312614441,0.9837368130683899,0.9540313482284546,1.1824252605438232,0.9792071580886841,0.9484623670578003,1.089388132095337,1.1914266347885132,1.0209569931030273,1.6324104070663452,1.082434892654419,1.0651297569274902,0.6103001832962036,2.9385697841644287,0.9357519745826721,1.1133801937103271,1.0554813146591187,0.9607747197151184,1.0294419527053833
5791.0,115.81900000000005,24.752457151856927,289.2319323009243,386.5458554293224,524739.1747899551,24.632809492157623,289.19484639779773,386.5459900000001,524834.7794840002,-9.078702862752165,-3.1558338555378462,0.0044842348079463,19200.000000000007,-0.0019385273570571,0.004348842655443,0.0001346706234415,0.0,-9.004405150879746,-2.2553685554994773,-3.071533740769813,-21.97709762531065,-0.0019546105999979,1.0436524543634127,19199.75900207292,-42.86247013655816,0.002,2.880409137220535,2.222512331352504,-0.9577357671538198,6.0,10.0,180.0,1.0986578178107007,-5.278273935816615,-0.1557746722603749,-2.869061248621488,-540.6774579807079,519.856807035959,166.56592242548646,751.3756733174334,530.1750000000001,1.0986578178107007,0.9730321168899536,1.2111215591430664,1.2268620729446411,1.1469627618789673,1.1842713356018066,1.1368074417114258,0.9406761527061462,0.9213900566101074,1.0159692764282227,1.1512123346328735,1.1720274686813354,1.1911672353744507,1.2325167655944824,1.2308293581008911,1.4061956405639648,1.0403145551681519,-1.7986119985580444,1.1098999977111816,1.2029236555099487,1.3059751987457275,1.0235964059829712,1.1900118589401245,0.9949191212654114,0.9554166793823242,1.2025684118270874,1.0000289678573608,0.9561026096343994,1.0848991870880127,1.2057290077209473,1.0287830829620361,1.931929111480713,1.1389148235321045,1.1288503408432007,0.6524995565414429,3.177121877670288,0.9895526766777039,1.1675777435302734,1.1236038208007812,1.0757538080215454,0.9275773763656616
5792.0,115.83900000000004,24.571293815903594,289.1671332477506,386.5458339917431,525123.1677680971,24.4538392849242,289.12538571227844,386.5459900000001,525218.7794840002,-8.92814192746138,-3.505238058089374,0.0051657649614911,19200.000000000007,-0.0014227017994023,0.0041754170080938,0.0001560096592253,0.0,-9.001008219734242,16.836403506581277,-3.430175595668385,-18.36908974987152,-0.0012234652353997,1.4616721393637109,19199.431442424266,-12.820854005219651,0.002,2.927332248024469,2.1735062548752846,-0.96156737715872,6.0,10.0,180.0,1.042000171350154,-5.231991330807453,-0.1430704531715031,-2.9295750047883256,-561.264228990354,500.4954035179795,167.01696121274324,753.1928366587167,528.9000000000001,1.042000171350154,0.9632948637008667,1.1790069341659546,1.1940008401870728,1.0498278141021729,1.132396936416626,1.0558671951293945,0.8919248580932617,0.899265468120575,0.9695723056793213,1.0758082866668701,1.098669409751892,1.1152912378311157,1.1541543006896973,1.1559720039367676,1.2913235425949097,0.9441502094268799,-1.7893849611282349,1.0509350299835205,1.1294379234313965,1.2435702085494995,0.9939649701118469,1.116324782371521,0.9759294390678406,0.9558804035186768,1.1553826332092285,0.9706670045852661,0.9351263046264648,1.0925934314727783,1.1767363548278809,1.0029597282409668,1.4638054370880127,1.0704535245895386,1.0391342639923096,0.5866207480430603,2.7307212352752686,0.9412074685096741,1.1047017574310303,1.0100561380386353,0.9496118426322937,1.0545508861541748
5793.0,115.85900000000004,24.39430135405928,289.0951205960452,386.5458672828496,525507.1623444426,24.27766777360501,289.04910522268153,386.5459900000001,525602.7794840002,-8.815936851650891,-3.838388110342264,0.0040939960930764,19200.000000000007,-0.0024503471081815,0.0043284895732224,0.0001227181737075,0.0,-8.806383881987033,-9.761891715228034,-3.785171091465567,-15.923912950567214,0.0036806308710591,-1.5248908776975172,19199.757436949607,-25.803229597730898,0.002,3.035271079853476,2.115869607215849,-0.9678843483960672,6.0,10.0,180.0,1.1235195820654638,-5.317527972668279,-0.1313411486236215,-2.978774979156725,-580.421114495177,478.1907017589898,167.04448060637162,753.2019183293584,530.325,1.1235195820654638,0.9724003076553345,1.2782118320465088,1.2446385622024536,1.2698047161102295,1.2594289779663086,1.247662901878357,1.011433482170105,0.9635525941848755,1.0597606897354126,1.264685869216919,1.2469782829284668,1.2730581760406494,1.2976466417312622,1.2966912984848022,1.4572666883468628,1.108424186706543,-1.8104312419891357,1.2156339883804321,1.2732796669006348,1.3714611530303955,1.0303255319595337,1.242316722869873,1.0090596675872803,0.9711723327636719,1.2255208492279053,1.02436101436615,0.965985894203186,1.1019039154052734,1.2210116386413574,1.0539238452911377,2.2082948684692383,1.227551817893982,1.220729112625122,0.7572214603424072,3.3608181476593018,1.0359586477279663,1.2490098476409912,1.2310408353805542,1.1268290281295776,0.8742061853408813
5794.0,115.87900000000003,24.21822214390379,289.0165398692794,386.5458847122007,525891.1572449371,24.10455476763743,288.9661179300261,386.5459900000001,525986.7794840002,-8.624963354609438,-4.172767288070062,0.003510912985812,19200.000000000007,-0.0015010395756918,0.0042683303242214,0.0001052877419835,0.0,-8.668725692158592,20.01915509220257,-4.083294784746757,-13.681761914342962,-0.0014746606110013,-2.262389273505868,19199.50179708289,-47.31148970569259,0.002,3.148179358758119,2.080069446282161,-0.9870272874522296,6.0,10.0,180.0,1.0053729758755017,-5.280939319446489,-0.1206040588476307,-3.039250624598356,-597.5470572475886,456.5888508794949,167.04574030318582,753.1099591646791,532.0500000000001,1.0053729758755017,0.9529958963394165,1.2017302513122559,1.187768578529358,1.0847768783569336,1.1589531898498535,1.0905941724777222,0.9072287082672119,0.917113184928894,0.9675816297531128,1.1121779680252075,1.1188991069793701,1.1365118026733398,1.1606433391571045,1.164998173713684,1.2804514169692993,0.9495306611061096,-1.7934144735336304,1.081405758857727,1.1437150239944458,1.2620408535003662,0.9868196845054626,1.1070685386657715,0.9800395369529724,0.9582678079605103,1.1505305767059326,0.9710108637809753,0.9274221658706665,1.0937652587890625,1.171445608139038,1.0023651123046875,1.5317788124084473,1.1029287576675415,1.0619536638259888,0.6346563100814819,2.710097551345825,0.9598883986473083,1.1367154121398926,1.0364536046981812,0.9290778636932373,1.0974884033203125
5795.0,115.89900000000004,24.04746829572933,288.93161482831067,386.5459031263428,526275.1524546484,23.93475506886249,288.87654582796523,386.5459900000001,526370.7794840003,-8.49391927573996,-4.511495205686662,0.0028601987075913,19200.000000000007,-0.002729293866726,0.0038869685539295,8.687343911109881e-05,0.0,-8.51538924086173,-2.620169207151684,-4.418178225571529,-17.820909113943333,-0.0080519082317245,-4.200243928739248,19199.502671099337,-8.555509568209516,0.002,3.153096637478404,2.0702630835233955,-1.006937093939732,6.0,10.0,180.0,1.1821756495125082,-5.249660690082051,-0.1127907135187845,-3.080289906073289,-614.4210286237942,433.8189254397474,167.0928701515929,753.2164795823396,527.2500000000001,1.1821756495125082,0.9626273512840271,1.2815171480178833,1.2419683933258057,1.260333776473999,1.2701287269592285,1.2444616556167603,0.9888774156570435,0.9738675951957703,1.0264815092086792,1.258306860923767,1.2367095947265625,1.2578058242797852,1.274937391281128,1.2780158519744873,1.432255506515503,1.088700532913208,-1.8145536184310913,1.1793978214263916,1.2596304416656494,1.3538501262664795,1.0146747827529907,1.1995731592178345,1.0087541341781616,0.9672046899795532,1.208225965499878,1.0215619802474976,0.9556306600570679,1.1009573936462402,1.218196988105774,1.0365428924560547,2.2274091243743896,1.2272684574127197,1.2068861722946167,0.7453595399856567,3.2695209980010986,1.055078387260437,1.254333734512329,1.2097524404525757,1.1559295654296875,0.8884738683700562
5796.0,115.91900000000004,23.87876785024961,288.83994510054697,386.5457783686965,526659.1423193434,23.76851927437836,288.7805210147179,386.5459900000001,526754.7794840002,-8.305543846613421,-4.836536178405648,0.007056683022051,19200.000000000007,-0.002608749992662,0.003710781542832,0.0002116313127731,0.0,-8.311052661223142,9.455656498990717,-4.747993079227903,-10.136201512721032,-0.0139311426206431,5.969584012302851,19199.432214229502,34.44608522820776,0.002,3.303041831851518,2.062577847187377,-1.0100663260226543,6.0,10.0,180.0,1.1279730905865384,-5.210403378066862,-0.0981350349688264,-3.180286270840454,-630.453014311897,409.42046271987374,167.02543507579645,752.8342397911698,526.3500000000001,1.1279730905865384,0.9514245986938477,1.25360107421875,1.1859076023101807,1.213840126991272,1.2213103771209717,1.180715799331665,0.9527218341827393,0.945388674736023,1.0015943050384521,1.2167142629623413,1.1868469715118408,1.218765139579773,1.2257452011108398,1.2329412698745728,1.3701472282409668,1.0323156118392944,-1.8031498193740845,1.1860239505767822,1.205838918685913,1.3110921382904053,0.9807195067405701,1.137206792831421,0.9794746041297913,0.9516341686248779,1.1608386039733887,0.9892338514328003,0.9219560623168945,1.0990278720855713,1.169283390045166,1.0092084407806396,1.8842389583587646,1.1949732303619385,1.1668332815170288,0.696663498878479,2.894310712814331,1.0197727680206299,1.2150670289993286,1.1284204721450806,1.0592807531356812,0.9013012647628784
5797.0,115.93900000000004,23.71389039486237,288.74185199612253,386.54586620768185,527043.1337324732,23.60609258425512,288.67818519309145,386.5459900000001,527138.7794840002,-8.110809316106685,-5.153622522622759,0.0041222259203258,19200.000000000007,-0.0026612901926782,0.0035540700007896,0.0001237923457087,0.0,-8.173572249857276,12.81928601804992,-5.079861330067712,-22.51656523378573,-0.0075820881706119,5.068851676634152,19199.70558290484,124.48044139879964,0.002,3.263342836343353,1.9720981389494705,-1.020783126692972,6.0,10.0,180.0,1.1518364351573558,-5.248819918654698,-0.0913110692691995,-3.246903481249626,-646.3710071559485,385.1452313599369,167.20871753789822,753.5291198955849,535.2000000000002,1.1518364351573558,0.9477059245109558,1.25657057762146,1.215408205986023,1.1945881843566895,1.2417291402816772,1.172224521636963,0.9010692834854126,0.956661581993103,0.9811712503433228,1.1944085359573364,1.1738710403442383,1.1982288360595703,1.207165241241455,1.2198166847229004,1.403127670288086,1.032598853111267,-1.8355196714401245,1.0748653411865234,1.1938289403915405,1.2632112503051758,0.9762056469917297,1.104292631149292,0.9919789433479309,0.9392620325088501,1.1660003662109375,1.0083674192428589,0.9237605333328247,1.0918468236923218,1.188676357269287,1.0053424835205078,1.8470711708068848,1.1864283084869385,1.1472057104110718,0.6486084461212158,3.0786707401275635,1.056107759475708,1.2148678302764893,1.1078084707260132,1.1743043661117554,0.9002933502197266
5798.0,115.95900000000002,23.55320459446353,288.63736589226585,386.54585467434026,527427.1326368287,23.44771430047096,288.5696892651255,386.5459900000001,527522.7794840002,-7.914177881670237,-5.458489017621503,0.0045112643055123,19200.000000000007,-0.0030118770671498,0.0035308561388767,0.0001353256610899,0.0,-7.955090380902874,5.919822605331474,-5.338668246857647,-2.748584143995001,0.0115031103335091,4.087098528062181,19200.015185705324,-12.940538085852268,0.002,3.3173177694083686,1.7888767314055622,-0.9917744104089108,6.0,10.0,180.0,1.1791280385053915,-5.212279276526595,-0.082536708186785,-3.2873837486398947,-659.5635035779742,361.2471156799684,167.1188587689491,753.0640599477924,536.9250000000001,1.1791280385053915,0.9416040182113647,1.292621374130249,1.1800376176834106,1.3004395961761475,1.2649805545806885,1.2482619285583496,0.9898339509963989,0.9670796394348145,1.0162997245788574,1.2980074882507324,1.233137845993042,1.2719292640686035,1.2598822116851807,1.2698249816894531,1.3965575695037842,1.0699477195739746,-1.8077009916305542,1.2543447017669678,1.245037317276001,1.3507726192474365,0.9736437797546387,1.165445327758789,0.9763580560684204,0.9460486173629761,1.1683590412139893,0.9993274807929993,0.9169097542762756,1.1032050848007202,1.1738414764404297,1.0152324438095093,2.1049118041992188,1.259214162826538,1.2286664247512817,0.7838209867477417,2.924597978591919,1.0455137491226196,1.2736210823059082,1.199898362159729,1.053624153137207,0.9034419059753418
5799.0,115.97900000000004,23.395918363246224,288.5274856640525,386.5459159913961,527811.1346759385,23.29361802174572,288.4551927306587,386.5459900000001,527906.779484,-7.681658210352545,-5.778835285733831,0.0024665611455719,19200.000000000007,-0.0026312269153397,0.002796258382626,7.400860289479877e-05,0.0,-7.722415908461725,16.48705742504928,-5.670685348116106,-18.7392194204491,0.0156142241920464,2.569018631020318,19200.44588565305,124.3908170317144,0.002,3.3958672303271125,1.5836694203906698,-1.011680253391278,6.0,10.0,180.0,1.1449786262478794,-5.158718503981765,-0.0771541780557967,-3.2499494588466704,-672.9737517889871,334.86655783998424,167.07492938447456,752.7920299738962,536.6250000000001,1.1449786262478794,0.9312412738800049,1.2596418857574463,1.1969866752624512,1.2126991748809814,1.247591257095337,1.1982064247131348,0.8975032567977905,0.9621627330780029,0.9717205166816711,1.2030972242355347,1.1738862991333008,1.1994390487670898,1.1933252811431885,1.2083628177642822,1.3790524005889893,1.0207736492156982,-1.8635884523391724,1.08061945438385,1.1873294115066528,1.2530953884124756,0.9551321864128113,1.0763583183288574,0.9809851050376892,0.9298778772354126,1.1538643836975098,0.9982961416244507,0.9047446250915527,1.086552381515503,1.1734510660171509,0.991814136505127,1.7978898286819458,1.20176362991333,1.1515041589736938,0.6742810606956482,2.9640495777130127,1.0660765171051025,1.229623556137085,1.1086963415145874,1.161027193069458,0.9121770858764648
5800.0,115.99900000000002,23.24382365045868,288.41088022027463,386.5460056690485,528195.1393670777,23.144031043442297,288.3348649891879,386.5459900000001,528290.7794840002,-7.465578737249899,-6.064415377931179,-0.0005210646502431,19200.000000000007,-0.0030796923086168,0.002845265785699,-1.5669046691826344e-05,0.0,-7.53785713125014,8.661936726327,-5.982164691020467,-13.239407667715133,0.0083066569859398,-2.198827017026701,19200.154891788097,-25.75011895046997,0.002,3.432732108931416,1.467834678941477,-1.0134745416105235,6.0,10.0,180.0,1.1274483880232833,-5.1782924994343045,-0.0839674181853589,-3.2125104384702503,-686.0318758944936,308.63227891999213,167.23096469223728,753.3830149869482,536.4000000000002,1.1274483880232833,0.930991530418396,1.295014500617981,1.2019678354263306,1.2969975471496582,1.292877197265625,1.274606466293335,0.9532684683799744,0.9855504035949707,0.9906768798828125,1.2829694747924805,1.2261230945587158,1.2536983489990234,1.2373130321502686,1.2514417171478271,1.4032988548278809,1.0651665925979614,-1.8611541986465454,1.1602885723114014,1.2354145050048828,1.3148932456970215,0.9617151618003845,1.1243191957473755,0.9840776324272156,0.9370440244674683,1.1661831140518188,1.0093116760253906,0.9114394783973694,1.0921380519866943,1.183791160583496,0.9977340698242188,2.126052141189575,1.2611720561981201,1.2134157419204712,0.7615796327590942,3.01772141456604,1.089546799659729,1.2852634191513062,1.1889262199401855,1.1783078908920288,0.8792893886566162
5801.0,116.01900000000003,23.095680735820004,288.28825563039845,386.5459802520592,528579.1356835704,22.999173468141315,288.208883342082,386.5459900000001,528674.7794840003,-7.21747164373163,-6.332621139028065,0.000323340893923,19200.000000000007,-0.0028931525090576,0.0031428095071035,9.74793515804922e-06,0.0,-7.239249767663198,17.94442441113789,-6.240921010968783,-7.330633054298119,0.0200163636349001,-3.600407928534149,19199.89607243267,73.08293773589216,0.002,3.5175343930517533,1.304361236153193,-0.999856472071752,6.0,10.0,180.0,1.1474653307052969,-5.146505877777175,-0.0790809748855237,-3.248418640577975,-696.7089379472468,281.2651394599961,167.03598234611866,752.477007493474,530.9250000000001,1.1474653307052969,0.914413332939148,1.2643940448760986,1.1607201099395752,1.2511472702026367,1.2524161338806152,1.241053581237793,0.9302289485931396,0.9680776000022888,0.9689784049987793,1.2349355220794678,1.185492753982544,1.2131547927856445,1.1878423690795898,1.2021145820617676,1.3185698986053467,1.0062321424484253,-1.8673324584960938,1.151301622390747,1.1898893117904663,1.2797150611877441,0.9379113912582397,1.0766377449035645,0.9575431942939758,0.9302899837493896,1.136231780052185,0.9791538119316101,0.8877406120300293,1.0856555700302124,1.1526284217834473,0.9718716144561768,1.95279860496521,1.2294769287109375,1.168806552886963,0.7474255561828613,2.662236452102661,1.0596731901168823,1.2537163496017456,1.1302732229232788,1.0908007621765137,0.929784893989563
5802.0,116.03900000000004,22.95318842446834,288.1608281339626,386.54600018467545,528963.1358850349,22.859259405068155,288.0774330905437,386.5459900000001,529058.7794840002,-6.987031849912289,-6.617580100189511,-0.0003363718190146,19200.000000000007,-0.0035514088714895,0.0026530530618021,-1.0184715539819092e-05,0.0,-7.042759889538037,8.600115842125238,-6.500038266424792,-19.09756583504745,-0.0004842926257997,-2.325853014587392,19200.3747635596,-81.4932220792195,0.002,3.734154516313271,1.2754078177642687,-1.023284013993606,6.0,10.0,180.0,1.1791871969223915,-5.05168669684384,-0.0815338559806277,-3.25254766964458,-706.6319689736233,255.42706972999804,167.04649117305934,752.457003746737,537.5250000000001,1.1791871969223915,0.9182007312774658,1.293424367904663,1.2016689777374268,1.3147354125976562,1.315784215927124,1.2943916320800781,0.9206138849258423,0.9901406764984131,0.9753961563110352,1.2762144804000854,1.2232788801193237,1.249062180519104,1.223344326019287,1.2422144412994385,1.4237990379333496,1.07061767578125,-1.9239475727081299,1.104705572128296,1.2283793687820435,1.2776615619659424,0.9434814453125,1.092523217201233,0.9768589735031128,0.9164128303527832,1.1600180864334106,1.0160571336746216,0.894521951675415,1.075721025466919,1.1780915260314941,0.9825082421302795,2.0754785537719727,1.2753474712371826,1.2167752981185913,0.7478643655776978,3.0409414768218994,1.126238226890564,1.3005398511886597,1.1862329244613647,1.288925290107727,0.8083034157752991
5803.0,116.05900000000004,22.815096501128064,288.0272913098967,386.5460244399086,529347.1378198047,22.724495052901908,287.9407087313431,386.5459900000001,529442.7794840002,-6.725945348357767,-6.869043547813971,-0.0011510389160185,19200.000000000007,-0.0035942472674023,0.0028715217807515,-3.4439870869397267e-05,0.0,-6.731683272206705,16.54420167376851,-6.814235626654605,-12.938509824543058,-0.0090233076874206,-3.469308977261761,19199.92907501537,8.471047234132394,0.002,3.661626513192018,1.2272967686384302,-1.0426715478524318,6.0,10.0,180.0,1.179700651091069,-5.073215126494743,-0.0874031723314207,-3.2346036412182384,-716.3904844868116,225.81803486499905,167.03024558652967,752.3235018733685,544.7250000000001,1.179700651091069,0.9025154113769531,1.2732932567596436,1.16754949092865,1.2880045175552368,1.2823052406311035,1.2748332023620605,0.9019496440887451,0.9780973196029663,0.9648480415344238,1.241132140159607,1.1901257038116455,1.2186614274978638,1.1819748878479004,1.202017068862915,1.3629393577575684,1.023912787437439,-1.9332371950149536,1.0933432579040527,1.190016508102417,1.2493796348571777,0.9181440472602844,1.0604177713394165,0.9561490416526794,0.9063419103622437,1.1403225660324097,0.9923902750015259,0.8733837604522705,1.070256233215332,1.156315565109253,0.9667695760726929,1.8681715726852417,1.2545920610427856,1.1811720132827759,0.7491505146026611,2.8010470867156982,1.0987809896469116,1.2782280445098877,1.1414551734924316,1.186591386795044,0.8923430442810059
5804.0,116.07900000000002,22.68268049302828,287.88871510711374,386.5459493442033,529731.1347737691,22.5950789029496,287.79891126205314,386.5459900000001,529826.779484,-6.470308077435695,-7.115754534380395,0.001357865156387,19200.000000000007,-0.0040925955052098,0.0029245651423667,4.0656061580908326e-05,0.0,-6.539091064427637,12.506233194371688,-7.031492792459824,-17.88993554721292,-0.005395833226952,-0.5499106311522768,19199.845552237755,-30.12514605292484,0.002,3.631510206405497,1.1101019804515528,-1.0016706950260637,6.0,10.0,180.0,1.2661409220599198,-5.018179130324716,-0.0815547757101962,-3.2679486213684363,-724.5112422434058,199.8835174324995,167.12112279326482,752.6617509366843,550.95,1.2661409220599198,0.9010250568389893,1.2862048149108887,1.1762549877166748,1.3231990337371826,1.3137149810791016,1.2992582321166992,0.8899431228637695,0.9817330837249756,0.9667544364929199,1.2600290775299072,1.2031731605529785,1.2337628602981567,1.1934089660644531,1.216774821281433,1.416344404220581,1.052289605140686,-1.9306789636611938,1.067958116531372,1.2022991180419922,1.2382529973983765,0.9126248359680176,1.0625923871994019,0.959938108921051,0.8921608924865723,1.1463520526885986,1.0094810724258423,0.8676847219467163,1.0627598762512207,1.163181185722351,0.9684810638427734,1.8673286437988281,1.27833890914917,1.2041964530944824,0.744731068611145,2.905127763748169,1.1293045282363892,1.2995034456253052,1.1626075506210327,1.2885527610778809,0.8142311573028564
5805.0,116.09900000000005,22.55458048223932,287.745673585055,386.5460038294831,530115.1353340319,22.47120155614843,287.65225008666084,386.5459900000001,530210.7794840003,-6.16868179116539,-7.369665266473635,-0.0004642527457984,19200.000000000007,-0.0034915328211116,0.0024425196622846,-1.3829687661779662e-05,0.0,-6.2268060251983695,17.95569224894871,-7.284634870414742,-15.380387463582789,0.0009734651626785,-1.587705331419176,19200.18949562996,-34.30546929260234,0.002,3.675231452442553,0.847436253402168,-0.994926104548407,6.0,10.0,180.0,1.1381584832385003,-5.028887043158274,-0.0771671969973291,-3.2582112259199976,-731.5121211217029,171.54725871624976,167.08656139663242,752.4663754683421,560.9250000000001,1.1381584832385003,0.887873649597168,1.2698888778686523,1.152040719985962,1.3043317794799805,1.2850220203399658,1.2830716371536255,0.8656144738197327,0.9711093902587891,0.9571647644042969,1.2309625148773193,1.1744892597198486,1.206957459449768,1.1580731868743896,1.1826120615005493,1.3819332122802734,1.0191434621810913,-1.9088798761367798,1.0353813171386719,1.1695263385772705,1.2036786079406738,0.8912377953529358,1.0330790281295776,0.9425351023674011,0.8782665729522705,1.1331446170806885,0.995142936706543,0.8501433730125427,1.0562390089035034,1.1480400562286377,0.9566925168037415,1.678803563117981,1.261392593383789,1.1742191314697266,0.7394805550575256,2.767242670059204,1.1133743524551392,1.2812435626983643,1.126793622970581,1.2308169603347778,0.8747285604476929
5806.0,116.11900000000006,22.432586241227177,287.59737052166514,386.5459912221672,530499.1385846639,22.35304621775895,287.50094111104244,386.5459900000001,530594.7794840002,-5.874846040998159,-7.596842303817683,-4.081707094141522e-05,19200.000000000007,-0.0033917324427174,0.0024331077137998,-1.223486377291396e-06,0.0,-5.9596915790784255,16.049678877204848,-7.545451381115453,-11.467452826957484,-0.0038744162981863,2.6251011659939385,19200.15358277904,-21.35554622969122,0.002,3.703332005986497,0.6564606427794014,-1.0233878710712272,6.0,10.0,180.0,1.1513374016202782,-5.055153109419239,-0.0810628019413017,-3.2361360546817144,-738.1065605608514,142.79412935812488,167.2032806983162,752.924187734171,565.5000000000001,1.1513374016202782,0.8802275657653809,1.2744210958480835,1.1330326795578003,1.3395090103149414,1.288122296333313,1.2945680618286133,0.868434488773346,0.967785120010376,0.9589331150054932,1.2527592182159424,1.1775482892990112,1.21681547164917,1.158926248550415,1.1846261024475098,1.3886373043060303,1.0253803730010986,-1.8468843698501587,1.0633213520050049,1.1697155237197876,1.2059826850891113,0.8789629340171814,1.0396753549575806,0.928909957408905,0.864760160446167,1.1233230829238892,0.9933022856712341,0.8398698568344116,1.0518383979797363,1.133122205734253,0.9489057064056396,1.7984826564788818,1.2802751064300537,1.1913186311721802,0.755486011505127,2.622631788253784,1.1134179830551147,1.2920746803283691,1.1324266195297241,1.2332444190979004,0.8191081285476685
5807.0,116.13900000000004,22.316930603448185,287.44480249433394,386.5460028392142,530883.1401589096,22.24078678706752,287.345207533552,386.5459900000001,530978.7794840002,-5.5910124717010055,-7.8228742515558,-0.0004603159347013,19200.000000000007,-0.0038471306288234,0.0021182553121881,-1.2840322978432452e-05,0.0,-5.615967694110198,10.982139480360695,-7.721706911194552,-10.256655876631635,-0.0036952882640591,-0.7310938095334386,19199.85971808288,-64.31721151340469,0.002,3.718266633638132,0.5100816847463029,-1.0202188455311745,6.0,10.0,180.0,1.2173196464621614,-4.942861161202594,-0.0839762709491545,-3.222826576090519,-742.1067802804257,113.96156467906243,166.9801403491581,751.9360938670854,569.4750000000001,1.2173196464621614,0.870476245880127,1.2804932594299316,1.1290771961212158,1.34853196144104,1.3036130666732788,1.3307952880859375,0.8766725063323975,0.973135769367218,0.9587207436561584,1.2791696786880493,1.1940298080444336,1.2319430112838745,1.1688497066497803,1.1947652101516724,1.3982950448989868,1.0441174507141113,-1.5712275505065918,1.0745320320129395,1.182975172996521,1.2210956811904907,0.8730972409248352,1.0555554628372192,0.9243191480636597,0.8540645241737366,1.1208300590515137,0.9968775510787964,0.8399256467819214,1.0420923233032227,1.1311016082763672,0.9411885738372803,1.955526351928711,1.3051691055297852,1.2123613357543945,0.7931848168373108,2.582505941390991,1.1265008449554443,1.3139938116073608,1.1605350971221924,1.2570374011993408,0.7916701436042786
5808.0,116.15900000000003,22.206858202613034,287.28774105504164,386.5459698003714,531267.137290452,22.134588762176787,287.18527944705073,386.5459900000001,531362.7794840003,-5.286742450619995,-8.03232005420987,0.0006796351889932,19200.000000000007,-0.0039308610575382,0.0019518128119696,2.030030764490449e-05,0.0,-5.358920801789649,14.76965955481802,-8.003683918657028,-13.064492676528705,-0.001200007290741,-1.7749936271271047,19199.877089854555,8.492831938597078,0.002,3.7363330516324726,0.4240276304245582,-1.0205278511867706,6.0,10.0,180.0,1.2119585094865253,-4.925291484414205,-0.0795877923009268,-3.2469499264586474,-747.0283901402129,84.40128233953122,167.22157017457903,752.9415469335427,569.4750000000001,1.2119585094865253,0.860710859298706,1.2581887245178223,1.115433931350708,1.3141989707946777,1.2881460189819336,1.3002731800079346,0.8471900820732117,0.9652761816978455,0.9439471960067749,1.241432547569275,1.1594486236572266,1.196192741394043,1.1306419372558594,1.1570959091186523,1.3713997602462769,1.0125786066055298,5.149435997009277,1.0147813558578491,1.14656662940979,1.1698508262634277,0.8555883169174194,1.0205975770950317,0.9132302403450012,0.8421403169631958,1.109705924987793,0.9891700744628906,0.8268651962280273,1.03337562084198,1.1206640005111694,0.930618166923523,1.7805299758911133,1.2798340320587158,1.174418330192566,0.7601687908172607,2.4685232639312744,1.1188206672668457,1.2884564399719238,1.115878939628601,1.274649977684021,0.7735146880149841
5809.0,116.17900000000004,22.102834825413915,287.12623944195536,386.545932658848,531651.1387176698,22.034608843339573,287.02139215308483,386.5459900000001,531746.7794840002,-4.972599361302374,-8.21892478219514,0.0019137776824965,19200.000000000007,-0.0039464084242688,0.002112638157298,5.734265659280119e-05,0.0,-5.056925435745623,11.599413131309804,-8.154286330651512,-7.756175487093566,-0.0058558383221268,1.7688035804432634,19199.742228670384,-64.48885724137313,0.002,3.7554479974336368,0.2804317170711431,-1.015111220975705,6.0,10.0,180.0,1.1855443076161425,-4.878368482300019,-0.0752126575557409,-3.24280274278242,-749.5396950701065,56.72514116976561,167.18728508728952,752.7767734667714,573.5250000000001,1.1855443076161425,0.851743221282959,1.2627654075622559,1.0926992893218994,1.3296488523483276,1.287891149520874,1.2925286293029785,0.8495311737060547,0.958519458770752,0.945275604724884,1.2666536569595337,1.1621397733688354,1.2038356065750122,1.1318882703781128,1.1587107181549072,1.3686058521270752,1.0181498527526855,5.080595970153809,1.0525245666503906,1.1468491554260254,1.1786432266235352,0.8436992764472961,1.0311774015426636,0.8976381421089172,0.82558274269104,1.0957432985305786,0.9842434525489807,0.8190186023712158,1.0259099006652832,1.1023294925689697,0.9220824837684631,1.9881060123443604,1.2964825630187988,1.1909037828445435,0.7817574739456177,2.2556684017181396,1.1110621690750122,1.2955491542816162,1.1211198568344116,1.2638256549835205,0.7150309681892395
5810.0,116.19900000000004,22.00503913306861,286.96108045187657,386.54595801393054,532035.1398980425,21.940994133456183,286.8537870574605,386.5459900000001,532130.7794840003,-4.649885008165804,-8.400570895915362,0.0010657934011868,19200.000000000007,-0.0039190301890127,0.0020552304924246,3.1986444051298175e-05,0.0,-4.710214226443355,17.461674956783238,-8.382575588234328,-9.573680845910596,-0.0046515087904003,0.9876601654377696,19199.96636614569,30.07474623101213,0.002,3.7528725407730295,0.1677939952411951,-1.016499982791982,6.0,10.0,180.0,1.2133809814265253,-4.927672699450008,-0.0757018111872606,-3.2273950402357605,-751.4298475350533,26.420070584882804,167.25464254364476,753.0533867333857,578.4750000000001,1.2133809814265253,0.8471315503120422,1.2161493301391602,1.0632665157318115,1.2760530710220337,1.23018217086792,1.2083930969238281,0.806786298751831,0.9411462545394897,0.91826331615448,1.2112798690795898,1.1089391708374023,1.150674819946289,1.076462745666504,1.1028374433517456,1.3260326385498047,0.9703810214996338,7.087477684020996,0.9752222895622253,1.0910100936889648,1.1045478582382202,0.8207762241363525,0.9820845723152161,0.8801801800727844,0.8063791990280151,1.077324628829956,0.9685367941856384,0.7986469268798828,1.0148714780807495,1.0811214447021484,0.9076743125915527,1.8034789562225342,1.25527024269104,1.1340364217758179,0.7377615571022034,2.109511375427246,1.0886567831039429,1.2516429424285889,1.054183840751648,1.2420010566711426,0.7298146486282349
5811.0,116.21900000000002,21.914021592979186,286.7922044866838,386.545957178599,532419.1401265746,21.853883134852847,286.6827118571394,386.5459900000001,532514.7794840002,-4.332610891663018,-8.566871941366761,0.001099573790355,19200.000000000007,-0.0042544919623153,0.00208389545876,3.2820988338799535e-05,0.0,-4.412574791463984,11.28657994176668,-8.490746284867878,-2.686502000255075,-0.0026700066301643,2.612520492412841,19199.999102496306,30.13210228286787,0.002,3.780259059197332,-0.0249199775902092,-1.0036379529985011,6.0,10.0,180.0,1.2553920976888675,-4.886134147618153,-0.0727529265317421,-3.229978303984482,-751.2929237675266,-0.6564647075585981,167.0933212718224,752.3601933666928,575.5500000000002,1.2553920976888675,0.834954559803009,1.2317742109298706,1.0466947555541992,1.2827750444412231,1.2434180974960327,1.2123600244522095,0.8266260623931885,0.9390348196029663,0.9255673885345459,1.2543772459030151,1.1229619979858398,1.1659190654754639,1.0891530513763428,1.1151098012924194,1.3112980127334595,0.9841986894607544,6.963424205780029,1.042590856552124,1.1032638549804688,1.1389422416687012,0.815355122089386,1.0147875547409058,0.8649585843086243,0.7968366146087646,1.062558889389038,0.9641484022140503,0.7962560653686523,1.0061026811599731,1.068930745124817,0.894692063331604,2.1379141807556152,1.2776745557785034,1.1606158018112183,0.7758083343505859,1.8546451330184937,1.0784010887145996,1.2645407915115356,1.0720220804214478,1.2339926958084106,0.63840651512146
5812.0,116.23900000000006,21.828799432633307,286.62072523296536,386.5459863186652,532803.1390825534,21.773404043261287,286.50841844940106,386.5459900000001,532898.7794840002,-3.984031080286608,-8.746419444120496,0.0001252906303784,19200.000000000007,-0.0038365275273507,0.0013330509497536,3.6820358081897374e-06,0.0,-4.094743719656492,18.856489471259668,-8.670649065861687,-9.16352393336937,0.0046260158252573,2.2003993519105727,19200.04944876024,120.19350728918084,0.002,3.827385272822373,-0.1933738342323787,-1.0152513956231966,6.0,10.0,180.0,1.1542893777898124,-4.8158092422011,-0.0742044997457114,-3.222275492081309,-750.7714618837633,-28.7227323537793,167.09666063591118,752.3785966833464,573.7500000000001,1.1542893777898124,0.8303836584091187,1.1624454259872437,1.0072638988494873,1.215070366859436,1.1343598365783691,1.1131823062896729,0.7652978897094727,0.9147390127182007,0.8856668472290039,1.1454193592071533,1.0497448444366455,1.0913333892822266,1.017139196395874,1.0422446727752686,1.2667368650436401,0.9227164387702942,6.0856218338012695,0.9215470552444458,1.0282649993896484,1.0213099718093872,0.7857770919799805,0.9445613026618958,0.8475152254104614,0.7740527391433716,1.0405793190002441,0.9459211230278015,0.7700092792510986,0.9927065372467041,1.0443859100341797,0.8739926218986511,1.7528836727142334,1.2140154838562012,1.0807231664657593,0.6915866136550903,1.7508095502853394,1.055261254310608,1.1997389793395996,0.9804762601852417,1.2525686025619507,0.6208195090293884
5813.0,116.25900000000004,21.75084792294052,286.4459010194945,386.5459716590519,533187.1425130379,21.699675154342067,286.3311642413297,386.5459900000001,533282.7794840002,-3.6496280014020313,-8.905794124884903,0.0006121024441883,19200.000000000007,-0.004014413162089,0.0007987602599453,1.8342454736679923e-05,0.0,-3.733621471497256,15.869186292842151,-8.815430277500537,-5.36828284065407,0.003669098230891,3.350706863422237,19200.08377058874,-81.5647913519841,0.002,3.792465386316578,-0.3144093676119586,-1.0218030517800298,6.0,10.0,180.0,1.1547681339082403,-4.724609806625395,-0.0742055656334307,-3.22276023719942,-748.7937309418817,-57.84286617688964,167.03333031795557,752.1202983416731,577.0500000000001,1.1547681339082403,0.8202417492866516,1.1361808776855469,0.9885952472686768,1.1951355934143066,1.0931907892227173,1.0861947536468506,0.7600079774856567,0.9069671630859375,0.882122814655304,1.1414985656738281,1.0362083911895752,1.0773683786392212,1.0047976970672607,1.0290629863739014,1.2431836128234863,0.9162214398384094,6.23623514175415,0.934691309928894,1.0136213302612305,1.0160728693008423,0.7788565158843994,0.9542307257652283,0.8304460644721985,0.7583672404289246,1.0239481925964355,0.939967155456543,0.7636699676513672,0.981033205986023,1.0324170589447021,0.8607938289642334,1.9610378742218018,1.2085449695587158,1.0737286806106567,0.6968799829483032,1.5425903797149658,1.031843900680542,1.184746265411377,0.9626672267913818,1.2272800207138062,0.55755215883255
5814.0,116.27900000000004,21.679645919935982,286.2675305096813,386.54595227990535,533571.1403045886,21.63280577240595,286.1512098351142,386.5459900000001,533666.7794840003,-3.308698726885523,-9.029471283639587,0.0012597532878024,19200.000000000007,-0.0041518000076419,0.000939859173148,3.7820157565081154e-05,0.0,-3.388431937324159,18.856600670577684,-8.995891077085131,-4.936820124911572,0.0141473805932965,1.16240696914376,19199.99877453732,102.9477397810995,0.002,3.776981715692179,-0.4118657345961145,-1.0251463582062494,6.0,10.0,180.0,1.209471767981733,-4.795034708966718,-0.0722601348402428,-3.228398556968588,-746.3983654709409,-87.93543308844482,167.1676651589778,752.7136491708366,575.4750000000001,1.209471767981733,0.8111207485198975,1.0815248489379883,0.9541721343994141,1.1381818056106567,1.0209541320800781,1.0204637050628662,0.7300994992256165,0.8891386389732361,0.8567788600921631,1.0596001148223877,0.9855355024337769,1.02421236038208,0.9557473063468933,0.9778037071228027,1.178920030593872,0.8718094825744629,6.0239458084106445,0.8868094682693481,0.9601523876190186,0.9599621295928955,0.7632423043251038,0.9258498549461365,0.8110218644142151,0.7433865070343018,0.9994035959243774,0.9228324294090271,0.7509510517120361,0.9727177023887634,1.013630986213684,0.8450289964675903,1.9155607223510742,1.1637983322143555,1.0199528932571411,0.6620104312896729,1.332985520362854,0.9948408007621765,1.1348628997802734,0.8995832204818726,1.1918507814407349,0.5309427976608276
5815.0,116.29900000000004,21.61535860383248,286.08618957865684,386.5460187147801,533955.140681316,21.572894203150486,285.9688209222395,386.5459900000001,534050.779484,-2.96376686007952,-9.127689176918064,-0.0009555349031251,19200.000000000007,-0.0043093606583652,0.0014443810864068,-2.871596720282629e-05,0.0,-3.052754408435376,17.586934178553733,-9.10398623342766,1.3993292847943013,0.0066041109238074,-4.019684277360983,19200.17178720821,-25.78861842212697,0.002,3.750853606469036,-0.5482519332697271,-1.01943432871868,6.0,10.0,180.0,1.2236442886138044,-4.810649883232483,-0.0747083717563459,-3.2325210164481994,-742.6201827354705,-116.5097165442224,167.1893325794889,752.8328245854183,581.7750000000001,1.2236442886138044,0.7996093034744263,1.0522886514663696,0.9407389163970947,1.0800360441207886,0.9919022917747498,0.988275945186615,0.7333155870437622,0.8746483325958252,0.8530759811401367,1.0126785039901733,0.9640463590621948,0.9977712035179138,0.9346485733985901,0.9546911120414734,1.109306812286377,0.8522207140922546,5.806923866271973,0.9001766443252563,0.9352051019668579,0.9755284190177917,0.7619974613189697,0.9379207491874695,0.7912865281105042,0.7345055341720581,0.9814176559448242,0.9105247259140015,0.749925971031189,0.9667649269104004,1.0035881996154785,0.8395187258720398,2.1366944313049316,1.1417287588119507,0.9945566058158875,0.6817001104354858,1.11747145652771,0.9514837265014648,1.1063735485076904,0.8723140358924866,1.0963332653045654,0.548368513584137
5816.0,116.319,21.557735434693267,285.9037312822318,386.54602260813976,534339.1404266787,21.52002894390945,285.78426660186244,386.5459900000001,534434.7794840003,-2.6038059548706967,-9.253151965250913,-0.0010822495897887,19200.000000000007,-0.0041408527884548,0.000725567219538,-3.260812801059081e-05,0.0,-2.701872292367688,18.431656274374863,-9.18213826281647,-9.40738747979778,-0.0024460243196953,-2.8688747204467058,19200.06835372647,64.46224802499611,0.002,3.7066302020475392,-0.6836949125639508,-1.0209965270307166,6.0,10.0,180.0,1.185077280731467,-4.693394743613155,-0.0766592439463132,-3.23358339917703,-737.2940913677353,-144.2178582721112,167.07116628974444,752.3604122927092,575.2500000000001,1.185077280731467,0.7893561720848083,0.98801189661026,0.901200532913208,1.0095916986465454,0.915136456489563,0.9247339963912964,0.6770821809768677,0.8552127480506897,0.8055116534233093,0.9120187759399414,0.905387282371521,0.9342870712280273,0.8841705322265625,0.9042319655418396,1.1145105361938477,0.820823073387146,-2.2082858085632324,0.7730523943901062,0.8778506517410278,0.8556045293807983,0.7312349677085876,0.8791730999946594,0.7812929749488831,0.7133045196533203,0.9495930671691895,0.9058891534805298,0.733752429485321,0.9466812610626221,0.9877862930297852,0.8184698224067688,1.6416608095169067,1.0819954872131348,0.9311264157295227,0.5836610794067383,1.0691242218017578,0.9346667528152466,1.0450197458267212,0.800926923751831,1.1911762952804565,0.4166722297668457
5817.0,116.33900000000004,21.507511732854475,285.7185175090688,386.5460059672606,534723.142606777,21.47428758910434,285.59781858253325,386.5459900000001,534818.7794840002,-2.251039961713513,-9.342117748437062,-0.0005274874275661,19200.000000000007,-0.0042975035993999,0.0006912206495526,-1.5966791644596538e-05,0.0,-2.3369542689325726,18.000674436428117,-9.273422800831304,-2.247746262108413,-0.000251785276259,-1.4121731061368237,19200.255009207183,-68.59318742546468,0.002,3.676702073511093,-0.8646486720335512,-1.0103553703396202,6.0,10.0,180.0,1.1928797603895105,-4.669392819159212,-0.0766467442373735,-3.2182069217749096,-730.8585456838676,-172.3339291360556,166.9775831448722,752.0022061463546,575.1750000000001,1.1928797603895105,0.7731752395629883,0.947173535823822,0.8653649091720581,0.9456804990768433,0.8694995045661926,0.8739691972732544,0.6680318117141724,0.8317862153053284,0.7971243858337402,0.8571106195449829,0.8663555979728699,0.8928389549255371,0.851235032081604,0.8691370487213135,1.0348221063613892,0.787580132484436,-2.7678375244140625,0.7958402633666992,0.8385679125785828,0.8411561846733093,0.724160373210907,0.8759607076644897,0.7520315051078796,0.6955106854438782,0.92194664478302,0.8865494132041931,0.7187731266021729,0.9376182556152344,0.962692141532898,0.8038286566734314,1.8012585639953613,1.0402004718780518,0.8962005972862244,0.5674574971199036,0.7856216430664062,0.8705287575721741,0.9939566254615784,0.7464219331741333,1.0923807621002197,0.34288543462753296
5818.0,116.35900000000004,21.46412514585968,285.53190921459293,386.5460264481882,535107.1423423974,21.435737839923146,285.40975246592785,386.5459900000001,535202.7794840003,-1.884778517118398,-9.430700259235,-0.001213694626969,19200.000000000007,-0.0041421693105078,0.0002542915988401,-3.634949244849484e-05,0.0,-1.9899926640993293,21.919663096700027,-9.40361604120764,-11.780936757681667,0.0007467814048688,-1.5816275444436367,19199.963115615188,47.13907499864859,0.002,3.657912559194044,-0.9769607398538248,-1.0281641690585357,6.0,10.0,180.0,1.1137534515884928,-4.6752538442428095,-0.0781108268377846,-3.2212562888753893,-724.2582728419338,-200.8954645680278,167.1352915724361,752.7251030731773,581.4750000000001,1.1137534515884928,0.7678292393684387,0.8494324088096619,0.7923884391784668,0.8540931940078735,0.7748671770095825,0.7920179963111877,0.5912830829620361,0.7839852571487427,0.7333899140357971,0.7584719061851501,0.7855943441390991,0.8100204467773438,0.7820734977722168,0.799190878868103,1.027727484703064,0.7387161254882812,-3.1273038387298584,0.6400501728057861,0.7594463229179382,0.7212873101234436,0.69515460729599,0.8219707012176514,0.725400984287262,0.6790850162506104,0.8883899450302124,0.8813398480415344,0.7095493674278259,0.9147627353668213,0.9370143413543701,0.785241961479187,1.2752186059951782,0.9569671154022217,0.8086357116699219,0.4612142741680145,0.7172261476516724,0.8262203335762024,0.9075936675071716,0.6534496545791626,1.1119319200515747,0.27810370922088623
5819.0,116.37900000000003,21.428178240847245,285.3431410481434,386.5460236780936,535491.1428766747,21.40443680276765,285.2203445465844,386.5459900000001,535586.7794840003,-1.5235014660847337,-9.484095358345868,-0.0011172428391683,19200.000000000007,-0.0042136133523571,0.0004553389758655,-3.357962826478395e-05,0.0,-1.605486444780261,20.686890101969688,-9.43410592293605,-4.826844360611981,-0.0078246087022339,-1.5255163821674005,19200.016697287872,-64.46349985266373,0.002,3.572563456995569,-1.0915898172153915,-1.0103012576594632,6.0,10.0,180.0,1.0991242204929963,-4.652862847928207,-0.0815520486892117,-3.2197226044563765,-715.5096364209669,-228.88723228401392,167.03714578621805,752.3605515365887,581.5500000000001,1.0991242204929963,0.7507064938545227,0.7914412021636963,0.7551515102386475,0.786308765411377,0.7292375564575195,0.7438101768493652,0.5849179029464722,0.766133189201355,0.7249525785446167,0.7028369307518005,0.7442092895507812,0.7632437944412231,0.7485995292663574,0.7639528512954712,0.9407638311386108,0.7060260772705078,-2.885845422744751,0.6611323356628418,0.7190436124801636,0.7097872495651245,0.6912993788719177,0.8157356381416321,0.6966989636421204,0.6613150238990784,0.8611333966255188,0.8569584488868713,0.6928625702857971,0.9017496705055237,0.9142522811889648,0.7712817192077637,1.3934084177017212,0.9008210301399231,0.7672854065895081,0.4379250705242157,0.46180954575538635,0.748532772064209,0.8470279574394226,0.5947996377944946,0.9951257109642029,0.18912453949451447
5820.0,116.39900000000004,21.39948678010956,285.15354408666707,386.5459758057769,535875.1419362065,21.380429679333943,285.0298746231016,386.5459900000001,535970.7794840002,-1.159848781311108,-9.537343856694026,0.0004803178438667,19200.000000000007,-0.0042751874760203,0.0002411817539665,1.419472511472717e-05,0.0,-1.2499655363851978,20.08007482014541,-9.538096247143324,-4.026734792478384,-0.0041477729717757,1.46287076375995,19200.051846885435,-12.869801319793146,0.002,3.517758272405099,-1.2941604212361366,-0.9970933908727474,6.0,10.0,180.0,1.1035291331971906,-4.633330851744579,-0.0786349945471124,-3.218704811194539,-706.6548182104834,-257.07511614200695,167.19757289310903,753.1082757682943,575.3250000000002,1.1035291331971906,0.7319665551185608,0.728969156742096,0.7074815034866333,0.7238450050354004,0.671800971031189,0.6848523616790771,0.5558502078056335,0.7456475496292114,0.6921260952949524,0.6544742584228516,0.690504789352417,0.7054086327552795,0.7052285671234131,0.7196229100227356,0.8813167810440063,0.6681498289108276,-2.68973708152771,0.6358381509780884,0.6689621210098267,0.6577574610710144,0.6751962900161743,0.7909654974937439,0.6661751866340637,0.643195629119873,0.8241561651229858,0.8379765152931213,0.6801377534866333,0.8832608461380005,0.8861073851585388,0.7523316740989685,1.2295312881469727,0.8300331830978394,0.7141177654266357,0.3723248839378357,0.2372278869152069,0.6769000291824341,0.7760387659072876,0.5215996503829956,0.9503892064094543,0.019019126892089844
5821.0,116.41900000000004,21.37805770164932,284.96284515683743,386.5460175983505,536259.144295589,21.3637528638932,284.83862359807654,386.5459900000001,536354.7794840002,-0.7931696637410671,-9.571877224839543,-0.0009192151969752,19200.000000000007,-0.0042909301184627,0.0001652862308271,-2.759727499851984e-05,0.0,-0.8793803435310463,16.544195532511754,-9.542932819811648,-2.1308455633073047,0.0012237535355232,0.5502621972408527,19200.102274913523,-29.980086200027426,0.002,3.503898764035186,-1.4359524640595582,-1.0202978529688536,6.0,10.0,180.0,1.1044792791338731,-4.57272510143582,-0.0820331388249666,-3.208953956204148,-696.0414091052417,-283.96555807100344,167.12528644655453,752.8661378841472,581.4750000000001,1.1044792791338731,0.7132372260093689,0.6786869168281555,0.6795410513877869,0.6656509637832642,0.6329880952835083,0.6415477991104126,0.5445621013641357,0.7438042163848877,0.6799575686454773,0.6149390935897827,0.6549568176269531,0.662451982498169,0.6796431541442871,0.6941920518875122,0.8393433690071106,0.6527681350708008,-2.37511944770813,0.6188331246376038,0.6380350589752197,0.6406109929084778,0.6681278347969055,0.7889842391014099,0.6408621668815613,0.6278226971626282,0.803681492805481,0.826768696308136,0.6688181161880493,0.8658977150917053,0.8760466575622559,0.7457864284515381,1.0659499168395996,0.7634153366088867,0.6718504428863525,0.3330744802951813,0.10815298557281494,0.6010327935218811,0.7152218222618103,0.4701603651046753,0.8627232313156128,-0.10289828479290009
5822.0,116.43900000000004,21.36399403144765,284.7716396221664,386.5460019369649,536643.1434547453,21.35443055242565,284.64687357210374,386.5459900000001,536738.7794840003,-0.4263847921261141,-9.598147692625414,-0.0004000706646447,19200.000000000007,-0.0043321755840857,-8.680917305268911e-05,-1.193709230808276e-05,0.0,-0.5109978855953463,17.01975228563835,-9.609889101499268,-4.5175936235517815,-0.0075752036814563,-0.3068384398344756,19199.77469007397,-34.27199138161512,0.002,3.446082082180544,-1.5660342857878036,-1.0028667088818617,6.0,10.0,180.0,1.1054627745044028,-4.569777322245717,-0.0844577494012588,-3.216156747977624,-684.9707045526209,-311.24627903550174,167.25814322327727,753.5080689420736,575.3250000000002,1.1054627745044028,0.6936442852020264,0.601225733757019,0.6209455728530884,0.5871193408966064,0.5633231401443481,0.5770719051361084,0.49738192558288574,0.715937614440918,0.6249592304229736,0.554393470287323,0.5903540849685669,0.5924975872039795,0.6253131628036499,0.6390855312347412,0.7752101421356201,0.60743647813797,-2.312770366668701,0.5518704652786255,0.5766004323959351,0.5779467225074768,0.6450918912887573,0.7504197955131531,0.6044265031814575,0.6122337579727173,0.7561349868774414,0.8072128891944885,0.6591993570327759,0.8412178754806519,0.8402303457260132,0.7235298752784729,0.7009830474853516,0.6737231016159058,0.5999067425727844,0.25334295630455017,-0.05455595254898071,0.5282599329948425,0.634617030620575,0.3867701292037964,0.8197126388549805,-0.2505236864089966
5823.0,116.45900000000005,21.357217629642346,284.5796327000654,386.5460020569573,537027.1430429383,21.352476646749253,284.4549065447204,386.5459900000001,537122.7794840002,-0.0567456418309238,-9.596961932947153,-0.0003972449604458,19200.000000000007,-0.0043003841082849,6.22872464004168e-05,-1.2056890746091074e-05,0.0,-0.1648104748098072,14.649725657391338,-9.563030304866292,3.8510455330807294,0.0012295452552901,-0.2498734890347314,19199.9806488844,-30.087148932057623,0.002,3.39876923245604,-1.723550425054738,-1.0087699320417611,6.0,10.0,180.0,1.0918322015495936,-4.56391226701395,-0.0839778055749866,-3.2192392538512244,-672.4688522763104,-335.96863951775083,167.07657161163866,752.8040344710369,581.4750000000001,1.0918322015495936,0.6725603938102722,0.5511454343795776,0.5932967066764832,0.5256943702697754,0.5247833728790283,0.5232613682746887,0.5011295080184937,0.714202880859375,0.6160569787025452,0.5153263211250305,0.5534369349479675,0.5527524948120117,0.5968273282051086,0.6103007793426514,0.6867882013320923,0.5806654691696167,-2.069458246231079,0.5854285955429077,0.5451703071594238,0.5810996294021606,0.6454625725746155,0.7512737512588501,0.5649393200874329,0.5986343026161194,0.7353289127349854,0.7789425253868103,0.643478512763977,0.829483151435852,0.8251303434371948,0.7177973389625549,0.5073493719100952,0.604325532913208,0.5610454082489014,0.23366354405879974,-0.2108590006828308,0.4332459270954132,0.5727429986000061,0.332317590713501,0.6569263339042664,-0.352943480014801
5824.0,116.479,21.357165884640505,284.3883096094183,386.54599700181495,537411.1413803372,21.35789374963354,284.2630063186785,386.5459900000001,537506.7794840002,0.3342949604128999,-9.608307707619367,-0.0002321680555428,19200.000000000007,-0.003622538784987,-0.0005901405902729,-7.000440691449012e-06,0.0,0.1601350901317312,15.80587189187477,-9.588649999041028,0.9678010943979448,-0.0051269055354896,0.2445269001028131,19199.638642021186,-55.86372916462386,0.002,3.3414669653156968,-1.7395996281182495,-1.0290008139133435,6.0,10.0,180.0,0.899952245582682,-4.512192402663972,-0.088385435762876,-3.2427877749040244,-660.2199261381552,-359.8788197588754,167.09378580581932,752.9525172355184,575.8500000000001,0.899952245582682,0.654260516166687,0.47975853085517883,0.5332639813423157,0.450498104095459,0.4517635405063629,0.45536816120147705,0.4610026478767395,0.6786244511604309,0.5532412528991699,0.45393311977386475,0.4876851737499237,0.48519837856292725,0.5404139757156372,0.5540891885757446,0.6319230794906616,0.5333146452903748,-2.042877197265625,0.513138473033905,0.48375147581100464,0.5166409015655518,0.6177014708518982,0.7064902186393738,0.5238180160522461,0.5813125371932983,0.6889498233795166,0.7615968585014343,0.6320555210113525,0.8029744625091553,0.782355785369873,0.689677357673645,0.15283240377902985,0.5178508758544922,0.4910666346549988,0.15199647843837738,-0.3494659662246704,0.3670205771923065,0.49624913930892944,0.25065767765045166,0.6248146891593933,-0.4902816414833069
5825.0,116.49900000000004,21.36416509873316,284.19693926085495,386.5459523219995,537795.1396952361,21.370674063176672,284.07145529574353,386.5459900000001,537890.7794840002,0.7352903395412258,-9.598419928213426,0.0012617089565578,19200.000000000007,-0.002625942839835,-0.0010296109623527,3.767900016177783e-05,0.0,0.5593188509612914,20.205731667110737,-9.578852277062154,0.1866640247836049,-0.0056076239432731,3.912681039573624,19199.793688242346,47.22022445946335,0.002,3.234164196470013,-1.857662052498486,-1.0084559053850055,6.0,10.0,180.0,0.5991582450177761,-4.480528049644202,-0.088875078438425,-3.254071860230159,-645.9109630690775,-385.2824098794377,167.12389290290966,753.1667586177591,581.0250000000002,0.5991582450177761,0.6335430145263672,0.39708659052848816,0.45231878757476807,0.3511230945587158,0.347016841173172,0.35459375381469727,0.3994686007499695,0.6088095903396606,0.4726059138774872,0.36514320969581604,0.3948972821235657,0.39741548895835876,0.4594707489013672,0.47437405586242676,0.5690027475357056,0.4639815390110016,-1.8687694072723389,0.4224012494087219,0.39828652143478394,0.43917444348335266,0.5801789164543152,0.6481163501739502,0.45215049386024475,0.5637567043304443,0.6431847810745239,0.7240102887153625,0.6139334440231323,0.7751625776290894,0.7069706916809082,0.6540005207061768,-0.26434677839279175,0.4130527973175049,0.40146905183792114,0.0537593699991703,-0.5228204727172852,0.27743273973464966,0.3966134786605835,0.14153926074504852,0.5321131944656372,-0.587820827960968
5826.0,116.51900000000003,21.379574346770408,284.005124474927,386.54599041448216,538179.1409651955,21.390798788972525,283.8805362745473,386.5459900000001,538274.7794840002,1.1000011260716838,-9.544663397633643,-4.33474341637494e-05,19200.000000000007,-0.0026817748060769,-0.0005762515459509,-3.152923905581543e-07,0.0,0.952440684176677,15.86789814717255,-9.583004638509498,7.813215059674656,0.0048496894797691,2.31836147070349,19200.17078901076,47.2352096176938,0.002,3.1223085784051148,-2.025434765283691,-1.000109713925375,6.0,10.0,180.0,0.4526486322676592,-4.578206428404481,-0.0873998283904528,-3.2515274969089765,-630.5034815345388,-411.3192049397188,167.28494645145483,753.9503793088795,575.6250000000001,0.4526486322676592,0.6050844192504883,0.36557188630104065,0.4240449368953705,0.2917057275772095,0.31488654017448425,0.30839282274246216,0.40258657932281494,0.6185221672058105,0.4621683359146118,0.33890339732170105,0.3640473484992981,0.3643932342529297,0.433152437210083,0.4470363259315491,0.4561615586280823,0.4374091923236847,-1.783292531967163,0.47081297636032104,0.37318694591522217,0.4428512454032898,0.5855457186698914,0.6445064544677734,0.40527045726776123,0.5500210523605347,0.6093522906303406,0.7086213231086731,0.6009794473648071,0.7504627704620361,0.6927802562713623,0.6454083919525146,-0.686509370803833,0.3501356244087219,0.36624830961227417,0.043205369263887405,-0.6553213596343994,0.19476599991321564,0.34653598070144653,0.09184746444225311,0.40862828493118286,-0.731852650642395
5827.0,116.53900000000006,21.40237384522795,283.81487910903445,386.5460087263938,538563.142246173,21.41823792440646,283.6905308539221,386.5459900000001,538658.7794840003,1.4611179179206275,-9.504831850562471,-0.0006276220512329,19200.000000000007,-0.0027925478485636,-0.0009617161254975,-1.8727837116602262e-05,0.0,1.3259402998823422,18.80080033429784,-9.46972504441008,0.7248827557523981,0.0093078331078,2.01273480155724,19200.187580114736,81.56330249863132,0.002,3.070249991930144,-2.1908627141029955,-1.0086995038469722,6.0,10.0,180.0,0.3027051738025274,-4.459987134740174,-0.0917864501245915,-3.2243266950961464,-613.2027407672695,-435.3216024698594,167.0794732257274,753.1661896544397,581.4750000000001,0.3027051738025274,0.5830333232879639,0.2783823013305664,0.3440154194831848,0.19082976877689362,0.21676898002624512,0.21476846933364868,0.3428032696247101,0.5127732157707214,0.37551575899124146,0.24439620971679688,0.27975577116012573,0.28119638562202454,0.3566862940788269,0.37457576394081116,0.43290627002716064,0.3808421492576599,-1.1733348369598389,0.3267062306404114,0.2949410378932953,0.36568060517311096,0.5389595031738281,0.5459082126617432,0.3402763307094574,0.5331968069076538,0.5642077922821045,0.6794024109840393,0.5874757170677185,0.6961122751235962,0.5921850204467773,0.6025588512420654,-1.1092491149902344,0.25399601459503174,0.2770248353481293,-0.056413743644952774,-0.7464134693145752,0.1367446482181549,0.2607603669166565,-0.0021435096859931946,0.39115574955940247,-0.7962485551834106
5828.0,116.559,21.43261024359297,283.6253258219883,386.5460330280317,538947.1455260909,21.45295136515707,283.50171863362,386.5459900000001,539042.7794840002,1.8154351153910595,-9.440390647111917,-0.0014381766344928,19200.000000000007,-0.0030384062163629,-0.0010280529106923,-4.302845664030809e-05,0.0,1.691393505603188,18.98247974915376,-9.44360475698875,6.2944423332423005,0.0056028432331385,-0.7932988801087143,19200.015444722427,-72.92882317363933,0.002,3.0206659318305675,-2.295318112053702,-1.023699652903272,6.0,10.0,180.0,0.2006333427771948,-4.444774131741154,-0.0966787674736533,-3.2202090581140843,-595.8863703836348,-459.1188012349297,167.11073661286372,753.3960948272198,575.3250000000002,0.2006333427771948,0.5525898933410645,0.23351339995861053,0.29033163189888,0.14034733176231384,0.16607558727264404,0.138872891664505,0.3101373314857483,0.47089850902557373,0.33728930354118347,0.18782790005207062,0.22534887492656708,0.22850146889686584,0.30407294631004333,0.3209064304828644,0.30756694078445435,0.3270169496536255,-1.239185094833374,0.3278864622116089,0.2452392876148224,0.3458011746406555,0.5267795920372009,0.49144673347473145,0.2684844434261322,0.5195797681808472,0.5077344179153442,0.6406335234642029,0.5715107917785645,0.6495397090911865,0.5368430018424988,0.5795301795005798,-1.5376780033111572,0.18652227520942688,0.21941983699798584,-0.0819472223520279,-0.8701380491256714,0.06530757993459702,0.20062017440795898,-0.07009027898311615,0.28393375873565674,-0.8614842891693115
5829.0,116.57900000000004,21.470148521605505,283.4373814193887,386.54603616908526,539331.143251022,21.49488781287229,283.31437821309294,386.5459900000001,539426.7794840002,2.16543966860816,-9.372663733181,-0.001536815036119,19200.000000000007,-0.003329335656163,-0.0014117641594746,-4.616882580900208e-05,0.0,2.046141421952683,18.13057273787202,-9.36842077816865,5.738797829397276,0.0063461424740759,-1.4687684919398305,19199.981131870565,85.79317800571155,0.002,2.9275381702149232,-2.3819969533131213,-1.0135076855524965,6.0,10.0,180.0,0.173783577454302,-4.405636995783453,-0.0981608356302066,-3.2273909959508145,-577.8906851918174,-481.7334006174649,167.10686830643186,753.4770474136099,575.9250000000002,0.173783577454302,0.5185067057609558,0.18347330391407013,0.23748651146888733,0.09655966609716415,0.10980910062789917,0.0925038754940033,0.2769601047039032,0.4098248779773712,0.30093926191329956,0.12975934147834778,0.1736811250448227,0.17847223579883575,0.25439897179603577,0.2738574147224426,0.251727819442749,0.2877804934978485,-0.8410017490386963,0.2759580612182617,0.19879327714443207,0.31208905577659607,0.49886614084243774,0.42383211851119995,0.21698221564292908,0.5007976293563843,0.45433175563812256,0.603519856929779,0.5532724857330322,0.5949734449386597,0.4590490460395813,0.5460084676742554,-1.8874287605285645,0.12504148483276367,0.1653391420841217,-0.12688040733337402,-0.9490586519241333,0.01412588357925415,0.14576902985572815,-0.1309826821088791,0.24455267190933228,-0.9364011287689209
5830.0,116.59900000000002,21.51479621813781,283.2504048978389,386.54602735699257,539715.1430199243,21.543985371160627,283.1287858934933,386.5459900000001,539810.779484,2.515200276334013,-9.271159038355766,-0.0012466862912343,19200.000000000007,-0.0035265828297867,-0.0011945561091072,-3.7356901928072686e-05,0.0,2.4045317979092697,16.536637680768926,-9.293980140821455,6.162105117621719,0.0085477261468686,-3.044549937288443,19200.11992193744,-0.0673697331293809,0.002,2.8093655320794046,-2.5101076223990373,-0.9969838540025096,6.0,10.0,180.0,0.1718550215327866,-4.4677306941248265,-0.0996274413237829,-3.236627434130616,-559.1838425959087,-503.7647003087325,167.14993415321595,753.7585237068049,575.9250000000002,0.1718550215327866,0.485274076461792,0.1440499871969223,0.19389958679676056,0.05701940506696701,0.058836936950683594,0.05394056439399719,0.2406461238861084,0.3542943298816681,0.27018511295318604,0.09252764284610748,0.12913262844085693,0.13535615801811218,0.2094937413930893,0.23123663663864136,0.18969427049160004,0.2519557774066925,-0.5555598735809326,0.2380872368812561,0.15870262682437897,0.286477267742157,0.4733760952949524,0.3602086007595062,0.16763100028038025,0.47999107837677,0.39716997742652893,0.5538923144340515,0.5331662893295288,0.5394436717033386,0.389140784740448,0.51506108045578,-2.1010122299194336,0.0732579454779625,0.11816374957561493,-0.15773403644561768,-1.0132453441619873,-0.03200312331318855,0.0987548753619194,-0.18284368515014648,0.2040453553199768,-0.9998529553413391
5831.0,116.61900000000006,21.56612241153107,283.0657291043108,386.5460373344621,540099.1434539795,21.6001720384506,282.9452152780524,386.5459900000001,540194.7794840003,2.8763659562358934,-9.171267925355933,-0.0015707245291206,19200.000000000007,-0.0032651199858005,-0.0014343824867692,-4.733451041220184e-05,0.0,2.731680032205284,19.58807853888859,-9.1614098753704,2.442943688951641,0.0029547544545642,-3.725447377841654,19200.085718935145,68.7305493782675,0.002,2.7183085405537004,-2.600928974537764,-1.00404837013718,6.0,10.0,180.0,0.0615259953751129,-4.378980308739351,-0.1025487911178171,-3.2351238376101725,-539.8019212979543,-523.7798501543662,167.003467076608,753.2267618534024,581.4000000000001,0.0615259953751129,0.44412875175476074,0.0870542973279953,0.13218410313129425,-0.004239708185195923,-0.011210441589355469,-0.015974313020706177,0.17130237817764282,0.23114365339279175,0.2031255066394806,0.023895293474197388,0.058432888239622116,0.06676077842712402,0.13817313313484192,0.1647101789712906,0.14644530415534973,0.1937621384859085,-0.3718012571334839,0.12733934819698334,0.09190939366817474,0.2350468933582306,0.4071473181247711,0.24635207653045654,0.08703773468732834,0.44882065057754517,0.3312743604183197,0.45922771096229553,0.5067031979560852,0.42613551020622253,0.25858649611473083,0.4526975750923157,-1.9162461757659912,0.00391840934753418,0.04518800601363182,-0.223830446600914,-1.087303876876831,-0.07486329972743988,0.03411237150430679,-0.2602497339248657,0.1770554482936859,-1.0126683712005615
5832.0,116.63900000000004,21.624725710660407,282.88282056122705,386.5460137441297,540483.145145018,21.66336441186672,282.7639370684633,386.5459900000001,540578.7794840002,3.225918779291323,-9.046276493721956,-0.0007870226593115,19200.000000000007,-0.0032202492817988,-0.0013241580621069,-2.374414006038925e-05,0.0,3.1206326558904776,19.537668036577408,-9.1013365471934,7.868608122931877,-0.0146481240430371,0.1189102042392345,19200.20396381162,-64.28950923397588,0.002,2.635110253429661,-2.7044387355819786,-1.0100556047720897,6.0,10.0,180.0,0.0166196696982524,-4.383367171849397,-0.1059638388447078,-3.2192417678259995,-519.2649606489772,-545.3129250771831,167.188233538304,754.1193809267012,578.1750000000002,0.0166196696982524,0.39590591192245483,0.0470343679189682,0.08666840195655823,-0.041101887822151184,-0.05189406871795654,-0.05915360152721405,0.11346100270748138,0.18223395943641663,0.1755736768245697,-0.01461443305015564,0.005052044987678528,0.023532871156930923,0.08343453705310822,0.11195245385169983,0.05658509582281113,0.1417553722858429,-0.31785309314727783,0.13263201713562012,0.04315388575196266,0.20845496654510498,0.3562716245651245,0.19062656164169312,0.019585900008678436,0.41470879316329956,0.2645265758037567,0.35837793350219727,0.4580397605895996,0.37355944514274597,0.20148366689682007,0.4037166237831116,-1.673109531402588,-0.04223780333995819,0.0014863358810544014,-0.25449150800704956,-1.20684015750885,-0.131193146109581,-0.015398278832435608,-0.3240503668785095,0.1106385812163353,-1.095192313194275
5833.0,116.65900000000003,21.69038030980377,282.7026611747994,386.5460390405582,540867.1434326496,21.73346969248008,282.585218561853,386.5459900000001,540962.7794840002,3.568012789790837,-8.920099470157378,-0.0016332198351699,19200.000000000007,-0.0032517705626857,-0.0015770825863036,-4.9040556275265805e-05,0.0,3.44335875081686,19.22552616146876,-8.930147661098802,0.3049485892509118,-0.0046777471081136,-0.2436566145060733,19199.87731872167,17.129520924836804,0.002,2.5125671892733235,-2.8403283337340444,-0.9897136069607564,6.0,10.0,180.0,-0.0585866984747208,-4.337938167565589,-0.1088864335309854,-3.234598297884017,-497.9229803244886,-564.3444625385915,167.069116769152,753.7081904633505,575.4750000000001,-0.0585866984747208,0.3488365113735199,-0.010063111782073975,0.02654261887073517,-0.08183573931455612,-0.09230798482894897,-0.10399842262268066,0.057135939598083496,0.0785176157951355,0.0920589342713356,-0.0640539824962616,-0.048324793577194214,-0.03248383477330208,0.027297314256429672,0.06122564896941185,0.038442179560661316,0.10252051055431366,-0.42568540573120117,0.01724427193403244,-0.008854785934090614,0.164141446352005,0.26257893443107605,0.0698082223534584,-0.03955928236246109,0.36595413088798523,0.1921195387840271,0.2841285169124603,0.3912222981452942,0.2323302924633026,0.0743715912103653,0.307801216840744,-0.8704965114593506,-0.09716854989528656,-0.05556218698620796,-0.3210805058479309,-1.25980544090271,-0.15135982632637024,-0.06445442885160446,-0.38439202308654785,0.16003042459487915,-1.174846887588501
5834.0,116.67900000000004,21.762709303535587,282.524656641758,386.5460468685192,541251.144314944,21.810384380398496,282.4093230534284,386.5459900000001,541346.7794840002,3.911449144540701,-8.764268611426477,-0.001894030226719,19200.000000000007,-0.0030802819095701,-0.0013324548287522,-5.686851804396361e-05,0.0,3.792719404162446,19.838466440764883,-8.832264034284517,5.131317656413274,-0.0034005397716582,-0.668980443973373,19200.1021222815,-34.415313034631126,0.002,2.38275948138748,-2.972968536364664,-0.9960646410170756,6.0,10.0,180.0,-0.1508882019804443,-4.423904659064311,-0.1132658937177173,-3.2315380203766537,-476.33449016224426,-583.4347312692958,167.182058384576,754.2895952316753,575.1750000000001,-0.1508882019804443,0.29929548501968384,-0.051371946930885315,-0.019053474068641663,-0.11858820915222168,-0.13285136222839355,-0.14786776900291443,0.002210669219493866,0.014886662364006042,0.049003854393959045,-0.11168235540390015,-0.096719890832901,-0.07486007362604141,-0.02656417153775692,0.00885956734418869,-0.05261689051985741,0.04993537440896034,-0.3449079990386963,0.008559221401810646,-0.05468452349305153,0.14151689410209656,0.21398036181926727,-0.011831320822238922,-0.10829391330480576,0.30734390020370483,0.11183442920446396,0.16786949336528778,0.3252183496952057,0.1721477061510086,0.014328666031360626,0.260408490896225,-0.6514009237289429,-0.13808193802833557,-0.10012786090373993,-0.3372393250465393,-1.3346962928771973,-0.19878026843070984,-0.10807212442159653,-0.4370572566986084,0.08762242645025253,-1.1939163208007812
5835.0,116.69900000000004,21.84189343200829,282.35031352750536,386.54602255779366,541635.1429702725,21.89399477510271,282.23651004633854,386.5459900000001,541730.7794840003,4.246167046049475,-8.620483193681375,-0.0010807724720453,19200.000000000007,-0.002992718304364,-0.0018348425787068,-3.255779348414598e-05,0.0,4.15013436716621,18.800251821962654,-8.63208839018829,8.664660347124709,-3.02289372233755e-07,2.5630787503700363,19199.93137782622,-12.884238895749046,0.002,2.322040982090751,-2.937407321823715,-1.018218370994453,6.0,10.0,180.0,-0.173357596495731,-4.290027064126454,-0.1166786977355963,-3.2387371388516124,-452.4482450811221,-601.7443656346479,167.095029192288,754.0172976158376,581.7,-0.173357596495731,0.24223539233207703,-0.09132985025644302,-0.05722209811210632,-0.1527852714061737,-0.17098605632781982,-0.18696095049381256,-0.06002982705831528,-0.03831321746110916,0.018292831256985664,-0.1553376466035843,-0.1377294808626175,-0.10749568790197372,-0.0726640447974205,-0.03224097937345505,-0.10031042993068695,0.01316686999052763,-0.22366619110107422,-0.007482333108782768,-0.09444868564605713,0.11923015862703323,0.16208258271217346,-0.06764096021652222,-0.16735133528709412,0.22767150402069092,0.03537660092115402,0.07113023102283478,0.25155434012413025,0.11248643696308136,-0.04939187690615654,0.20611783862113953,-0.526488721370697,-0.16920071840286255,-0.13132637739181519,-0.3587476909160614,-1.3882442712783813,-0.2375423014163971,-0.14444205164909363,-0.4798511862754822,0.04212499409914017,-1.228306531906128
5836.0,116.71900000000002,21.92858418320824,282.1790450484816,386.54596871903766,542019.1433403858,21.984178481332563,282.0670342488221,386.5459900000001,542114.7794840003,4.546042623843921,-8.46083201210094,0.0007077196507334,19200.000000000007,-0.0037580663150368,-0.0022397653639593,2.128096240423201e-05,0.0,4.511231448574319,13.117220738231532,-8.488085002588907,3.9677293092951857,-0.0031806494426922,0.2437672993729195,19200.0336898388,-34.28226977410852,0.002,2.164889427016253,-2.9892384741724687,-0.9908286197333976,6.0,10.0,180.0,-0.0839979792426541,-4.279716536962573,-0.1191237719196882,-3.2479350502278903,-427.9546225405611,-619.9996828173239,167.196514596144,754.5506488079188,577.8000000000001,-0.0839979792426541,0.2092169225215912,-0.11089951545000076,-0.09998060762882233,-0.16819041967391968,-0.17944806814193726,-0.19768176972866058,-0.0873456597328186,-0.07714513689279556,-0.03390907868742943,-0.1749439537525177,-0.15620790421962738,-0.130546435713768,-0.0990014523267746,-0.0547904297709465,-0.11881349980831146,0.0025693438947200775,-0.31624817848205566,-0.0619904100894928,-0.11494287103414536,0.10491743683815002,0.11767280846834183,-0.14218148589134216,-0.19714099168777466,0.19132351875305176,-0.03646509721875191,0.05459815263748169,0.20300336182117462,0.006388459354639053,-0.12166589498519897,0.13692139089107513,-0.2905416488647461,-0.18978527188301086,-0.15330061316490173,-0.3760327100753784,-1.379217505455017,-0.24335196614265442,-0.16321590542793274,-0.49841904640197754,0.09508227556943893,-1.3174315690994263
5837.0,116.73900000000005,22.02093166580726,282.01082349646373,386.5460000834268,542403.1446271081,22.08080170058015,281.9011456592676,386.5459900000001,542498.7794840002,4.8680603478581,-8.276196980940918,-0.0003351234849955,19200.000000000007,-0.0036528395751825,-0.0022663158160688,-1.0083426687017245e-05,0.0,4.752954826596765,14.892543102704913,-8.337407522933109,13.792383733938973,1.0367732455975053e-06,0.0618651150243684,19200.03219895109,-29.97818974929812,0.002,2.0011922177486032,-3.1999673765076344,-0.97492630512441,6.0,10.0,180.0,-0.1255043663997414,-4.290492330639514,-0.1186361535176205,-3.23819316562888,-406.17181127028056,-634.677841408662,167.182257298072,754.5738244039594,575.4750000000001,-0.1255043663997414,0.15723112225532532,-0.13064536452293396,-0.12462910264730453,-0.19919052720069885,-0.20262426137924194,-0.22482256591320038,-0.14109790325164795,-0.12562179565429688,-0.059670526534318924,-0.2227279245853424,-0.19840961694717407,-0.16356544196605682,-0.14707529544830322,-0.10373550653457642,-0.22257597744464874,-0.054699402302503586,-0.2000519037246704,-0.025297529995441437,-0.15543843805789948,0.09012559801340103,0.09356255829334259,-0.19532012939453125,-0.2396954894065857,0.09294777363538742,-0.10966555029153824,-0.027954772114753723,0.1627061367034912,-0.00817238911986351,-0.14557480812072754,0.11394783109426498,-0.5828619003295898,-0.21968898177146912,-0.18666201829910278,-0.3732748031616211,-1.461058259010315,-0.29506608843803406,-0.20017245411872864,-0.5383103489875793,-0.007091067731380463,-1.3066847324371338
5838.0,116.75900000000004,22.119437304486777,281.8462918490342,386.54606356181216,542787.1474446489,22.1837220243664,281.739088669498,386.5459900000001,542882.7794840003,5.190488755230289,-8.080026129797321,-0.0024477103272154,19200.000000000007,-0.0033143650064178,-0.0023092653535545,-7.356181203509463e-05,0.0,5.090353136400585,10.925936585019574,-8.138671133743465,7.0130917165992575,0.0007586909942283,-1.1623837486793438,19200.06638954712,-25.79843026939384,0.002,1.877206961349308,-3.3047860922621446,-0.9882176244687516,6.0,10.0,180.0,-0.1831095843301966,-4.333459332614767,-0.124988684218208,-3.206419707748952,-381.9259056351403,-649.660420704331,167.185628649036,754.6744122019797,575.1750000000001,-0.1831095843301966,0.11991728097200394,-0.1643919050693512,-0.18783406913280487,-0.2210717499256134,-0.2228042483329773,-0.24925334751605988,-0.18075159192085266,-0.1885364055633545,-0.12338975816965103,-0.25259584188461304,-0.22281625866889954,-0.19385318458080292,-0.17962834239006042,-0.1310388445854187,-0.22532787919044495,-0.06912963837385178,-0.3714865446090698,-0.10897926241159439,-0.18340301513671875,0.06735246628522873,0.023702220991253853,-0.2826913595199585,-0.27323856949806213,0.06131526082754135,-0.18769973516464233,-0.07753738760948181,0.09412506967782974,-0.12860745191574097,-0.23795756697654724,0.027730949223041534,-0.39885789155960083,-0.2448367476463318,-0.21397466957569122,-0.40487638115882874,-1.448832392692566,-0.296220600605011,-0.22277317941188812,-0.5634280443191528,0.05434095114469528,-1.3760583400726318
5839.0,116.77900000000004,22.224245784189144,281.68560986272985,386.54601438994206,543171.1458490371,22.292788048125047,281.581102481292,386.5459900000001,543266.7794840002,5.503168889268678,-7.869843305550072,-0.0008176862116497,19200.000000000007,-0.0030340241643404,-0.0022862665235555,-2.4389941945406284e-05,0.0,5.410422709339177,16.90756148047849,-7.91113752624088,13.18867537330228,-0.0041790331184643,3.057430566230651,19199.58746808212,-60.194075939138905,0.002,1.8081505643371008,-3.338860439534914,-1.0160102235158854,6.0,10.0,180.0,-0.1923453241154102,-4.302217009276585,-0.1318341731810614,-3.229971080700397,-356.10145281757013,-663.9182103521655,167.124314324518,754.4992061009898,575.1000000000001,-0.1923453241154102,0.046097282320261,-0.2253071516752243,-0.25325024127960205,-0.27597224712371826,-0.28797197341918945,-0.3113356828689575,-0.2775583565235138,-0.3068777322769165,-0.18793003261089325,-0.3264244496822357,-0.2987055778503418,-0.25918424129486084,-0.2605191469192505,-0.20936885476112366,-0.32343247532844543,-0.15364819765090942,-0.3295506238937378,-0.13805171847343445,-0.25831177830696106,0.016630753874778748,-0.08309673517942429,-0.3869338631629944,-0.35135820508003235,-0.0771549642086029,-0.2990151345729828,-0.20786356925964355,-0.0035700416192412376,-0.19272653758525848,-0.29670169949531555,-0.06839802116155624,-0.6733331084251404,-0.30290457606315613,-0.27829158306121826,-0.4541510045528412,-1.579800009727478,-0.3550744354724884,-0.28621381521224976,-0.6473045945167542,-0.036703191697597504,-1.3732463121414185
5840.0,116.79900000000004,22.33542095306543,281.5296391780304,386.546017775672,543555.1430532016,22.40783917954711,281.4274200016043,386.5459900000001,543650.7794840003,5.798372330056782,-7.666785914210436,-0.0009220021984293,19200.000000000007,-0.0030300622756086,-0.0028213616335611,-2.7775671810640136e-05,0.0,5.694064444878983,12.517823704373043,-7.732221331316654,5.924389481673471,-0.0022111620983179,-0.0690885009076428,19199.86304228039,55.82489495764977,0.002,1.681043310278866,-3.3183198976502344,-0.9895876286338388,6.0,10.0,180.0,-0.2016031348286288,-4.235863424974818,-0.1347712366553208,-3.248410216415485,-331.2902264087851,-676.9836051760827,167.170157162259,754.7736030504949,576.7500000000001,-0.2016031348286288,0.013667268678545952,-0.25453177094459534,-0.3148770034313202,-0.29408717155456543,-0.3049541711807251,-0.33506250381469727,-0.3067203164100647,-0.36321768164634705,-0.25072941184043884,-0.3531555235385895,-0.31523585319519043,-0.28506454825401306,-0.28660720586776733,-0.2307150512933731,-0.3217464089393616,-0.1631668508052826,-0.5321916341781616,-0.22294141352176666,-0.279682993888855,-0.0007870644330978394,-0.1274936944246292,-0.46469151973724365,-0.3948987126350403,-0.09765654802322388,-0.3656439483165741,-0.24839453399181366,-0.05340249463915825,-0.30156010389328003,-0.3869725465774536,-0.14082492887973785,-0.483573317527771,-0.322764128446579,-0.30115652084350586,-0.47491762042045593,-1.5312799215316772,-0.35140782594680786,-0.3025483191013336,-0.661757230758667,0.022731922566890717,-1.4198615550994873
5841.0,116.819,22.45263519241356,281.37724551695203,386.54596106791183,543939.1441112484,22.528705223655887,281.2782675288128,386.5459900000001,544034.7794840003,6.081134676945778,-7.425678233091761,0.000899096452597,19200.000000000007,-0.0031383624461533,-0.0025500739303962,2.8932088315849503e-05,0.0,6.000760902674381,9.755016226213328,-7.480938582984888,19.53128804302971,0.0061288438911155,3.605766161940984,19200.13626420785,25.830738306728858,0.002,1.5075705561785997,-3.4434611701833715,-0.9763100404871372,6.0,10.0,180.0,-0.2626756271988824,-4.248065800448237,-0.1313550553617777,-3.2489366584623065,-304.57111320439253,-689.3243025880413,167.1405785811295,754.7248015252475,581.9250000000001,-0.2626756271988824,-0.028541460633277893,-0.2407895028591156,-0.2931331396102905,-0.3056485652923584,-0.3220398426055908,-0.33800792694091797,-0.3569575548171997,-0.3545070290565491,-0.2295680046081543,-0.37556567788124084,-0.3313390612602234,-0.28561002016067505,-0.30879321694374084,-0.25222209095954895,-0.38367676734924316,-0.18913424015045166,-0.22473835945129395,-0.1321955770254135,-0.2973284423351288,0.0040171146392822266,-0.13384650647640228,-0.4396286904811859,-0.3977808356285095,-0.20058871805667877,-0.40490806102752686,-0.28010204434394836,-0.04690141603350639,-0.27961137890815735,-0.3877175748348236,-0.120627261698246,-0.9396042823791504,-0.323121577501297,-0.29703736305236816,-0.44391703605651855,-1.5848047733306885,-0.39633259177207947,-0.3172636926174164,-0.6661614179611206,-0.08112028986215591,-1.4253523349761963
5842.0,116.83900000000006,22.574909393526355,281.2301859023986,386.5460597964103,544323.1457468183,22.65520807404252,281.1338650585278,386.5459900000001,544418.7794840002,6.377892032351985,-7.197943091963159,-0.0023191022883717,19200.000000000007,-0.0025531189949549,-0.0030045307671497,-6.979641009401812e-05,0.0,6.251716286560042,17.707119343377,-7.245871274805046,11.34281679360288,0.0109871676461845,-0.1248266143035843,19200.118151945,55.80747210180024,0.002,1.3964719547714988,-3.5261827454388053,-1.0046834741050328,6.0,10.0,180.0,-0.3047076579412905,-4.2168059310333295,-0.1376993291716222,-3.222277672965683,-278.6335566021963,-699.8646512940206,167.04128929056475,754.3674007626237,584.1750000000001,-0.3047076579412905,-0.12025505304336548,-0.3509320020675659,-0.42755377292633057,-0.37669429183006287,-0.40583285689353943,-0.4309520423412323,-0.4562838077545166,-0.5547387003898621,-0.37532755732536316,-0.4650864005088806,-0.41506606340408325,-0.38155049085617065,-0.402363657951355,-0.34081923961639404,-0.4481866955757141,-0.27809247374534607,-0.5277271270751953,-0.3053414523601532,-0.3832384943962097,-0.09021888673305511,-0.2791624069213867,-0.6018710732460022,-0.4940989911556244,-0.2855403423309326,-0.5106632113456726,-0.4343143105506897,-0.19567164778709412,-0.4458230435848236,-0.5175457000732422,-0.32099825143814087,-0.7911813259124756,-0.40578559041023254,-0.3947516977787018,-0.5286962985992432,-1.6334328651428223,-0.4274490177631378,-0.38986775279045105,-0.7633699774742126,-0.09621695429086685,-1.3768582344055176
5843.0,116.859,22.70340854072157,281.0873503871418,386.54605447882415,544707.1481423893,22.787161425955645,280.99442549300846,386.5459900000001,544802.7794840002,6.643377696110643,-6.939714312806073,-0.0021520427894847,19200.000000000007,-0.0026203149483919,-0.0028580875949105,-6.447882401166714e-05,0.0,6.547598415632908,10.257086641319573,-7.024143533859824,15.382800725285398,0.0038989019559058,-0.6054178155080525,19199.98115306283,-55.82405207733721,0.002,1.3264635212012676,-3.471977040714246,-1.0049661726696806,6.0,10.0,180.0,-0.2534499913873206,-4.300794022772584,-0.1450171872322513,-3.219210386441587,-251.8912783010981,-710.3838256470103,167.12814464528236,754.8057003813119,576.7500000000001,-0.2534499913873206,-0.13862106204032898,-0.3371358811855316,-0.40925055742263794,-0.3718075752258301,-0.39923998713493347,-0.4138781726360321,-0.4738609194755554,-0.5325771570205688,-0.3828848898410797,-0.45759397745132446,-0.41122668981552124,-0.3755806088447571,-0.4057764708995819,-0.344844251871109,-0.47639840841293335,-0.27766382694244385,-0.572704553604126,-0.2605101466178894,-0.3838409185409546,-0.07062169909477234,-0.2796425521373749,-0.6019198894500732,-0.49188563227653503,-0.31235846877098083,-0.5246946811676025,-0.43575188517570496,-0.17534123361110687,-0.4696790874004364,-0.5386908650398254,-0.3080116808414459,-0.9373090267181396,-0.3976319134235382,-0.38172388076782227,-0.5031186938285828,-1.637568473815918,-0.43719685077667236,-0.3890070617198944,-0.7480819225311279,-0.08558524399995804,-1.4593865871429443
5844.0,116.87900000000003,22.836884647900074,280.9497085418272,386.54599902447313,545091.1459950646,22.924370984084007,280.8601546366867,386.5459900000001,545186.7794840002,6.912487788071947,-6.676650808134431,-0.0003014639185719,19200.000000000007,-0.0022809632529428,-0.002869604980257,-9.02447302224506e-06,0.0,6.811797494977976,15.805525549665823,-6.737824487628584,14.407468078878589,0.0048910264018885,-3.300735014873111,19200.06762356561,107.2732987360194,0.002,1.1556183831412004,-3.514297459359488,-0.9844526325567966,6.0,10.0,180.0,-0.3379236144543348,-4.239724309000062,-0.1406286045018049,-3.226883888165148,-223.93413915054907,-719.5079128235052,167.0815723226412,754.666350190656,576.6000000000001,-0.3379236144543348,-0.22231195867061615,-0.417894184589386,-0.48378533124923706,-0.4318103790283203,-0.46825459599494934,-0.48403650522232056,-0.5533108115196228,-0.666283130645752,-0.489096462726593,-0.5245622396469116,-0.4783387780189514,-0.4487847089767456,-0.48212337493896484,-0.41923242807388306,-0.5521461367607117,-0.35660356283187866,-0.6538591384887695,-0.3527374267578125,-0.4531394839286804,-0.15406586229801178,-0.3843807280063629,-0.6832327246665955,-0.5532118678092957,-0.41046446561813354,-0.5981499552726746,-0.5519556403160095,-0.275393009185791,-0.5776805877685547,-0.6254780292510986,-0.449794739484787,-1.0483015775680542,-0.4605449140071869,-0.45447808504104614,-0.5534350872039795,-1.7020633220672607,-0.4767219126224518,-0.4484044909477234,-0.821601152420044,-0.13686388731002808,-1.4197936058044434
5845.0,116.89900000000004,22.97574915962339,280.81741789989235,386.54604021454367,545475.1492608495,23.066633751462543,280.7312500873971,386.5459900000001,545570.7794840003,7.164543654921848,-6.407633875553534,-0.0016717208669332,19200.000000000007,-0.0021444122969367,-0.002993312024144,-5.021454349752074e-05,0.0,7.059060643429372,13.96840457523886,-6.477071400366486,13.979768871871716,0.0009518515135959,-3.294613062002612,19200.257011233152,-8.599894633987622,0.002,0.996073059623512,-3.559333519199664,-0.9751437268799444,6.0,10.0,180.0,-0.3594007886268289,-4.2724983865545,-0.1435715506318816,-3.201719761977754,-196.2755695752745,-727.4829564117526,167.0542861613206,754.602675095328,576.6000000000001,-0.3594007886268289,-0.2688071131706238,-0.44714754819869995,-0.5215333700180054,-0.4633561968803406,-0.4970037639141083,-0.5088984370231628,-0.588970422744751,-0.7080421447753906,-0.5388305187225342,-0.5504522323608398,-0.5044825077056885,-0.4772942066192627,-0.5151186585426331,-0.44987595081329346,-0.5802249312400818,-0.38435661792755127,-0.6931886672973633,-0.3876100778579712,-0.4837563633918762,-0.18371999263763428,-0.44235116243362427,-0.7126100659370422,-0.5804868340492249,-0.46323490142822266,-0.625792384147644,-0.6005654335021973,-0.3208262622356415,-0.639190673828125,-0.6671878099441528,-0.5035830736160278,-1.096934199333191,-0.4831310212612152,-0.47776851058006287,-0.570565402507782,-1.7099257707595825,-0.4935688078403473,-0.47295093536376953,-0.8455939292907715,-0.1375443935394287,-1.4487249851226807
5846.0,116.91900000000004,23.119750123160784,280.6904673680782,386.5460205833895,545859.1511497756,23.213740624247333,280.6079024424813,386.5459900000001,545954.7794840002,7.4007413118092575,-6.12619209168331,-0.0010165377116536,19200.000000000007,-0.0021631097811448,-0.0030235276639744,-3.0583389320094915e-05,0.0,7.322061352938469,11.05711041336285,-6.186736362245968,17.08709655529652,-0.0070670576908417,-0.9750989824611288,19200.06766566288,73.02099202880717,0.002,0.8737774697354327,-3.606009541268776,-0.9897069950211264,6.0,10.0,180.0,-0.3794185816154194,-4.244218308453421,-0.1440524463343223,-3.18842833180532,-167.37278478763727,-734.7279782058763,167.0641430806603,754.692837547664,561.6000000000001,-0.3794185816154194,-0.3050157427787781,-0.4676104485988617,-0.5401381254196167,-0.48102182149887085,-0.5152181386947632,-0.5138418674468994,-0.6146221160888672,-0.7223219871520996,-0.5731661319732666,-0.5654891729354858,-0.5317180156707764,-0.501622200012207,-0.5457824468612671,-0.4818927049636841,-0.6301857233047485,-0.41587528586387634,-0.7550920248031616,-0.3734762668609619,-0.5140948295593262,-0.2012259066104889,-0.4855164885520935,-0.7297806739807129,-0.5945403575897217,-0.5105891823768616,-0.6409897804260254,-0.6392853260040283,-0.3499799370765686,-0.6603842973709106,-0.6779837608337402,-0.5434778928756714,-1.3417518138885498,-0.5029177665710449,-0.49404656887054443,-0.5873619318008423,-1.793727159500122,-0.5168412923812866,-0.4986962676048279,-0.8722072839736938,-0.12795066833496094,-1.5524916648864746
5847.0,116.93900000000004,23.26821146672697,280.56959281038627,386.5460271627892,546243.1532638884,23.36547440092449,280.4902929045823,386.5459900000001,546338.7794840002,7.636211219222671,-5.851030400799809,-0.0013043687903281,19200.000000000007,-0.0018731801145262,-0.0035084197473853,-3.716278903553703e-05,0.0,7.541979889640241,15.681384362114196,-5.912374000313905,10.688296749315844,-0.0090240527751796,0.7943061888243206,19200.272624839483,-68.64736970874175,0.002,0.6963014661901107,-3.673517805337596,-0.969965042465082,6.0,10.0,180.0,-0.4721834291546878,-4.237271715702642,-0.1479441057394059,-3.17311825694702,-139.32939239381864,-740.5969891029381,167.05757154033014,754.704418773832,556.0500000000001,-0.4721834291546878,-0.37484925985336304,-0.5525491237640381,-0.6604009866714478,-0.5582980513572693,-0.5798572301864624,-0.5789421796798706,-0.6594066619873047,-0.8222701549530029,-0.6510624885559082,-0.6274464130401611,-0.6003621816635132,-0.5779024362564087,-0.6184391379356384,-0.5519556403160095,-0.6783894300460815,-0.4842686057090759,-0.7057247161865234,-0.4930085837841034,-0.5859010815620422,-0.3127552270889282,-0.5966159701347351,-0.7707301378250122,-0.652970016002655,-0.5985684394836426,-0.6915811896324158,-0.7404235005378723,-0.4755852520465851,-0.7820724844932556,-0.7446210384368896,-0.6957775354385376,-1.3104690313339233,-0.5683879852294922,-0.5658060908317566,-0.6704258918762207,-1.8400535583496094,-0.5427594184875488,-0.5595542192459106,-0.9581602811813354,-0.1108400896191597,-1.5909945964813232
5848.0,116.95900000000005,23.42164608356746,280.454100807838,386.5460429267231,546627.1520211105,23.521611085569344,280.3785955748127,386.5459900000001,546722.7794840003,7.846188974577632,-5.553480129725221,-0.0017639456376604,19200.000000000007,-0.0020080169160783,-0.0035753565835452,-5.292672294772938e-05,0.0,7.780539381442111,11.661994877473903,-5.619636222024084,9.149207625300448,-0.0049072670119161,-0.1248686759301261,19199.94694570509,12.81981471758726,0.002,0.5202798919458456,-3.7291336551561023,-0.9658385099367042,6.0,10.0,180.0,-0.4203624805660668,-4.223996377945847,-0.1518577621918456,-3.1802800804359963,-110.53969619690932,-745.7159945514691,167.11628577016506,754.9887093869161,546.075,-0.4203624805660668,-0.4029986262321472,-0.5762725472450256,-0.7033554315567017,-0.57048499584198,-0.5960572957992554,-0.5851544737815857,-0.6766128540039062,-0.8410681486129761,-0.6960574984550476,-0.6430615782737732,-0.6183327436447144,-0.6010209321975708,-0.6420707702636719,-0.576461672782898,-0.7062090635299683,-0.5042203664779663,-0.7698075771331787,-0.5160287618637085,-0.6084527373313904,-0.3294382393360138,-0.6308646202087402,-0.7870345115661621,-0.6718146204948425,-0.6277866363525391,-0.7093833088874817,-0.7689185738563538,-0.5014675855636597,-0.8178799748420715,-0.7724580764770508,-0.7282439470291138,-1.325745940208435,-0.5854737758636475,-0.580568253993988,-0.6840384006500244,-1.8562082052230835,-0.5514435172080994,-0.5785539746284485,-0.973364531993866,-0.07618806511163712,-1.6686182022094727
5849.0,116.97900000000004,23.57898298038468,280.34426824884616,386.5460136477689,547011.151652009,23.681920877585675,280.27297455082555,386.5459900000001,547106.7794840003,8.058540352576575,-5.23756920140583,-0.0008227164156478,19200.000000000007,-0.0017209298626417,-0.0033320205910648,-2.3647768726086576e-05,0.0,7.96436765424261,12.081588477486369,-5.339379065672588,17.9503904905976,0.0012211330409517,2.868799547913841,19199.879289193403,-34.37318767791292,0.002,0.3924320488257485,-3.7165571093587753,-0.9758647675345664,6.0,10.0,180.0,-0.5160224478269225,-4.277258864007001,-0.1538224657028385,-3.189463864422033,-83.11934809845465,-749.3079972757346,167.10714288508254,754.9733546934581,540.8250000000002,-0.5160224478269225,-0.44511181116104126,-0.5937162637710571,-0.6814764738082886,-0.5847316980361938,-0.626960039138794,-0.6033856868743896,-0.7015959024429321,-0.846430778503418,-0.708782434463501,-0.663842499256134,-0.6516271829605103,-0.6257598400115967,-0.6770798563957214,-0.6122645735740662,-0.7639901638031006,-0.5477434396743774,-0.6683938503265381,-0.47579869627952576,-0.6428842544555664,-0.3696945309638977,-0.6613314747810364,-0.8021025061607361,-0.6741241812705994,-0.68317711353302,-0.7227909564971924,-0.7997927069664001,-0.5239554047584534,-0.7904837131500244,-0.7653995752334595,-0.7389608025550842,-1.778139352798462,-0.608259916305542,-0.6014611124992371,-0.6895473599433899,-1.977723240852356,-0.5945637822151184,-0.6099151372909546,-1.0039594173431396,-0.14902353286743164,-1.6957590579986572
5850.0,116.99900000000004,23.74055153747741,280.2408160537525,386.5460243639295,547395.1485932118,23.846167669457653,280.1735857326417,386.5459900000001,547490.7794840002,8.254239308862417,-4.922368688288792,-0.0011797183438074,19200.000000000007,-0.0015748988723574,-0.0033367398544769,-3.4363929308433594e-05,0.0,8.20706313503721,11.231902510491134,-5.01661532470018,15.688569519408317,0.0012260450734207,0.6689117993088726,19199.96517859139,-4.264380634356843,0.002,0.2202954634440572,-3.612292038578495,-0.9506191487409442,6.0,10.0,180.0,-0.5204747961046062,-4.238780742849938,-0.1606543395734405,-3.213563331077984,-53.424174049227325,-752.4974986378672,167.22957144254127,755.516177346729,537.9750000000001,-0.5204747961046062,-0.48985713720321655,-0.6383426189422607,-0.7434313893318176,-0.6140249371528625,-0.6640095710754395,-0.6364032030105591,-0.731864869594574,-0.8942508697509766,-0.748859167098999,-0.694524884223938,-0.683130145072937,-0.6655948162078857,-0.7160892486572266,-0.6508873701095581,-0.7975911498069763,-0.5843871831893921,-0.7024396657943726,-0.5309853553771973,-0.6793147921562195,-0.4296591877937317,-0.7156502604484558,-0.8280907869338989,-0.7034723162651062,-0.7345021963119507,-0.7522250413894653,-0.8496676087379456,-0.5719852447509766,-0.8459357023239136,-0.8091365694999695,-0.7922342419624329,-1.7658430337905884,-0.6403169631958008,-0.6354036927223206,-0.7136765718460083,-1.990208625793457,-0.6113889813423157,-0.6413170695304871,-1.0357106924057007,-0.14760622382164001,-1.7124154567718506
5851.0,117.01900000000003,23.906113312384647,280.1438348960641,386.5460136677272,547779.1534349512,24.01410886002289,280.08057572275004,386.5459900000001,547874.7794840002,8.433002466747345,-4.606287596832084,-0.000790584440861,19200.000000000007,-0.001569379302575,-0.0035273964720084,-2.3667726950864507e-05,0.0,8.353003598226191,6.037371080295249,-4.7009485258685455,9.879818976156873,0.0019746256315132,0.6124026214596819,19200.4627649089,-30.03284747776957,0.002,-0.0213555055180439,-3.629730077585933,-0.940887277427615,6.0,10.0,180.0,-0.5415583859025769,-4.210089953233457,-0.1626001767096417,-3.180273123974416,-25.283587024613663,-753.6622493189336,167.14728572127063,755.1745886733645,540.7500000000001,-0.5415583859025769,-0.5139009952545166,-0.6560862064361572,-0.8021539449691772,-0.6322961449623108,-0.6761078834533691,-0.646424412727356,-0.7479800581932068,-0.9028791189193726,-0.7737321853637695,-0.6986671090126038,-0.6891369819641113,-0.6795949339866638,-0.7263413667678833,-0.658604621887207,-0.7848848104476929,-0.5821126699447632,-0.8162010908126831,-0.586256742477417,-0.6918267011642456,-0.43363091349601746,-0.7554845809936523,-0.8399800658226013,-0.7229963541030884,-0.7559475898742676,-0.7692121863365173,-0.8688148856163025,-0.6036387085914612,-0.8894335031509399,-0.8453665971755981,-0.8299306631088257,-1.4851043224334717,-0.648688554763794,-0.6401910781860352,-0.729925274848938,-1.9129559993743896,-0.6046465039253235,-0.6504855155944824,-1.0366634130477905,-0.08895843476057053,-1.760120153427124
5852.0,117.03900000000004,24.07476776402961,280.05317569914456,386.54606545770486,548163.159934772,24.185496657418668,279.9940816220307,386.5459900000001,548258.7794840002,8.616440917823853,-4.280059993425409,-0.002516111223823,19200.000000000007,-0.0010482318480046,-0.0036126129329858,-7.5457704717207e-05,0.0,8.540809792923033,7.818381049186051,-4.359374340736354,18.91804125302857,-0.0004974830122153,-1.0316416601846383,19200.101366620467,-47.15610990325986,0.002,-0.1799126910090751,-3.677377855122286,-0.95079197998263,6.0,10.0,180.0,-0.5854900801632842,-4.261325720062646,-0.1689451442394828,-3.123911016502689,4.112706487693169,-753.9496246594667,167.12414286063532,755.0777943366822,539.4000000000001,-0.5854900801632842,-0.5649838447570801,-0.6908190250396729,-0.7812409400939941,-0.6592575907707214,-0.7118903398513794,-0.6816234588623047,-0.7798347473144531,-0.9375010132789612,-0.7886117100715637,-0.7308441996574402,-0.7245582342147827,-0.7122751474380493,-0.7673430442810059,-0.7007074356079102,-0.8500714302062988,-0.6359330415725708,-0.6784864664077759,-0.5620470643043518,-0.7288553714752197,-0.4991611838340759,-0.7768564820289612,-0.8644314408302307,-0.7288052439689636,-0.8091332912445068,-0.7850863933563232,-0.9081927537918091,-0.6179395914077759,-0.874954879283905,-0.8460754156112671,-0.8373247385025024,-1.9452601671218872,-0.6788690090179443,-0.6723600029945374,-0.7253586053848267,-2.0365099906921387,-0.6530150771141052,-0.6858117580413818,-1.0660103559494019,-0.19752034544944763,-1.7206642627716064
5853.0,117.05900000000004,24.24723086160164,279.969304221417,386.5460576731245,548547.1616477685,24.360079164628463,279.91423123041864,386.5459900000001,548642.7794840003,8.772135831574516,-3.9552387036482015,-0.002252976667979,19200.000000000007,-0.0009768285602845,-0.0039240363854675,-6.767312425573e-05,0.0,8.689209530685611,5.612540732440559,-4.038569731646172,15.50684346621037,-0.001446590485403,-0.1871139166889001,19200.066308756694,8.585073987486828,0.002,-0.2452272164248564,-3.6591289711499946,-0.9699817988053614,6.0,10.0,180.0,-0.6699170918135324,-4.276327471665556,-0.1772334260667217,-3.0956776684530003,32.582853243846586,-753.0938123297334,167.08257143031767,754.8948971683411,536.4000000000002,-0.6699170918135324,-0.5982474088668823,-0.7216836810112,-0.8338046073913574,-0.6892518401145935,-0.7318936586380005,-0.7028088569641113,-0.8014240264892578,-0.9525265693664551,-0.8155064582824707,-0.7455928325653076,-0.7483334541320801,-0.7416149377822876,-0.7935131788253784,-0.7261458039283752,-0.8635258674621582,-0.6567590236663818,-0.7866995334625244,-0.6097255349159241,-0.7569798231124878,-0.5362945795059204,-0.817149817943573,-0.8807376027107239,-0.7481132745742798,-0.841592013835907,-0.8057348728179932,-0.9382241368293762,-0.6639416217803955,-0.9153507351875305,-0.8784376978874207,-0.8813377618789673,-1.8041534423828125,-0.7025012969970703,-0.6942088603973389,-0.7550828456878662,-2.028733730316162,-0.6619064211845398,-0.7106525897979736,-1.0912413597106934,-0.16937947273254395,-1.7698783874511719
5854.0,117.07900000000002,24.422841650886813,279.892043409231,386.5460058640421,548931.1628763976,24.537598076556776,279.8411417468057,386.5459900000001,549026.779484,8.91342577095598,-3.6222690390552224,-0.0005270664335565,19200.000000000007,-0.0009479133094087,-0.0041598081753004,-1.5864042007465637e-05,0.0,8.885980642196442,5.125272096114801,-3.70067109835916,16.36197096321401,-0.0024775049597554,0.4939994045250219,19199.77575823772,-68.78112652063784,0.002,-0.384347332340017,-3.5958687538049627,-0.9517776511843516,6.0,10.0,180.0,-0.6845564109625399,-4.2285081000689,-0.1777102746342218,-3.0986999369146813,62.41342662192329,-751.8614061648667,167.24678571515884,755.5854485841705,535.3500000000001,-0.6845564109625399,-0.6423704624176025,-0.7593785524368286,-0.8593690395355225,-0.7216750383377075,-0.7605128288269043,-0.7320172786712646,-0.8304468393325806,-0.970038652420044,-0.8394938707351685,-0.7683349251747131,-0.7791904211044312,-0.775018036365509,-0.8278414011001587,-0.7602601647377014,-0.89491206407547,-0.6911596655845642,-0.8260718584060669,-0.6357945799827576,-0.7917160391807556,-0.5907689332962036,-0.853087306022644,-0.9024010300636292,-0.7665690779685974,-0.882552981376648,-0.8285922408103943,-0.9770322442054749,-0.7075815200805664,-0.9409498572349548,-0.9020706415176392,-0.9143191576004028,-1.8502947092056274,-0.7311176061630249,-0.7224401831626892,-0.7769575119018555,-2.0734612941741943,-0.6867213249206543,-0.7421641945838928,-1.123238205909729,-0.19363299012184143,-1.7864422798156738
5855.0,117.09900000000002,24.60148059920687,279.8212659523846,386.546000032046,549315.1637266319,24.71779218945955,279.77492117025434,386.5459900000001,549410.7794840003,9.035428293862225,-3.273605928532976,-0.0003658649410505,19200.000000000007,-0.0011023492034747,-0.0040793303125036,-1.0032045866146752e-05,0.0,8.963370454531205,5.861841726136197,-3.38132518500056,17.38788988302524,0.0014728273302887,1.1560194153822625,19200.086241172685,12.86176006266253,0.002,-0.5277143498629724,-3.564736116787492,-0.9483472637538832,6.0,10.0,180.0,-0.6479379668977643,-4.272518552204202,-0.1752850328821631,-3.083853460975204,89.46821331096164,-748.7037030824333,167.13589285757942,755.0907242920853,532.8750000000001,-0.6479379668977643,-0.6810446977615356,-0.7983125448226929,-0.8771551847457886,-0.7543972730636597,-0.7901113629341125,-0.7641950845718384,-0.8538267016410828,-0.9849797487258911,-0.8588433265686035,-0.7994406223297119,-0.8122516870498657,-0.8098838925361633,-0.8616586923599243,-0.7941935062408447,-0.9262539148330688,-0.7284117341041565,-0.862761378288269,-0.6615877151489258,-0.8266134262084961,-0.6456789970397949,-0.8845251202583313,-0.9193190336227417,-0.7834714651107788,-0.9171909093856812,-0.848279595375061,-1.012895941734314,-0.7489913105964661,-0.9632861614227295,-0.9206932187080383,-0.9409302473068237,-1.9415313005447388,-0.7626087665557861,-0.7541896104812622,-0.8032623529434204,-2.1272361278533936,-0.7137392163276672,-0.7755750417709351,-1.1584464311599731,-0.22182360291481018,-1.7980844974517822
5856.0,117.11900000000006,24.78232657882553,279.7575284126419,386.54600100882095,549699.1663567538,24.900395703293995,279.7156672020052,386.5459900000001,549794.7794840002,9.156583646584318,-2.92485246684082,-0.000366496831842,19200.000000000007,-0.0008805115097851,-0.0041346714946504,-1.100882081869409e-05,0.0,9.10671707988504,3.5428906320008124,-3.014942168553952,18.132745130855213,0.0009781572717428,1.6438869646775778,19200.11957486921,25.83872796834273,0.002,-0.6576775255740918,-3.575180724295463,-0.9501696371346536,6.0,10.0,180.0,-0.683105642104582,-4.2572976424200215,-0.1753103782176541,-3.0659308348531336,118.33110665548082,-744.6198515412166,167.13444642878972,755.0568621460427,529.8000000000001,-0.683105642104582,-0.7086995840072632,-0.8228878974914551,-0.8843647837638855,-0.7768324613571167,-0.8083833456039429,-0.7803893685340881,-0.8715280294418335,-0.9897482395172119,-0.8775670528411865,-0.8185752630233765,-0.8316813707351685,-0.8315878510475159,-0.8830935955047607,-0.8159836530685425,-0.9470270872116089,-0.7494431734085083,-0.9387255907058716,-0.6740527749061584,-0.8494695425033569,-0.6696129441261292,-0.9044193625450134,-0.9348866939544678,-0.7944168448448181,-0.9415547847747803,-0.8664063811302185,-1.0363969802856445,-0.7734720706939697,-0.9829638004302979,-0.9342043995857239,-0.9579822421073914,-1.9147900342941284,-0.7815260887145996,-0.7700100541114807,-0.816185712814331,-2.1668155193328857,-0.7314583659172058,-0.7979395985603333,-1.1753777265548706,-0.22979134321212769,-1.8301723003387451
5857.0,117.13900000000004,24.96537152860065,279.7005600424262,386.54602135244033,550083.1666828428,25.08513931963504,279.663467340951,386.5459900000001,550178.7794840003,9.268077267547708,-2.5643377152273983,-0.0010482672006479,19200.000000000007,-0.0005425489140806,-0.0039603713561151,-3.1352440188491954e-05,0.0,9.195104736397653,4.637147267498064,-2.6760386121655584,21.73040803826473,0.0071019901591186,0.6753966879938819,19199.99784158845,64.4249720891543,0.002,-0.7904129108825944,-3.5493431040888965,-0.9401853677703008,6.0,10.0,180.0,-0.7236675808154307,-4.311486121610299,-0.1782382482741596,-3.0500145826012384,145.9830533277404,-739.3834257706083,167.06572321439486,754.7289310730214,527.4000000000001,-0.7236675808154307,-0.7440341711044312,-0.861458420753479,-0.8820122480392456,-0.8054420948028564,-0.8399829864501953,-0.8135524392127991,-0.8950103521347046,-1.005885362625122,-0.8963746428489685,-0.8533478379249573,-0.8636802434921265,-0.8649646043777466,-0.9169495105743408,-0.8508538007736206,-0.9859495162963867,-0.7910258769989014,-0.9456117153167725,-0.6831245422363281,-0.882706880569458,-0.7199237942695618,-0.928400456905365,-0.9532603621482849,-0.8070180416107178,-0.9687907695770264,-0.8868051171302795,-1.0682003498077393,-0.7975183725357056,-0.996816873550415,-0.9439175128936768,-0.9732468128204346,-2.0922698974609375,-0.8132256269454956,-0.8027109503746033,-0.8298375606536865,-2.256621837615967,-0.7658639550209045,-0.8314998745918274,-1.2072064876556396,-0.28983575105667114,-1.8177530765533447
5858.0,117.15900000000003,25.15046720734286,279.65069765015267,386.546022403546,550467.168674584,25.27175112999513,279.6183982827152,386.5459900000001,550562.7794840003,9.365714405747568,-2.2010397778930075,-0.0010823354853391,19200.000000000007,-0.0002097180227528,-0.0038103297278581,-3.2403545878674e-05,0.0,9.30371954303192,5.433465889316485,-2.3034430190338635,21.655888368340065,0.0070469436368817,-1.7066296590256755,19199.92915625211,-38.653415988545376,0.002,-0.946066437177535,-3.522044131793084,-0.9387615861841522,6.0,10.0,180.0,-0.7720305749892377,-4.382327583562235,-0.1777319287487592,-3.0587332470884343,174.6535266638702,-733.0587128853042,167.06536160719742,754.6849655365106,525.075,-0.7720305749892377,-0.7806835770606995,-0.9072228670120239,-0.8999171257019043,-0.8384068608283997,-0.8750303387641907,-0.8521227240562439,-0.9206874966621399,-1.0272440910339355,-0.9289912581443787,-0.8848578333854675,-0.8964802026748657,-0.9045672416687012,-0.9530781507492065,-0.8881628513336182,-1.0187890529632568,-0.8316818475723267,-1.0087292194366455,-0.7214372158050537,-0.9177612066268921,-0.7718632221221924,-0.9559240341186523,-0.9728626608848572,-0.8261151909828186,-0.9970064163208008,-0.9097761511802673,-1.1040853261947632,-0.8338946104049683,-1.0286229848861694,-0.9667463302612305,-1.0027228593826294,-2.0813632011413574,-0.8487356305122375,-0.840381920337677,-0.8517221212387085,-2.3069422245025635,-0.7920395731925964,-0.8664451241493225,-1.2416599988937378,-0.32388895750045776,-1.8040415048599243
5859.0,117.17900000000004,25.33757014302595,279.6082852502664,386.546022650912,550851.1672198651,25.459957838445547,279.5805264663655,386.5459900000001,550946.7794840002,9.441893007366389,-1.844496803606535,-0.0010838499725805,19200.000000000007,-0.0001124177518574,-0.0039548759445289,-3.265091188313318e-05,0.0,9.385658895018432,2.700189158070988,-1.9311495648134265,20.520971516998284,0.0009990361345185,-3.3631197165040825,19200.050467899684,94.3445205823453,0.002,-1.020820599287083,-3.467520880648003,-0.9471755959336008,6.0,10.0,180.0,-0.7935577841360075,-4.348560206084303,-0.1772408425229167,-3.0530776779553106,203.27676333193511,-725.5163564426521,167.05468080359873,754.5904827682552,522.9750000000001,-0.7935577841360075,-0.8004488348960876,-0.9274216294288635,-0.9101478457450867,-0.8573834896087646,-0.8925603032112122,-0.8691498041152954,-0.9354372024536133,-1.0305469036102295,-0.9480825662612915,-0.8979006409645081,-0.9115481376647949,-0.9254330396652222,-0.9702848196029663,-0.906272292137146,-1.0331696271896362,-0.848881721496582,-1.0814110040664673,-0.7458398342132568,-0.9357226490974426,-0.78733229637146,-0.9725890159606934,-0.9856806993484497,-0.8357722163200378,-1.010622262954712,-0.9227914810180664,-1.1206985712051392,-0.8523764610290527,-1.0474780797958374,-0.9783475399017334,-1.0217772722244263,-1.9097809791564941,-0.8670768737792969,-0.8569202423095703,-0.8611593246459961,-2.313110589981079,-0.804799497127533,-0.8860047459602356,-1.2525871992111206,-0.3244726359844208,-1.8198713064193726
5860.0,117.19900000000004,25.52621664795224,279.57313564438044,386.5459901887439,551235.168966768,25.64948261104836,279.54990900567714,386.5459900000001,551330.7794840002,9.502517796081486,-1.4868223852535416,-7.313084060066658e-06,19200.000000000007,-5.949119679214131e-05,-0.0041439362002817,-1.887436965363989e-07,0.0,9.48655098971176,7.685837345671604,-1.576840964537639,18.36561231975523,-0.0073218772736145,-1.6500505115253843,19200.188673491888,-4.301306623629995,0.002,-1.157233952672468,-3.4146414493448964,-0.93335571600151,6.0,10.0,180.0,-0.7914987784669215,-4.310959058230988,-0.1782261584719832,-3.049462173212011,231.65088166596755,-717.5206782213261,167.19384040179938,755.1307413841276,527.1750000000001,-0.7914987784669215,-0.8539960384368896,-0.9940983057022095,-0.9466050267219543,-0.905523955821991,-0.9477306604385376,-0.9327586889266968,-0.9724485874176025,-1.0657968521118164,-0.9943721294403076,-0.9463779926300049,-0.9672718644142151,-0.9867038726806641,-1.025837779045105,-0.9614074230194092,-1.0653902292251587,-0.9059505462646484,-1.0622214078903198,-0.8207469582557678,-0.9936697483062744,-0.862479567527771,-1.0388201475143433,-1.003990650177002,-0.8710604906082153,-1.0539363622665405,-0.9600863456726074,-1.1747822761535645,-0.9382882714271545,-1.095962405204773,-1.01210618019104,-1.0608770847320557,-1.8885711431503296,-0.9226717948913574,-0.9180381894111633,-0.921523928642273,-2.3531816005706787,-0.839948832988739,-0.9408941864967346,-1.3249419927597046,-0.3722379207611084,-1.788103461265564
5861.0,117.21900000000002,25.71634232287688,279.54513022016965,386.5460235321961,551619.1691992695,25.84004372544245,279.5265928503418,386.5459900000001,551714.7794840002,9.540411298030838,-1.1228023123060555,-0.0011124280134085,19200.000000000007,-0.000265599108723,-0.0042055380861758,-3.35321959498208e-05,0.0,9.48346438321833,-1.6414957146559062,-1.2011721233789672,16.803718531009615,-0.0043978347602911,-2.137301121294596,19200.0850461396,47.28292221181511,0.002,-1.333333670742452,-3.3547305668615195,-0.935015501643743,6.0,10.0,180.0,-0.8427632193046624,-4.313511357394676,-0.1777376161038696,-3.0449028896949524,258.59444083298376,-707.4318391106631,167.02192020089967,754.3343706920639,525.3000000000001,-0.8427632193046624,-0.8399354815483093,-0.9546912908554077,-0.92844158411026,-0.9050523638725281,-0.930234432220459,-0.9003148078918457,-0.9650352001190186,-1.0349119901657104,-0.984041690826416,-0.924920916557312,-0.9465039968490601,-0.9679069519042969,-1.0044082403182983,-0.9406237602233887,-1.0481072664260864,-0.8780231475830078,-1.1416407823562622,-0.8065380454063416,-0.9759277105331421,-0.8205032348632812,-1.0241445302963257,-1.004886269569397,-0.8584761023521423,-1.0401418209075928,-0.9540848731994629,-1.150981068611145,-0.9116530418395996,-1.0899856090545654,-1.0007237195968628,-1.063176155090332,-1.5154809951782227,-0.9059200286865234,-0.890958845615387,-0.9006685614585876,-2.2895352840423584,-0.8297930359840393,-0.9290594458580017,-1.2859140634536743,-0.32043617963790894,-1.8545114994049072
5862.0,117.23900000000005,25.90644795353392,279.5243887745977,386.5460039115879,552003.1711746769,26.031359633406083,279.51061226913936,386.5459900000001,552098.7794840003,9.596156695124716,-0.7557911386004432,-0.0004637541537624,19200.000000000007,0.0004857790331608,-0.0042154443177568,-1.391158746822104e-05,0.0,9.556690340096186,8.844767058504658,-0.856647174364525,16.476977180386427,-0.0053833492563293,1.6502769075088757,19200.23826004348,-47.158298029144575,0.002,-1.4146264185915691,-3.3143471017348323,-0.9349288999241926,6.0,10.0,180.0,-0.9004065350380834,-4.31104979188673,-0.1777257986362667,-3.029058574653236,285.21672041649185,-697.3759195553316,167.08596010044982,754.5436853460319,529.6500000000001,-0.9004065350380834,-0.9131316542625427,-1.0506587028503418,-0.9737704992294312,-0.9709689617156982,-1.007941484451294,-0.9931830167770386,-1.012999176979065,-1.0857982635498047,-1.043752670288086,-1.0090922117233276,-1.0280301570892334,-1.0525707006454468,-1.0831351280212402,-1.0190887451171875,-1.097306251525879,-0.9634201526641846,-1.011413812637329,-0.8912415504455566,-1.0577541589736938,-0.9141073226928711,-1.1082590818405151,-1.025410532951355,-0.9056543707847595,-1.1014010906219482,-1.0018234252929688,-1.2221170663833618,-1.0228110551834106,-1.1404435634613037,-1.0383565425872803,-1.0965931415557861,-1.7151180505752563,-0.9856277704238892,-0.9802581667900085,-0.9888508319854736,-2.4106833934783936,-0.8854053616523743,-1.0072425603866577,-1.3980042934417725,-0.4160400927066803,-1.796020269393921
5863.0,117.25900000000004,26.098059427951675,279.5110350077916,386.5459688731512,552387.1701465066,26.22006812474433,279.5020276836843,386.5459900000001,552482.779484,8.667248592210914,-0.3812739010494604,0.0007026762814419,19200.000000000007,0.0003873990413249,-0.0042696271743756,2.1126850640992097e-05,0.0,9.524492498000336,-33.084331047136445,-0.4740496400793216,19.099084865636577,-0.004381031103924,3.6684538347667415,19199.808893821864,21.42237068249218,0.002,-0.4009891736631313,-2.685563564564888,-0.7432896522676288,6.0,10.0,180.0,-0.7876715107081818,-4.313985104111448,-0.1791754225139554,-3.0398065230030835,311.0803602082459,-685.1494597776658,166.87198005022492,753.555342673016,527.9250000000001,-0.7876715107081818,-0.7505788803100586,-0.7657414674758911,-0.8138541579246521,-0.8103542923927307,-0.8220679759979248,-0.7304489612579346,-0.8440732359886169,-0.8699766397476196,-0.9246509075164795,-0.8237950801849365,-0.8341577053070068,-0.8437924981117249,-0.885464608669281,-0.8203797340393066,-0.9435166120529175,-0.7315991520881653,-1.1293531656265259,-0.6582177877426147,-0.8721017837524414,-0.5451840758323669,-0.9295737743377686,-0.9833769798278809,-0.7813795208930969,-0.9488376379013062,-0.9251641035079956,-1.0172406435012817,-0.7467321157455444,-1.0101529359817505,-0.9274100065231323,-0.9530924558639526,-0.5662226676940918,-0.7992621660232544,-0.7440791726112366,-0.7903884649276733,-2.0038692951202393,-0.7802836894989014,-0.8416719436645508,-1.1105656623840332,-0.17750418186187744,-2.083738327026367
5864.0,117.27900000000004,26.2533579018072,279.50497986913945,386.5460607294666,552771.173088607,26.330879088557413,279.499666842848,386.5459900000001,552866.7794840003,3.1538647203233467,-0.3405291916764573,-0.0023559286584605,19200.000000000007,0.0204732430700973,-0.0041849926494159,-7.072946665763466e-05,0.0,4.545654327598727,-380.32373069942446,-0.2361732732854342,-12.38895112476629,0.0124377710216775,2.130537332456409,19200.75431199502,81.47754426126988,0.002,0.2497383379582965,-1.9472909644963976,-0.5232458995282189,6.0,10.0,180.0,1.282787920563327,-4.292432565017729,-0.1835752804643297,-3.0187758699308413,242.2976801041229,-602.7282298888329,141.77599002511246,651.016171336508,532.3500000000001,1.282787920563327,0.9438337087631226,1.5111627578735352,1.0988472700119019,1.1156638860702515,0.9370256662368774,1.2313382625579834,1.4038623571395874,1.0490455627441406,1.4830585718154907,0.8192565441131592,1.328641653060913,1.2604005336761475,1.1415622234344482,1.378770351409912,1.2012684345245361,1.4678282737731934,-1.5978552103042603,1.077481746673584,1.3211863040924072,0.8017083406448364,1.3514677286148071,1.666387915611267,1.236904263496399,1.0875115394592285,1.5962190628051758,1.7745977640151978,1.114070177078247,0.6145249605178833,1.3162789344787598,1.81407630443573,-2.6114063262939453,1.4073001146316528,1.3715649843215942,0.9908686876296997,1.4600086212158203,0.7403531670570374,1.2348153591156006,1.7286016941070557,2.3963797092437744,-2.9486165046691895
5865.0,117.29900000000002,26.299706231292262,279.4895089847711,386.5463892651352,553155.2137037095,26.351786063011453,279.4750069403133,386.5459900000001,553250.7794840002,1.57687264938358,-2.608048904392348,-0.0133138550904261,19200.000000000007,0.0438880492662915,0.0068322482545352,-0.0003992651586269,0.0,1.8396474857081315,43.32839641543756,-1.6672621033633743,-103.75286648628546,0.0083470339025322,-0.4246221799190536,19203.15896542392,-17.215010742123173,0.002,1.0589301715202943,-2.4947686793473687,-0.7180776403226324,6.0,10.0,180.0,-0.6049355781645549,-3.88574343661704,-0.228524144259729,-2.6470579401964027,26.74784005206148,-496.3106149444165,114.44399501255624,542.108585668254,526.1250000000001,-0.6049355781645549,-0.4364054203033447,-0.8482977151870728,-0.7276712656021118,-0.9687278270721436,-0.841702401638031,-0.9624199867248535,-0.5232017040252686,-0.7690267562866211,-0.5924232602119446,-0.8176999092102051,-0.7760007381439209,-0.8060696125030518,-0.6677649021148682,-0.5632489919662476,0.24288669228553772,-0.47142016887664795,-1.5276199579238892,-1.3487019538879395,-0.7251415848731995,-0.6144555807113647,-0.9251669049263,-0.6076640486717224,-0.6966291069984436,-0.8028453588485718,-0.9446805715560913,-0.6231486201286316,-0.420766144990921,-1.0250391960144043,-0.7270117998123169,-0.8063806295394897,-3.741199016571045,-0.8253539204597473,-0.6930197477340698,-1.3217790126800537,0.8986328840255737,-0.35691651701927185,-0.7988958954811096,-1.0895963907241821,0.5963405966758728,-1.1600728034973145
5866.0,117.319,26.330393444026395,279.412444376646,386.5464410214674,553539.2620642126,26.351991295325185,279.354711932734,386.5459900000001,553634.7794840003,0.7197318551226999,-7.768254629286093,-0.0150306099348603,19200.000000000007,0.0216018190020924,0.0354122734819067,-0.0004510214939063,0.0,0.7131199778599127,-78.12798455238598,-6.900066925353075,-290.98081902234486,-0.0322545013260077,-2.991975943091685,19200.875507169163,-223.1070148099305,0.002,1.6990458172688,-2.52996130214565,-0.8038219004570534,6.0,10.0,180.0,0.1256223457600959,-3.087884816788844,-0.2822486231276427,-2.185097312893613,-263.74107997396925,-420.1388074722082,128.6984975062781,597.200292834127,530.4750000000001,0.1256223457600959,-0.044520825147628784,0.21539755165576935,0.027667999267578125,0.24184851348400116,0.32018113136291504,0.22562053799629211,-0.10907862335443497,0.07536932826042175,-0.30852746963500977,0.13711342215538025,0.23021601140499115,0.10815022885799408,0.26280081272125244,0.34035536646842957,1.7484707832336426,0.5181163549423218,-1.4387236833572388,-1.0079445838928223,0.2280866801738739,-0.12715338170528412,-0.053882211446762085,0.2825561761856079,0.23266470432281494,0.22658729553222656,0.2737424075603485,1.046543836593628,0.7178890705108643,-0.8042125701904297,0.08963650465011597,-0.4728335738182068,-1.461506962776184,0.14831790328025818,0.18955117464065552,-0.49261903762817383,1.3463923931121826,0.6669875979423523,0.21319711208343506,0.02715452015399933,2.580735683441162,-1.4894331693649292
5867.0,117.33900000000004,26.34274840302391,279.251742812626,386.5458425536869,553923.2494724639,26.35198521269797,279.1645885597944,386.5459900000001,554018.779484,0.307714532807052,-8.347233581025506,0.0049128545582728,19200.000000000007,0.0092407795015408,0.0375922148589437,0.0001474465072401,0.0,0.7475042395509995,-25.32781815416877,-8.085393708583755,-15.881727108538096,0.0138963762790096,3.725736895124121,19198.624427038623,12.984403923482644,0.002,2.134151583482951,-2.359061118575954,-0.8419528415627138,6.0,10.0,180.0,-0.0893056847831663,-4.304389697763414,-0.2387692283169299,-2.2968926343847604,-424.9380399869846,-400.3454037361041,141.46624875313904,648.0191464170634,529.1250000000001,-0.0893056847831663,0.5095210075378418,0.28932514786720276,0.40535473823547363,0.21040847897529602,0.20712241530418396,0.2148093730211258,0.3413837254047394,0.5001055002212524,0.4710230231285095,0.20446816086769104,0.3264051675796509,0.3203470706939697,0.4177931845188141,0.4627189040184021,0.6269956827163696,0.475331574678421,-1.7688369750976562,0.21375074982643127,0.3696798086166382,0.3749457895755768,0.46353983879089355,0.6512416005134583,0.40078046917915344,0.41342899203300476,0.5167049169540405,0.7442509531974792,0.5498939752578735,0.41864699125289917,0.5554521083831787,0.5020285844802856,-0.3553360104560852,0.18406620621681213,0.3105617165565491,-0.13858334720134735,1.011454463005066,0.15339285135269165,0.2325415015220642,0.03524899482727051,0.585722029209137,-1.298081636428833
5868.0,117.35900000000004,26.348610232211485,279.07836730960383,386.545780633837,554307.2301178343,26.351979204286955,278.97258272396203,386.5459900000001,554402.7794840003,0.1121563012520833,-8.966340428734565,0.0069444318510641,19200.000000000007,0.0033728507067661,0.0190191374626918,0.0002093662844394,0.0,0.0243592909650535,6.097855569005928,-9.067077859047137,-15.810249460815076,-0.0183205968317099,1.4669688165962136,19199.241882206763,-21.523376404913268,0.002,2.3390637214266503,-2.24260787004766,-0.8648356556068137,6.0,10.0,180.0,0.0199575351576342,-4.2908130082663,-0.235821541726894,-2.482967699334046,-532.9975199934923,-379.0032018680521,152.0616243765695,691.0505732085317,533.6250000000001,0.0199575351576342,0.5817588567733765,0.35006028413772583,0.4235803782939911,0.2916322946548462,0.27224186062812805,0.2946857810020447,0.3619091510772705,0.5465826392173767,0.42658892273902893,0.27352938055992126,0.3442687392234802,0.34623435139656067,0.41851556301116943,0.447032630443573,0.6117263436317444,0.43275395035743713,-2.242797374725342,0.2286502569913864,0.360272079706192,0.3797958493232727,0.4989308714866638,0.596809446811676,0.4302341639995575,0.4856953024864197,0.5632227063179016,0.7195515036582947,0.6016449332237244,0.6334801316261292,0.6131799817085266,0.5569086074829102,-0.19946376979351044,0.2949405610561371,0.3363323211669922,-0.08301602303981781,0.36592382192611694,0.26864299178123474,0.31877511739730835,0.07250925898551941,0.6842921376228333,-0.8537006378173828
5869.0,117.37900000000003,26.35149242745416,278.89584869730066,386.5458813657699,554691.218912936,26.351975668679085,278.78057667883644,386.5459900000001,554786.7794840003,0.0160930380698661,-9.282578098836664,0.0036215822545615,19200.000000000007,0.0004850555842181,0.0095316271300209,0.0001086333210753,0.0,0.1063605936706407,-21.970069066404147,-9.287586596089914,-22.815184681469088,0.0153912783275423,-3.0518876175187173,19199.38161550328,-21.592281874898568,0.002,2.486258720283064,-2.174854114442206,-0.8838056127134438,6.0,10.0,180.0,0.1492919310943849,-4.3380489208753374,-0.2138581416944482,-2.597225066662219,-588.0307599967462,-374.7671009340261,158.30881218828478,716.6132866042658,524.6250000000001,0.1492919310943849,0.6147716045379639,0.5535145998001099,0.6152178049087524,0.5258562564849854,0.5349608659744263,0.5754631757736206,0.531843364238739,0.7161308526992798,0.6251577734947205,0.5173670053482056,0.580592155456543,0.548668384552002,0.6375852823257446,0.6688598394393921,0.821666419506073,0.6662815809249878,-1.4234668016433716,0.4586837887763977,0.5936466455459595,0.5283948183059692,0.5828676223754883,0.7652924656867981,0.5987443327903748,0.535067081451416,0.6746933460235596,0.8682109713554382,0.6450943350791931,0.6865687966346741,0.8084485530853271,0.6679250001907349,0.04419232904911041,0.48503777384757996,0.5476890206336975,0.10033085942268372,0.3698415160179138,0.40489447116851807,0.5210506916046143,0.3224383592605591,0.9976070523262024,-1.13455331325531
5870.0,117.39900000000004,26.35180755349788,278.708744837988,386.5457764356948,555075.2115772398,26.351975004756763,278.5885713399192,386.5459900000001,555170.7794840002,0.0055820857957931,-9.445896810883951,0.0071223437777197,19200.000000000007,0.0001677108501793,0.004629602843879,0.000213562854069,0.0,0.0429235149914249,7.333630289729703,-9.39653454393071,-5.669396540065355,-0.0004741302410431,-0.0679864589510697,19199.605767339457,30.088137690248963,0.002,2.637846913642945,-2.1231409904438574,-0.9112248260170134,6.0,10.0,180.0,0.1152630269049882,-4.38736202381868,-0.1933682740113529,-2.658278968558428,-618.0708799983731,-372.185050467013,161.8934060941424,731.3531433021328,523.6500000000001,0.1152630269049882,0.6190051436424255,0.4678500294685364,0.5098790526390076,0.4272902011871338,0.42448630928993225,0.4368038773536682,0.44801709055900574,0.663698673248291,0.5187422037124634,0.43534186482429504,0.46992987394332886,0.459644615650177,0.5254629254341125,0.5430363416671753,0.5889131426811218,0.5141599774360657,-2.328676462173462,0.48217228055000305,0.46885621547698975,0.48116278648376465,0.583854079246521,0.6646520495414734,0.5102474689483643,0.5440583229064941,0.6186955571174622,0.7636478543281555,0.6247355937957764,0.7460324764251709,0.7413545846939087,0.630858302116394,0.02643527090549469,0.45547381043434143,0.46564486622810364,0.07661852240562439,-0.20061936974525452,0.35566404461860657,0.4601803421974182,0.21427853405475616,0.7761953473091125,-0.8084704875946045
5871.0,117.41900000000004,26.35246133217803,278.51891438931506,386.5457925309111,555459.2053516008,26.351974999708364,278.39656905488454,386.5459900000001,555554.7794840002,-0.016215843233295,-9.518169591530878,0.006548257474313,19200.000000000007,-0.0004863323287322,0.0024555643860477,0.0001975689988871,0.0,-0.0305831257558923,-1.703984627231487,-9.55288036545356,4.0890755784211335,-0.0065732547342521,1.1018333257433324,19199.65553306106,30.135243769622825,0.002,2.7510401157765547,-2.082198908160412,-0.9325018996785788,6.0,10.0,180.0,0.214867758909019,-4.422604365471488,-0.1767712210726226,-2.7280881221834865,-636.3334399991866,-370.88302523350654,164.3462030470712,741.5375716510664,522.6750000000001,0.214867758909019,0.6247024536132812,0.5577100515365601,0.593289852142334,0.5173177123069763,0.5352973341941833,0.5240527391433716,0.5529051423072815,0.7485920786857605,0.6243540644645691,0.5450193881988525,0.5609856843948364,0.5446182489395142,0.6083769202232361,0.6248965263366699,0.5949864983558655,0.5851017236709595,-2.2171809673309326,0.6669944524765015,0.5585566759109497,0.5894118547439575,0.6356302499771118,0.7571821808815002,0.5477294921875,0.5694813132286072,0.6727840900421143,0.80132657289505,0.6412990689277649,0.7915734052658081,0.7964398264884949,0.6671921610832214,0.2204148918390274,0.532056450843811,0.5577858090400696,0.18475116789340973,-0.27461177110671997,0.37389445304870605,0.5371909737586975,0.3060649037361145,0.7671380639076233,-0.8851706981658936
5872.0,117.43900000000004,26.35257388959448,278.3284070299727,386.5458005607882,555843.1971029881,26.351974999939056,278.20456899983145,386.5459900000001,555938.7794840002,-0.0199609743319521,-9.567942022184784,0.0063124622686641,19200.000000000007,-0.000598889701548,0.000961770985321,0.0001894406101107,0.0,0.0202503738491956,-3.1767149615546644,-9.555935645966072,-8.359466914853153,-0.0012422788315615,2.0751487979259275,19199.774571975187,47.232541163022645,0.002,2.8575065589817203,-2.040138595453992,-0.9476765537960574,6.0,10.0,180.0,0.2494959749807309,-4.416639811284532,-0.1562603291759302,-2.792153735770115,-644.5142199995933,-372.02501261675326,165.5851015235356,746.6887858255332,527.1750000000001,0.2494959749807309,0.6360514760017395,0.5626744031906128,0.5924702882766724,0.5330017805099487,0.5343263149261475,0.5477405786514282,0.5298665165901184,0.7503023147583008,0.6188281774520874,0.5503582954406738,0.5654007792472839,0.544532835483551,0.6149086952209473,0.6344531178474426,0.6999229192733765,0.6101335287094116,-2.0304346084594727,0.5768373608589172,0.5639427900314331,0.5462253093719482,0.6174905300140381,0.734409749507904,0.579925537109375,0.5671013593673706,0.6737179756164551,0.8274556994438171,0.644749641418457,0.7819199562072754,0.8192628622055054,0.6756775975227356,0.2475009709596634,0.5383247137069702,0.5576989054679871,0.1463676542043686,-0.26267462968826294,0.40858402848243713,0.5453943610191345,0.3170556426048279,0.9102396368980408,-0.9344403743743896
5873.0,117.45900000000002,26.352398511410257,278.13619693398743,386.5458057466725,556227.1929824594,26.351974999980136,278.0125689998956,386.5459900000001,556322.7794840002,-0.014118315664925,-9.560935838045143,0.0061400226620407,19200.000000000007,-0.0004235114746728,0.0011718726610162,0.0001842543527232,0.0,-0.010004589363428,4.700059619109155,-9.59103074734296,9.389176152411812,0.0077924652230901,0.6056680151586675,19199.723390578834,-42.95487502815532,0.002,2.924755255028077,-1.996469167236256,-0.960478083555518,6.0,10.0,180.0,0.2749114721377567,-4.512657942828726,-0.1416092977802781,-2.8556964828165343,-649.5961099997967,-372.1255063083767,166.3520507617678,749.8928929127666,528.4500000000002,0.2749114721377567,0.6292495727539062,0.5462048053741455,0.5775421857833862,0.5000015497207642,0.5215513706207275,0.506781280040741,0.5391045212745667,0.7365265488624573,0.6055903434753418,0.5337490439414978,0.5444160103797913,0.5316314101219177,0.5903107523918152,0.6030619740486145,0.5401507019996643,0.5580912828445435,-2.2490944862365723,0.6890365481376648,0.5379244089126587,0.5921640396118164,0.6401823163032532,0.7485127449035645,0.5341072678565979,0.5838313102722168,0.6695709824562073,0.7762096524238586,0.6404762268066406,0.8089297413825989,0.7941628694534302,0.6776825189590454,0.1300605684518814,0.5356649160385132,0.5464673638343811,0.1989273577928543,-0.46669286489486694,0.36054059863090515,0.5310490131378174,0.2928440570831299,0.6987929940223694,-0.7877370715141296
5874.0,117.47900000000004,26.35248126561958,277.94514545518,386.545843886294,556611.1858954323,26.35197499999602,277.82056899994205,386.5459900000001,556706.7794840003,-0.0168735053674378,-9.592554202940644,0.0048691877279637,19200.000000000007,-0.0005062656397962,0.0002233447253624,0.0001461136491816,0.0,-0.0070825788481368,-1.335094190812946,-9.569333496843544,-3.040759925142664,0.0078303541527518,-0.6633198471744584,19199.70703852381,111.54932450498332,0.002,2.896382250908356,-1.996024839348004,-0.9623593540678338,6.0,10.0,180.0,0.3262149508139166,-4.426695072326936,-0.1269610930658878,-2.9049147910894133,-651.8305549998984,-371.92525315418834,166.64452538088392,751.1049464563832,527.0250000000002,0.3262149508139166,0.6382508277893066,0.5694736242294312,0.5981379151344299,0.5327379107475281,0.5467444658279419,0.5500694513320923,0.5465418696403503,0.7554876208305359,0.6254703402519226,0.5581198930740356,0.573212206363678,0.5515878200531006,0.6189894080162048,0.6358235478401184,0.6520247459411621,0.6047524213790894,-2.1412627696990967,0.6248464584350586,0.5679095983505249,0.5746355652809143,0.6330742239952087,0.7416278719902039,0.5748195052146912,0.5793098211288452,0.6778777837753296,0.8184483051300049,0.6487883925437927,0.8013636469841003,0.8259711265563965,0.6806341409683228,0.24731601774692535,0.5510302186012268,0.5650304555892944,0.17971937358379364,-0.34998583793640137,0.4050563871860504,0.5552949905395508,0.3267780542373657,0.8613060712814331,-0.8750550746917725
5875.0,117.49900000000004,26.352391666369044,277.753314300103,386.545853546962,556995.1823618489,26.35197499999998,277.628568999982,386.5459900000001,557090.7794840002,-0.0138890285888753,-9.598216431944149,0.0045516540257311,19200.000000000007,-0.0004166663711727,5.429217848894913e-05,0.0001364528198625,0.0,-0.0078251808101696,-3.119057522340714,-9.56719975460182,5.131715579252351,0.0078421966711053,-2.025318195870954,19200.016863983128,-68.68896530558105,0.002,3.003256027899881,-1.979341610701124,-0.982375568186244,6.0,10.0,180.0,0.3491266768514912,-4.417995714873652,-0.1132861167083794,-2.9525963741607213,-652.9357774999492,-371.7626265770942,166.78126269044196,751.6699732281916,525.3000000000001,0.3491266768514912,0.6336973905563354,0.58256995677948,0.6172399520874023,0.5434038043022156,0.5733301043510437,0.5640624165534973,0.5762532949447632,0.7707828879356384,0.6489755511283875,0.5791186690330505,0.5935180187225342,0.5710662603378296,0.6361035704612732,0.651160717010498,0.6012930274009705,0.6114970445632935,-2.1793951988220215,0.7089855074882507,0.5870922803878784,0.6246626377105713,0.6491733193397522,0.7718230485916138,0.5662205219268799,0.588924765586853,0.6879876852035522,0.8144997954368591,0.6523764133453369,0.8141453266143799,0.8174798488616943,0.6859034895896912,0.19420476257801056,0.5648057460784912,0.5857617259025574,0.22635574638843536,-0.38037073612213135,0.39147087931632996,0.5688789486885071,0.3446885347366333,0.7872594594955444,-0.8647971749305725
5876.0,117.51900000000003,26.352152798505426,277.56173748407616,386.5458686552533,557379.1753888917,26.351975000000014,277.43656899999974,386.5459900000001,557474.7794840002,-0.0059246153676684,-9.612290908279984,0.0040083726144494,19200.000000000007,-0.0001777985054141,-0.000368785685627,0.0001213447560505,0.0,0.0046188556386818,4.880224792396218,-9.596673216333295,-5.195033614804123,-0.0012181443414567,-1.5800199594598512,19199.724613067687,115.93213652637378,0.002,2.99828000739227,-1.9800363607179168,-0.9858788129799084,6.0,10.0,180.0,0.3471350014727067,-4.445336415109439,-0.1015590985076607,-3.010559805567884,-653.5883887499746,-372.5858132885471,166.974131345221,752.4864866140958,530.1000000000001,0.3471350014727067,0.641514778137207,0.5319796204566956,0.5650862455368042,0.49820899963378906,0.5064979791641235,0.5214400291442871,0.5073095560073853,0.7232879996299744,0.5806207656860352,0.5198202729225159,0.5365539789199829,0.5185166597366333,0.5840141773223877,0.5993899703025818,0.6332249045372009,0.5703022480010986,-2.210114002227783,0.564558744430542,0.5295110940933228,0.5376161336898804,0.6173668503761292,0.7046205401420593,0.5618169903755188,0.577830970287323,0.6633580923080444,0.7996193766593933,0.6441068649291992,0.7965924143791199,0.80472332239151,0.6735415458679199,0.15929563343524933,0.5302064418792725,0.529121458530426,0.14890410006046295,-0.40044736862182617,0.3997749090194702,0.530182957649231,0.2917575240135193,0.8476777672767639,-0.7992371320724487
5877.0,117.53900000000006,26.352340184263493,277.3692225897318,386.5458942002856,557763.1732429671,26.351975000000014,277.24456900000007,386.5459900000001,557858.7794840002,-0.0121721224814171,-9.595129482913787,0.0031890157154111,19200.000000000007,-0.0003651842634879,0.0001462169895447,9.57997420675549e-05,0.0,-0.021959588340142,-0.4943599612489414,-9.606445977340364,3.5446403038102354,-0.0009949383761101,-0.7928075383472686,19199.877821734503,-64.34638402968213,0.002,3.051756699165728,-1.9815756398177784,-1.0049206772437236,6.0,10.0,180.0,0.3974356806202471,-4.508158705001774,-0.0927617029008755,-3.036201546006797,-654.5406943749873,-372.2449066442736,167.1110656726105,753.066743307048,531.0000000000001,0.3974356806202471,0.6373674273490906,0.5749387741088867,0.6063454151153564,0.5335384607315063,0.557039737701416,0.5513041615486145,0.5597058534622192,0.7636755704879761,0.6364626288414001,0.5660857558250427,0.5784120559692383,0.5590212345123291,0.6227422952651978,0.6379399299621582,0.6126763820648193,0.6003948450088501,-2.1619980335235596,0.6780484914779663,0.5723274946212769,0.6055640578269958,0.646734356880188,0.7632051110267639,0.5654945969581604,0.5870053768157959,0.6869454383850098,0.8098216652870178,0.649818480014801,0.8139016032218933,0.8177318572998047,0.6859377026557922,0.23120440542697906,0.5583309531211853,0.5730543732643127,0.2097734659910202,-0.40122032165527344,0.3899441957473755,0.5593304634094238,0.33125633001327515,0.7866402864456177,-0.8335229754447937
5878.0,117.55900000000004,26.35211400480797,277.1774520578164,386.5458810846509,558147.1656843242,26.351975000000014,277.05256900000006,386.5459900000001,558242.779484,-0.004638746965204,-9.602781900566525,0.0036285647679476,19200.000000000007,-0.0001390048079599,-8.335545072993958e-05,0.0001089153513664,0.0,0.0109907297607773,4.52611539580713,-9.58593215054966,-4.51958629148354,-0.0017452523716956,-0.913773395167188,19199.706365198937,25.70950496354495,0.002,3.18701552959444,-1.971483988867269,-1.0046024046220137,6.0,10.0,180.0,0.3847630552849096,-4.437880421276847,-0.0825076810641904,-3.10588651535844,-654.1438471874936,-372.8719533221368,167.09403283630525,752.9928716535239,529.575,0.3847630552849096,0.6406763792037964,0.5344476103782654,0.5668096542358398,0.5012291073799133,0.5090832710266113,0.5217080116271973,0.5098851919174194,0.7261669635772705,0.5840525031089783,0.5236607193946838,0.5390024185180664,0.5209629535675049,0.5864448547363281,0.6018469333648682,0.631943941116333,0.5720527172088623,-2.212583065032959,0.574699878692627,0.5320868492126465,0.54023277759552,0.619428813457489,0.708359956741333,0.5616933703422546,0.5780198574066162,0.6639403104782104,0.7995550036430359,0.6437585949897766,0.7982168197631836,0.805627167224884,0.6732026934623718,0.16534949839115143,0.5321301221847534,0.532745361328125,0.15121430158615112,-0.41637542843818665,0.39824095368385315,0.531752347946167,0.29393166303634644,0.846924364566803,-0.810742974281311
5879.0,117.57900000000002,26.352211635999907,276.98556655140504,386.545909604522,558531.1642200818,26.351975000000014,276.86056900000005,386.5459900000001,558626.7794840003,-0.0078917883597803,-9.606590296258576,0.0026809602748917,19200.000000000007,-0.0002366359999015,-0.0001977571287547,8.039547818476998e-05,0.0,0.0158709173403546,1.7695968084261504,-9.58836923554912,-2.1444452693199336,0.0002593203751342,-0.6140065812163996,19199.99949080164,-47.25961797666118,0.002,3.271053188158841,-1.9739812694829053,-1.01069818989377,6.0,10.0,180.0,0.4052966526275726,-4.439598688131647,-0.0761675316348634,-3.126903650837348,-653.8769235937468,-373.3894766610684,167.09501641815262,752.9979358267619,529.95,0.4052966526275726,0.6388862729072571,0.550875723361969,0.5832781791687012,0.5156014561653137,0.5289016962051392,0.5332240462303162,0.5294078588485718,0.7439060807228088,0.6083152294158936,0.5419304966926575,0.5560308694839478,0.5367242097854614,0.6027060151100159,0.6184272766113281,0.6321316361427307,0.5869807004928589,-2.1741819381713867,0.6124154329299927,0.5499604344367981,0.5631785988807678,0.6310386061668396,0.7301652431488037,0.5654097199440002,0.5801310539245605,0.6729003190994263,0.8067352771759033,0.6461595296859741,0.8037021160125732,0.8149856328964233,0.6777521967887878,0.20479173958301544,0.5414927005767822,0.5496245622634888,0.17114397883415222,-0.4060426950454712,0.3953571021556854,0.5426455140113831,0.3096945285797119,0.8331858515739441,-0.8373550176620483
5880.0,117.59900000000002,26.35243179789141,276.7936433903395,386.5459246294944,558915.160334998,26.351975000000014,276.66856900000005,386.5459900000001,559010.7794840003,-0.0152212590932229,-9.60915660680471,0.0021408206213751,19200.000000000007,-0.0004567978913924,-0.0002747928407042,6.537049503085846e-05,0.0,0.0048948153934079,-0.9815526449781806,-9.6323247048883,-7.437254136308617,-0.0063302341825835,-1.3934502209510953,19199.776615456685,-34.32211350562876,0.002,3.3462099217911043,-1.822668491941181,-1.0495223017860176,6.0,10.0,180.0,0.454118077839019,-4.459629001866725,-0.0747124661036921,-3.1592547975523635,-654.4629617968734,-373.9827383305342,167.2800082090763,753.7909679133809,528.5250000000001,0.454118077839019,0.6432047486305237,0.5646135210990906,0.594002902507782,0.5308384299278259,0.5422572493553162,0.5582724809646606,0.5346124768257141,0.7535586357116699,0.6173306703567505,0.555638313293457,0.5686441659927368,0.5455271005630493,0.6149349212646484,0.6322450041770935,0.6762515306472778,0.6060925126075745,-2.0246763229370117,0.586035966873169,0.5630918145179749,0.5580182075500488,0.6243060231208801,0.7306137084960938,0.585889995098114,0.5810120105743408,0.6771384477615356,0.8256173729896545,0.6509495973587036,0.7982452511787415,0.8289247155189514,0.6853632926940918,0.22281493246555328,0.5476170778274536,0.5570157170295715,0.16446880996227264,-0.3558007478713989,0.4138641655445099,0.5534859895706177,0.3232598900794983,0.9019715785980225,-0.8800942301750183
5881.0,117.61900000000006,26.352330909642653,276.6011209656682,386.5459060978831,559299.1559056544,26.351975000000014,276.47656900000004,386.5459900000001,559394.7794840002,-0.0118687890065146,-9.591743498788835,0.0027980739419887,19200.000000000007,-0.0003559096426503,0.0002475408996346,8.390206858119724e-05,0.0,0.0104774125523873,-0.362655337143944,-9.605990087177606,-1.5244535616606505,-0.0090505956093999,0.0574642849273222,19199.75864138583,-34.29281323474554,0.002,3.290797993849932,-1.699498639233455,-1.0224075958408498,6.0,10.0,180.0,0.4711826238799813,-4.472632662833291,-0.0708147002232756,-3.210553841449004,-654.3454808984367,-374.0463691652671,167.26250410453815,753.7149839566905,521.4000000000001,0.4711826238799813,0.6363531351089478,0.5658746957778931,0.5921670198440552,0.5300151705741882,0.5442930459976196,0.546735942363739,0.5431872606277466,0.7548054456710815,0.6181514859199524,0.5611326694488525,0.5687198042869568,0.5471416711807251,0.6139379739761353,0.6295445561408997,0.625067949295044,0.5951268076896667,-2.2038488388061523,0.6419094800949097,0.562260627746582,0.5730544328689575,0.6343868970870972,0.7378144264221191,0.5680556893348694,0.5820448994636536,0.6701061725616455,0.8130319118499756,0.6483162045478821,0.8060705065727234,0.8178431391716003,0.6775940656661987,0.22608669102191925,0.5489634275436401,0.5625148415565491,0.17873196303844452,-0.4299856126308441,0.3994866609573364,0.5523858666419983,0.3196820020675659,0.8587436079978943,-0.8975518941879272
5882.0,117.63900000000004,26.35230570514637,276.4089426596854,386.54591307212894,559683.1541740865,26.351975000000014,276.2845690000001,386.5459900000001,559778.7794840002,-0.0110236472719691,-9.58579627798586,0.0025642656647807,19200.000000000007,-0.0003307051463612,0.0004260470758493,7.692796194819549e-05,0.0,-0.0107277061800642,-2.5624778681221567,-9.6293857234969,4.023945059644629,0.0041621288108824,0.9060886214633058,19199.997955392388,-25.708572848586204,0.002,3.185933079855899,-1.709885704212786,-1.0301594598782169,6.0,10.0,180.0,0.4980351406555817,-4.506753223616442,-0.0625091513245269,-3.231054945334448,-654.9647404492183,-373.7286845826336,167.35125205226907,754.0929919783453,519.9750000000001,0.4980351406555817,0.6332425475120544,0.5813278555870056,0.611648678779602,0.5478151440620422,0.5690655708312988,0.5618074536323547,0.5717330574989319,0.7713351249694824,0.642692506313324,0.5857058763504028,0.5878990888595581,0.5664499998092651,0.6313570737838745,0.6462500095367432,0.6030091047286987,0.6056843996047974,-2.1994173526763916,0.7079133987426758,0.5817466974258423,0.6097913384437561,0.6474224925041199,0.7672824859619141,0.5663101077079773,0.5883654356002808,0.6805089712142944,0.8154323101043701,0.6510375738143921,0.8160316944122314,0.813565731048584,0.6822636723518372,0.23453833162784576,0.5629044771194458,0.5844519734382629,0.21073423326015472,-0.4469350576400757,0.3915424644947052,0.5659450888633728,0.3367658853530884,0.8193045258522034,-0.9190877079963684
5883.0,117.65900000000003,26.352043138234343,276.2171995964153,386.5459786374664,560067.1576048097,26.351975000000014,276.0925690000001,386.5459900000001,560162.7794840002,-0.002267040637579,-9.594358763543474,0.0003781885127724,19200.000000000007,-6.813823433492418e-05,0.0001693028568225,1.136279471966554e-05,0.0,-0.0080734915587708,-3.11351517416448,-9.574694403931456,-1.337504801884591,-0.0049015410968394,0.5555545142380973,19200.11828318369,-34.38581858799883,0.002,3.1519604353080486,-1.7991333459453762,-1.0156248105964358,6.0,10.0,180.0,0.4887747838660495,-4.477940408959405,-0.0673741380854443,-3.1899820489098354,-654.5933702246091,-372.7763422913168,167.16562602613453,753.2979959891727,527.6250000000001,0.4887747838660495,0.6383469104766846,0.5807628631591797,0.6112638115882874,0.5477032661437988,0.5635607838630676,0.5635876059532166,0.5596733689308167,0.7688874006271362,0.6419380903244019,0.5765617489814758,0.5875060558319092,0.5652230978012085,0.6325349807739258,0.6497063636779785,0.6573836803436279,0.6170024871826172,-2.1011409759521484,0.6564018130302429,0.5825203657150269,0.5915414094924927,0.6408289074897766,0.7578473687171936,0.5785478353500366,0.5824687480926514,0.685427188873291,0.8245837092399597,0.6507225632667542,0.8073655366897583,0.8298875093460083,0.6849781274795532,0.27443432807922363,0.5620649456977844,0.5808970332145691,0.1944708228111267,-0.37735220789909363,0.404751181602478,0.5661806464195251,0.3410736322402954,0.8614868521690369,-0.9003995656967163
5884.0,117.67900000000004,26.35177039565628,276.0253370900785,386.5459639057502,560451.1532578157,26.351975000000014,275.9005690000001,386.5459900000001,560546.7794840003,0.0068198123193028,-9.598945233689603,0.000870842519067,19200.000000000007,0.0002046043437329,3.160503100153204e-05,2.6093824679408447e-05,0.0,-0.0094932005587931,0.612688575622203,-9.616219587402254,2.255942201632967,-0.0043641545727359,-0.4937366008159013,19199.278465731088,-8.645309728110053,0.002,3.3263682063714017,-1.786693943447971,-1.038998598880551,6.0,10.0,180.0,0.4619409532178898,-4.508757115365635,-0.0678523769739221,-3.236592368464456,-654.9176851123045,-372.9291711456584,167.24931301306725,753.6544979945863,527.8500000000001,0.4619409532178898,0.6370339393615723,0.5678536891937256,0.596772313117981,0.5272436738014221,0.547285795211792,0.5440956354141235,0.5500591993331909,0.7569496631622314,0.6246070265769958,0.5596379041671753,0.5696853399276733,0.5503813028335571,0.6144430041313171,0.6292912364006042,0.6080037355422974,0.5921644568443298,-2.197539806365967,0.6636465191841125,0.5631158351898193,0.5909849405288696,0.6425412893295288,0.7515209317207336,0.5629220604896545,0.5857193470001221,0.6781322956085205,0.8067414164543152,0.6484670042991638,0.8120712041854858,0.8141732215881348,0.6814577579498291,0.2255946546792984,0.5525158643722534,0.564753532409668,0.19700250029563904,-0.4279478192329407,0.39055681228637695,0.553285539150238,0.3217015266418457,0.8019792437553406,-0.8436087965965271
5885.0,117.69900000000004,26.3520645824096,275.83343171743394,386.5459519387371,560835.151772645,26.351975000000014,275.70856900000007,386.5459900000001,560930.7794840002,-0.0029792413366581,-9.602093881667766,0.0012666343190383,19200.000000000007,-8.95824095935047e-05,-6.282111701761507e-05,3.8059795812902335e-05,0.0,0.0136688873580472,-3.111911146656517,-9.576128534015352,3.593935954059657,-0.0021979983864975,4.582557135252804,19199.965525082625,8.613718508293765,0.002,3.426202240788648,-1.8009977136302655,-1.0328825931271282,6.0,10.0,180.0,0.4736570297014504,-4.483499751350645,-0.0668895287870741,-3.252003621865988,-654.1658425561523,-373.1460855728292,167.12115650653362,753.1082489972932,527.9250000000001,0.4736570297014504,0.632767915725708,0.578397274017334,0.6127324104309082,0.552142322063446,0.5643253326416016,0.554183840751648,0.5650807619094849,0.7721288204193115,0.6487545371055603,0.5838449597358704,0.5866035223007202,0.5682408809661865,0.6329833269119263,0.649742603302002,0.6378466486930847,0.6124380230903625,-2.1207497119903564,0.6996579170227051,0.5834460258483887,0.6020019054412842,0.6464428305625916,0.7752005457878113,0.5668804049491882,0.5808566808700562,0.6873034238815308,0.8173776268959045,0.6469060182571411,0.8114470839500427,0.8127716183662415,0.6819269061088562,0.25351107120513916,0.5628288984298706,0.5884348750114441,0.201109379529953,-0.42501309514045715,0.38715237379074097,0.5631840825080872,0.3369061350822449,0.8167880177497864,-0.9279155731201172
5886.0,117.71900000000002,26.352167089179343,275.64173212631914,386.5459852387494,561219.1485111017,26.351975000000014,275.51656900000006,386.5459900000001,561314.7794840002,-0.0064028095516184,-9.6121099671822,0.0001249125001804,19200.000000000007,-0.0001920891793362,-0.0003632273794962,4.860412093523806e-06,0.0,0.0004663921184178,0.3682320148000125,-9.61304501044973,-1.5859525116428963,0.0075674943026658,1.7687391600349784,19199.84439892504,55.84416944850218,0.002,3.414198386624049,-1.7524709121373658,-1.0404440302675466,6.0,10.0,180.0,0.4941266038919007,-4.473241272227709,-0.0683757731124063,-3.286386792323543,-654.4714212780761,-373.3985427864146,167.21257825326683,753.4986244986467,542.9250000000002,0.4941266038919007,0.6422692537307739,0.5628161430358887,0.5980795621871948,0.5280797481536865,0.5388195514678955,0.5403033494949341,0.5382570028305054,0.7562448978424072,0.6301957368850708,0.5515533089637756,0.5647925734519958,0.5480983257293701,0.6132533550262451,0.6306803226470947,0.6710677742958069,0.6022937297821045,-1.9904084205627441,0.6168718338012695,0.5616835951805115,0.5749123096466064,0.6383305191993713,0.7523797750473022,0.574106752872467,0.5797820687294006,0.6935961246490479,0.8154179453849792,0.6465843319892883,0.8061739206314087,0.8233065605163574,0.6857003569602966,0.2711693048477173,0.5489922761917114,0.5612979531288147,0.17892329394817352,-0.3675037622451782,0.39146748185157776,0.54813551902771,0.32086873054504395,0.8133172392845154,-0.8259833455085754
5887.0,117.73900000000005,26.35225111090268,275.44969621175426,386.5459581022113,561603.1456111219,26.351975000000014,275.32456900000005,386.5459900000001,561698.7794840002,-0.0092027599975005,-9.610905028839811,0.0010668106979372,19200.000000000007,-0.0002761109026664,-0.0003273098846161,3.1898982457240025e-05,0.0,-0.0058431533110427,-0.913165083190684,-9.587417221175745,2.750431574494576,0.0097546838429232,2.6807113434301177,19200.032613580595,94.4251423025926,0.002,3.378112680972459,-1.6615318082275317,-1.0545577506943185,6.0,10.0,180.0,0.520003395003228,-4.4706937486986345,-0.0674013530345932,-3.3017582921880133,-654.4507106390381,-372.8937713932073,167.15028912663342,753.2308122493233,548.475,0.520003395003228,0.6407355070114136,0.5737549066543579,0.6117305159568787,0.5367578864097595,0.5524823665618896,0.5456041097640991,0.5550107955932617,0.7672136425971985,0.649220883846283,0.5622598528862,0.5764675140380859,0.5611822605133057,0.6245801448822021,0.6421892046928406,0.6656104922294617,0.6110292673110962,-1.9499626159667969,0.6576300859451294,0.5744166374206543,0.6014524102210999,0.6479994654655457,0.7771279811859131,0.5716854929924011,0.5820386409759521,0.7047417163848877,0.8154127597808838,0.6468424797058105,0.8113986253738403,0.8255369663238525,0.6931589841842651,0.26778411865234375,0.5577958822250366,0.5757253766059875,0.2021881490945816,-0.3607831597328186,0.3819544017314911,0.5552846193313599,0.3328782320022583,0.76646488904953,-0.812515377998352
5888.0,117.75900000000004,26.35209763834153,275.25733890725894,386.545985229702,561987.1476594509,26.351975000000014,275.132569,386.5459900000001,562082.7794840002,-0.0040865955504957,-9.599007305105747,0.0001609077392549,19200.000000000007,-0.000122638341522,2.969641560579588e-05,4.771817263960431e-06,0.0,-0.0048691729732031,0.6006171939740399,-9.624035760323668,2.2679942382587,0.0066084730086384,-0.9680055507485672,19200.118516140683,-68.68442237010497,0.002,3.2787323103447568,-1.7278177200780076,-1.0094306231965324,6.0,10.0,180.0,0.5175894626591362,-4.5453913566865065,-0.0688450396370877,-3.3135599038431685,-654.841855319519,-373.2653856966036,167.2726445633167,753.7544061246617,558.45,0.5175894626591362,0.6458477973937988,0.5661675930023193,0.60968416929245,0.5219618678092957,0.5465127229690552,0.543779730796814,0.5512277483940125,0.761716365814209,0.6457230448722839,0.5473639965057373,0.5698820352554321,0.5544290542602539,0.6177862882614136,0.6350643038749695,0.6648215651512146,0.6071293950080872,-1.8467416763305664,0.6313700079917908,0.5671173334121704,0.6046955585479736,0.6493921875953674,0.7734335064888,0.5735269784927368,0.585835337638855,0.7118114829063416,0.8132714629173279,0.6491451263427734,0.8119428157806396,0.8311161994934082,0.7009220719337463,0.2489859014749527,0.5524952411651611,0.5635355114936829,0.2079830914735794,-0.32223108410835266,0.37970200181007385,0.5502702593803406,0.3289591073989868,0.7299767136573792,-0.7293254137039185
5889.0,117.77900000000004,26.351903216204143,275.0654630680079,386.5460262880816,562371.147505324,26.351975000000014,274.9405690000001,386.5459900000001,562466.7794840002,0.0023907767286461,-9.603140101578433,-0.0012083746826994,19200.000000000007,7.17837958638105e-05,-9.426580856283745e-05,-3.628889702932073e-05,0.0,-0.0249036013565631,1.5252001880718409,-9.569812485102323,4.1437402702383865,0.0048631687388801,-2.5619848631947564,19200.06761229545,85.79931878948976,0.002,3.356904106184842,-1.7784078172466216,-1.027655681008243,6.0,10.0,180.0,0.5121931068604761,-4.481892408969838,-0.0663835407469443,-3.2956015669533203,-654.8019276597595,-371.8891928483018,167.10632228165835,753.0397030623309,562.575,0.5121931068604761,0.646657407283783,0.563357949256897,0.6102877855300903,0.5159479379653931,0.5456770658493042,0.5398377776145935,0.5514653921127319,0.7572900056838989,0.6458602547645569,0.5401884317398071,0.5698656439781189,0.5549232959747314,0.6169511675834656,0.6339954733848572,0.654119610786438,0.6046662926673889,-1.865112066268921,0.6366530656814575,0.5662235021591187,0.614751935005188,0.6507974863052368,0.7753899693489075,0.5690383911132812,0.5876931548118591,0.7155630588531494,0.8071369528770447,0.6491743326187134,0.8133667707443237,0.8318482637405396,0.7046830654144287,0.21789421141147614,0.554248034954071,0.5627673268318176,0.21951542794704437,-0.30977901816368103,0.37728142738342285,0.5507224798202515,0.33148515224456787,0.6983887553215027,-0.675284206867218
5890.0,117.79900000000004,26.351870153355424,274.8737568270363,386.5460537971588,562755.1511802131,26.351975000000014,274.7485690000001,386.5459900000001,562850.7794840002,0.0034975415345366,-9.612933970855703,-0.0021298715903484,19200.000000000007,0.0001048466445843,-0.0003879287287998,-6.379893172337951e-05,0.0,0.0124482688232661,0.6187956483185666,-9.587644775071208,-0.062002472877068,0.0073137243448849,-3.5450669291554133,19200.34310447573,-25.76393684756389,0.002,3.348851945798536,-1.689610785266686,-1.047497390376649,6.0,10.0,180.0,0.4936196433390677,-4.457470524060787,-0.0727400565431068,-3.2683979934110363,-654.2624638298797,-372.7665964241509,167.09716114082917,753.0048515311655,565.7250000000001,0.4936196433390677,0.6493737101554871,0.5598080158233643,0.6090966463088989,0.5142370462417603,0.5425683856010437,0.544086217880249,0.5463302731513977,0.7561273574829102,0.6445552110671997,0.5356430411338806,0.5685171484947205,0.5515618920326233,0.6166807413101196,0.6347451210021973,0.6846880912780762,0.6119404435157776,-1.6927506923675537,0.5991915464401245,0.5656576156616211,0.6008425951004028,0.6473232507705688,0.7688092589378357,0.5787737369537354,0.5847917795181274,0.7165994048118591,0.816741406917572,0.6503604650497437,0.8078289031982422,0.8319522142410278,0.7039883732795715,0.22710205614566803,0.5493775606155396,0.5570595860481262,0.20639823377132416,-0.26537463068962097,0.3841441571712494,0.5486301183700562,0.33079302310943604,0.7282521724700928,-0.682251513004303
5891.0,117.81900000000005,26.35198551231472,274.68196468560416,386.5459895028812,563139.151829852,26.351975000000014,274.55656900000014,386.5459900000001,563234.7794840002,-0.0003453936688735,-9.6198666073542,1.80723708304068e-05,19200.000000000007,-1.0512314710152553e-05,-0.0005960898500145,5.979745150853515e-07,0.0,-0.0066056112339797,0.612735039852001,-9.589571834026142,-3.962794113408133,-0.0077912542107348,-1.3384796289666323,19199.99902672987,77.32786563445231,0.002,3.34858964609272,-1.7331526228274323,-1.016816902585162,6.0,10.0,180.0,0.5019664694427906,-4.476565365263562,-0.0752029992859129,-3.266375679499318,-654.3862319149398,-372.58679821207545,167.10158057041457,753.0224257655827,568.3500000000001,0.5019664694427906,0.65238356590271,0.5574361085891724,0.6068241596221924,0.5186808109283447,0.5365866422653198,0.542672336101532,0.5312579870223999,0.7534263134002686,0.635178804397583,0.5338470339775085,0.565087080001831,0.5492097735404968,0.6149741411209106,0.6346520781517029,0.7250835299491882,0.6159753799438477,-1.5310680866241455,0.5650277137756348,0.5634543895721436,0.5810127258300781,0.6395409107208252,0.7638844847679138,0.5857582688331604,0.5805826783180237,0.7194781303405762,0.8236325979232788,0.6491097807884216,0.8031632900238037,0.8342064023017883,0.7018585801124573,0.26101863384246826,0.5484455227851868,0.5550997257232666,0.18630482256412506,-0.2484413981437683,0.39267101883888245,0.5472516417503357,0.3290672302246094,0.7724315524101257,-0.7002352476119995
5892.0,117.83900000000004,26.351949356949508,274.48950180360896,386.5460175624975,563523.1531932764,26.351975000000014,274.3645690000001,386.5459900000001,563618.7794840003,0.000857566619156,-9.604462479816156,-0.0009501329544246,19200.000000000007,2.5643050499401063e-05,-0.0001331063743911,-2.755970708003332e-05,0.0,0.0036537547975632,2.2494768855947145,-9.609874560929867,0.9751235730173888,0.0031599091697315,-1.3495198101379515,19200.30660758628,-60.06072525828314,0.002,3.3496881009511315,-1.759311536541374,-1.032117975616501,6.0,10.0,180.0,0.5000358233148292,-4.558580405379867,-0.0727637478065038,-3.254094106135116,-654.4811159574699,-373.1728991060377,167.1882902852073,753.3947128827914,570.5250000000001,0.5000358233148292,0.6497079730033875,0.5523437261581421,0.6036124229431152,0.5091729760169983,0.5325753688812256,0.5321432948112488,0.5376924276351929,0.7514505386352539,0.6403105854988098,0.5291349291801453,0.558661162853241,0.5453430414199829,0.6083643436431885,0.6265295147895813,0.6856120824813843,0.6033856868743896,-1.6921401023864746,0.5953949093818665,0.5568825006484985,0.5944147109985352,0.6471152901649475,0.7693701386451721,0.5726736783981323,0.5838276147842407,0.7187462449073792,0.8112420439720154,0.6473582983016968,0.8082839846611023,0.8289480209350586,0.7054417729377747,0.2393336445093155,0.5452014803886414,0.55174720287323,0.19946803152561188,-0.2872556746006012,0.37569746375083923,0.5410335063934326,0.3209686875343323,0.7062662243843079,-0.6671577095985413
5893.0,117.859,26.352001793185384,274.2977704853508,386.5460263537438,563907.1536052616,26.351975000000014,274.17256900000007,386.5459900000001,564002.7794840002,-0.000896204064151,-9.613387911622736,-0.0012425240963394,19200.000000000007,-2.6793185377801182e-05,-0.0004016840609227,-3.6252713914626375e-05,0.0,-0.0016892550141672,1.5941203049992474,-9.584729532462088,-7.944198573732427,-0.0056091436506505,-1.8306806249150689,19199.792190692595,-0.0643067329011159,0.002,3.2855236149249,-1.7462636346057,-1.054040366853932,6.0,10.0,180.0,0.5068585999753565,-4.449159967118392,-0.0771488771295539,-3.249971094109517,-654.345557978735,-372.8819495530189,167.12714514260364,753.1328564413957,572.1000000000001,0.5068585999753565,0.6559562087059021,0.5460202693939209,0.5985036492347717,0.5109325051307678,0.5240829586982727,0.5369938015937805,0.5123409032821655,0.7429841756820679,0.6177520155906677,0.5210202932357788,0.5555858612060547,0.5395539999008179,0.6067472100257874,0.6272096037864685,0.7506639957427979,0.6137229204177856,-1.3128407001495361,0.5184921026229858,0.5540739893913269,0.5604665875434875,0.6286448836326599,0.7516111731529236,0.5874971151351929,0.5783079862594604,0.7177568078041077,0.8254651427268982,0.648908793926239,0.7971068024635315,0.8309875726699829,0.7006924748420715,0.21223415434360504,0.5414329767227173,0.5434913039207458,0.1674884855747223,-0.22665077447891235,0.39867734909057617,0.5406405329704285,0.32183390855789185,0.7994093298912048,-0.6846928596496582
5894.0,117.87900000000003,26.35191989642586,274.10543638276084,386.54598064472464,564291.1492537584,26.351975000000014,273.98056900000006,386.5459900000001,564386.7794840003,0.0018426142316532,-9.60225807074158,0.0002812159250544,19200.000000000007,5.5103574147199216e-05,-6.777842585080391e-05,9.354045831224357e-06,0.0,-3.459809401000491e-06,1.094650865263106,-9.61645694218392,-0.7814458218498842,-0.0129576906489671,0.430661111068569,19199.74205633672,-12.911350593333315,0.002,3.353375766396982,-1.7152925290160943,-1.030472748262415,6.0,10.0,180.0,0.4990263137319373,-4.477070089117476,-0.0761694898444133,-3.3002236629983925,-654.6102789893675,-373.3064747765095,167.23007257130183,753.5729282206978,566.0250000000001,0.4990263137319373,0.6490922570228577,0.5580060482025146,0.6056679487228394,0.5189316272735596,0.5365170240402222,0.5373609066009521,0.536595344543457,0.7562384605407715,0.641362190246582,0.5379940867424011,0.56294184923172,0.5490915179252625,0.6129682064056396,0.6318317651748657,0.7013865113258362,0.6090922355651855,-1.680728554725647,0.5940066576004028,0.5616812705993652,0.5873094797134399,0.6441834568977356,0.7687569260597229,0.5783719420433044,0.581209123134613,0.7169908881187439,0.8173959851264954,0.6472790837287903,0.806606650352478,0.8287397623062134,0.7012608051300049,0.2702188491821289,0.5480705499649048,0.5572054982185364,0.1911362260580063,-0.29356083273887634,0.38234981894493103,0.5448704957962036,0.32420164346694946,0.7457626461982727,-0.7156051397323608
5895.0,117.89900000000004,26.351908394623685,273.9132834407311,386.5459590195818,564675.1464671878,26.351975000000014,273.7885690000001,386.5459900000001,564770.7794840002,0.0022267655431484,-9.597153138286972,0.0010295576933214,19200.000000000007,6.660537632434353e-05,8.546221118369246e-05,3.097894881676625e-05,0.0,0.0134142304682975,2.1998216534445763,-9.62281528609966,-5.074679131285548,-0.0014424878213393,0.3622442447057981,19200.154148387333,-21.44282927716841,0.002,3.372052265812182,-1.7173442926269016,-1.0392046946323965,6.0,10.0,180.0,0.4926498727192244,-4.516173048105201,-0.0707974884843387,-3.3207407758556604,-654.5531394946838,-374.0762373882548,167.3070362856509,753.9054641103489,567.0750000000002,0.4926498727192244,0.6517066955566406,0.5450305938720703,0.5943557024002075,0.5107617974281311,0.5216796398162842,0.5301124453544617,0.5171340107917786,0.7448955774307251,0.6221568584442139,0.5254471302032471,0.5511235594749451,0.5370491743087769,0.6026325821876526,0.6220346093177795,0.7232482433319092,0.6042821407318115,-1.5373194217681885,0.5472275018692017,0.5500146150588989,0.5619698762893677,0.6330628395080566,0.7522785067558289,0.5800203680992126,0.5779975652694702,0.7127841711044312,0.819060206413269,0.6463267803192139,0.8004652261734009,0.8255695104598999,0.6974241733551025,0.241920605301857,0.5390530824661255,0.5438914895057678,0.1674724519252777,-0.28691524267196655,0.3879969120025635,0.5363669395446777,0.3136323094367981,0.7808555960655212,-0.7176359295845032
5896.0,117.91900000000004,26.35215530738143,273.72106186173613,386.54596384750647,565059.1490435846,26.351975000000014,273.59656900000004,386.5459900000001,565154.7794840002,-0.0060126835813342,-9.589774737383127,0.0008406188200675,19200.000000000007,-0.0001803073814208,0.0003067361343926,2.615099861233433e-05,0.0,0.0119792868107826,-3.969410961362717,-9.593541330868597,2.7493941090337364,-0.0026932467099876,1.7693759250523988,19199.96475538752,-94.39919719389437,0.002,3.2334153067549503,-1.7243341634643463,-1.047093056951068,6.0,10.0,180.0,0.5151259242252271,-4.552268978422146,-0.0722585786107593,-3.306372012239825,-654.2170697473418,-373.9421186941274,167.22301814282545,753.5467320551745,575.0250000000001,0.5151259242252271,0.648164689540863,0.5845478773117065,0.6377544403076172,0.5454531311988831,0.5702093839645386,0.5631363391876221,0.562582790851593,0.7861485481262207,0.6787852644920349,0.5673639178276062,0.5931616425514221,0.578373908996582,0.6427048444747925,0.6632954478263855,0.7274900674819946,0.6410965919494629,-1.5492093563079834,0.6467878222465515,0.5948276519775391,0.6303805112838745,0.6565911769866943,0.8090053200721741,0.5890962481498718,0.5826257467269897,0.7372075319290161,0.8344504237174988,0.6507340669631958,0.8115297555923462,0.8474085927009583,0.7139647603034973,0.2813032269477844,0.5656431913375854,0.5883319973945618,0.22477422654628754,-0.23985838890075684,0.37609967589378357,0.5636993646621704,0.3549495339393616,0.7141883969306946,-0.7397919297218323
5897.0,117.93900000000004,26.351831105647108,273.52947414735274,386.5459473203561,565443.1423617642,26.351975000000014,273.4045690000001,386.5459900000001,565538.7794840003,0.0047981406531873,-9.60352097337006,0.001427211598713,19200.000000000007,0.0001438943529044,-0.0001051508158619,4.277854387386569e-05,0.0,-0.0153990478179984,0.5441177541217584,-9.609361662759786,0.6670747796297192,-0.0060788098685932,2.750227341257331,19199.48332287755,51.54398684968311,0.002,3.294424347974919,-1.7342142306546129,-1.0194246389659,6.0,10.0,180.0,0.4941667821346439,-4.499526475104509,-0.0693360396306077,-3.366395799881462,-654.7640348736709,-373.1975593470637,167.24850907141274,753.6533660275873,575.7750000000001,0.4941667821346439,0.6504818201065063,0.5642433166503906,0.6145344972610474,0.5259906053543091,0.5409066677093506,0.5378410816192627,0.5395177602767944,0.7632079124450684,0.6525713205337524,0.5425810813903809,0.5670677423477173,0.5559874773025513,0.6183274984359741,0.6383526921272278,0.7236517071723938,0.6168104410171509,-1.582608699798584,0.602763295173645,0.5679592490196228,0.59662926197052,0.6482852697372437,0.7852136492729187,0.5805543065071106,0.5802894830703735,0.72978276014328,0.8211236596107483,0.6462021470069885,0.8084415793418884,0.8355996012687683,0.7082506418228149,0.2983698844909668,0.5527815818786621,0.5652488470077515,0.19700799882411957,-0.27689915895462036,0.37590137124061584,0.546906054019928,0.3300819396972656,0.7208617925643921,-0.7021937966346741
5898.0,117.95900000000002,26.351895440426222,273.3374873019113,386.5460087943169,565827.1468865129,26.351975000000014,273.2125690000001,386.5459900000001,565922.7794840002,0.0027112394123135,-9.603952054490367,-0.0006256677067868,19200.000000000007,7.955957378284211e-05,-0.0001184995270356,-1.879251525682835e-05,0.0,0.0148969334821646,-2.0690641662193707,-9.594918989288647,0.1882094452803329,0.0080230676900943,-1.5253387045646325,19200.5816711072,-25.765004646527608,0.002,3.344703257652022,-1.7484895215442198,-1.022985708928832,6.0,10.0,180.0,0.4868110780286283,-4.458471293958459,-0.0678840431431559,-3.323341143738292,-654.2780174368354,-373.6197796735319,167.19825453570638,753.4406830137937,576.3750000000001,0.4868110780286283,0.6514489650726318,0.5753130912780762,0.6269245743751526,0.5298154354095459,0.5574767589569092,0.5567641258239746,0.5532296299934387,0.7729608416557312,0.6623720526695251,0.5497298240661621,0.5822899341583252,0.5660582184791565,0.6315783262252808,0.6516158580780029,0.7243742942810059,0.632317304611206,-1.4855527877807617,0.6088143587112427,0.5822654962539673,0.6162329316139221,0.6526041626930237,0.7930866479873657,0.5899651646614075,0.5838656425476074,0.7351471185684204,0.8306620717048645,0.6516273617744446,0.8090454936027527,0.8431298136711121,0.7127788662910461,0.2643725872039795,0.5575586557388306,0.5722742676734924,0.215968057513237,-0.22347837686538696,0.3812917470932007,0.5567163228988647,0.34604763984680176,0.7189835906028748,-0.6921677589416504
5899.0,117.97900000000004,26.35204319403858,273.1454108501913,386.545994137828,566211.1550436178,26.351975000000014,273.0205690000001,386.5459900000001,566306.7794840003,-0.0022682564247578,-9.60140108247899,-0.0001356010004498,19200.000000000007,-6.819403857240664e-05,-4.204214528288321e-05,-4.133600023158737e-06,0.0,0.0068506180353305,-1.7129774409558949,-9.625749682473636,0.9082229640658016,-0.0038686368288065,1.281308287244282,19199.98193207055,-60.16556495840463,0.002,3.3326818103075886,-1.6789813767030082,-1.055871142288692,6.0,10.0,180.0,0.4965485808898914,-4.527275685722224,-0.0752022634916503,-3.2540737479479334,-654.5490087184178,-374.05738983676594,167.3036272678532,753.8928415068968,576.7500000000001,0.4965485808898914,0.6505840420722961,0.5756035447120667,0.6259176731109619,0.5332555770874023,0.5550565123558044,0.5522102117538452,0.5516066551208496,0.7748438119888306,0.6635996699333191,0.5530180335044861,0.5791597366333008,0.5655146837234497,0.6295521259307861,0.6498113870620728,0.7278497815132141,0.6294170618057251,-1.520399570465088,0.6155695915222168,0.5803183317184448,0.6122545599937439,0.6524974703788757,0.7961656451225281,0.5873385071754456,0.5822701454162598,0.7358272671699524,0.8296157717704773,0.649528443813324,0.8096616268157959,0.8425102233886719,0.712149977684021,0.2907981872558594,0.5573546886444092,0.5737007260322571,0.21023662388324738,-0.24804729223251343,0.37681296467781067,0.5544081926345825,0.34157538414001465,0.7173067927360535,-0.712492048740387
5900.0,117.99900000000004,26.352109336667656,272.9531444574128,386.5459853984282,566595.1569267118,26.351975000000014,272.82856900000013,386.5459900000001,566690.7794840002,-0.0044492677429912,-9.592550254404053,0.0001585727099381,19200.000000000007,-0.0001343366676492,0.0002242468786571,4.703513619202149e-06,0.0,-0.0058718069573757,-1.7064459126417677,-9.59522487704081,2.5631340271883625,-0.0044042267533799,1.894739296881477,19199.845553968844,17.164020402900825,0.002,3.160572707632652,-1.695145728612084,-1.0277223545459315,6.0,10.0,180.0,0.5112290388596116,-4.549317835530848,-0.0766501558027446,-3.235096518814886,-654.5810043592089,-373.34969491838297,167.2288136339266,753.5699207534484,577.0500000000001,0.5112290388596116,0.6495396494865417,0.5779412984848022,0.628258228302002,0.5354949831962585,0.5575135946273804,0.5509689450263977,0.5543370246887207,0.7762657403945923,0.6690192222595215,0.5551660060882568,0.5816798210144043,0.5688769817352295,0.6318106651306152,0.6520432829856873,0.72254878282547,0.6296833157539368,-1.5697100162506104,0.6304819583892822,0.5828842520713806,0.6192567944526672,0.6542176008224487,0.8002631068229675,0.5840384364128113,0.5824289321899414,0.7357691526412964,0.8269960284233093,0.6488064527511597,0.811133623123169,0.8427445888519287,0.7130172252655029,0.2820996046066284,0.5606280565261841,0.5782392024993896,0.21647100150585175,-0.2545381486415863,0.3744148910045624,0.5564287304878235,0.34453636407852173,0.7049624919891357,-0.7076718211174011
5901.0,118.01900000000003,26.35184165378888,272.7613059347626,386.5459932691664,566979.1517353903,26.351975000000014,272.6365690000001,386.5459900000001,567074.7794840003,0.0044411963582636,-9.597935688169288,-0.0001394652385716,19200.000000000007,0.0001333462111307,6.256031414265134e-05,-3.1713526114982565e-06,0.0,-0.0319995734902859,-1.893631840330995,-9.598662746460544,0.6857628635428338,0.0077911279062734,-0.8630297065514455,19199.60441475013,42.98237693866035,0.002,3.269610671521378,-1.7895484242718247,-1.0165200658885825,6.0,10.0,180.0,0.4946184659834871,-4.528893219540556,-0.0737184716545796,-3.287924244320577,-655.1430021796045,-372.1593474591915,167.2064068169633,753.4699603767242,577.2750000000001,0.4946184659834871,0.6530621647834778,0.5818110108375549,0.6317733526229858,0.5362900495529175,0.5623586773872375,0.5605021119117737,0.5568056106567383,0.7753798961639404,0.6669962406158447,0.5549665093421936,0.5862941741943359,0.5710840225219727,0.6350951790809631,0.6552808284759521,0.729927659034729,0.6345062851905823,-1.5123863220214844,0.6156337261199951,0.5861726999282837,0.6216556429862976,0.654060423374176,0.7983422875404358,0.5920085310935974,0.5848403573036194,0.7401646971702576,0.8315115571022034,0.6522186398506165,0.8117321133613586,0.8455975651741028,0.7147769331932068,0.30277514457702637,0.5640630722045898,0.5779500007629395,0.22080771625041962,-0.21994230151176453,0.38501209020614624,0.5618658661842346,0.35144948959350586,0.7209413051605225,-0.6830260753631592
5902.0,118.03900000000006,26.351780228357104,272.5696645424375,386.5459942215765,567363.1492444228,26.351975000000014,272.44456900000006,386.5459900000001,567458.7794840003,0.0064929044239574,-9.60985539772187,-0.0001418784632028,19200.000000000007,0.0001947716429028,-0.0002956494988439,-4.2244044817411e-06,0.0,0.0263773826159131,1.5253070460958176,-9.57100168027853,-1.1074533109844882,0.0034050348832698,4.768355860645363,19200.34153440405,90.16784469458318,0.002,3.3994452696002924,-1.8244013883830383,-1.026679010446029,6.0,10.0,180.0,0.4662749496704855,-4.480068399700128,-0.0766625449698102,-3.304294312745385,-653.9705010898023,-373.11067372959576,167.07770340848165,752.9224801883621,577.4250000000001,0.4662749496704855,0.6488309502601624,0.5503048896789551,0.6027847528457642,0.518947958946228,0.5247950553894043,0.5229686498641968,0.5222104787826538,0.7533031105995178,0.6397600173950195,0.5303418636322021,0.5551260709762573,0.5457496047019958,0.6086009740829468,0.6292130947113037,0.7379288673400879,0.6109896302223206,-1.5345067977905273,0.5774750113487244,0.5572614669799805,0.5744829773902893,0.6415030360221863,0.7745037078857422,0.5759461522102356,0.5747347474098206,0.7244460582733154,0.8181253671646118,0.6418955326080322,0.8043355941772461,0.8266310691833496,0.7028815746307373,0.2780470848083496,0.54430091381073,0.5561299920082092,0.17639605700969696,-0.28224703669548035,0.3732106387615204,0.5366701483726501,0.3181147575378418,0.7314646244049072,-0.7130515575408936
5903.0,118.05900000000004,26.35201559365123,272.3777030188268,386.5460252486412,567747.1542520438,26.351975000000014,272.2525690000001,386.5459900000001,567842.7794840002,-0.0013539891776086,-9.611140283959232,-0.0012091821193723,19200.000000000007,-4.0593651225747376e-05,-0.0003342201719923,-3.524922516525494e-05,0.0,-0.0087809224406331,1.7689296681096842,-9.630854884993498,6.101573018504531,0.0112349290464448,-0.7932642323437638,19199.98069593478,-68.68705808894039,0.002,3.4593211339334164,-1.7964106197660474,-1.0393447739122037,6.0,10.0,180.0,0.4824230523973245,-4.532288678713558,-0.0815529243846235,-3.2770940889500864,-654.7567505449011,-373.3513368647979,167.2648517042408,753.723740094181,577.5000000000001,0.4824230523973245,0.648881196975708,0.5628620386123657,0.6158366203308105,0.5140564441680908,0.5440945029258728,0.5356921553611755,0.5515173673629761,0.762620210647583,0.6576871871948242,0.5378696918487549,0.5662409067153931,0.5551402568817139,0.6154816150665283,0.6333353519439697,0.6703963875770569,0.6068360209465027,-1.6975427865982056,0.636906087398529,0.5655295252799988,0.6236312389373779,0.6528599262237549,0.7898940443992615,0.5694634914398193,0.5881978273391724,0.7309648394584656,0.8090465664863586,0.6480574011802673,0.8144216537475586,0.8376870155334473,0.715583860874176,0.21341855823993683,0.5518149137496948,0.5622775554656982,0.2244960218667984,-0.28839564323425293,0.36196115612983704,0.5452794432640076,0.32836586236953735,0.642054557800293,-0.6388443112373352
5904.0,118.07900000000004,26.352251079883644,272.1854371203637,386.54600276634,568131.1510841885,26.351975000000014,272.0605690000001,386.5459900000001,568226.7794840003,-0.009201811566818,-9.602279162309786,-0.0004268816647748,19200.000000000007,-0.0002760798836357,-6.831758931371004e-05,-1.2765805676016618e-05,0.0,0.0063494902615159,-2.3193893177252147,-9.592056393214309,-1.211223942087425,0.0053995126094663,-0.9122374479892236,19199.92987338074,94.3769887061139,0.002,3.451890050409187,-1.719903480331467,-1.0391059531042943,6.0,10.0,180.0,0.5141780991522578,-4.512710114516059,-0.0830117164170808,-3.291981732772088,-654.4113752724506,-373.3631684323989,167.1959258521204,753.4288700470905,577.5750000000002,0.5141780991522578,0.6527566313743591,0.5763410329818726,0.6278772354125977,0.5329194068908691,0.5574078559875488,0.5583268404006958,0.5502976179122925,0.7732678651809692,0.6603647470474243,0.5505471229553223,0.583046555519104,0.5668944120407104,0.632765531539917,0.6534240245819092,0.74046391248703,0.6357311010360718,-1.4232194423675537,0.5981377363204956,0.5834261775016785,0.611075222492218,0.6507041454315186,0.7928478717803955,0.593691349029541,0.5827458500862122,0.7371371984481812,0.8340538144111633,0.6516042351722717,0.8077415227890015,0.8456172943115234,0.712682843208313,0.28521299362182617,0.5586016774177551,0.5731784701347351,0.21078379452228546,-0.21290013194084167,0.3852653205394745,0.5577977299690247,0.3476635813713074,0.7354031205177307,-0.697905957698822
5905.0,118.09900000000002,26.352158218151192,271.99306928058047,386.5459883676888,568515.1509169865,26.351975000000014,271.8685690000001,386.5459900000001,568610.779484,-0.0061072389533932,-9.59001564378656,5.8083888491618216e-05,19200.000000000007,-0.0001832181511827,0.0002995231382533,1.6324315354293584e-06,0.0,-0.0031700770527074,2.375233599191019,-9.609863555812709,3.8496470458195553,0.0021933742428755,-3.18155505455585,19200.17148536517,-8.618423751544244,0.002,3.446413674408128,-1.7329291239203408,-1.0362606970764907,6.0,10.0,180.0,0.5209947373236548,-4.535150431610165,-0.0805624115236807,-3.304320926755125,-654.6261876362253,-373.3290842161995,167.23546292606022,753.5984350235453,577.6500000000001,0.5209947373236548,0.650938868522644,0.5549095869064331,0.6103091835975647,0.5054354071617126,0.5381049513816833,0.5342324376106262,0.5467791557312012,0.7546621561050415,0.6488858461380005,0.5277388691902161,0.5621576309204102,0.5491790771484375,0.611041784286499,0.6289348602294922,0.6733863949775696,0.604758083820343,-1.666445255279541,0.6109277009963989,0.5602325201034546,0.6148292422294617,0.6521591544151306,0.7800081968307495,0.5696181654930115,0.5879923105239868,0.7279078960418701,0.8087204098701477,0.6490501165390015,0.8123169541358948,0.8336257934570312,0.7141135931015015,0.2081935554742813,0.5474608540534973,0.5537168383598328,0.21883626282215118,-0.27077093720436096,0.36794695258140564,0.5427033305168152,0.32586878538131714,0.6558170914649963,-0.6142069697380066
5906.0,118.11900000000004,26.352059369188986,271.80073050215753,386.54601575370367,568899.1504612024,26.351975000000014,271.6765690000001,386.5459900000001,568994.7794840002,-0.002817928614781,-9.578720697458657,-0.0008559001250566,19200.000000000007,-8.436918896978752e-05,0.000638301776535,-2.575383325911469e-05,0.0,-0.0129511382834902,1.5316808390025094,-9.589588686585987,2.005243287978535,-0.0012265375400261,-2.1317155646157424,19200.06836302772,77.2909409145282,0.002,3.471642571820311,-1.6595363874930324,-1.0460408353490471,6.0,10.0,180.0,0.5278317042276953,-4.5238816327157405,-0.0805569050133068,-3.3028190700486206,-654.6905938181126,-372.6505421080997,167.1707314630301,753.3182175117727,570.3000000000001,0.5278317042276953,0.6497882604598999,0.5592552423477173,0.610065758228302,0.5136078596115112,0.5408676862716675,0.538493275642395,0.5458232760429382,0.7560773491859436,0.6470853090286255,0.5346630811691284,0.5661625862121582,0.5519716739654541,0.6148055791854858,0.6329745054244995,0.6821256279945374,0.6083869934082031,-1.7080678939819336,0.6095654368400574,0.5638830661773682,0.6062139272689819,0.6497695446014404,0.7755208611488342,0.5743545293807983,0.5855286121368408,0.7213199138641357,0.8124863505363464,0.6489179134368896,0.8106129765510559,0.8320561647415161,0.707606315612793,0.23783792555332184,0.5506616830825806,0.5583078861236572,0.21058006584644318,-0.2799081802368164,0.37737905979156494,0.5470516085624695,0.3292272090911865,0.7012398838996887,-0.6604065895080566
5907.0,118.13900000000004,26.35213860087963,271.60871640675634,386.54597472711527,569283.1516718528,26.351975000000014,271.4845690000001,386.5459900000001,569378.7794840002,-0.0054559005094941,-9.5782717660701,0.0005121953052255,19200.000000000007,-0.0001636008796183,0.0006522926481764,1.5272906093434277e-05,0.0,0.0024484070833438,-1.2189393424153596,-9.610593822898078,-2.623671888389634,-0.0007222173022966,-1.0377788290443113,19200.135592236395,-77.17987076550705,0.002,3.4451536920489927,-1.6407350779715788,-1.0208933900777328,6.0,10.0,180.0,0.545908188793863,-4.551658426500027,-0.0795806802639609,-3.297681102560061,-654.6657969090563,-373.1767710540498,167.22636573151505,753.5571087558864,570.3000000000001,0.545908188793863,0.6520306468009949,0.5698577165603638,0.6184237003326416,0.5286802053451538,0.549906849861145,0.5538201928138733,0.5434056520462036,0.7659728527069092,0.6489177942276001,0.5465930700302124,0.5760272145271301,0.5594806671142578,0.625551700592041,0.6454845666885376,0.7293933629989624,0.6266634464263916,-1.4896118640899658,0.5871230959892273,0.5752741098403931,0.5967525243759155,0.6459812521934509,0.7786633372306824,0.5912838578224182,0.5824368596076965,0.7271504402160645,0.8301790356636047,0.650956392288208,0.8062166571617126,0.8413223624229431,0.7065151333808899,0.283733606338501,0.5546225905418396,0.5659500360488892,0.19914279878139496,-0.23900321125984192,0.3901691138744354,0.5542290210723877,0.3392896056175232,0.761265218257904,-0.715507984161377
5908.0,118.15900000000003,26.35197448217885,271.4170085759831,386.545995181994,569667.1514625169,26.351975000000014,271.29256900000007,386.5459900000001,569762.7794840002,1.3730457333175142e-05,-9.587993885588851,-0.0001699278289311,19200.000000000007,5.178211610154743e-07,0.0003601168234229,-5.181725304773834e-06,0.0,-0.0029264894041006,3.3507173698321737,-9.567389722246643,-3.6624133881781367,-0.0036731936221954,-0.6750093211242113,19200.0149288854,21.44283195925789,0.002,3.407786004686679,-1.7030591708820932,-1.0373120511409486,6.0,10.0,180.0,0.5351799517876825,-4.523396452164156,-0.0761727331308035,-3.30276246640748,-654.2608984545282,-372.5593855270249,167.07268286575754,752.8995543779431,570.3000000000001,0.5351799517876825,0.6520673036575317,0.5398255586624146,0.5922119617462158,0.5038291811943054,0.5176026821136475,0.5233094692230225,0.5176233649253845,0.7384975552558899,0.6220012903213501,0.516487717628479,0.5485682487487793,0.5353606343269348,0.5996564626693726,0.6188757419586182,0.714453935623169,0.6000016927719116,-1.5950173139572144,0.5479453802108765,0.5467337369918823,0.5661308765411377,0.6344760060310364,0.7514026165008545,0.5744542479515076,0.5784991979598999,0.7135828137397766,0.8124348521232605,0.645340085029602,0.8006972074508667,0.8221701383590698,0.6987704634666443,0.2302866131067276,0.5391452312469482,0.5413903594017029,0.1736748218536377,-0.2759898602962494,0.3859556317329407,0.5348802208900452,0.313232958316803,0.7553645968437195,-0.6707226037979126
5909.0,118.17900000000004,26.35196591597764,271.2253546617165,386.5460125429905,570051.1546122446,26.351975000000014,271.10056900000006,386.5459900000001,570146.7794840002,0.0003021224183815,-9.599530172135925,-0.0007547355208926,19200.000000000007,9.084022372336673e-06,1.423414113403968e-05,-2.254319319624491e-05,0.0,-0.0014860533063245,2.2065174265202314,-9.576910653261695,-1.2262040079660153,-0.0026992831858772,1.1000860125795886,19200.153205951905,-42.9687885906792,0.002,3.3228365313101627,-1.6551922081843735,-1.0390280007109234,6.0,10.0,180.0,0.5366591255917982,-4.5347382708893536,-0.0795960496671337,-3.2766125705529374,-654.1394492272641,-372.45269276351246,167.03584143287878,752.7412771889715,577.7250000000001,0.5366591255917982,0.6517236232757568,0.5493640303611755,0.6033865809440613,0.5121809840202332,0.5266598463058472,0.5272588729858398,0.5264884233474731,0.7493424415588379,0.6380420923233032,0.5249187350273132,0.5560019016265869,0.5447412729263306,0.6077523827552795,0.6276862025260925,0.7250316739082336,0.6088156700134277,-1.5390584468841553,0.5702308416366577,0.5561292171478271,0.5816713571548462,0.6428648829460144,0.7707739472389221,0.576882541179657,0.5786458253860474,0.725340723991394,0.816119372844696,0.6449577212333679,0.803891658782959,0.8274617195129395,0.7057944536209106,0.2650970220565796,0.5447959899902344,0.5517829060554504,0.1860118955373764,-0.2591260075569153,0.37807920575141907,0.5388230085372925,0.3207052946090698,0.7219457030296326,-0.6651742458343506
5910.0,118.19900000000004,26.3518653327203,271.0334970986124,386.5459677480764,570435.152591163,26.351975000000014,270.90856900000006,386.5459900000001,570530.7794840003,0.0036511637389427,-9.60428361685148,0.0007434310742941,19200.000000000007,0.0001096672797048,-0.0001282940465749,2.2250606016919093e-05,0.0,0.0034043959234148,0.2423456072590706,-9.631345746204012,-7.93224428104291,-0.0065777160726472,-1.5185354248153633,19199.89666967876,-55.83113164676056,0.002,3.360335123444587,-1.7115255820935278,-1.0146089676600512,6.0,10.0,180.0,0.5229676020979273,-4.526857389550451,-0.079098640496042,-3.288940553841193,-654.611224613632,-373.44684638175625,167.2464207164394,753.6436385944858,577.7250000000001,0.5229676020979273,0.6577000617980957,0.5550501346588135,0.6084976196289062,0.5183301568031311,0.5332610607147217,0.5465747117996216,0.5182957053184509,0.7530791163444519,0.6283175349235535,0.5291188955307007,0.5626612305641174,0.546607494354248,0.6141364574432373,0.6352608799934387,0.7674604654312134,0.6238417625427246,-1.1676141023635864,0.5222483277320862,0.5624232888221741,0.569560170173645,0.633680522441864,0.7648581862449646,0.5942591428756714,0.579820454120636,0.7284431457519531,0.8334115147590637,0.6507415175437927,0.7989214658737183,0.8387578725814819,0.7064847350120544,0.24353016912937164,0.5452272295951843,0.549766480922699,0.1744527667760849,-0.2007547914981842,0.39750197529792786,0.5450338125228882,0.32887566089630127,0.7902451157569885,-0.6848440170288086
5911.0,118.219,26.351853419992302,270.8409872847881,386.5460003073281,570819.1539214365,26.351975000000014,270.71656900000005,386.5459900000001,570914.7794840002,0.0040522086154584,-9.587287536799048,-0.0003333494666638,19200.000000000007,0.0001215800077077,0.0003814200241999,-1.0308436269189344e-05,0.0,0.0154231336010996,0.4876780206598147,-9.590099331708732,4.150762382331367,-0.0029275723473614,1.393817330904717,19200.29164510109,8.59679001921206,0.002,3.390661477939719,-1.7625641316477698,-1.0228383147019038,6.0,10.0,180.0,0.5102582012914637,-4.57662345625041,-0.077143381335501,-3.286393227827798,-654.137612306816,-373.6869231908781,167.1777103582197,753.3518192972429,577.7250000000001,0.5102582012914637,0.6479538679122925,0.5633869767189026,0.6164175868034363,0.5201483368873596,0.54346764087677,0.5353435277938843,0.5473054647445679,0.7650997042655945,0.6602331399917603,0.5405229926109314,0.5684266090393066,0.5572794675827026,0.6190305948257446,0.6382547616958618,0.6972854137420654,0.6145395040512085,-1.6364883184432983,0.6272011995315552,0.5691050291061401,0.6131726503372192,0.6518520712852478,0.7910367846488953,0.5729535222053528,0.5828782320022583,0.7297596335411072,0.8151071667671204,0.6462326049804688,0.8103157877922058,0.8363069891929626,0.7119483351707458,0.23003901541233063,0.5517889261245728,0.5660721659660339,0.21298100054264069,-0.28040197491645813,0.3648974299430847,0.5457017421722412,0.3305070400238037,0.6719952821731567,-0.6768321990966797
5912.0,118.23900000000005,26.352022168443728,270.64967307628183,386.54600595022566,571203.1571864209,26.351975000000014,270.52456900000004,386.5459900000001,571298.7794840003,-0.0015709844075949,-9.610121755119408,-0.0005299196991104,19200.000000000007,-4.716844371930741e-05,-0.0003042769499231,-1.584956652438356e-05,0.0,0.005624612018209,-2.379665083901492,-9.602775243026947,-5.919574086700731,-0.0027017145656504,-0.4877377175012223,19199.80969863896,-60.01529858423925,0.002,3.412334670134722,-1.7091831814987029,-1.037529097792189,6.0,10.0,180.0,0.5224629717059653,-4.481525414161515,-0.0800930313483575,-3.2628360557365745,-654.2398061534079,-373.6799615954391,167.19735517910988,753.4364096486214,577.7250000000001,0.5224629717059653,0.6555578708648682,0.5713804960250854,0.6230360269546509,0.5329988598823547,0.5504134893417358,0.558632493019104,0.5351248383522034,0.7683945894241333,0.6464575529098511,0.545904815196991,0.5784826278686523,0.5615791082382202,0.6293784976005554,0.65113765001297,0.7724992632865906,0.6382591724395752,-1.2149420976638794,0.5569912195205688,0.5792617797851562,0.589001476764679,0.6424719095230103,0.7827184796333313,0.5997848510742188,0.5800031423568726,0.7352886199951172,0.8402519822120667,0.6517883539199829,0.8016191720962524,0.8475751876831055,0.7096999883651733,0.29024600982666016,0.5546284317970276,0.566778302192688,0.19010064005851746,-0.1927318572998047,0.3955482840538025,0.5552486777305603,0.34414833784103394,0.7847593426704407,-0.715578556060791
5913.0,118.25900000000004,26.352028345696,270.4571759499819,386.545954046713,571587.1553951306,26.351975000000014,270.3325690000001,386.5459900000001,571682.7794840002,-0.0017756105419198,-9.593569853457472,0.0011633291298998,19200.000000000007,-5.334569599191624e-05,0.0001929479330276,3.595476333500309e-05,0.0,0.0063313701001964,-2.012937097539992,-9.6320671746491,3.899998511775,-0.0075748483333173,0.8000336247996263,19199.91194356475,4.289007611886257,0.002,3.3882573942174585,-1.680475087491317,-1.026762606336149,6.0,10.0,180.0,0.5243823260655736,-4.519095856989948,-0.0805962067401875,-3.2694798052228884,-654.612903076704,-374.1719807977195,167.33017758955492,754.0047048243107,577.7250000000001,0.5243823260655736,0.6492648720741272,0.5791916251182556,0.6314407587051392,0.5343652367591858,0.5619983673095703,0.5547168850898743,0.5602880716323853,0.7803127765655518,0.6744763255119324,0.5576086640357971,0.5838079452514648,0.5704788565635681,0.6333546042442322,0.6530764102935791,0.7099235653877258,0.629896879196167,-1.5771490335464478,0.6418213844299316,0.5848612189292908,0.6296077966690063,0.65691739320755,0.8039557337760925,0.5831601619720459,0.5851207971572876,0.7373976111412048,0.8269032835960388,0.6503149271011353,0.8129967451095581,0.8453107476234436,0.7162219882011414,0.2591742277145386,0.5605614185333252,0.5788034796714783,0.2257436066865921,-0.2528953552246094,0.3701868951320648,0.5571608543395996,0.34551680088043213,0.6838448643684387,-0.6990792751312256
5914.0,118.27900000000008,26.35201598719063,270.26539232763884,386.54595502387167,571971.1559329855,26.351975000000014,270.140569,386.5459900000001,572066.7794840002,-0.0013605131778093,-9.600788556090114,0.0011628412479886,19200.000000000007,-4.098719061875388e-05,-2.35280589548555e-05,3.497667226493466e-05,0.0,-0.0066021274187128,-2.695276748379378,-9.581042362320405,-0.905805881571823,0.000750476490239,2.500291874504288,19199.77585751924,-55.87621672663757,0.002,3.3724700110438093,-1.7370156008550357,-1.0186800503243585,6.0,10.0,180.0,0.5307269575008522,-4.546254794946371,-0.0781388557569279,-3.277123763570318,-654.464451538352,-373.1534903988597,167.18258879477747,753.3708524121553,577.7250000000001,0.5307269575008522,0.6514864563941956,0.5800961256027222,0.6297276020050049,0.5414608120918274,0.5578991174697876,0.5559195876121521,0.5486109852790833,0.7769916653633118,0.6636474132537842,0.5568986535072327,0.5841887593269348,0.5703016519546509,0.6350710391998291,0.6564983129501343,0.7547006607055664,0.6381932497024536,-1.4482812881469727,0.6064298152923584,0.5860757827758789,0.6074341535568237,0.6501163840293884,0.7980651259422302,0.5931746363639832,0.5791999101638794,0.738465428352356,0.8354875445365906,0.649198055267334,0.8074209690093994,0.8445216417312622,0.7109954953193665,0.3210524320602417,0.5615803599357605,0.5795689225196838,0.20479203760623932,-0.2282947599887848,0.3838028013706207,0.5586905479431152,0.3484382629394531,0.7463118433952332,-0.7298267483711243
5915.0,118.29900000000004,26.35196575272346,270.0733416782276,386.54600593700377,572355.1572679883,26.351975000000014,269.9485690000001,386.5459900000001,572450.7794840003,0.0003046482197423,-9.599094033357408,-0.0005302093621173,19200.000000000007,9.247276553615034e-06,2.7220757056755057e-05,-1.5937245682722874e-05,0.0,-0.002664820459602,-1.5812290040914,-9.5910794640065,6.044941602729066,0.0012000107605179,1.5813607912563623,19200.0513969935,42.92899404942328,0.002,3.3774830571216343,-1.7485362820111574,-1.0333216548694564,6.0,10.0,180.0,0.5253974915782187,-4.573588196487492,-0.0800617370110557,-3.25408001085165,-654.427725769176,-372.9392451994299,167.15029439738873,753.2324262060777,577.7250000000001,0.5253974915782187,0.6474355459213257,0.5785907506942749,0.6314902901649475,0.5347313284873962,0.5617309808731079,0.5498627424240112,0.5612948536872864,0.7793329954147339,0.6782879829406738,0.5572136044502258,0.5840422511100769,0.572105884552002,0.6334612369537354,0.6529155373573303,0.6997004151344299,0.6273040175437927,-1.632481575012207,0.6579824686050415,0.5851547122001648,0.6354482769966125,0.6557491421699524,0.8053436279296875,0.5775988698005676,0.5850124359130859,0.7356598377227783,0.8216093182563782,0.648705780506134,0.8136062622070312,0.8445649147033691,0.7163830399513245,0.23189516365528107,0.5628817081451416,0.5819761157035828,0.23136453330516815,-0.2619626224040985,0.3661598861217499,0.5574778318405151,0.3460730314254761,0.6648983359336853,-0.6904208660125732
5916.0,118.31900000000005,26.351942225165622,269.8817023498744,386.54599699652334,572739.1584683632,26.351975000000014,269.75656900000007,386.5459900000001,572834.7794840002,0.0011211405972471,-9.61111500654056,-0.0002337732579509,19200.000000000007,3.277483438277619e-05,-0.0003334529327901,-6.996638607900907e-06,0.0,-0.0036746286204171,0.556848710479293,-9.61426658715678,-4.462971118527657,0.0022294284879919,0.3685514989778955,19199.947416341067,25.807248554078665,0.002,3.393184242344817,-1.7708761233739096,-1.0235994434022757,6.0,10.0,180.0,0.522463505353089,-4.480456072854615,-0.0810295028640355,-3.2571822736361904,-654.695862884588,-373.1726225997149,167.23164719869436,753.5812131030389,577.7250000000001,0.522463505353089,0.6548027396202087,0.5576080083847046,0.6101087331771851,0.5207626819610596,0.5348027348518372,0.541438102722168,0.5264274477958679,0.7560256123542786,0.6374466419219971,0.5331472158432007,0.5633941292762756,0.549636960029602,0.6149860620498657,0.6356824040412903,0.7512659430503845,0.620499312877655,-1.3551290035247803,0.5531681776046753,0.5637328624725342,0.5791892409324646,0.6405155062675476,0.7723597884178162,0.5885520577430725,0.5790871381759644,0.7299546599388123,0.8279775977134705,0.648425281047821,0.8030216693878174,0.8363441228866577,0.7068243622779846,0.2810096740722656,0.5479030013084412,0.5554490685462952,0.1824815273284912,-0.23161333799362183,0.3882558345794678,0.5449385046958923,0.3287065029144287,0.7604595422744751,-0.6887737512588501
5917.0,118.33900000000004,26.35198138689452,269.6894191685756,386.5459882044538,573123.1557758526,26.351975000000014,269.56456900000006,386.5459900000001,573218.7794840003,-0.0002146631052789,-9.601679014169395,6.118274573067651e-05,19200.000000000007,-6.386894513962834e-06,-5.0271385930716665e-05,1.7955838203570193e-06,0.0,-0.0053808763360102,-0.4312887177584496,-9.607922095113066,1.5239177568332063,0.004627464587754,1.8381973973025825,19200.083901024344,103.0239518737714,0.002,3.405291315513289,-1.805965381853518,-1.0271722453843914,6.0,10.0,180.0,0.5239024548860345,-4.514215808960408,-0.0825152118875281,-3.267382665352017,-654.789431442294,-373.1273112998575,167.24582359934718,753.6401065515195,577.7250000000001,0.5239024548860345,0.6505962610244751,0.5703284740447998,0.6212055683135986,0.5292558670043945,0.5485768914222717,0.5445491671562195,0.5473843812942505,0.7689609527587891,0.6603831052780151,0.5472382307052612,0.5736642479896545,0.5615981221199036,0.6243648529052734,0.6443641185760498,0.7233041524887085,0.6231299042701721,-1.5601303577423096,0.6133397221565247,0.5746893286705017,0.6081633567810059,0.6516536474227905,0.7928154468536377,0.58284991979599,0.58193439245224,0.7342835068702698,0.8241430521011353,0.6477826833724976,0.809946596622467,0.839598536491394,0.7117135524749756,0.28786468505859375,0.5561623573303223,0.5703760981559753,0.20753084123134613,-0.25938132405281067,0.3748752772808075,0.5511072278022766,0.3368913531303406,0.7077311873435974,-0.6956804394721985
5918.0,118.35900000000004,26.3519884693916,269.49702917676507,386.5459883617639,573507.1587221536,26.351975000000014,269.37256900000006,386.5459900000001,573602.7794840003,-0.0004453977635988,-9.588681245312896,5.901639864381971e-05,19200.000000000007,-1.3469391587495644e-05,0.0003395218693727,1.638255332946518e-06,0.0,-0.0039018715158694,-0.1877846363381082,-9.635731627785924,5.187782980897132,0.0082939024565857,0.6630224444145293,19199.946638576985,-77.28037791755794,0.002,3.4531413208086947,-1.7470716675189453,-1.0446065348912288,6.0,10.0,180.0,0.5224600318843599,-4.575678105963624,-0.0825310633659558,-3.26684270681125,-655.1277157211471,-373.6051556499288,167.36941179967357,754.1705532757597,577.7250000000001,0.5224600318843599,0.6490823030471802,0.5737175941467285,0.6247338652610779,0.5269339680671692,0.5542272329330444,0.5459693670272827,0.5569015741348267,0.7729982137680054,0.6692551374435425,0.5503918528556824,0.5759461522102356,0.5641368627548218,0.6254624128341675,0.6442558765411377,0.6924970149993896,0.6192387342453003,-1.636547565460205,0.6429636478424072,0.576361894607544,0.6270979642868042,0.6553688645362854,0.7979987859725952,0.5765812993049622,0.5867146253585815,0.7347643375396729,0.8186307549476624,0.6489949226379395,0.814521312713623,0.842320442199707,0.7162560820579529,0.24209918081760406,0.5577641725540161,0.5726479887962341,0.225230410695076,-0.2771282196044922,0.36591091752052307,0.5522072911262512,0.33783793449401855,0.6641566157341003,-0.6754287481307983
5919.0,118.37900000000003,26.35201261808984,269.3053218818867,386.54599712586736,573891.1559588143,26.351975000000014,269.1805690000001,386.5459900000001,573986.7794840002,-0.0012572670199454,-9.598461280327404,-0.0002716098979883,19200.000000000007,-3.761808982031519e-05,4.681809008812272e-05,-7.125835368967476e-06,0.0,-0.0002434116367282,0.9247340411185276,-9.54709145094076,0.0077546581299163,0.0053698970855566,-1.588405155108442,19200.03343118176,72.901429558046,0.002,3.449779865355112,-1.7092521799299685,-1.0425436468869564,6.0,10.0,180.0,0.5263882100644867,-4.512107614323295,-0.0839810653986887,-3.277641272606624,-654.2053578605735,-372.5380778249644,167.05870589983678,752.8412766378799,570.3000000000001,0.5263882100644867,0.6498568654060364,0.5576826333999634,0.6088399887084961,0.5154224038124084,0.5386277437210083,0.5380397439002991,0.5410335659980774,0.7545414566993713,0.6450862288475037,0.5331791639328003,0.5665805339813232,0.5516714453697205,0.6159312725067139,0.634909987449646,0.7008115649223328,0.612913966178894,-1.6424394845962524,0.5948511362075806,0.5647725462913513,0.5969910621643066,0.6463443636894226,0.7717239260673523,0.5777748823165894,0.5821672081947327,0.7202435731887817,0.8162756562232971,0.6481087803840637,0.8069347143173218,0.8309754729270935,0.704602062702179,0.23760785162448883,0.5498616695404053,0.5585467219352722,0.201606884598732,-0.2671506404876709,0.38177669048309326,0.5469136834144592,0.3305951952934265,0.7261378169059753,-0.6770498156547546
5920.0,118.39900000000004,26.35200976997652,269.113383547276,386.5459961150899,574275.1545457807,26.351975000000014,268.98856900000004,386.5459900000001,574370.7794840002,-0.0011544057447523,-9.6004964513239,-0.0002074908994224,19200.000000000007,-3.476997650859656e-05,-1.474650922895476e-05,-6.115145274615189e-06,0.0,-0.0070707286967797,0.963146671801648,-9.5947452243963,6.163508869101432,0.0063575245227102,-2.132106339844792,19200.034460925814,8.568887377761751,0.002,3.406863291740282,-1.7071367929473682,-1.0220855976963568,6.0,10.0,180.0,0.5322456881347513,-4.519014747306999,-0.0810369143203405,-3.2981760225594483,-654.4256789302867,-372.54003891248215,167.1038529499184,753.0336383189399,570.3000000000001,0.5322456881347513,0.6468577980995178,0.5668226480484009,0.6170343160629272,0.516818642616272,0.5498933792114258,0.5409632921218872,0.55483078956604,0.7638633251190186,0.6568650603294373,0.5420686602592468,0.5723304152488708,0.5588161945343018,0.6201141476631165,0.6374922394752502,0.6574846506118774,0.6089900732040405,-1.7733832597732544,0.6481571793556213,0.570261538028717,0.6278680562973022,0.6534236073493958,0.7876284718513489,0.5685670971870422,0.5887277126312256,0.7263384461402893,0.8087251782417297,0.6492711901664734,0.8142478466033936,0.8368552923202515,0.7116820812225342,0.19624890387058258,0.5548977255821228,0.5661465525627136,0.22971521317958832,-0.2894037365913391,0.3677618205547333,0.5504127144813538,0.3337836265563965,0.6584492325782776,-0.6557397842407227
5921.0,118.41900000000004,26.351992127656224,268.92165260440527,386.5460095908082,574659.1555325573,26.351975000000014,268.7965690000001,386.5459900000001,574754.7794840002,-0.0005704105770364,-9.609460126646791,-0.0006555334663009,19200.000000000007,-1.712765621411645e-05,-0.0002837058021395,-1.959106447680989e-05,0.0,-0.0009853698116451,0.8005352470340904,-9.579117500461306,-4.700691985981048,0.0024368713888052,-3.5436642067458,19200.239582321705,73.05852497817742,0.002,3.409986730097281,-1.7249321131188975,-1.036622279872789,6.0,10.0,180.0,0.5346836546284319,-4.484023460513811,-0.0805653040199503,-3.2874141075008803,-654.2368394651434,-372.4955194562411,167.0604264749592,752.8473191594699,577.7250000000001,0.5346836546284319,0.656091570854187,0.5541588068008423,0.6092932820320129,0.5122608542442322,0.5352910757064819,0.5437563061714172,0.5282136797904968,0.7509744167327881,0.6348447799682617,0.525223970413208,0.5645020604133606,0.548088788986206,0.614553689956665,0.634725034236908,0.738699197769165,0.6198890209197998,-1.3387892246246338,0.5449289083480835,0.5629777908325195,0.5849723219871521,0.6403268575668335,0.7666998505592346,0.588082492351532,0.5821219682693481,0.7280920743942261,0.8258281946182251,0.6507067084312439,0.8022095561027527,0.8372921943664551,0.7081153392791748,0.23584116995334625,0.546771764755249,0.5508022904396057,0.19112052023410797,-0.20271766185760498,0.392080694437027,0.5460349917411804,0.33143097162246704,0.7508390545845032,-0.6460379362106323
5922.0,118.43900000000004,26.351919111503594,268.72943195031297,386.5460125628844,575043.1592295738,26.351975000000014,268.6045690000001,386.5459900000001,575138.7794840002,0.0018647382886903,-9.60211161767896,-0.0007487639087916,19200.000000000007,5.5888496417025485e-05,-6.345442256196653e-05,-2.256253838650589e-05,0.0,0.0029203781225083,2.618155776392329,-9.615228882816185,0.0056104589443066,-0.0060761653418132,-1.886743815109617,19200.255006600142,-68.63114890135255,0.002,3.35187547968924,-1.7200961807999282,-1.0173494250928936,6.0,10.0,180.0,0.526852298566769,-4.546533393689226,-0.0835139657316777,-3.2586790259167904,-654.4824197325717,-373.1892597281205,167.1902132374796,753.4041595797349,577.7250000000001,0.526852298566769,0.6526885628700256,0.5487020015716553,0.6040406227111816,0.5051970481872559,0.5293506383895874,0.5307841897010803,0.533528745174408,0.7492073774337769,0.6400130987167358,0.5226423144340515,0.556110680103302,0.5433621406555176,0.6064738035202026,0.6253270506858826,0.7016146183013916,0.6051687598228455,-1.5691620111465454,0.5764269232749939,0.5548628568649292,0.5924431681632996,0.6465620398521423,0.7706795334815979,0.5748214721679688,0.5834381580352783,0.7252252101898193,0.8132654428482056,0.6476140022277832,0.806824803352356,0.8296939134597778,0.7095155119895935,0.24006380140781403,0.5433094501495361,0.547812819480896,0.1978631466627121,-0.2583938539028168,0.37550216913223267,0.5388448238372803,0.3203039765357971,0.6965230107307434,-0.633510947227478
5923.0,118.45900000000005,26.351954260147306,268.53757383154004,386.5460019175311,575427.1577228376,26.351975000000014,268.41256900000013,386.5459900000001,575522.7794840002,0.0006946269042779,-9.606856950249131,-0.0003955185680275,19200.000000000007,2.073985271089796e-05,-0.0002050312538965,-1.1916317280853612e-05,0.0,-0.0119423023576845,0.0625879002883387,-9.559313820279677,-3.551059866194572,-0.0044118473732803,-0.9188470670691404,19199.79189761807,12.81133594174636,0.002,3.414110979831879,-1.7794705546673215,-1.0260306481943111,6.0,10.0,180.0,0.530262606372178,-4.504432519987311,-0.0805760276576225,-3.27045670063632,-654.2517098662859,-372.1281298640602,167.0211066187398,752.6790797898675,577.7250000000001,0.530262606372178,0.6544457674026489,0.5605252981185913,0.6139687299728394,0.5213521122932434,0.5398019552230835,0.5441051125526428,0.5324073433876038,0.7568888068199158,0.642181396484375,0.5333962440490723,0.5691491365432739,0.554308295249939,0.6197323203086853,0.6404988765716553,0.7465353608131409,0.6242396831512451,-1.392530083656311,0.5625027418136597,0.5687706470489502,0.5885357856750488,0.6427692770957947,0.7750752568244934,0.5884645581245422,0.5796955823898315,0.7307319641113281,0.8272090554237366,0.6491174697875977,0.8032773733139038,0.8376800417900085,0.707746148109436,0.2715200185775757,0.5516425967216492,0.5596955418586731,0.1924123764038086,-0.21426993608474731,0.3900943398475647,0.5492975115776062,0.33573710918426514,0.7527732253074646,-0.6712245345115662
5924.0,118.479,26.351920858342183,268.34559097422743,386.54600010505067,575811.1571546994,26.351975000000014,268.22056900000007,386.5459900000001,575906.7794840003,0.0018048001354888,-9.607407743163147,-0.0003363643894476,19200.000000000007,5.414165782248357e-05,-0.0002222671174992,-1.0104956639410473e-05,0.0,0.0202513300711851,1.956807056793186,-9.628663919490942,-0.8440003984024038,-0.0046563063809492,2.1996373316101625,19200.033667826432,-60.13344909597896,0.002,3.446564451103457,-1.779854449780214,-1.0263898363737047,6.0,10.0,180.0,0.516108948562087,-4.499985630496687,-0.0825173531786014,-3.2863915138571045,-654.3093549331429,-373.81556493203016,167.2275533093699,753.5655398949337,577.7250000000001,0.516108948562087,0.6508287191390991,0.5501145124435425,0.6034446358680725,0.5134487152099609,0.5268335342407227,0.5273972749710083,0.527253270149231,0.7531754970550537,0.6397122144699097,0.5285244584083557,0.5545295476913452,0.543944239616394,0.6069326996803284,0.6267414093017578,0.7231998443603516,0.6080067157745361,-1.532728672027588,0.5756190419197083,0.5555222034454346,0.5810341238975525,0.6440535187721252,0.7737056612968445,0.5767582058906555,0.5788476467132568,0.7258297204971313,0.8174283504486084,0.6446201205253601,0.8052076697349548,0.8287315368652344,0.7063664197921753,0.27056968212127686,0.5427125692367554,0.5515401363372803,0.18386583030223846,-0.2751145362854004,0.3731471598148346,0.5366578102111816,0.317085862159729,0.7166562080383301,-0.6857595443725586
5925.0,118.49900000000004,26.351975707275493,268.1538163184448,386.54598834452753,576195.1567044443,26.351975000000014,268.02856900000006,386.5459900000001,576290.7794840002,-1.9895570100503767e-05,-9.614918904549052,2.10797402615458e-05,19200.000000000007,-7.07275487961417e-07,-0.000447614049762,1.7536712638516343e-06,0.0,0.0009978383052456,2.1373764880810007,-9.57813809267689,-3.4873871500866707,-0.0031754664630933,-0.1125097891785555,19200.05128304712,-12.88226353954904,0.002,3.431243378632336,-1.7271891400641686,-1.0423058452399487,6.0,10.0,180.0,0.525379859524483,-4.450105104300655,-0.0825157077066655,-3.2859084590977874,-654.1301774665715,-373.1867824660151,167.11877665468495,753.0977699474669,577.7250000000001,0.525379859524483,0.6535171866416931,0.5463657379150391,0.6012718081474304,0.509394109249115,0.5242732763290405,0.529220700263977,0.5211604833602905,0.7464420795440674,0.6310721039772034,0.5213192701339722,0.5545200705528259,0.5417300462722778,0.6062806844711304,0.6264930367469788,0.7347791790962219,0.610023558139801,-1.4357097148895264,0.5494566559791565,0.5541777610778809,0.5745651125907898,0.6387735605239868,0.7643415927886963,0.5799933075904846,0.5783167481422424,0.7245226502418518,0.8191573023796082,0.6462827324867249,0.801794171333313,0.8281333446502686,0.70479816198349,0.24875511229038239,0.5420732498168945,0.5472724437713623,0.17956724762916565,-0.24809476733207703,0.38313028216362,0.5378484129905701,0.3201322555541992,0.7423337697982788,-0.6637657880783081
5926.0,118.51900000000003,26.352084872274435,267.9615535106825,386.5459661309939,576579.15673285,26.351975000000014,267.83656900000005,386.5459900000001,576674.7794840002,-0.0036644466251141,-9.606159233997325,0.0008019815155187,19200.000000000007,-0.0001098722744272,-0.0001848130689918,2.3967762335015e-05,0.0,0.0065552563552932,-2.993972059988375,-9.626679005749072,0.919325161278164,0.0004767996987553,0.2935870173586323,19200.01665239153,-30.008015772479524,0.002,3.37569377960901,-1.6408130386077415,-1.0407366417171762,6.0,10.0,180.0,0.5376004436476556,-4.539466486588733,-0.0800733522366021,-3.290503222856632,-654.4915887332857,-373.8453912330076,167.26788832734246,753.7373849737335,577.7250000000001,0.5376004436476556,0.6512670516967773,0.5826127529144287,0.6337587833404541,0.5387950539588928,0.5643646717071533,0.5617043972015381,0.5574878454208374,0.7813885807991028,0.6705840229988098,0.5593647956848145,0.5874670743942261,0.5723495483398438,0.6371352672576904,0.6576404571533203,0.7334225177764893,0.6378835439682007,-1.4869669675827026,0.6219383478164673,0.5886554718017578,0.6224085092544556,0.6549752354621887,0.8031566143035889,0.5922008752822876,0.5834898948669434,0.740405261516571,0.8349799513816833,0.6517114043235779,0.8105539679527283,0.8468226194381714,0.7149139046669006,0.2957627773284912,0.5618183612823486,0.5798251032829285,0.21916373074054718,-0.2225266993045807,0.3795463740825653,0.5603544116020203,0.35033708810806274,0.7173666954040527,-0.711957573890686
5927.0,118.53900000000006,26.351987222273618,267.7695488053522,386.545963071835,576963.157258597,26.351975000000014,267.64456900000005,386.5459900000001,577058.7794840002,-0.0004075318278902,-9.606003382935455,0.0009009473031,19200.000000000007,-1.222227360765747e-05,-0.000180006320008,2.6929071522537712e-05,0.0,0.0083239927095859,0.3692835629716551,-9.619380759153175,-5.675568944580493,-0.0050955149321934,-1.094039545645971,19199.895145614173,-55.71722680421574,0.002,3.305926465527294,-1.7391983169050935,-1.0185013417545918,6.0,10.0,180.0,0.5317698045621854,-4.504439774478992,-0.0791045765568769,-3.2889594476757247,-654.5547943666429,-374.11869561650377,167.31194416367123,753.9276924868668,577.7250000000001,0.5317698045621854,0.6557618379592896,0.555161714553833,0.6089566349983215,0.5170962810516357,0.5340229272842407,0.543446958065033,0.5240041017532349,0.7547037601470947,0.6335305571556091,0.5302450060844421,0.5627988576889038,0.5474860668182373,0.6141602993011475,0.6349067687988281,0.7526551485061646,0.6212149858474731,-1.271807312965393,0.5413588881492615,0.5626189708709717,0.5769748687744141,0.6383023858070374,0.7683022022247314,0.5902866721153259,0.5800848007202148,0.7286239862442017,0.8296796679496765,0.6497715711593628,0.8016231656074524,0.8375213742256165,0.7070891261100769,0.25377118587493896,0.5451911687850952,0.5516983866691589,0.1808498054742813,-0.22385579347610474,0.3902739882469177,0.5440611243247986,0.3282774090766907,0.7678437829017639,-0.6840168237686157
5928.0,118.55900000000004,26.351875040397697,267.57734469401595,386.5459883470882,577347.157739912,26.351975000000014,267.4525690000001,386.5459900000001,577442.7794840003,0.003331818181074,-9.599199201718031,5.89716263099636e-05,19200.000000000007,9.995960231132746e-05,2.4009396446924825e-05,1.6541735632494875e-06,0.0,-0.0112322488962422,-2.6254004293797326,-9.58818279597272,5.850955567340241,-0.0036692130529038,0.7251815460577085,19199.99760587526,12.83732165270228,0.002,3.343571913157964,-1.809770202962576,-1.0293917292560777,6.0,10.0,180.0,0.5229646031306342,-4.503999351666147,-0.077659871978465,-3.274591324266969,-654.6058971833215,-373.0823478082519,167.2029720818356,753.4583462434334,577.7250000000001,0.5229646031306342,0.6482552886009216,0.5835483074188232,0.6378647089004517,0.5396150946617126,0.5697511434555054,0.5582396984100342,0.567053496837616,0.7843413949012756,0.6840168237686157,0.5630859136581421,0.5912702679634094,0.5778914093971252,0.6399242877960205,0.6596463322639465,0.7043939828872681,0.6341848373413086,-1.6089973449707031,0.6628124713897705,0.5921302437782288,0.6435654163360596,0.65802401304245,0.8093826174736023,0.5819206833839417,0.5860952734947205,0.7384591102600098,0.826147735118866,0.6509063243865967,0.8146915435791016,0.8477980494499207,0.7182705402374268,0.2363295704126358,0.5668967366218567,0.587225615978241,0.2381768375635147,-0.24823322892189026,0.36957424879074097,0.5629547238349915,0.3539065718650818,0.6711601614952087,-0.6924704909324646
5929.0,118.57900000000004,26.351887920571915,267.38568177123614,386.54598713956665,577731.1586176452,26.351975000000014,267.2605690000001,386.5459900000001,577826.7794840002,0.0029061542747527,-9.61043557792402,9.520125126905622e-05,19200.000000000007,8.707942809411182e-05,-0.0003130705872648,2.85997612326993e-06,0.0,0.0075500706334353,-1.525739333633057,-9.60718038493274,-2.194582967403816,-0.0046473403664929,1.225364162725305,19199.81070674676,-38.74170206915246,0.002,3.444197934342044,-1.7892076890214343,-1.035180694609761,6.0,10.0,180.0,0.5170824072041088,-4.492221926920461,-0.0791304499883591,-3.2802090427026265,-654.4869485916608,-373.514673904126,167.2284860409178,753.5691731217166,577.7250000000001,0.5170824072041088,0.652617335319519,0.5707039833068848,0.6219189763069153,0.5318995714187622,0.5491706132888794,0.5508269667625427,0.5410674810409546,0.7694038152694702,0.6535284519195557,0.547227144241333,0.5758800506591797,0.5616691708564758,0.6269676089286804,0.6479646563529968,0.7497552633285522,0.6310636401176453,-1.4098799228668213,0.5861746072769165,0.5771034955978394,0.5973090529441833,0.647152841091156,0.7880753874778748,0.5919134616851807,0.5796599388122559,0.7349879741668701,0.8326566219329834,0.6492062211036682,0.8056621551513672,0.8415296673774719,0.7097898125648499,0.30122673511505127,0.555109441280365,0.5690245032310486,0.197297140955925,-0.22860389947891235,0.3844422399997711,0.5527371764183044,0.3398916721343994,0.7471237778663635,-0.712406575679779
5930.0,118.59900000000002,26.352047857798464,267.1933672771327,386.5459548391055,578115.1580855754,26.351975000000014,267.0685690000001,386.5459900000001,578210.7794840003,-0.002430354625532,-9.599950333175247,0.0011703665804579,19200.000000000007,-7.285779845540165e-05,1.4190704004621315e-06,3.515924383336053e-05,0.0,0.0075803059441898,-2.93149785559483,-9.605439949710345,4.155990212824319,0.0029474239678478,2.2630409095815924,19199.79447149598,25.784363048867863,0.002,3.4452911147670764,-1.7216185044199448,-1.040429623301646,6.0,10.0,180.0,0.5229533320885562,-4.52734590513804,-0.0776423575759777,-3.279194591974272,-654.4069742958304,-373.7038369520629,167.2342430204589,753.5935865608583,577.7250000000001,0.5229533320885562,0.6481543779373169,0.5820935368537903,0.6355128288269043,0.5416186451911926,0.5660891532897949,0.5567944049835205,0.5615062117576599,0.7840298414230347,0.6795186400413513,0.5635116696357727,0.5885307788848877,0.5755800008773804,0.6384368538856506,0.6586683988571167,0.7198966145515442,0.635566234588623,-1.5720059871673584,0.6505203247070312,0.5904606580734253,0.6318437457084656,0.6574475169181824,0.8087043166160583,0.584723174571991,0.5833821892738342,0.7378233671188354,0.8298364281654358,0.6495270729064941,0.8125250935554504,0.8470713496208191,0.7157192230224609,0.26760339736938477,0.5641976594924927,0.5857064723968506,0.2262948602437973,-0.24892929196357727,0.37040653824806213,0.5602890849113464,0.3503294587135315,0.6903544068336487,-0.7201045155525208
5931.0,118.61900000000004,26.35212676036165,267.0017205947321,386.5459171511023,578499.1561913757,26.351975000000014,266.87656900000013,386.5459900000001,578594.7794840003,-0.0050636958228687,-9.611727962503693,0.0024354791526478,19200.000000000007,-0.0001517603616361,-0.0003516959483155,7.294809702307236e-05,0.0,-0.0097450282606393,-0.3562139645959131,-9.606693371626935,0.1817538296800023,0.0002428584580915,4.631602390594068,19199.930114686333,38.71415564781866,0.002,3.434251998238849,-1.7207533703103808,-1.0389864763218346,6.0,10.0,180.0,0.5400409547625571,-4.4838511446080975,-0.0737114128557353,-3.3048190965021966,-654.7164871479151,-373.22541847603145,167.24212151022945,753.6252932804291,570.3000000000001,0.5400409547625571,0.6482551097869873,0.5689965486526489,0.615208625793457,0.5342326760292053,0.5437568426132202,0.5401638746261597,0.5397167205810547,0.7671993970870972,0.6534706354141235,0.5508842468261719,0.570098876953125,0.5588669776916504,0.6216586232185364,0.641855001449585,0.7278165221214294,0.6195380687713623,-1.6204321384429932,0.6113577485084534,0.571525514125824,0.5921396017074585,0.646856427192688,0.785079836845398,0.581224262714386,0.5782232284545898,0.7258743047714233,0.8238860964775085,0.6453164219856262,0.8077703714370728,0.8347320556640625,0.7035853862762451,0.3179832696914673,0.5549173951148987,0.5706543922424316,0.19126088917255402,-0.29459381103515625,0.37840232253074646,0.5492725968360901,0.3315044641494751,0.7470739483833313,-0.7520122528076172
5932.0,118.63900000000004,26.352008854223108,266.80943252993313,386.5459864845293,578883.1556329922,26.351975000000014,266.6845690000001,386.5459900000001,578978.7794840003,-0.0011227612702428,-9.602154472277922,0.0001195741205422,19200.000000000007,-3.3854223093448966e-05,-6.382675151086632e-05,3.516464014983648e-06,0.0,-0.0053728155552928,0.175385579199103,-9.592275333253909,2.0630467975171705,0.0041198724841691,0.0624987503309007,19200.16951604716,85.84724676742772,0.002,3.410440212198051,-1.7228275638268813,-1.037033707224632,6.0,10.0,180.0,0.5356255004587437,-4.511719263370928,-0.0746893806045683,-3.296078650525638,-654.6192435739576,-372.9007092380157,167.1850607551147,753.3801466402145,570.3000000000001,0.5356255004587437,0.6486218571662903,0.5668820142745972,0.6157704591751099,0.5237752199172974,0.5468120574951172,0.5428122878074646,0.5495542883872986,0.7640342116355896,0.6558740139007568,0.5444306135177612,0.5718420743942261,0.5581730604171753,0.6212049126625061,0.6400499939918518,0.6963874697685242,0.615901529788971,-1.6747303009033203,0.6201058626174927,0.5709819793701172,0.6080026626586914,0.6507739424705505,0.7836105823516846,0.57776939868927,0.583547830581665,0.7248157262802124,0.818009078502655,0.6483041048049927,0.8105081915855408,0.8351735472679138,0.7073639035224915,0.2591174840927124,0.5543695688247681,0.5666683912277222,0.20965008437633514,-0.2808055877685547,0.37676218152046204,0.5504974126815796,0.33402520418167114,0.7116905450820923,-0.6971487998962402
5933.0,118.65900000000003,26.35197751797579,266.6175808532418,386.54600894419497,579267.1596781454,26.351975000000014,266.4925690000001,386.5459900000001,579362.7794840002,-8.170378337304445e-05,-9.607072208955248,-0.0006303026526104,19200.000000000007,-2.5179757836750266e-06,-0.0002123520845009,-1.894280565788676e-05,0.0,-0.0119843121032063,0.4879890817874647,-9.625001027821307,-2.181675430777684,0.009050104303697,-3.603471710675876e-05,19200.152782846217,-47.23191620336938,0.002,3.415519797619273,-1.6972853943519024,-1.0348434651789598,6.0,10.0,180.0,0.5365994520102949,-4.533763901826418,-0.0742157192351275,-3.2833007916578225,-655.0746217869788,-373.0413546190079,167.29403037755736,753.8450733201073,570.3000000000001,0.5365994520102949,0.6520437002182007,0.5627895593643188,0.6111282110214233,0.5233845114707947,0.5406469106674194,0.5443170070648193,0.5371941924095154,0.7591701745986938,0.6431592702865601,0.5405465364456177,0.5670086741447449,0.5525946021080017,0.6171643733978271,0.6366145610809326,0.7219341993331909,0.6166871786117554,-1.5526423454284668,0.5825791358947754,0.5662134885787964,0.5888278484344482,0.644514262676239,0.7732914686203003,0.5858767628669739,0.5816885828971863,0.7245177030563354,0.8241668343544006,0.6489198207855225,0.8069732189178467,0.8348871469497681,0.7048630714416504,0.28897762298583984,0.5510787963867188,0.5598408579826355,0.19204212725162506,-0.2652220129966736,0.3867228329181671,0.5483446717262268,0.3302253484725952,0.7541624307632446,-0.7071762084960938
5934.0,118.67900000000004,26.35195219336549,266.42543337453395,386.5459942342648,579651.1598690946,26.351975000000014,266.3005690000001,386.5459900000001,579746.7794840002,0.0007582291516017,-9.602154419376074,-0.0001423475762827,19200.000000000007,2.2806634516663863e-05,-6.457763359151874e-05,-4.233954954210116e-06,0.0,0.0009689059119908,1.2181161768232478,-9.547842470582504,6.838182978707754,0.0129539819865193,-1.2255187618619128,19200.08455150149,81.5073786550817,0.002,3.384914927967359,-1.7081509233343988,-1.030478514813674,6.0,10.0,180.0,0.5341645288541061,-4.514153921573903,-0.0727562849337294,-3.2658927836661213,-654.1638108934894,-372.3096773095039,167.02451518877868,752.6915366600537,577.7250000000001,0.5341645288541061,0.6474260091781616,0.5632249712944031,0.6175342798233032,0.5145221948623657,0.5460915565490723,0.5347151756286621,0.5505260229110718,0.7621323466300964,0.6601545214653015,0.5365564823150635,0.570446789264679,0.5586115121841431,0.6193192005157471,0.6374662518501282,0.6701401472091675,0.6106762886047363,-1.7063226699829102,0.6441503763198853,0.5695244073867798,0.6287478804588318,0.6521676778793335,0.7915247082710266,0.5673649907112122,0.586972713470459,0.7299343943595886,0.807617723941803,0.6474213004112244,0.8130111694335938,0.837611198425293,0.7148669958114624,0.17549486458301544,0.5542925596237183,0.5663347840309143,0.23004914820194244,-0.2770126461982727,0.36231935024261475,0.5477843284606934,0.3339219093322754,0.6375117897987366,-0.6313285231590271
5935.0,118.69900000000004,26.35194827392192,266.2336717880188,386.5460137285405,580035.1625879726,26.351975000000014,266.1085690000001,386.5459900000001,580130.7794840003,0.0008891545296453,-9.610097123775605,-0.000790036348437,19200.000000000007,2.672607808865202e-05,-0.0003030900398499,-2.3728807131592973e-05,0.0,-0.004370838507816,0.6125372324168501,-9.621352512584284,1.6378126176700163,0.0046335513521355,-2.494323837278825,19200.23987665741,-17.194364709223397,0.002,3.3773831403919137,-1.6830651053528325,-1.041598939130897,6.0,10.0,180.0,0.5302849817790729,-4.484763476510149,-0.0742194984227086,-3.2550848119353857,-654.6574054467446,-372.9458386547519,167.19825759438936,753.4352683300268,577.7250000000001,0.5302849817790729,0.6522813439369202,0.5642838478088379,0.6177576780319214,0.5167157649993896,0.5463519096374512,0.5452181696891785,0.5501828789710999,0.7622162103652954,0.6558464765548706,0.5371363759040833,0.5704875588417053,0.5562705993652344,0.6195999383926392,0.6384852528572083,0.700684666633606,0.6170362234115601,-1.5736503601074219,0.6038484573364258,0.5694165229797363,0.6134474873542786,0.6524768471717834,0.7857152819633484,0.580105185508728,0.5861044526100159,0.732189953327179,0.819495439529419,0.650492250919342,0.8107768893241882,0.8379439115524292,0.7138502597808838,0.24976827204227448,0.5523579120635986,0.5610738396644592,0.2159828394651413,-0.24045073986053467,0.37620458006858826,0.5492398142814636,0.3344714641571045,0.6875301003456116,-0.6434862613677979
5936.0,118.71900000000002,26.35189941027927,266.04177417554246,386.5460057559272,580419.163373107,26.351975000000014,265.9165690000001,386.5459900000001,580514.7794840002,0.0025506872932788,-9.613517761265168,-0.0005238154560977,19200.000000000007,7.558972073755774e-05,-0.0004055754732451,-1.5755995786525927e-05,0.0,-0.0019758593830494,1.4629208135964729,-9.5752043110266,-2.493657507893129,-0.0063442712862363,-2.8123610894449493,19200.085328403977,68.70975307286977,0.002,3.353338251524676,-1.694558533161861,-1.0360182076612796,6.0,10.0,180.0,0.523472738627372,-4.453093352920348,-0.0766619942914661,-3.2412361017343216,-654.3277027233723,-372.602419327376,167.0916287971947,752.9791341650134,577.7250000000001,0.523472738627372,0.6544393301010132,0.5522938966751099,0.6077409982681274,0.5098410248756409,0.5335822105407715,0.5381738543510437,0.5315350294113159,0.7503858208656311,0.6379473209381104,0.5243827700614929,0.5622113347053528,0.5472753047943115,0.6122698187828064,0.6320029497146606,0.7232437133789062,0.6145834922790527,-1.4522058963775635,0.5608817338943481,0.5607057809829712,0.5895427465438843,0.6435702443122864,0.7689837217330933,0.5825871825218201,0.581973671913147,0.7269558906555176,0.8204373717308044,0.6491994261741638,0.8043410778045654,0.833158552646637,0.7083814144134521,0.23919691145420074,0.5463371276855469,0.5509442687034607,0.19540072977542877,-0.22657358646392822,0.3853782117366791,0.543944776058197,0.3283690810203552,0.7278825044631958,-0.639224112033844
5937.0,118.73900000000005,26.35192294293759,265.8497014632079,386.54602344886223,580803.1659599745,26.351975000000014,265.7245690000001,386.5459900000001,580898.7794840003,0.001737379546673,-9.61108293120561,-0.0011095173431944,19200.000000000007,5.205706241859973e-05,-0.0003324633593675,-3.3448817640746615e-05,0.0,-0.0007240847331196,0.3621620708837628,-9.603512627417784,-0.3122838814792208,0.0002447480192867,-2.26213369292073,19200.289976855016,-72.90608768562144,0.002,3.329513595541914,-1.7447032474005932,-1.0184247498852803,6.0,10.0,180.0,0.5205171391429574,-4.531772190598753,-0.0756788252392728,-3.2222924982062,-654.4633513616861,-372.928709663688,167.15681439859736,753.2585670825067,577.7250000000001,0.5205171391429574,0.6530845165252686,0.5623574256896973,0.6161390542984009,0.5173206925392151,0.543915867805481,0.5451589226722717,0.5438857674598694,0.7602965831756592,0.6505207419395447,0.535253643989563,0.5698056817054749,0.5550365447998047,0.6194026470184326,0.6389058828353882,0.715835690498352,0.6195665001869202,-1.5074102878570557,0.5879874229431152,0.5689030885696411,0.6045562624931335,0.6493257284164429,0.7813712954521179,0.5835370421409607,0.5839158296585083,0.7311782836914062,0.8226179480552673,0.6502199769020081,0.8079753518104553,0.8370925188064575,0.7116695046424866,0.2565211057662964,0.5512760877609253,0.5597007870674133,0.20772413909435272,-0.23034754395484924,0.3808727562427521,0.5488418340682983,0.3345215916633606,0.7098905444145203,-0.652630090713501
5938.0,118.75900000000004,26.351838831545983,265.657809905878,386.54600600328064,581187.1616985206,26.351975000000014,265.53256900000014,386.5459900000001,581282.7794840002,0.0045387707293368,-9.614704610562532,-0.0005288774343155,19200.000000000007,0.0001361684540268,-0.0004411044097391,-1.6003272533028672e-05,0.0,-0.0017164250929122,2.6316003887765147,-9.570329078665177,-2.1321704882154138,-0.0012321856543424,-0.7254303595491223,19199.534434898884,25.717745776308966,0.002,3.404507555164741,-1.806027498182938,-1.032440298124658,6.0,10.0,180.0,0.5102378624525368,-4.501474123801702,-0.0766431321031635,-3.255621640939625,-654.172675680843,-372.528354831844,167.0514071992987,752.8077835412533,577.7250000000001,0.5102378624525368,0.6530486345291138,0.5454790592193604,0.6007895469665527,0.5067169070243835,0.524185299873352,0.5273170471191406,0.5242421627044678,0.745030403137207,0.633084237575531,0.5194372534751892,0.5540332794189453,0.5415265560150146,0.6052919626235962,0.6249956488609314,0.7221482992172241,0.6069934964179993,-1.5077335834503174,0.5580019950866699,0.5532149076461792,0.579602062702179,0.6412283778190613,0.7649543881416321,0.5769680142402649,0.5796514749526978,0.7239535450935364,0.8153541088104248,0.6460797786712646,0.8031333088874817,0.8260482549667358,0.7057782411575317,0.24449600279331207,0.5425863265991211,0.5468855500221252,0.1855330616235733,-0.25047582387924194,0.3808539807796478,0.537715494632721,0.31968259811401367,0.7248256802558899,-0.6463824510574341
5939.0,118.77900000000004,26.35197155499473,265.4658127587648,386.5460117687453,581571.1609962743,26.351975000000014,265.3405690000001,386.5459900000001,581666.7794840003,0.0001149650988129,-9.614779535267155,-0.0007254178563203,19200.000000000007,3.445005280462905e-06,-0.0004440546090871,-2.176874723698984e-05,0.0,0.0151749316976967,1.8881267043316945,-9.633769278656796,-4.032203641117195,-0.0078268899778336,0.4249125703417487,19200.170772143003,-30.09777628447329,0.002,3.4604300580816205,-1.781194924166113,-1.0413579133212445,6.0,10.0,180.0,0.5121993868479453,-4.468755966665206,-0.0805586857684201,-3.272555357177217,-654.4258378404215,-373.923177415922,167.26370359964935,753.7198917706266,577.7250000000001,0.5121993868479453,0.6538547277450562,0.5476222038269043,0.6017035245895386,0.5111454725265503,0.5249779224395752,0.5316396951675415,0.5204886794090271,0.7494734525680542,0.630824863910675,0.52435702085495,0.5537449717521667,0.54111647605896,0.6059386134147644,0.626122772693634,0.7382518649101257,0.610566258430481,-1.3971476554870605,0.5469136238098145,0.5539920330047607,0.572149932384491,0.6385775804519653,0.7655145525932312,0.5821271538734436,0.578595757484436,0.7256969809532166,0.8219605088233948,0.6467419862747192,0.8017622232437134,0.8295599222183228,0.7052710652351379,0.2584984302520752,0.540837287902832,0.5464425683021545,0.17646852135658264,-0.25029847025871277,0.38243338465690613,0.5370289087295532,0.3178201913833618,0.7457866072654724,-0.6784045696258545
5940.0,118.79900000000004,26.352086744169707,265.2736014541284,386.5459804759304,581955.1597929939,26.351975000000014,265.14856900000007,386.5459900000001,582050.7794840002,-0.0036976410720166,-9.607752620639422,0.0003169005352408,19200.000000000007,-0.0001117441696963,-0.0002330507362087,9.524068891335432e-06,0.0,0.0075464006165717,0.4309342864800474,-9.597919922071156,-2.7427309719320325,-0.005376737271804,1.0378123442673626,19199.948280615325,-60.10522007828714,0.002,3.430362778738196,-1.689223849830685,-1.041835057302666,6.0,10.0,180.0,0.5248929356663959,-4.444792971628848,-0.0791170106464898,-3.2787097994529346,-654.2899189202108,-373.784588707961,167.21985179982465,753.5324458853133,577.7250000000001,0.5248929356663959,0.6526777744293213,0.5573230981826782,0.6104104518890381,0.5200603008270264,0.5351430773735046,0.5381897687911987,0.5302348136901855,0.7576496005058289,0.6416220664978027,0.5339338779449463,0.5636197328567505,0.5505383014678955,0.6153488755226135,0.6359644532203674,0.7417404651641846,0.6191943883895874,-1.4232888221740723,0.5680917501449585,0.5642735958099365,0.5841593742370605,0.6430801749229431,0.7758781909942627,0.5850885510444641,0.578581690788269,0.7291302680969238,0.8253316879272461,0.647219181060791,0.8037300109863281,0.8337057828903198,0.7068185210227966,0.27555322647094727,0.5474079847335815,0.5573250651359558,0.1863541156053543,-0.2470131814479828,0.3820672333240509,0.5438145995140076,0.3280370235443115,0.7439596056938171,-0.6930884718894958
5941.0,118.81900000000005,26.352126945894547,265.08109504590044,386.5459501916304,582339.1587908244,26.351975000000014,264.9565690000001,386.5459900000001,582434.7794840002,-0.0050643734232099,-9.590870176282792,0.0013236999720279,19200.000000000007,-0.0001519458945413,0.0002738539562989,3.980836967900062e-05,0.0,0.0024539848970205,-1.456430067777864,-9.613982621217996,3.837095802207888,-0.0004727052079821,0.5495086829625329,19199.94800032638,-4.249652244917444,0.002,3.3983068213060985,-1.6738122955930632,-1.0278117283995012,6.0,10.0,180.0,0.5395506789483676,-4.564932659852652,-0.0766706217929415,-3.296117342221637,-654.5054594601054,-373.80029435398046,167.26542589991232,753.7267229426567,577.7250000000001,0.5395506789483676,0.6493024826049805,0.5772577524185181,0.6285642981529236,0.5312533378601074,0.5584273338317871,0.5512431859970093,0.557923436164856,0.7764254808425903,0.6715840101242065,0.5535089373588562,0.5811409950256348,0.5679924488067627,0.6307147145271301,0.6503098607063293,0.7075534462928772,0.6270629167556763,-1.5890779495239258,0.6375476121902466,0.5818935632705688,0.626754641532898,0.6560333967208862,0.8008647561073303,0.5814189314842224,0.5848343968391418,0.7363476157188416,0.8244249224662781,0.6497336626052856,0.8125648498535156,0.8433851003646851,0.7153734564781189,0.25355297327041626,0.5592806339263916,0.5762473940849304,0.2239207774400711,-0.25469011068344116,0.3702974021434784,0.5554251074790955,0.34346818923950195,0.6825964450836182,-0.6898360848426819
5942.0,118.83900000000004,26.351988172787745,264.8895694569396,386.5459882940547,582723.1600713929,26.351975000000014,264.76456900000005,386.5459900000001,582818.779484,-0.0004381835626074,-9.60670542443015,5.754973185272063e-05,19200.000000000007,-1.317278773492016e-05,-0.0002008594652448,1.705945612076138e-06,0.0,0.0031760598921497,-0.6808281028727088,-9.609890842032424,-7.689369594950968,-0.0068191272400718,-0.299935999007671,19200.049668575983,-29.966836442398936,0.002,3.3860001443296124,-1.706743178261908,-1.0339345699964646,6.0,10.0,180.0,0.5337208475828088,-4.478093991307471,-0.0756597699059813,-3.289991690608845,-654.5512297300527,-373.7656471769902,167.27071294995616,753.7493614713284,577.7250000000001,0.5337208475828088,0.6567661762237549,0.5598325729370117,0.612515389919281,0.524520754814148,0.5375210046768188,0.549030065536499,0.5212063789367676,0.7579531073570251,0.6329649090766907,0.5350379347801208,0.5672721862792969,0.5513108968734741,0.6189944744110107,0.640652596950531,0.7754902839660645,0.6291189193725586,-1.1598668098449707,0.531180202960968,0.5676997900009155,0.5721837878227234,0.6351150870323181,0.7701810598373413,0.5962406992912292,0.5785226821899414,0.7301071882247925,0.8362118601799011,0.650371253490448,0.7990783452987671,0.8409894108772278,0.7068170309066772,0.2603520154953003,0.5481845140457153,0.5559186339378357,0.17541807889938354,-0.20548060536384583,0.39709988236427307,0.547873318195343,0.33352339267730713,0.7971090078353882,-0.7054091691970825
5943.0,118.859,26.351959864463964,264.6972653911622,386.545990320291,583107.1631613957,26.351975000000014,264.57256900000004,386.5459900000001,583202.7794840003,0.0005027477028863,-9.596566064891809,-5.026547786923709e-06,19200.000000000007,1.5135536044784724e-05,0.0001034070886922,-3.2028930149195e-07,0.0,-0.0014817445284503,-2.2564744542109443,-9.606664381931449,3.970387557519403,-0.002927144129054,0.6693174847209385,19200.11779679733,-21.48947251079733,0.002,3.4025128537569582,-1.768662528870364,-1.0191127552665884,6.0,10.0,180.0,0.5327323397208223,-4.487659760070066,-0.0761366085220168,-3.2556679238050408,-654.6271148650263,-373.5368235884951,167.25985647497808,753.7016807356642,577.7250000000001,0.5327323397208223,0.6493275165557861,0.5808858275413513,0.6333358287811279,0.5364332795143127,0.5641762018203735,0.5562512874603271,0.561499834060669,0.7808611989021301,0.6762008666992188,0.5587854385375977,0.5865352153778076,0.5729062557220459,0.6358001232147217,0.6556635499000549,0.7124843001365662,0.632320761680603,-1.5788549184799194,0.6442200541496277,0.5874481201171875,0.6320812702178955,0.6570786237716675,0.8051000237464905,0.5839172601699829,0.5849854946136475,0.7380310893058777,0.8274328112602234,0.65049809217453,0.8130911588668823,0.8459336757659912,0.7163071632385254,0.2593311071395874,0.5629475116729736,0.5815090537071228,0.22821609675884247,-0.2466059923171997,0.3720802068710327,0.5595183372497559,0.349084734916687,0.6864174604415894,-0.6967698931694031
5944.0,118.87900000000003,26.35197469684647,264.5054569022317,386.54599719720727,583491.164111794,26.351975000000014,264.3805690000001,386.5459900000001,583586.7794840002,1.0318956018880165e-05,-9.60292336609608,-0.0002357993517018,19200.000000000007,3.031535389349626e-07,-8.810181900662439e-05,-7.197207274948391e-06,0.0,0.0031676942292158,-2.075398896592096,-9.591060690404415,-1.3991843574134486,0.001695966434199,-0.1188040809201309,19199.77599249372,-51.60126216620908,0.002,3.3825618837340867,-1.7541505538759827,-1.0489811499445796,6.0,10.0,180.0,0.5331771774759193,-4.488319445225717,-0.0776381308254199,-3.252559353777511,-654.3975574325132,-373.3324117942476,167.18942823748904,753.4008403678322,570.3000000000001,0.5331771774759193,0.6505439281463623,0.5752259492874146,0.623145341873169,0.533968985080719,0.5551968812942505,0.5559707283973694,0.5491752028465271,0.7712689638137817,0.65621018409729,0.5525599122047424,0.5810568332672119,0.5647543668746948,0.6305805444717407,0.6507623791694641,0.7296662330627441,0.6308788657188416,-1.5170841217041016,0.6033596992492676,0.5808730125427246,0.6041235327720642,0.6482942700386047,0.7858187556266785,0.5909865498542786,0.58174729347229,0.728894829750061,0.8314275145530701,0.6506507992744446,0.8073036670684814,0.8421250581741333,0.7071509957313538,0.28978145122528076,0.5577876567840576,0.5726143717765808,0.2044994980096817,-0.24254778027534485,0.38748419284820557,0.5571103692054749,0.34400391578674316,0.7556957602500916,-0.729594349861145
5945.0,118.89900000000004,26.35203512338609,264.31329807942416,386.54594832541136,583875.1630387723,26.351975000000014,264.1885690000001,386.5459900000001,583970.7794840003,-0.0019811209494527,-9.597639708939044,0.0013910437994285,19200.000000000007,-6.0123386080715954e-05,7.081962420889495e-05,4.167456525401354e-05,0.0,-0.0041570102264347,-1.9502069481151127,-9.622335677686827,-7.451264934398364,-0.004647933469675,1.7061511162853773,19199.67399749453,17.183630539333876,0.002,3.4059295528252105,-1.6729407265941534,-1.0541309595223998,6.0,10.0,180.0,0.5409794566099316,-4.539321308019354,-0.0771868450283884,-3.262780524982317,-654.7847787162566,-373.48520589712376,167.28571411874452,753.812920183916,570.3000000000001,0.5409794566099316,0.6543440818786621,0.570052444934845,0.6167318820953369,0.5372030138969421,0.5457621812820435,0.5559414029121399,0.5280252695083618,0.765910267829895,0.6384591460227966,0.5492649078369141,0.5743076801300049,0.5581024885177612,0.6257389783859253,0.6473783254623413,0.7747043371200562,0.6334424018859863,-1.2783617973327637,0.5521078109741211,0.575151801109314,0.5734734535217285,0.6361531615257263,0.7738013863563538,0.5994207859039307,0.5776766538619995,0.7266846895217896,0.8396836519241333,0.6502231359481812,0.7996577024459839,0.8434281945228577,0.7043782472610474,0.3039109706878662,0.5538707971572876,0.5656651854515076,0.17494282126426697,-0.22680479288101196,0.40067288279533386,0.5538766980171204,0.33838194608688354,0.8236298561096191,-0.7629586458206177
5946.0,118.91900000000004,26.35195435040809,264.12014858528886,386.5459363950052,584259.160801287,26.351975000000014,263.9965690000001,386.5459900000001,584354.7794840002,0.0006877525777914,-9.55932578226707,0.0017827896299875,19200.000000000007,2.064959192644932e-05,0.0012202106239317,5.360496835074972e-05,0.0,-0.0011935570366674,-1.1010354110392224,-9.647700345713536,10.318878117753274,0.0014746397878812,5.306847457101784,19200.10207332417,68.73931924845482,0.002,3.3541934374574325,-1.653611943786592,-1.033192507516764,6.0,10.0,180.0,0.5331851823182848,-4.48956057701163,-0.0722928589923087,-3.290963858388756,-655.2093893581283,-374.0681029485619,167.43935705937224,754.470960091958,577.7250000000001,0.5331851823182848,0.6439950466156006,0.5781294107437134,0.6328996419906616,0.5395499467849731,0.5630366802215576,0.5439258813858032,0.5629032850265503,0.7819782495498657,0.6836961507797241,0.5663078427314758,0.5817538499832153,0.573916494846344,0.6320110559463501,0.6507848501205444,0.6801457405090332,0.6205431222915649,-1.6462475061416626,0.6951740980148315,0.5843976736068726,0.6447784304618835,0.6525252461433411,0.8137580752372742,0.5696544051170349,0.5866070985794067,0.7329518795013428,0.8162614703178406,0.6471115946769714,0.8175719380378723,0.8401058912277222,0.7191445827484131,0.1867159754037857,0.5642078518867493,0.5874754190444946,0.23669756948947906,-0.320383220911026,0.350849449634552,0.5549914240837097,0.34043508768081665,0.628145694732666,-0.7159919738769531
5947.0,118.93900000000004,26.351955151649225,263.9286290726262,386.5459902272999,584643.1626402863,26.351975000000014,263.8045690000001,386.5459900000001,584738.7794840003,0.0006653994581864,-9.575337653679432,-8.08661838268129e-06,19200.000000000007,1.9848350783838104e-05,0.0007398265843494,-2.2710568226549322e-07,0.0,-0.0151558780773173,0.7313375740687189,-9.55663871606725,7.563079873679305,0.0087743982771918,-0.2439051909848203,19200.2383788168,81.56252194066792,0.002,3.334603087100543,-1.7430585084374386,-1.01881793272162,6.0,10.0,180.0,0.5327360273777357,-4.501420594469906,-0.0722529657888114,-3.256599909039027,-654.6441946790642,-372.41055147428096,167.1336785296861,753.159980045979,577.7250000000001,0.5327360273777357,0.6473866105079651,0.5692828893661499,0.6222014427185059,0.5207194089889526,0.5514441132545471,0.5383892059326172,0.5544940233230591,0.767282247543335,0.6659919023513794,0.5435609817504883,0.5746920108795166,0.5633756518363953,0.6234347820281982,0.6417633891105652,0.6728421449661255,0.6138168573379517,-1.702514886856079,0.6557628512382507,0.57410728931427,0.6344906091690063,0.6527382731437683,0.796407163143158,0.5689262747764587,0.5875102281570435,0.7317110300064087,0.8095492720603943,0.6477634906768799,0.8147567510604858,0.8401848077774048,0.7162988185882568,0.18398721516132355,0.5583087205886841,0.5721881985664368,0.2339162677526474,-0.2856879234313965,0.3619662821292877,0.5513092875480652,0.33804428577423096,0.6382348537445068,-0.6426149606704712
5948.0,118.95900000000005,26.35184739746819,263.737429670948,386.54600978550064,585027.1671655562,26.351975000000014,263.61256900000006,386.5459900000001,585122.7794840002,0.004255012500608,-9.602026867599625,-0.0006899646550454,19200.000000000007,0.0001276025318152,-6.076558595894243e-05,-1.978537916749701e-05,0.0,-0.003175609659022,0.6703079625192119,-9.592741057316516,-4.575170506106471,0.0134318772487217,0.5499600627198007,19200.08404014801,-55.81381125219315,0.002,3.431710473099808,-1.7898975210084385,-1.033007381523544,6.0,10.0,180.0,0.5176233838568631,-4.499680192112836,-0.0741956028218363,-3.245341242550789,-654.5465973395321,-372.5767757371405,167.13283926484306,753.1569900229895,577.7250000000001,0.5176233838568631,0.6544907689094543,0.5566064119338989,0.6090899705886841,0.5206801295280457,0.5332959890365601,0.5396888256072998,0.5248845219612122,0.7543075084686279,0.6365026235580444,0.5316645503044128,0.5628461837768555,0.5492417812347412,0.6145780682563782,0.6353166699409485,0.7533000111579895,0.6203898191452026,-1.3607189655303955,0.551365852355957,0.5632438659667969,0.5772826671600342,0.6396719813346863,0.7711479663848877,0.5878192782402039,0.5782077312469482,0.7292768955230713,0.8272388577461243,0.6477844715118408,0.8023556470870972,0.8351833820343018,0.7059082984924316,0.2775611877441406,0.5480507016181946,0.5554817914962769,0.1810082048177719,-0.22845640778541565,0.38888272643089294,0.5446285605430603,0.32867127656936646,0.7622676491737366,-0.688062846660614
5949.0,118.979,26.35192472429661,263.54539425437235,386.5460272857958,585411.1665988264,26.351975000000014,263.4205690000001,386.5459900000001,585506.7794840003,0.0016757252285495,-9.600851193564356,-0.0012413251858793,19200.000000000007,5.027570339709898e-05,-2.5650819857134124e-05,-3.728670478927853e-05,0.0,0.0070842123127215,2.256256975206346,-9.571797924772392,4.519993294213251,0.0034532329177689,-2.624787668428497,19200.016245396306,42.86184947268983,0.002,3.4639482388983542,-1.7650934505782454,-1.047734268323021,6.0,10.0,180.0,0.513181161381871,-4.5351176173956045,-0.0771467962097307,-3.2304826794736905,-654.057798669766,-372.6738878685702,167.04441963242152,752.7804950114947,577.7250000000001,0.513181161381871,0.649411678314209,0.5539276599884033,0.6098228693008423,0.5055059790611267,0.537155032157898,0.5309293270111084,0.5448264479637146,0.75396728515625,0.649317741394043,0.526488721370697,0.5624573826789856,0.5499164462089539,0.6115823984146118,0.6296201348304749,0.6726284623146057,0.6050990223884583,-1.6864837408065796,0.6161482930183411,0.5608444213867188,0.6152860522270203,0.6512184739112854,0.7810796499252319,0.56712406873703,0.5865182876586914,0.7274042367935181,0.8068428635597229,0.6476988196372986,0.81097811460495,0.8324462175369263,0.7129377722740173,0.19232870638370514,0.547755777835846,0.5553160905838013,0.21943752467632294,-0.2680130898952484,0.3661608099937439,0.5423343181610107,0.32622331380844116,0.6501123309135437,-0.6154316663742065
5950.0,118.99900000000004,26.35210454535857,263.3535029103577,386.54599702643856,585795.163196129,26.351975000000014,263.22856900000005,386.5459900000001,585890.7794840002,-0.0043213244280293,-9.604469954900134,-0.0002333402729165,19200.000000000007,-0.0001295453585636,-0.0001339148241827,-7.027889705348492e-06,0.0,-0.0007517118818609,-1.219505169864319,-9.632566073721804,0.2443361422674904,-0.0022304948453357,-1.6502654793610525,19199.931311822344,4.273677371770191,0.002,3.4559867331800715,-1.770039092220619,-1.0312751382800984,6.0,10.0,180.0,0.5326741529508444,-4.523378047695234,-0.0791133617490172,-3.2745652634228373,-654.6648993348831,-373.4349439342851,167.25570981621075,753.6842475057474,577.7250000000001,0.5326741529508444,0.6528400182723999,0.573427140712738,0.62540602684021,0.5272144675254822,0.5550690293312073,0.5552207231521606,0.5525879263877869,0.7709997892379761,0.6604907512664795,0.5472902059555054,0.5788164138793945,0.5635169744491577,0.6281247735023499,0.6479409337043762,0.7218652367591858,0.628321647644043,-1.492226243019104,0.6039409041404724,0.5786398649215698,0.6150262951850891,0.6526810526847839,0.7922179698944092,0.5889307260513306,0.5848934054374695,0.7362568378448486,0.8290203213691711,0.6518276929855347,0.809931755065918,0.8427080512046814,0.714127779006958,0.2781205177307129,0.5565803050994873,0.5688298344612122,0.21531949937343597,-0.22361761331558228,0.3809778392314911,0.5550612807273865,0.342552125453949,0.7116691470146179,-0.6754322648048401
5951.0,119.01900000000003,26.3520517909602,263.16127666021373,386.5459950961174,586179.1602028746,26.351975000000014,263.0365690000001,386.5459900000001,586274.7794840003,-0.0025615859615738,-9.596913283881012,-0.0001700488816914,19200.000000000007,-7.679096019176914e-05,9.213335347645907e-05,-4.996207516786978e-06,0.0,-0.0019212103462389,1.1562859280819209,-9.571051121586809,-0.9200666422670624,0.002923952783585,-2.0754978604445307,19199.8790206535,94.50943546858176,0.002,3.442383825184576,-1.7867646551073153,-1.0367938753352504,6.0,10.0,180.0,0.5361189239212701,-4.491650587130444,-0.0742278761267118,-3.3012462845935486,-654.2839496674416,-372.7834719671425,167.10335490810536,753.0306237528737,577.7250000000001,0.5361189239212701,0.6530513167381287,0.5557500720024109,0.6105239391326904,0.5126651525497437,0.5367658138275146,0.5384386777877808,0.5372181534767151,0.7539383172988892,0.644111692905426,0.5285371541976929,0.5646402835845947,0.5503201484680176,0.6146708726882935,0.6342615485191345,0.7172131538391113,0.6153603196144104,-1.505972146987915,0.5772615075111389,0.5635247230529785,0.5963494181632996,0.6465281248092651,0.774796724319458,0.5809547305107117,0.58238685131073,0.7280162572860718,0.819477379322052,0.6487658023834229,0.806241512298584,0.8330381512641907,0.7094388008117676,0.2445700317621231,0.5482698678970337,0.5552056431770325,0.20076675713062286,-0.23764386773109436,0.38111612200737,0.5451209545135498,0.3302370309829712,0.7152498364448547,-0.6466328501701355
5952.0,119.03900000000006,26.3520312973239,262.96926464582464,386.546002789488,586563.1613579814,26.351975000000014,262.8445690000001,386.5459900000001,586658.7794840003,-0.0018749195279437,-9.596531339961135,-0.0004622272328134,19200.000000000007,-5.629732389123543e-05,0.0001039542731101,-1.2788089646765251e-05,0.0,-0.0041710365182364,1.2251658289796985,-9.603263322360077,1.343091546781046,-0.0024246863406592,-1.0373761298174389,19200.22077235661,-81.51076936460157,0.002,3.4716069710450204,-1.6829030248553107,-1.0573998927529384,6.0,10.0,180.0,0.5449137569518441,-4.51896638851631,-0.0771536429154976,-3.295108436533687,-654.5059748337208,-372.8977359835712,167.16167745405266,753.2798118764368,577.7250000000001,0.5449137569518441,0.6516425609588623,0.5592947602272034,0.6130409240722656,0.5150121450424194,0.5399051904678345,0.538059651851654,0.5433576703071594,0.7583116292953491,0.6513156890869141,0.5334253311157227,0.5656043291091919,0.5527443289756775,0.6155850887298584,0.6347485184669495,0.704943060874939,0.6133614778518677,-1.5844485759735107,0.5981061458587646,0.5649534463882446,0.6046242713928223,0.6500551104545593,0.781920313835144,0.5774991512298584,0.583774983882904,0.7295471429824829,0.8170027136802673,0.6482986807823181,0.8091034889221191,0.8348350524902344,0.7114457488059998,0.2530626058578491,0.5500409603118896,0.5586422681808472,0.20759211480617523,-0.2540954649448395,0.3749275505542755,0.5455793738365173,0.3296092748641968,0.693077027797699,-0.6502065062522888
5953.0,119.05900000000004,26.35199211913608,262.7771667379484,386.5459914347927,586947.159779807,26.351975000000014,262.652569,386.5459900000001,587042.7794840003,-0.0005703035160548,-9.593269021130697,-4.208878299759213e-05,19200.000000000007,-1.711913607368035e-05,0.0002018682150057,-1.4337674924855351e-06,0.0,0.004428424106729,2.325522840558181,-9.598647760645273,-1.7051213007470047,-0.0063550324746634,-1.4126169988198565,19199.89498274461,12.819539749650724,0.002,3.4498818306360146,-1.683569386893409,-1.0402682793219378,6.0,10.0,180.0,0.5424622122360455,-4.53359510133048,-0.0756810243994688,-3.304828996663568,-654.3989874168603,-373.1773679917856,167.17183872702634,753.3254059382184,577.7250000000001,0.5424622122360455,0.6533141732215881,0.5477900505065918,0.6030861735343933,0.5068998336791992,0.527644157409668,0.5310415029525757,0.5285316705703735,0.7481006383895874,0.6358639001846313,0.5220138430595398,0.5559427738189697,0.5428282022476196,0.6068018674850464,0.6262480616569519,0.7165624499320984,0.6079491376876831,-1.5030884742736816,0.5633705854415894,0.5549654960632324,0.5848042964935303,0.643337607383728,0.7675620913505554,0.5779871940612793,0.5814015865325928,0.725057065486908,0.8164492249488831,0.6472933292388916,0.8045499324798584,0.8283243775367737,0.7075962424278259,0.242996945977211,0.5428833961486816,0.5474864840507507,0.19032692909240723,-0.25126463174819946,0.37962573766708374,0.5388497114181519,0.3208432197570801,0.7178241610527039,-0.6452101469039917
5954.0,119.07900000000004,26.352001960074364,262.58515917352446,386.5460000902492,587331.1612716152,26.351975000000014,262.46056900000013,386.5459900000001,587426.7794840002,-0.0008984123491616,-9.593013386046326,-0.00033748209263,19200.000000000007,-2.6960074355243502e-05,0.0002096318481577,-1.0090305990020556e-05,0.0,-0.0032082240464976,2.0068428178421045,-9.60668882723122,-7.081720683751877,-0.0058763474782866,-1.7002918891990355,19200.188129400434,-30.08207924427287,0.002,3.299523881053561,-1.6345297370386866,-1.0392998111069924,6.0,10.0,180.0,0.5463976725975488,-4.51906927416407,-0.0737192402929333,-3.297143131410909,-654.5839937084302,-373.1831839958928,167.21041936351315,753.4892029691092,577.7250000000001,0.5463976725975488,0.6571248769760132,0.5451532602310181,0.6001315116882324,0.5087535381317139,0.5232418775558472,0.5353530645370483,0.5127890110015869,0.7437355518341064,0.6211951971054077,0.5188745856285095,0.5539023876190186,0.5391467213630676,0.605521559715271,0.6260929703712463,0.7531182765960693,0.6132588982582092,-1.25704026222229,0.5182714462280273,0.5529769659042358,0.5645549297332764,0.6319385170936584,0.7566933035850525,0.5867123007774353,0.579123318195343,0.7241072654724121,0.8250319361686707,0.648786723613739,0.7985886335372925,0.8316164016723633,0.7045192122459412,0.22556759417057037,0.5407309532165527,0.5423352718353271,0.17102451622486115,-0.22056490182876587,0.39362743496894836,0.5387942790985107,0.3207000494003296,0.7755784392356873,-0.6606608033180237
5955.0,119.09900000000002,26.351942576210263,262.39323256434534,386.54593855529953,587715.1620585978,26.351975000000014,262.26856900000007,386.5459900000001,587810.7794840003,0.0010814021663903,-9.595461112398368,0.0017149448818614,19200.000000000007,3.2423789745499266e-05,0.000136134819825,5.14444823241389e-05,0.0,-0.0004858816311394,-3.0505866094432603,-9.58350351531395,-0.7319102298505946,-0.0019475463132652,3.050258717713624,19200.016973342696,-60.103100947193454,0.002,3.31988580832969,-1.7552200977130537,-1.0135104404905046,6.0,10.0,180.0,0.5420154227121509,-4.518277222831342,-0.0698147451184983,-3.282277653332142,-654.3584968542151,-372.9065919979464,167.13270968175658,753.1561014845546,577.7250000000001,0.5420154227121509,0.6509573459625244,0.5814154744148254,0.6312340497970581,0.5439812541007996,0.5595821142196655,0.5571867823600769,0.5493654012680054,0.7788505554199219,0.6657427549362183,0.5592185854911804,0.5857282280921936,0.5720656514167786,0.6367694139480591,0.6583291292190552,0.7571818828582764,0.6400679349899292,-1.4543516635894775,0.6102137565612793,0.5880333185195923,0.608403205871582,0.6505478024482727,0.8003596067428589,0.5932876467704773,0.5786356925964355,0.7386668920516968,0.8365338444709778,0.6489331126213074,0.8071397542953491,0.8448476791381836,0.7109305262565613,0.3268483877182007,0.5626535415649414,0.5817641615867615,0.20531101524829865,-0.2243250608444214,0.3835103213787079,0.5596391558647156,0.34950780868530273,0.746121883392334,-0.7373340725898743
5956.0,119.11900000000004,26.35167690478828,262.2013771825812,386.54602643027096,588099.1613321431,26.351975000000014,262.076569,386.5459900000001,588194.7794840002,0.0099344856932023,-9.600279420307611,-0.0012763893293375,19200.000000000007,0.0002980952117361,-8.386829415120543e-06,-3.643026173090145e-05,0.0,0.0180584390618145,4.030567285655105,-9.605471525567918,-1.1004334325084728,-0.0050992693184023,-1.3437984211731837,19200.188246444475,25.790287284273223,0.002,3.394116334500603,-1.8033251880255872,-1.033923002897336,6.0,10.0,180.0,0.5053653477879951,-4.55781126434569,-0.0737252678035876,-3.302264244127973,-654.1377484271076,-373.7552959989732,167.18585484087828,753.3855507422772,570.3000000000001,0.5053653477879951,0.6502729058265686,0.5365487337112427,0.589957594871521,0.49684542417526245,0.5159587860107422,0.5191673040390015,0.5214802026748657,0.7385172247886658,0.6238091588020325,0.514187216758728,0.5446600317955017,0.5320720672607422,0.5954853892326355,0.6136305928230286,0.6870869398117065,0.5924410223960876,-1.6830095052719116,0.5644501447677612,0.5425936579704285,0.5736955404281616,0.639767587184906,0.7532626390457153,0.5680974125862122,0.5812554359436035,0.7117587327957153,0.8061756491661072,0.6450565457344055,0.8034193515777588,0.8195906281471252,0.7009255886077881,0.21669776737689972,0.5352542400360107,0.5375837683677673,0.18119113147258759,-0.2989826202392578,0.3757353127002716,0.5305706858634949,0.3071669936180115,0.7181664109230042,-0.6578240990638733
5957.0,119.13900000000004,26.35201963676865,262.0093302392026,386.5460049098693,588483.16721702,26.351975000000014,261.8845690000001,386.5459900000001,588578.7794840002,-0.0014822041466739,-9.598712223338868,-0.0004949726389382,19200.000000000007,-4.463676864311463e-05,3.8559266194883466e-05,-1.4909841673647312e-05,0.0,-0.0024068023467384,-3.9126178650204735,-9.610815662185384,2.6249424413388445,-0.0046482805793423,1.218561792577058,19199.92930855106,-72.88690407175598,0.002,3.383891744138272,-1.7709331079402948,-1.0436771305438084,6.0,10.0,180.0,0.5268477129987194,-4.476034501883802,-0.0756719150241055,-3.253588829916282,-654.4868742135538,-373.5681479994866,167.2349274204391,753.5962753711386,570.3000000000001,0.5268477129987194,0.6478396654129028,0.5865399837493896,0.6374061107635498,0.5470356345176697,0.5725147128105164,0.5662713050842285,0.5658044815063477,0.7860597968101501,0.6779650449752808,0.5704339742660522,0.5944737195968628,0.5788652896881104,0.6431876420974731,0.6632620096206665,0.718165397644043,0.6393797993659973,-1.5981125831604004,0.6511905193328857,0.5952615737915039,0.6306756734848022,0.6562915444374084,0.806107223033905,0.5892209410667419,0.5838429927825928,0.7349269390106201,0.8338929414749146,0.6516947150230408,0.8126448392868042,0.8464504480361938,0.7122243642807007,0.29325616359710693,0.5670715570449829,0.588850736618042,0.22576962411403656,-0.2487497627735138,0.37997138500213623,0.5659096240997314,0.35548263788223267,0.7256720662117004,-0.7498348355293274
5958.0,119.15900000000003,26.352023096617028,261.81704369378866,386.545967636503,588867.1655020559,26.351975000000014,261.6925690000001,386.5459900000001,588962.7794840003,-0.0016044553852669,-9.589169720665543,0.0007437866577439,19200.000000000007,-4.809661701895385e-05,0.000324907079224,2.2363498316459463e-05,0.0,0.0109802043225777,-1.7055784312897404,-9.628451291437688,-1.8306267502839568,0.0053787954852695,0.493927580209441,19199.911858966818,-0.0520489466569529,0.002,3.363315241282191,-1.7418039578815157,-1.0341052092189336,6.0,10.0,180.0,0.5244349922224646,-4.500284874428999,-0.074206151903768,-3.2576988306010493,-654.6049371067769,-374.2165739997433,167.33346371021958,754.0201376855694,570.3000000000001,0.5244349922224646,0.6507066488265991,0.5727187395095825,0.6203001141548157,0.5324455499649048,0.5516647100448608,0.5538809299468994,0.5457763671875,0.7704631686210632,0.6531180143356323,0.5517415404319763,0.5768975615501404,0.5612075328826904,0.6270314455032349,0.6470741033554077,0.730042576789856,0.6277674436569214,-1.5009896755218506,0.597953200340271,0.5770926475524902,0.5986133217811584,0.6474460363388062,0.7838320136070251,0.5908890962600708,0.5815924406051636,0.7283520102500916,0.831432044506073,0.6501984596252441,0.8071961402893066,0.841204822063446,0.7066860795021057,0.29509079456329346,0.5547129511833191,0.5691585540771484,0.19870352745056152,-0.2550349235534668,0.38545188307762146,0.5537764430046082,0.33886605501174927,0.7575502395629883,-0.7388159036636353
5959.0,119.17900000000006,26.35195677000084,261.62493362978364,386.5459803774198,589251.1633544416,26.351975000000014,261.5005690000001,386.5459900000001,589346.7794840002,0.0006066109275915,-9.585492731771462,0.0002899758105007,19200.000000000007,1.822999916623236e-05,0.000435168638657,9.622578550838324e-06,0.0,-0.0061108767829947,-0.7372956155828255,-9.592503219526376,1.5875823680889982,-0.0026987447401074,-0.1809928727076794,19199.60493622745,-51.61727331222714,0.002,3.3758064448826537,-1.7263968087002626,-1.0285453499346733,6.0,10.0,180.0,0.5244501788203875,-4.517422023109497,-0.0761795235938674,-3.2899458299204234,-654.5834685533885,-373.3792869998716,167.2327318551098,753.5865688427847,577.7250000000001,0.5244501788203875,0.6511641144752502,0.5709673166275024,0.6231484413146973,0.526636004447937,0.5517309904098511,0.5482147336006165,0.5510172247886658,0.7690742015838623,0.661462128162384,0.5459644794464111,0.5766397714614868,0.562884509563446,0.6263941526412964,0.6462663412094116,0.7173361778259277,0.6249470114707947,-1.5483042001724243,0.6135364770889282,0.5767492055892944,0.6145828366279602,0.652580738067627,0.7926284670829773,0.5839375257492065,0.5835336446762085,0.7348677515983582,0.8244056105613708,0.6495838761329651,0.8102975487709045,0.8404580950737,0.713043212890625,0.26680874824523926,0.5565431118011475,0.5700823664665222,0.2143414467573166,-0.24716761708259583,0.3764440715312958,0.5531087517738342,0.34059327840805054,0.7034486532211304,-0.6787067651748657
5960.0,119.19900000000004,26.352012740779536,261.4331884435163,386.5459568817945,589635.1615153026,26.351975000000014,261.3085690000001,386.5459900000001,589730.7794840002,-0.001258052064871,-9.593988903242202,0.0011024579060148,19200.000000000007,-3.774077952808585e-05,0.0001803547528208,3.311820533388392e-05,0.0,-0.0021883247822005,-3.0503215574321088,-9.589345198263128,2.1934174432791886,-0.0007257038267309,3.850228769646855,19199.863102475967,51.55338541986723,0.002,3.430268102416054,-1.7261515043419358,-1.042238623149116,6.0,10.0,180.0,0.5297950542484822,-4.5507372137363165,-0.0757126322547567,-3.2976268657740784,-654.4592342766942,-373.04164349993584,167.1683659275549,753.3112844213923,577.7250000000001,0.5297950542484822,0.6489721536636353,0.582366406917572,0.6342347860336304,0.5457580089569092,0.5633769035339355,0.5558183789253235,0.5556403398513794,0.7823529243469238,0.6747058629989624,0.5637987852096558,0.5877415537834167,0.5753653645515442,0.6385161876678467,0.6595808267593384,0.7409770488739014,0.6382405757904053,-1.5385653972625732,0.6363322734832764,0.590330958366394,0.6202859282493591,0.6547432541847229,0.8074326515197754,0.5880995392799377,0.5802176594734192,0.7377396821975708,0.8331342339515686,0.6483237743377686,0.8103400468826294,0.8459494709968567,0.7129042148590088,0.31055742502212524,0.5649371147155762,0.5864437222480774,0.21521882712841034,-0.24333110451698303,0.3758927285671234,0.5605342388153076,0.3503458499908447,0.7182231545448303,-0.7375249862670898
5961.0,119.21900000000004,26.352002179228567,261.2413114214577,386.5459873101922,590019.1640176823,26.351975000000014,261.1165690000001,386.5459900000001,590114.7794840003,-0.0009045050459516,-9.598086311102492,9.254736406875338e-05,19200.000000000007,-2.717922855876789e-05,5.7483801946289206e-05,2.6898078853366653e-06,0.0,0.0063278470178534,-0.0011127474981798,-9.601321512407262,-2.8621900161967533,0.0017223734602778,1.762886906809911,19200.17035062117,21.545416685193363,0.002,3.433740374585475,-1.74073714916198,-1.033494357267427,6.0,10.0,180.0,0.5263339541042086,-4.494626281057528,-0.0757043370931861,-3.289450872688991,-654.3681171383471,-373.3553217499679,167.18618296377747,753.3871422106961,577.7250000000001,0.5263339541042086,0.6525784730911255,0.5607855319976807,0.6128020882606506,0.5245064496994019,0.5376675724983215,0.5404946804046631,0.5312690734863281,0.7603394389152527,0.6439589858055115,0.5376864671707153,0.5660065412521362,0.553142786026001,0.6179097890853882,0.6387197375297546,0.7481002807617188,0.6222337484359741,-1.4181067943572998,0.5708379745483398,0.567143440246582,0.5846325159072876,0.6434487700462341,0.7787971496582031,0.5869453549385071,0.578031063079834,0.7307072281837463,0.827504575252533,0.647152304649353,0.8038194179534912,0.8351160287857056,0.70684415102005,0.2906419038772583,0.549596905708313,0.5606260299682617,0.18623647093772888,-0.24213150143623352,0.38319405913352966,0.5457621812820435,0.3303171992301941,0.7490151524543762,-0.7039641737937927
5962.0,119.23900000000005,26.352042892904244,261.0489959246833,386.5459962135769,590403.1625007212,26.351975000000014,260.9245690000001,386.5459900000001,590498.7794840003,-0.0022654446782767,-9.58757194287668,-0.0002034700582074,19200.000000000007,-6.789290424110298e-05,0.0003728848031997,-6.2135768193833146e-06,0.0,-0.0163408026994841,0.0692852861983337,-9.62648371764243,5.613401934237465,0.005342182105263,0.7941894392619435,19199.9461419012,77.26776430606193,0.002,3.4512161895924924,-1.730177951302462,-1.039069076097362,6.0,10.0,180.0,0.5370878338790359,-4.5157142438162,-0.0756756777835307,-3.285862126776295,-655.0515585691735,-373.145160874984,167.30109148188873,753.877071105348,577.7250000000001,0.5370878338790359,0.6490176916122437,0.5737193822860718,0.6246827244758606,0.526846706867218,0.5539339780807495,0.5446633696556091,0.5570712089538574,0.772114098072052,0.6689302921295166,0.5498068928718567,0.5757702589035034,0.5644285678863525,0.6251658797264099,0.6439458131790161,0.6904600858688354,0.6180981397628784,-1.6537426710128784,0.6454070210456848,0.5760633945465088,0.6282271146774292,0.6548698544502258,0.7980543375015259,0.5755654573440552,0.5867279767990112,0.7347162365913391,0.8170382380485535,0.648700475692749,0.8146812319755554,0.841935396194458,0.7162531614303589,0.24306876957416534,0.5585899353027344,0.5731122493743896,0.22641326487064362,-0.27762869000434875,0.365884393453598,0.5524857044219971,0.33799779415130615,0.6609742045402527,-0.6693546175956726
5963.0,119.25900000000004,26.35208285500118,260.857229484314,386.545983482902,590787.1646974003,26.351975000000014,260.73256900000007,386.5459900000001,590882.7794840003,-0.0035989366541376,-9.59536093936933,0.0002141496696594,19200.000000000007,-0.0001078550011686,0.00013921849292,6.517098122389794e-06,0.0,0.0016919266118566,-0.6117330362697293,-9.584734358568214,-0.7940278637495236,0.0080446262454194,0.0058557808236571,19200.08376913205,-30.07600589200021,0.002,3.4446521505329395,-1.713856012048793,-1.0465947208641482,6.0,10.0,180.0,0.5420162194036662,-4.5099186575297,-0.0761506078269736,-3.2889401632591544,-654.5637792845868,-372.981580437492,167.18304574094435,753.372035552674,577.7250000000001,0.5420162194036662,0.6523050665855408,0.5672198534011841,0.6194035410881042,0.5260379910469055,0.5467643141746521,0.54692542552948,0.5431445837020874,0.7650449275970459,0.6535284519195557,0.5421779155731201,0.5735719203948975,0.5594158172607422,0.6240010261535645,0.6442747116088867,0.733004093170166,0.6257283687591553,-1.4765944480895996,0.592028796672821,0.5738706588745117,0.6018529534339905,0.6486701369285583,0.7860031723976135,0.5871390104293823,0.5813726186752319,0.7332068681716919,0.8270918726921082,0.6490631103515625,0.8072899580001831,0.8388235569000244,0.7103819251060486,0.2779715061187744,0.554368257522583,0.5663887858390808,0.20317067205905914,-0.23589050769805908,0.38173118233680725,0.5512789487838745,0.338273823261261,0.72721928358078,-0.6861642599105835
5964.0,119.27900000000004,26.351964038974803,260.66515047864607,386.54599138433525,591171.1642040915,26.351975000000014,260.5405690000001,386.5459900000001,591266.7794840003,0.0003663530387318,-9.592727528068362,-4.6405840136136455e-05,19200.000000000007,1.0961025209876417e-05,0.0002181141200148,-1.384335096713477e-06,0.0,-0.0100066545663946,2.805521488761888,-9.580297856660296,5.981393449305175,0.0068578789549251,-0.2444829372909615,19200.10190171854,81.48506771039037,0.002,3.4250753914290426,-1.687368977565772,-1.0273316452706165,6.0,10.0,180.0,0.540544852700976,-4.570864566021575,-0.0761644890652105,-3.2827782640000343,-654.4953896422934,-372.427290218746,167.10552287047216,753.038017776337,577.7250000000001,0.540544852700976,0.6483148336410522,0.55509352684021,0.6093871593475342,0.5089326500892639,0.5357599854469299,0.5262916684150696,0.544121265411377,0.7549911737442017,0.6502712965011597,0.5296929478645325,0.5605228543281555,0.5504606366157532,0.6102437973022461,0.6282209157943726,0.6702442765235901,0.6015927791595459,-1.726043701171875,0.6288995742797852,0.5596263408660889,0.6150661706924438,0.6499337553977966,0.7843090295791626,0.5653771758079529,0.5860967636108398,0.7274102568626404,0.8038129210472107,0.6457318067550659,0.8122290372848511,0.8332729339599609,0.7128870487213135,0.20560671389102936,0.5494105815887451,0.5581797957420349,0.21810542047023773,-0.2955736815929413,0.3617057204246521,0.541355550289154,0.323674738407135,0.6424255967140198,-0.6270322203636169
5965.0,119.29900000000004,26.35199228969409,260.4734280318229,386.5459983069137,591555.1662967387,26.351975000000014,260.34856900000005,386.5459900000001,591650.7794840002,-0.0005759481685153,-9.601971185649017,-0.0002684642530367,19200.000000000007,-1.7289694080543375e-05,-5.913935773178062e-05,-8.3069134572398e-06,0.0,-0.003891532056284,-0.118898256458808,-9.609623081338928,-2.0189252043175374,0.0053826606392546,-2.69363615039708,19200.188934255577,-21.484348335059472,0.002,3.3810791181034,-1.715687108163596,-1.0584861757679649,6.0,10.0,180.0,0.5439397687914032,-4.507283767246706,-0.0737460874154071,-3.2735314490273217,-654.6791948211467,-372.83214510937296,167.18926143523606,753.3985088881685,577.7250000000001,0.5439397687914032,0.654615581035614,0.5644326210021973,0.6177166700363159,0.5200163125991821,0.5457557439804077,0.5500203371047974,0.5417574644088745,0.7611725330352783,0.6483528017997742,0.5368221998214722,0.5719431638717651,0.5561080574989319,0.6214871406555176,0.6413359045982361,0.7284444570541382,0.6238454580307007,-1.430494785308838,0.5764795541763306,0.5709882378578186,0.6011237502098083,0.6477481126785278,0.7800011038780212,0.588908851146698,0.5840717554092407,0.7327224612236023,0.8272663950920105,0.6513832211494446,0.806963324546814,0.8404929637908936,0.7114900946617126,0.2663675546646118,0.5523008108139038,0.56016606092453,0.20458053052425385,-0.21555817127227783,0.3864733874797821,0.5509983897209167,0.33735209703445435,0.7290473580360413,-0.658515214920044
5966.0,119.31900000000005,26.35191016541115,260.2814493995246,386.5460359629236,591939.1662498118,26.351975000000014,260.1565690000001,386.5459900000001,592034.7794840002,0.0021614950573503,-9.602713089663943,-0.0015364041362576,19200.000000000007,6.483458885960891e-05,-8.0600428434713e-05,-4.596292350786109e-05,0.0,-0.0046505656620713,0.4881834145647145,-9.5573700266225,-0.4811882062989815,-0.0027031620945573,-2.8624405173450285,19199.948075086977,30.11125214250004,0.002,3.386050337120922,-1.6855608015457275,-1.0388188690878069,6.0,10.0,180.0,0.534170753376556,-4.467275895856108,-0.0771684761219339,-3.2689335684917347,-654.1855974105733,-372.16707255468646,167.01213071761805,752.6402544440842,577.7250000000001,0.534170753376556,0.6530603766441345,0.5603155493736267,0.6150894165039062,0.5154366493225098,0.5426474809646606,0.5433903932571411,0.5425628423690796,0.7571992874145508,0.6488511562347412,0.5317018628120422,0.5701440572738647,0.5549291372299194,0.6194695234298706,0.6391274929046631,0.716434121131897,0.619825005531311,-1.5110292434692383,0.5846081972122192,0.5687636137008667,0.603992223739624,0.6482539176940918,0.7786868214607239,0.5824666619300842,0.5831738710403442,0.7297074198722839,0.8210694193840027,0.6499406099319458,0.8068161606788635,0.8358194231987,0.7107084393501282,0.24319197237491608,0.5517193078994751,0.5593805909156799,0.20829375088214874,-0.22210168838500977,0.38302668929100037,0.5493445992469788,0.3361058235168457,0.7120875120162964,-0.6407667994499207
5967.0,119.33900000000004,26.35191702285369,260.0893418338204,386.54596002389576,592323.1607377138,26.351975000000014,259.9645690000001,386.5459900000001,592418.7794840003,0.0019328398211794,-9.599102156795514,0.0010005728454584,19200.000000000007,5.797714631646737e-05,2.6965437551418946e-05,2.9976104367209545e-05,0.0,0.0029237144613517,0.9184685233187224,-9.625743238727004,-0.8568950780457513,-0.0019509297344656,-2.8131362552781605,19200.0493161702,-12.80887175954012,0.002,3.425719859601272,-1.7078863106701654,-1.0313900043026645,6.0,10.0,180.0,0.5302618035009001,-4.533732131678175,-0.0722633929796237,-3.3253528231878384,-654.5782987052867,-373.1960362773432,167.21056535880902,753.4911272220421,577.7250000000001,0.5302618035009001,0.6537782549858093,0.5586768388748169,0.6129366159439087,0.5133287310600281,0.5403794050216675,0.5434620380401611,0.5407485961914062,0.757368803024292,0.6462805867195129,0.5315781235694885,0.5660324096679688,0.5512033700942993,0.6156946420669556,0.6349512934684753,0.7131236791610718,0.6161316633224487,-1.4945833683013916,0.579332172870636,0.5648540258407593,0.600460410118103,0.6482612490653992,0.7772631645202637,0.5828524231910706,0.5844229459762573,0.7299554347991943,0.8215861916542053,0.6503987908363342,0.8075259923934937,0.8356004357337952,0.7114748954772949,0.252353310585022,0.5484487414360046,0.5549507737159729,0.20457686483860016,-0.23145946860313416,0.3810332715511322,0.5462443232536316,0.3305002450942993,0.709782600402832,-0.6452069282531738
5968.0,119.35900000000004,26.351918169281863,259.8971913696245,386.5460058473845,592707.1647226353,26.351975000000014,259.7725690000001,386.5459900000001,592802.7794840002,0.0019018813217021,-9.594083460161205,-0.0005267653444045,19200.000000000007,5.683071814174472e-05,0.0001774261005809,-1.5847384358180028e-05,0.0,0.0010052289921178,2.4378219290341137,-9.584443878340824,0.0567657889189277,-0.005591977846816,0.0623389673241558,19200.169418500813,4.244491640228529,0.002,3.4494346732655297,-1.709318885705854,-1.0425889417593868,6.0,10.0,180.0,0.5288201567914289,-4.544912370698866,-0.0727421718583441,-3.2874205329633925,-654.3366493526433,-372.9780181386716,167.13628267940453,753.1725636110211,577.7250000000001,0.5288201567914289,0.6514966487884521,0.5490138530731201,0.6037495136260986,0.5089430212974548,0.5279722809791565,0.52745521068573,0.5314239263534546,0.749667763710022,0.6405258178710938,0.5243402123451233,0.5561501979827881,0.5445517897605896,0.6072757840156555,0.6266649961471558,0.7105892896652222,0.606408953666687,-1.5759526491165161,0.5793288946151733,0.5556883811950684,0.5885194540023804,0.6454301476478577,0.7720348238945007,0.5744845271110535,0.5809040069580078,0.7250208854675293,0.8133688569068909,0.6456948518753052,0.8059118986129761,0.8287284970283508,0.7076948285102844,0.24932529032230377,0.5443764925003052,0.5509704351425171,0.1930442750453949,-0.2685517966747284,0.374671995639801,0.5386278629302979,0.32051581144332886,0.704564094543457,-0.6516506671905518
5969.0,119.37900000000002,26.35206846146865,259.7055582869454,386.5459949334275,593091.1647768371,26.351975000000014,259.5805690000001,386.5459900000001,593186.7794840003,-0.0031112314157568,-9.606324078616492,-0.0001651235782885,19200.000000000007,-9.3461468641041e-05,-0.0001897861486594,-4.933427361219876e-06,0.0,0.0121708142285078,1.4006999555537585,-9.60890708411738,-10.312982667333234,-0.0070770650392698,1.2196670400455905,19199.9132509872,-38.68117273942351,0.002,3.472602069637387,-1.6942186275433115,-1.0373306763463794,6.0,10.0,180.0,0.5395819807138551,-4.483807349081603,-0.0747164297872055,-3.292570550229461,-654.2823246763217,-373.6475090693358,167.20264133970227,753.4572818055105,570.3000000000001,0.5395819807138551,0.6552643179893494,0.5436351299285889,0.5939462184906006,0.5154668688774109,0.5179935693740845,0.5338528752326965,0.5012724995613098,0.7425639629364014,0.6093392372131348,0.5229151248931885,0.5507106781005859,0.5359400510787964,0.6036995649337769,0.6249710917472839,0.7721854448318481,0.6137384176254272,-1.2279075384140015,0.5024140477180481,0.5507614612579346,0.5428276658058167,0.6213647723197937,0.7463055849075317,0.5891151428222656,0.5735937356948853,0.7138164639472961,0.8290805220603943,0.6485299468040466,0.792169988155365,0.8277702927589417,0.6967261433601379,0.20207656919956207,0.5382349491119385,0.5418547987937927,0.148014098405838,-0.24073955416679382,0.40054842829704285,0.5368050932884216,0.3156925439834595,0.8345674276351929,-0.733545184135437
5970.0,119.39900000000004,26.351995236102727,259.5132217139659,386.5460019181968,593475.1640541828,26.351975000000014,259.3885690000001,386.5459900000001,593570.7794840002,-0.0006441771438414,-9.595069641439643,-0.0003987832103993,19200.000000000007,-2.0236102713266312e-05,0.0001470941360561,-1.19181966080126e-05,0.0,0.0065928047404737,2.018198819432105,-9.599360635166708,2.7442033312765988,-0.0051407109460784,-0.6059400898416467,19200.034194247284,-55.82000173694212,0.002,3.4213782796181884,-1.6671862264237438,-1.0315945842580412,6.0,10.0,180.0,0.5361215490637664,-4.500941507841569,-0.0747163367985609,-3.2930659889775127,-654.2526623381608,-373.6367545346679,167.19532066985113,753.4261409027553,570.3000000000001,0.5361215490637664,0.6479099988937378,0.5541155338287354,0.6053741574287415,0.5103693604469299,0.5347468256950378,0.5306800007820129,0.5422070622444153,0.7543506622314453,0.6434773206710815,0.5319382548332214,0.5602659583091736,0.5476409196853638,0.6099464893341064,0.6280382871627808,0.6768999695777893,0.6029837131500244,-1.730499029159546,0.6122334003448486,0.5587637424468994,0.6009453535079956,0.6490859389305115,0.7746708989143372,0.5696116089820862,0.584082841873169,0.7186137437820435,0.8090237975120544,0.6466354727745056,0.8096752762794495,0.8292090892791748,0.7060782313346863,0.22641970217227936,0.546157717704773,0.5551065802574158,0.20463474094867706,-0.30243420600891113,0.37044063210487366,0.5413381457328796,0.32176196575164795,0.691727340221405,-0.6729565858840942
5971.0,119.41900000000004,26.35206070300832,259.32116029862215,386.5459620415653,593859.1641460474,26.351975000000014,259.19656900000007,386.5459900000001,593954.7794840003,-0.0028548491620648,-9.593053926968135,0.000928464145589,19200.000000000007,-8.57030083054193e-05,0.0002084055747415,2.7958434803116853e-05,0.0,-0.0014639730587985,-2.325608424436012,-9.63113453822224,-2.375896629151497,0.002898450613865,2.1926297519564844,19200.102900585927,-4.271224375018591,0.002,3.328910792820864,-1.73418254764707,-1.020703047691431,6.0,10.0,180.0,0.551227219525755,-4.542100587376124,-0.0717577328276412,-3.3017451176180304,-654.7583311690804,-373.86787726733394,167.32466033492557,753.9800704513776,577.7250000000001,0.551227219525755,0.6529347896575928,0.5773756504058838,0.6268079280853271,0.5390881299972534,0.5545476078987122,0.556361198425293,0.5441073179244995,0.7752640843391418,0.6579850912094116,0.5548974871635437,0.580118715763092,0.5660295486450195,0.6313551664352417,0.6526566743850708,0.75858473777771,0.6359472274780273,-1.391841173171997,0.5916190147399902,0.5820149183273315,0.5999329686164856,0.6482823491096497,0.793822705745697,0.5958945155143738,0.5798629522323608,0.738249659538269,0.8371269106864929,0.6498735547065735,0.8068101406097412,0.8453726768493652,0.7108456492424011,0.3292738199234009,0.5581972599029541,0.5742040276527405,0.197952002286911,-0.22826391458511353,0.3854156732559204,0.5559602379798889,0.3437669277191162,0.7558775544166565,-0.7326326966285706
5972.0,119.43900000000004,26.351888369534567,259.1289307496792,386.546018478531,594243.1648022968,26.351975000000014,259.00456900000006,386.5459900000001,594338.7794840002,0.0028823218635578,-9.585401081480024,-0.0009859537654571,19200.000000000007,8.663046544433102e-05,0.000438046264974,-2.847853082430125e-05,0.0,0.0012313107596158,-1.0928889407466744,-9.59713985645958,2.5620669092916324,-0.000710084592827,-1.0315299375368585,19199.70651638912,-12.771030223777618,0.002,3.397413064612329,-1.7136777591880592,-1.0389772384920266,6.0,10.0,180.0,0.5341625641684848,-4.51722469804802,-0.0742057760990201,-3.2991969117120625,-654.5706655845402,-373.53043863366696,167.24783016746278,753.6500352256888,577.7250000000001,0.5341625641684848,0.6507059335708618,0.5735108852386475,0.6258962154388428,0.5267482399940491,0.5557113885879517,0.5512073636054993,0.5554057955741882,0.7717682719230652,0.6658456921577454,0.5480055809020996,0.5795473456382751,0.5651453137397766,0.6287263631820679,0.6482868790626526,0.7090116739273071,0.6262576580047607,-1.5631513595581055,0.6231788396835327,0.5794204473495483,0.6225890517234802,0.6545984148979187,0.7955994009971619,0.583092987537384,0.5851499438285828,0.7362546920776367,0.8242592215538025,0.6505688428878784,0.8116759061813354,0.8417462110519409,0.7147672772407532,0.24984897673130035,0.557673454284668,0.5719092488288879,0.22187162935733795,-0.24404579401016235,0.37460801005363464,0.5548033714294434,0.3431313633918762,0.6910448670387268,-0.6730687618255615
5973.0,119.45900000000005,26.35189743988057,258.9369912783644,386.5459870467867,594627.1661776073,26.351975000000014,258.8125690000001,386.5459900000001,594722.7794840002,0.0025869260453633,-9.587414655787748,9.55770684455271e-05,19200.000000000007,7.756011943764632e-05,0.0003775168339279,2.953213450304509e-06,0.0,0.0119411243036738,-0.8562397407279494,-9.620847311005535,-1.7119917192245424,-0.0136732070623568,0.0010294862754241,19200.186101370968,-30.06132381599117,0.002,3.3913186104034048,-1.7349918390215289,-1.020327884223587,6.0,10.0,180.0,0.5253930557642457,-4.5136243176550135,-0.0786301069179513,-3.2843236371143454,-654.5393327922701,-374.1057193168335,167.3079150837314,753.9080176128444,577.7250000000001,0.5253930557642457,0.6528598070144653,0.5664634108543396,0.6189737915992737,0.5254510045051575,0.5464385747909546,0.5484864711761475,0.5411034822463989,0.7664278745651245,0.6512523889541626,0.5426515340805054,0.5725256204605103,0.5580325126647949,0.6232331991195679,0.6437188982963562,0.7370405793190002,0.6261717081069946,-1.4278879165649414,0.5848727226257324,0.573029637336731,0.5984712243080139,0.6476003527641296,0.784886360168457,0.5890803933143616,0.5812219381332397,0.7332767248153687,0.8294604420661926,0.6496478915214539,0.8062858581542969,0.8397494554519653,0.7104283571243286,0.2809969186782837,0.5520936250686646,0.5641510486602783,0.19938689470291138,-0.2357877492904663,0.3820672929286957,0.5500696897506714,0.3362302780151367,0.7345232367515564,-0.6946861743927002
5974.0,119.47900000000004,26.352010791347112,258.7450437660137,386.5459774502452,595011.1681644509,26.351975000000014,258.62056900000005,386.5459900000001,595106.7794840002,-0.0011949440140443,-9.589171974072276,0.0004166210175782,19200.000000000007,-3.579134710687867e-05,0.0003248326997276,1.2549754971074164e-05,0.0,-0.0065779257784723,-3.1135487243525346,-9.579124431265017,3.175588135345609,0.0048902047216231,1.400308001031543,19199.82729235312,-43.04218736664418,0.002,3.422844108281553,-1.734825774699046,-1.0351774169351402,6.0,10.0,180.0,0.5385884898933513,-4.499845813174104,-0.0766707926607401,-3.27505446478625,-654.4046663961351,-373.0898596584168,167.16345754186568,753.2880088064222,577.7250000000001,0.5385884898933513,0.6493518948554993,0.5838444828987122,0.6366936564445496,0.5423575639724731,0.5674424171447754,0.5595162510871887,0.5612760782241821,0.7832125425338745,0.6780245304107666,0.5627323389053345,0.5908755660057068,0.5769100785255432,0.6403445601463318,0.6608502864837646,0.7267336249351501,0.6384744644165039,-1.5530928373336792,0.6431909799575806,0.5922867059707642,0.6313403844833374,0.6568204164505005,0.8081851601600647,0.5875189900398254,0.5832388401031494,0.7392551898956299,0.8315525054931641,0.6504115462303162,0.81211918592453,0.8471353054046631,0.7154310941696167,0.278611421585083,0.5659253597259521,0.5864117741584778,0.22657041251659393,-0.23450320959091187,0.3756387233734131,0.5627544522285461,0.35419386625289917,0.7023991346359253,-0.7123242616653442
5975.0,119.49900000000002,26.35199701758957,258.553439289687,386.5459854126794,595395.1678459266,26.351975000000014,258.4285690000001,386.5459900000001,595490.7794840002,-0.0007367097848996,-9.602356469673838,0.0001511002267035,19200.000000000007,-2.2017589565254445e-05,-7.058863588923776e-05,4.587320709945627e-06,0.0,0.0019569800368226,-0.9751694441199156,-9.595445660605522,-0.6693475507207214,-0.0010024433105503,1.705767017277708,19199.914584883005,38.62991134365026,0.002,3.431146001629587,-1.6919817095276153,-1.036442746183181,6.0,10.0,180.0,0.5351865603990505,-4.522414402223061,-0.0781196372477533,-3.267906958761132,-654.3593331980676,-373.1369298292084,167.15972877093284,753.2715044032111,577.7250000000001,0.5351865603990505,0.6514409780502319,0.569408118724823,0.6206754446029663,0.5302767753601074,0.5475111603736877,0.5464003086090088,0.542887270450592,0.7680471539497375,0.6555813550949097,0.5459034442901611,0.5741516351699829,0.5610780715942383,0.6252402067184448,0.6459139585494995,0.7396814823150635,0.6272258162498474,-1.4841272830963135,0.5963489413261414,0.57537841796875,0.6002810001373291,0.6485306620597839,0.7892703413963318,0.5875838994979858,0.5797708034515381,0.7340195178985596,0.8285067677497864,0.6480212807655334,0.806742250919342,0.8391892910003662,0.7096771001815796,0.29677581787109375,0.5551223158836365,0.569227397441864,0.2001238614320755,-0.23998615145683289,0.3803662359714508,0.5513728857040405,0.33797359466552734,0.7312471270561218,-0.7052562832832336
5976.0,119.51900000000003,26.35204270988472,258.36177833312325,386.5459687557336,595779.167455179,26.351975000000014,258.2365690000001,386.5459900000001,595874.7794840003,-0.0022311631945742,-9.613650253415456,0.0007070145869644,19200.000000000007,-6.770988471520782e-05,-0.0004096305466164,2.124426650013997e-05,0.0,-0.0048720317118751,-1.7684727649493213,-9.571020273068426,0.4940664715772264,0.0034311844325073,2.381228100157895,19199.91358908452,25.82990085370768,0.002,3.437070012620922,-1.7029560708641382,-1.0380160063392156,6.0,10.0,180.0,0.5410211232424053,-4.482457642525766,-0.0751991032871893,-3.285379568700792,-654.1876665990337,-372.5324649146042,167.05486438546643,752.8232522016056,577.7250000000001,0.5410211232424053,0.650379478931427,0.5757330656051636,0.6261008977890015,0.5363332033157349,0.5536779165267944,0.5495313405990601,0.5482580065727234,0.7729785442352295,0.663182258605957,0.5519127249717712,0.5801295638084412,0.5672426223754883,0.6309689283370972,0.6518564224243164,0.7408161163330078,0.6320233345031738,-1.5165022611618042,0.6119850873947144,0.5817511081695557,0.608542263507843,0.6508774161338806,0.7962392568588257,0.5873398184776306,0.5795515179634094,0.7358477711677551,0.8297602534294128,0.6479601860046387,0.8077977895736694,0.8414152264595032,0.7105096578598022,0.3025383949279785,0.5597653388977051,0.5766233801841736,0.20684672892093658,-0.23545849323272705,0.37966737151145935,0.5556233525276184,0.3440999984741211,0.7265096306800842,-0.71310955286026
5977.0,119.53900000000004,26.35198519222052,258.169651307888,386.5459696554541,596163.1658570614,26.351975000000014,258.044569,386.5459900000001,596258.7794840003,-0.0003409155307249,-9.609417465286407,0.0006777279468035,19200.000000000007,-1.0192220509966911e-05,-0.0002824056703918,2.0344546012641832e-05,0.0,-0.0046513896994131,0.79390306853799,-9.626476194559336,2.618786967523829,0.0041519436556767,2.138078056396103,19200.04954993625,55.83693578284933,0.002,3.4367308777194587,-1.7387753756518858,-1.0327829023361312,6.0,10.0,180.0,0.5370833552386036,-4.522000224373373,-0.078621666672437,-3.284331345331066,-654.7343332995168,-373.1322324573021,167.2349321927332,753.5951261008028,577.7250000000001,0.5370833552386036,0.6498496532440186,0.5646150708198547,0.6159480810165405,0.5233215093612671,0.5422992706298828,0.537126898765564,0.5446726083755493,0.7645390629768372,0.6578653454780579,0.5420092940330505,0.5669412016868591,0.5563633441925049,0.6179156303405762,0.637328028678894,0.7097856998443604,0.6147176027297974,-1.6136342287063599,0.6151900291442871,0.5678771734237671,0.6057469248771667,0.6510961055755615,0.7896549105644226,0.5771979093551636,0.5824064016342163,0.7317105531692505,0.8181063532829285,0.64640873670578,0.8105143308639526,0.8366811275482178,0.7114521265029907,0.2777543067932129,0.5526293516159058,0.5651980638504028,0.2059275358915329,-0.2759113013744354,0.36979940533638,0.546119213104248,0.32931870222091675,0.6901200413703918,-0.6837584376335144
5978.0,119.55900000000004,26.35198423900375,257.97761717164315,386.54599995705456,596547.1675719398,26.351975000000014,257.8525690000001,386.5459900000001,596642.7794840002,-0.000310156617435,-9.608279496923746,-0.0003633742624754,19200.000000000007,-9.239003742879227e-06,-0.0002483710863086,-9.957054458145878e-06,0.0,-0.0085290238902586,0.8562717832590039,-9.584471021885165,3.90692930045815,0.010251235964569,0.4251232485920411,19200.032037106463,-30.046433704550537,0.002,3.4410974663111404,-1.689487719954238,-1.0517475975501835,6.0,10.0,180.0,0.542472939396309,-4.496566772688628,-0.0786104327440923,-3.290482039155787,-654.6001666497584,-372.6211162286511,167.1489660963666,753.2255630504014,577.7250000000001,0.542472939396309,0.6494350433349609,0.5647978186607361,0.6173223853111267,0.5203763842582703,0.5447219014167786,0.5376894474029541,0.5487082600593567,0.7633577585220337,0.659826397895813,0.5399434566497803,0.5696070194244385,0.5580413937568665,0.6195350885391235,0.6385353207588196,0.6968634128570557,0.6145579814910889,-1.6451610326766968,0.6242438554763794,0.5695571899414062,0.6150391101837158,0.6523999571800232,0.7897584438323975,0.5744889378547668,0.5842753648757935,0.7317412495613098,0.8148613572120667,0.647273600101471,0.8116025328636169,0.8367235660552979,0.7128307819366455,0.24323202669620514,0.5542192459106445,0.5662458539009094,0.2159395068883896,-0.2717224657535553,0.36900150775909424,0.5480411648750305,0.3330870270729065,0.674418032169342,-0.6603079438209534
5979.0,119.57900000000004,26.35202638221356,257.78556253092586,386.54598614035865,596931.1667427064,26.351975000000014,257.6605690000001,386.5459900000001,597026.7794840003,-0.0017116350411686,-9.60645565791738,0.0001234418072411,19200.000000000007,-5.138221355171065e-05,-0.0001936298285041,3.859642102055484e-06,0.0,0.0019487400817282,-0.86259498158462,-9.61133780699773,-0.4302831749883093,0.0048772694341949,-2.256528266686982,19200.0327567978,81.48246346508655,0.002,3.399345783014277,-1.676668881592456,-1.03478706147022,6.0,10.0,180.0,0.5444523280045963,-4.566874859122979,-0.0776265594448625,-3.2858802231614432,-654.6390833248793,-373.1575581143255,167.21848304818332,753.5247815252008,577.7250000000001,0.5444523280045963,0.6532477140426636,0.5698450803756714,0.6225646734237671,0.5240772366523743,0.5517606139183044,0.553104043006897,0.5491940975189209,0.7670758962631226,0.6563568115234375,0.5429521203041077,0.5767163634300232,0.5609782934188843,0.6260131597518921,0.6457973122596741,0.7228497266769409,0.6269468069076538,-1.4733598232269287,0.595130443572998,0.5761474967002869,0.6108518242835999,0.6511013507843018,0.787613034248352,0.5884532332420349,0.5846291780471802,0.734560489654541,0.8279767632484436,0.6516413688659668,0.808905839920044,0.8415901064872742,0.7131090760231018,0.267208456993103,0.5550953149795532,0.5658871531486511,0.21251092851161957,-0.2208113670349121,0.3826962411403656,0.5537071228027344,0.3412788510322571,0.7162201404571533,-0.6673729419708252
5980.0,119.59900000000002,26.35191981078245,257.5935548469232,386.5459939332351,597315.1668512777,26.351975000000014,257.4685690000001,386.5459900000001,597410.7794840003,0.0018353412954819,-9.606206009275736,-0.0001677506616297,19200.000000000007,5.518921755564e-05,-0.0001861448530089,-3.933232909117618e-06,0.0,-0.0088031164087084,2.269051496373502,-9.596940382743174,-0.6130577451210201,0.003198577036429,-2.1938124089141966,19200.188754086383,-8.641988239831829,0.002,3.4412951171205104,-1.7221636001674812,-1.0375711606090652,6.0,10.0,180.0,0.5376154829835239,-4.4951406150987605,-0.0751803587383509,-3.2971378523998767,-654.7005416624396,-372.8247790571628,167.19274152409167,753.4133907626003,577.7250000000001,0.5376154829835239,0.6535271406173706,0.5514124631881714,0.6063083410263062,0.5080108046531677,0.5319483280181885,0.5341849327087402,0.534542977809906,0.7499852180480957,0.6405626535415649,0.524505615234375,0.5592032670974731,0.5457608699798584,0.6092789173126221,0.6283566951751709,0.7085339426994324,0.6087141036987305,-1.5411713123321533,0.574001133441925,0.5577408075332642,0.5933083891868591,0.646275520324707,0.7712109684944153,0.5778182744979858,0.5834884643554688,0.726527750492096,0.8156319260597229,0.6483569741249084,0.807133674621582,0.8309920430183411,0.7096701860427856,0.24571241438388824,0.5457767844200134,0.5502656698226929,0.19870518147945404,-0.25092241168022156,0.37923750281333923,0.541710376739502,0.3245365619659424,0.7070367932319641,-0.6341759562492371
5981.0,119.61900000000004,26.351934578534213,257.40123951365894,386.54601568278406,597699.1672159748,26.351975000000014,257.27656900000005,386.5459900000001,597794.7794840002,0.0013451048623556,-9.595672579327474,-0.0008513712695837,19200.000000000007,4.0421465795294125e-05,0.0001290866863832,-2.5682789726773467e-05,0.0,0.0019471716522694,-0.0002418928787202,-9.588367004677435,3.549257844166236,-2.5518070207914552e-06,-1.7815175479201648,19200.051289102816,64.44319801947238,0.002,3.45750171030084,-1.7634696801291467,-1.0349691369950418,6.0,10.0,180.0,0.5346590297915187,-4.50690120257945,-0.0781096127833626,-3.2868712840214727,-654.4252708312198,-372.8888895285814,167.14387076204582,753.2056953813002,570.3000000000001,0.5346590297915187,0.6480872631072998,0.5682900547981262,0.6182639598846436,0.5210114121437073,0.550957441329956,0.5454561710357666,0.555578351020813,0.7654974460601807,0.6581392288208008,0.54420006275177,0.5748088955879211,0.5600805282592773,0.623111367225647,0.64139723777771,0.6803666353225708,0.6159406900405884,-1.7025574445724487,0.6316978931427002,0.5731887221336365,0.6194264888763428,0.6530508995056152,0.7856181263923645,0.5753516554832458,0.5861819982528687,0.7260696291923523,0.8158873915672302,0.6497433185577393,0.8120594024658203,0.8359488248825073,0.7097138166427612,0.2258315235376358,0.5551549196243286,0.5673038363456726,0.22124044597148895,-0.2735687792301178,0.3744014799594879,0.552189826965332,0.33679646253585815,0.6903280019760132,-0.677078127861023
5982.0,119.63900000000004,26.35204806435149,257.2093682901664,386.5460038947584,598083.16760318,26.351975000000014,257.0845690000001,386.5459900000001,598178.7794840003,-0.0024304535691678,-9.600012809447088,-0.0004627884001211,19200.000000000007,-7.30643514472168e-05,5.084919547988543e-07,-1.3894798542431642e-05,0.0,0.0007543309260132,1.0311773329831415,-9.592040287083416,-4.4623061883424215,1.8386651651908224e-06,-1.156534197819756,19200.101054965773,-64.30727820466925,0.002,3.4629767588149742,-1.74236190135234,-1.038254362728595,6.0,10.0,180.0,0.5453767709540032,-4.5219986580417615,-0.0776318952566575,-3.287903331754065,-654.3526354156099,-372.9389447642907,167.1349353810229,753.1673476906501,570.3000000000001,0.5453767709540032,0.6529347896575928,0.5534795522689819,0.6040990352630615,0.515626847743988,0.5321188569068909,0.5392475128173828,0.5265616774559021,0.7507002949714661,0.6318238973617554,0.5298227667808533,0.5612544417381287,0.5458617806434631,0.6117526292800903,0.6315304636955261,0.7294105887413025,0.6141279339790344,-1.484148383140564,0.5556464195251465,0.5599350929260254,0.576245129108429,0.6378860473632812,0.7617518305778503,0.5848735570907593,0.579870343208313,0.7198355197906494,0.8231092691421509,0.6485069394111633,0.802210807800293,0.8325720429420471,0.7019543051719666,0.25179237127304077,0.5456387996673584,0.5515278577804565,0.18167449533939362,-0.2484755516052246,0.39113539457321167,0.5439947247505188,0.32558000087738037,0.7706909775733948,-0.695038378238678
5983.0,119.65900000000003,26.351962080829544,257.0170781590274,386.54600476612814,598467.1654050199,26.351975000000014,256.8925690000001,386.5459900000001,598562.7794840003,0.000437160427961,-9.590314218572876,-0.0004949837782651,19200.000000000007,1.29191711200214e-05,0.0002905409083593,-1.476609044870538e-05,0.0,-0.0017240222741898,2.682221354877877,-9.603506079872831,0.5499766082523976,-0.0014752685993549,-1.7062571055994322,19199.89487138112,34.288569289003604,0.002,3.466209632439744,-1.7450237321358402,-1.0445793080561112,6.0,10.0,180.0,0.5429539872932189,-4.562012582271851,-0.076670865035612,-3.3048344656953383,-654.497317707805,-373.0659723821453,167.17896769051146,753.3556738453251,570.3000000000001,0.5429539872932189,0.6501783728599548,0.5495169758796692,0.6012300252914429,0.506540060043335,0.5298550128936768,0.5302071571350098,0.534693717956543,0.748395562171936,0.636799693107605,0.5259062051773071,0.5564886331558228,0.5431169271469116,0.6061305999755859,0.6242672204971313,0.6849704384803772,0.60121750831604,-1.6980643272399902,0.5890330076217651,0.5543397068977356,0.5912746787071228,0.6458330750465393,0.7657536864280701,0.5720013976097107,0.5837078094482422,0.7173285484313965,0.8099355101585388,0.6472567319869995,0.8076109886169434,0.8271791338920593,0.7047309279441833,0.2366267591714859,0.5439770221710205,0.5490819215774536,0.197153702378273,-0.28777971863746643,0.3769756853580475,0.5398181080818176,0.31924968957901,0.7095175981521606,-0.6597114205360413
5984.0,119.67900000000004,26.35201079509997,256.82527942063945,386.5459981237424,598851.1667620784,26.351975000000014,256.7005690000001,386.5459900000001,598946.7794840003,-0.0011943730843103,-9.597021757494833,-0.0002683477864862,19200.000000000007,-3.579509792125948e-05,8.948023037967202e-05,-8.12347761607108e-06,0.0,0.0068173039050745,1.774876728582069,-9.596664860730254,-8.30176447127866,-0.0056067954752409,-0.1184745188318533,19200.05071995824,-60.14035029503634,0.002,3.4198627506957604,-1.6731078759633446,-1.0470349278559017,6.0,10.0,180.0,0.5483544514322485,-4.487274139241147,-0.0781441889259665,-3.302296172415768,-654.3246588539025,-373.3099861910727,167.17198384525574,753.3268369226626,577.7250000000001,0.5483544514322485,0.6565653085708618,0.5435656905174255,0.5981781482696533,0.5110517740249634,0.5199645757675171,0.5327829718589783,0.5066791772842407,0.7431697845458984,0.617348849773407,0.5188078880310059,0.5520867705345154,0.5379453897476196,0.6047400236129761,0.6259258389472961,0.7673435211181641,0.6146600246429443,-1.198187232017517,0.5092153549194336,0.5520623326301575,0.5556315779685974,0.628197968006134,0.7552111148834229,0.5874202847480774,0.5759561061859131,0.7225685715675354,0.8269262909889221,0.6481376886367798,0.7959802150726318,0.8298845291137695,0.7019191384315491,0.21848203241825104,0.5394184589385986,0.5422213077545166,0.16136682033538818,-0.22165963053703308,0.39463183283805847,0.5370541214942932,0.3187592625617981,0.7926223278045654,-0.6823439002037048
5985.0,119.69900000000004,26.351992243146743,256.63297454528566,386.5459591030559,599235.1651447818,26.351975000000014,256.5085690000001,386.5459900000001,599330.7794840002,-0.0005465935483313,-9.586856691640994,0.0010302009563934,19200.000000000007,-1.7243152557329376e-05,0.0003942531280825,3.089673981158875e-05,0.0,0.0051569926548929,-0.0010693601479394,-9.61184064717978,-1.4051525753224752,-0.0073498505186236,0.3618589339709177,19199.879630010146,-30.035017533306068,0.002,3.404747703591904,-1.6921155739058396,-1.0339207456349846,6.0,10.0,180.0,0.5488397644441129,-4.514519937951504,-0.0756993343399568,-3.3109977065793763,-654.4458294269513,-373.62099309553633,167.23249192262787,753.5864184613313,577.7250000000001,0.5488397644441129,0.6525405049324036,0.5624146461486816,0.6151108741760254,0.5222410559654236,0.5414430499076843,0.5428974628448486,0.5380406379699707,0.7621018886566162,0.6483733654022217,0.5383702516555786,0.5682016015052795,0.5547164678573608,0.6191732883453369,0.6394533514976501,0.7329636812210083,0.621324360370636,-1.465135931968689,0.5825494527816772,0.5686308741569519,0.5947412252426147,0.6467373967170715,0.7817572951316833,0.5857184529304504,0.5807032585144043,0.731438159942627,0.8257827758789062,0.6483859419822693,0.8060652613639832,0.836065411567688,0.7093288898468018,0.2794266939163208,0.550430417060852,0.5611944794654846,0.19639679789543152,-0.24289488792419434,0.3806655704975128,0.5472042560577393,0.3321484327316284,0.7295895218849182,-0.6867042779922485
5986.0,119.71900000000004,26.35191297568141,256.44105647705044,386.54600006985567,599619.1669622641,26.351975000000014,256.3165690000001,386.5459900000001,599714.7794840002,0.0020675785939978,-9.589592298300028,-0.0003324102389273,19200.000000000007,6.202427838306038e-05,0.0003121193142987,-1.0071173394192465e-05,0.0,0.0049151857642128,1.0381829309958392,-9.61936367535112,-2.3748379850184054,-0.0038642062128175,-0.0561241013361893,19200.393995898376,-12.829501078176298,0.002,3.406208290169503,-1.6743643794729457,-1.0308166653160928,6.0,10.0,180.0,0.542501416683263,-4.552686132808724,-0.0742241981515201,-3.306852661622854,-654.5949147134756,-373.8854965477682,167.29324596131394,753.8467092306656,577.7250000000001,0.542501416683263,0.6533913612365723,0.5553432703018188,0.608845591545105,0.5159804224967957,0.5339637994766235,0.5378036499023438,0.5310686230659485,0.7556624412536621,0.6404175758361816,0.5313360691070557,0.5614784359931946,0.5481950044631958,0.6127538681030273,0.6328158378601074,0.7316528558731079,0.615484356880188,-1.443230152130127,0.5673618316650391,0.5614949464797974,0.5859304666519165,0.6439222097396851,0.7739771008491516,0.5838413834571838,0.5805588960647583,0.7287073135375977,0.8232151865959167,0.6479393839836121,0.8049912452697754,0.8330917954444885,0.708030104637146,0.2683011293411255,0.5460599064826965,0.5539471507072449,0.18904562294483185,-0.2500915229320526,0.38117876648902893,0.5426018834114075,0.3257884383201599,0.7339193820953369,-0.6768369674682617
5987.0,119.73900000000005,26.351977372580684,256.2492305102792,386.5459822534342,600003.1703791436,26.351975000000014,256.124569,386.5459900000001,600098.7794840002,-7.749386137431424e-05,-9.595394466506418,0.0002573837531425,19200.000000000007,-2.3725431095850145e-06,0.0001380880855307,7.745457673216861e-06,0.0,0.006318923523303,-2.499041016043217,-9.570578885835191,3.47437264507751,-0.0039285862938092,0.0008476070058587,19199.84342088126,-34.296819398438615,0.002,3.3533530897222827,-1.7110857308452916,-1.0466191098963578,6.0,10.0,180.0,0.5449481970643173,-4.55006703025655,-0.0737221563058728,-3.2750784297241373,-654.0839573567378,-373.2837482738841,167.12012298065696,753.1048546153329,577.7250000000001,0.5449481970643173,0.6491076350212097,0.5798050165176392,0.6327598094940186,0.5348054766654968,0.5634791254997253,0.5557543039321899,0.5599853992462158,0.7790864706039429,0.6746243238449097,0.5559642314910889,0.5872789621353149,0.5728045701980591,0.6364404559135437,0.6565384864807129,0.7151105403900146,0.6339763402938843,-1.566535234451294,0.6393567323684692,0.5879659652709961,0.631009578704834,0.6562578082084656,0.8036762475967407,0.5840548276901245,0.5839685201644897,0.7373902201652527,0.8276109099388123,0.6504496932029724,0.8114796876907349,0.8445576429367065,0.715216875076294,0.24716068804264069,0.5623660087585449,0.5809844732284546,0.22783903777599335,-0.23441419005393982,0.3737965524196625,0.559643566608429,0.3505539894104004,0.6905410885810852,-0.6922476887702942
5988.0,119.75900000000004,26.351927727254868,256.0575567791505,386.5459746984292,600387.171544748,26.351975000000014,255.9325690000001,386.5459900000001,600482.7794840002,0.0015746634327094,-9.60626565660268,0.0005097625535498,19200.000000000007,4.727300983721227e-05,-0.0001879774994278,1.5402229943769357e-05,0.0,-0.0022149134997868,-3.356923230004516,-9.62571918805026,-0.3687495637366051,-0.0036682334913332,1.7688512270749726,19200.03228038988,-47.25382210716952,0.002,3.321962785096176,-1.7418522893456112,-1.0236035124710523,6.0,10.0,180.0,0.5385497772502987,-4.525666901151836,-0.0737046707556722,-3.25819799544672,-654.6269786783689,-373.5788741369421,167.26456149032848,753.7224273076665,577.7250000000001,0.5385497772502987,0.6518363952636719,0.5841717720031738,0.6346167325973511,0.5441147089004517,0.5644720196723938,0.5631479024887085,0.5545591711997986,0.7824140787124634,0.6690945625305176,0.5623511075973511,0.5883777141571045,0.5737731456756592,0.6386960744857788,0.6598730683326721,0.750159740447998,0.6412401795387268,-1.4504499435424805,0.6149842739105225,0.5902656316757202,0.615829586982727,0.6529826521873474,0.8034237027168274,0.595447301864624,0.5815304517745972,0.7410850524902344,0.8383567929267883,0.6510794758796692,0.8091861605644226,0.8475732803344727,0.7136569023132324,0.3274880647659302,0.5633617043495178,0.5821836590766907,0.2121189385652542,-0.21968582272529602,0.3832317292690277,0.5615814924240112,0.35153496265411377,0.73827064037323,-0.7309564352035522
5989.0,119.77900000000004,26.35180769318212,255.86466392245285,386.5459839064988,600771.1699463904,26.351975000000014,255.7405690000001,386.5459900000001,600866.7794840003,0.0055730850699937,-9.576507785703514,0.0002106883463403,19200.000000000007,0.0001673066134771,0.0007046781154524,6.094977498397302e-06,0.0,-0.0070772305615194,0.7303110484194815,-9.658703696112363,11.301473579805206,0.002925612571919,-0.2510743986779003,19199.72481054071,8.50583705509931,0.002,3.31390290816502,-1.7280021579666789,-1.0537517414584894,6.0,10.0,180.0,0.5233834920086334,-4.507220394961956,-0.0751633523022475,-3.285397255908032,-655.3724893391845,-374.09493706847104,167.47578074516423,754.6257136538333,577.7250000000001,0.5233834920086334,0.6461013555526733,0.5739411115646362,0.6272509098052979,0.5216376185417175,0.5588958263397217,0.5423353910446167,0.562585711479187,0.7742778062820435,0.6730273962020874,0.5522634983062744,0.5762181878089905,0.5660504102706909,0.6242986917495728,0.6413489580154419,0.6432893872261047,0.6096504330635071,-1.7010571956634521,0.6882569789886475,0.575901985168457,0.6535001397132874,0.6539085507392883,0.8046733736991882,0.564615786075592,0.5930989980697632,0.7327538728713989,0.8072100281715393,0.6499025225639343,0.819401741027832,0.8409799337387085,0.7224595546722412,0.13072051107883453,0.5591524243354797,0.5747928023338318,0.2495395690202713,-0.3144899606704712,0.35005679726600647,0.5515619516372681,0.33618271350860596,0.5941181778907776,-0.6424546241760254
5990.0,119.79900000000002,26.35196101615395,255.6727490809373,386.5459395184597,601155.170932161,26.351975000000014,255.5485690000001,386.5459900000001,601250.7794840003,0.0004646955247313,-9.579341962948345,0.0016812416060326,19200.000000000007,1.3982528242701228e-05,0.0006197146589456,5.0482084132334544e-05,0.0,0.0029330700938973,-3.175271754567232,-9.574697688548673,-8.913700742070027,-0.0060860309575799,5.319191811559501,19199.87984994665,4.31799335705982,0.002,3.1889486241993543,-1.775972944484525,-1.0583205966437117,6.0,10.0,180.0,0.5239166806368754,-4.544118146045658,-0.0742110075564092,-3.270548178751786,-654.5857446695923,-373.3384685342355,167.2283903725821,753.5673568269167,577.7250000000001,0.5239166806368754,0.6547487378120422,0.5731545090675354,0.6218042373657227,0.5471163988113403,0.5459609031677246,0.5562555193901062,0.5209122896194458,0.7706522345542908,0.6412259936332703,0.5528320074081421,0.5774476528167725,0.5632411241531372,0.6310800313949585,0.6548027396202087,0.8184806108474731,0.6450260877609253,-1.0912127494812012,0.5412803292274475,0.5810272097587585,0.5667037963867188,0.6340716481208801,0.7826429009437561,0.6039361357688904,0.571945071220398,0.734488844871521,0.8470879197120667,0.6481980681419373,0.7953116297721863,0.8453022241592407,0.7062679529190063,0.32164013385772705,0.5568349957466125,0.5728258490562439,0.16538570821285248,-0.20660516619682312,0.4006410539150238,0.5549522638320923,0.3435136079788208,0.8399190902709961,-0.7844098806381226
5991.0,119.81900000000005,26.351776432175352,255.48081336643835,386.5459786446447,601539.1686286659,26.351975000000014,255.3565690000001,386.5459900000001,601634.7794840002,0.0066220539677792,-9.581486505296514,0.0003857792628032,19200.000000000007,0.0001985667163717,0.0005552278886377,1.135511339707668e-05,0.0,-0.017092450857109,-0.431126895454743,-9.582515059767056,5.425346125078414,0.0007262786596798,-1.7743632223613406,19199.68996885617,-4.231871401043816,0.002,3.34369253882464,-1.7907018583613667,-1.0357684211719371,6.0,10.0,180.0,0.5024625354537887,-4.546252682848537,-0.071305638933216,-3.2961252027997467,-654.6708723347961,-372.40223426711776,167.13819518629106,753.1786784134583,577.7250000000001,0.5024625354537887,0.6496899127960205,0.5749586820602417,0.627504825592041,0.524838387966156,0.558228611946106,0.5494301319122314,0.5610179901123047,0.7714613676071167,0.670407772064209,0.54765784740448,0.5808095335960388,0.5671885013580322,0.6289567351341248,0.6477342844009399,0.6871525049209595,0.6221948266029358,-1.6475898027420044,0.6439419388771057,0.5799615383148193,0.6357418298721313,0.6560076475143433,0.7976078987121582,0.5766334533691406,0.5879042148590088,0.7362695932388306,0.8176613450050354,0.6506790518760681,0.8143144249916077,0.8424755930900574,0.7171169519424438,0.21882666647434235,0.5605529546737671,0.5740270614624023,0.23503293097019196,-0.25022372603416443,0.37031692266464233,0.5563305020332336,0.34463047981262207,0.659466564655304,-0.6452810764312744
5992.0,119.83900000000004,26.35178983216053,255.28910796777177,386.5459930949439,601923.1647671084,26.351975000000014,255.1645690000001,386.5459900000001,602018.7794840002,0.0061709976747143,-9.591314126661231,-0.0001369375394186,19200.000000000007,0.0001852684985254,0.0002605326473821,-3.095057977982676e-06,0.0,0.0119752945004955,0.8569292173846685,-9.61207914210098,-3.1682886553346137,0.0107233380328303,3.599942325292715,19200.47888164355,145.93448826673523,0.002,3.414289770644641,-1.8101270104862024,-1.035723504698418,6.0,10.0,180.0,0.4814576033613054,-4.513760976611738,-0.0732453181744214,-3.324750750930173,-654.4864361673981,-373.3996171335589,167.21559759314553,753.5123392067292,577.7250000000001,0.4814576033613054,0.6518305540084839,0.5555256605148315,0.607013463973999,0.5229192972183228,0.5299214124679565,0.5328666567802429,0.5235610008239746,0.7564839124679565,0.6388516426086426,0.5344966650009155,0.5590640306472778,0.5480461120605469,0.612119734287262,0.6329495906829834,0.7513417601585388,0.6168273687362671,-1.4313526153564453,0.5643476247787476,0.5609493851661682,0.5741819143295288,0.640891969203949,0.7749506831169128,0.5836811065673828,0.5761319398880005,0.7283676862716675,0.8250178694725037,0.6448526978492737,0.8034358620643616,0.8303359746932983,0.7045589685440063,0.2965437173843384,0.5462604761123657,0.5568491816520691,0.17581258714199066,-0.26066863536834717,0.3805359899997711,0.5405935049057007,0.32277023792266846,0.7524369359016418,-0.7159020900726318
5993.0,119.85900000000004,26.35215319625396,255.0969949705314,386.5459793233677,602307.1721049532,26.351975000000014,254.97256900000008,386.5459900000001,602402.7794840003,-0.0059438839454046,-9.587541401469943,0.0003532108072685,19200.000000000007,-0.0001781947777658,0.0003738352851767,1.0676673624587743e-05,0.0,0.0009637567796197,-0.9811583427781934,-9.58542910919737,4.1501701262159205,0.0112602629368906,0.5560531959541948,19199.912443419675,-85.85059930972768,0.002,3.451888459196853,-1.7563851277844384,-1.051052920048204,6.0,10.0,180.0,0.5117263426720078,-4.483961418473979,-0.0732278149381033,-3.2796518364824805,-654.304218083699,-373.0963085667794,167.14329879657276,753.2036696033646,577.7250000000001,0.5117263426720078,0.6487982869148254,0.5745998620986938,0.6261532306671143,0.5290161967277527,0.5553176403045654,0.5472751259803772,0.5558616518974304,0.7729412913322449,0.6701003909111023,0.5499520301818848,0.5791405439376831,0.5663771033287048,0.6287767887115479,0.6482398509979248,0.7046124935150146,0.624675989151001,-1.6106441020965576,0.6369601488113403,0.5797388553619385,0.6251021027565002,0.6552364230155945,0.7984647154808044,0.5788794755935669,0.5842637419700623,0.7349605560302734,0.8214827179908752,0.6487702131271362,0.8120390176773071,0.8415451645851135,0.7143992185592651,0.24352969229221344,0.5587345361709595,0.5750169157981873,0.22317872941493988,-0.25576743483543396,0.36971965432167053,0.5540765523910522,0.34208041429519653,0.6784504055976868,-0.6819127798080444
5994.0,119.87900000000002,26.35210952222967,254.9049326644848,386.546011479887,602691.1698919239,26.351975000000014,254.78056900000007,386.5459900000001,602786.7794840003,-0.0044831700815999,-9.58546118184235,-0.0007169788072148,19200.000000000007,-0.0001345216858643,0.0004362389655238,-2.147987947212718e-05,0.0,0.0024518993644756,2.017815199965088,-9.62012586092502,2.5684137415055206,0.0014525111258771,-2.993274313188092,19200.033152447424,85.8073058668789,0.002,3.4763717648605845,-1.7094659005261128,-1.047218234990306,6.0,10.0,180.0,0.5175720703353042,-4.544393069217918,-0.0756873442525073,-3.284830527284501,-654.5826090418495,-373.5541542833897,167.2526493982864,753.6718348016823,570.3000000000001,0.5175720703353042,0.649462103843689,0.5556268095970154,0.6072818040847778,0.5079595446586609,0.5381932258605957,0.5363800525665283,0.5458330512046814,0.7544652223587036,0.643880307674408,0.5313447713851929,0.5623749494552612,0.5480865240097046,0.6109477281570435,0.6285057067871094,0.6693620085716248,0.6036636233329773,-1.722411036491394,0.6097766160964966,0.5598533749580383,0.6070451736450195,0.6504227519035339,0.7735121846199036,0.5712552666664124,0.5871015191078186,0.7197173833847046,0.8098949790000916,0.6491939425468445,0.8112313747406006,0.831481397151947,0.7083925008773804,0.21935679018497467,0.5467727184295654,0.553439736366272,0.21170027554035187,-0.2873770594596863,0.37315091490745544,0.5434842705726624,0.32436174154281616,0.6864269375801086,-0.6518637537956238
5995.0,119.89900000000004,26.352097659454508,254.71287894210795,386.5460018813631,603075.1704816166,26.351975000000014,254.5885690000001,386.5459900000001,603170.7794840002,-0.0040872429636823,-9.583666020924062,-0.0003946449536838,19200.000000000007,-0.0001226596965845,0.0004899574742735,-1.1881404784768367e-05,0.0,-0.0080659658203594,0.3755119756933006,-9.584725764669914,0.3631361922330945,0.0039147730052119,-1.5875684855719283,19200.18825196081,-17.17975587472753,0.002,3.4218808108327496,-1.7332937281424488,-1.0324978335267556,6.0,10.0,180.0,0.5346703323901628,-4.519466474427956,-0.0732661722296763,-3.288413185788046,-654.5173045209248,-372.8510771416949,167.15832469914318,753.2669174008411,570.3000000000001,0.5346703323901628,0.6503327488899231,0.5636226534843445,0.6135861873626709,0.5198017954826355,0.5445032119750977,0.5440027117729187,0.5462949275970459,0.7599354982376099,0.6500558853149414,0.5394041538238525,0.5704789161682129,0.5553901195526123,0.6195015907287598,0.6384178400039673,0.7008478045463562,0.6159576177597046,-1.6335511207580566,0.6025804281234741,0.5688472390174866,0.6031687259674072,0.6485632061958313,0.777245819568634,0.5807642340660095,0.5836780667304993,0.7233785390853882,0.8192596435546875,0.6494755148887634,0.808864414691925,0.8343617916107178,0.7066723108291626,0.2552766799926758,0.552444577217102,0.5621106624603271,0.20643459260463715,-0.2644353210926056,0.3819330632686615,0.5499874949455261,0.33382493257522583,0.7242977023124695,-0.6834080219268799
5996.0,119.91900000000004,26.352103444204594,254.5207245580997,386.5460049753017,603459.1695551178,26.351975000000014,254.39656900000008,386.5459900000001,603554.7794840003,-0.0042821033431486,-9.578527348291487,-0.0004984564065087,19200.000000000007,-0.0001284443194867,0.0006442427120597,-1.4975265028512169e-05,0.0,-0.0038823224422439,-1.105663163186481,-9.585202815876292,2.9878968644818578,0.0029176815871434,-2.2003459902359808,19200.050666933057,77.28852009495252,0.002,3.4215776893265706,-1.7250619029006091,-1.0411801971780112,6.0,10.0,180.0,0.5429982726118563,-4.543948987270622,-0.0737402659294011,-3.296618878314482,-654.4101522604624,-372.6515385708474,167.1136623495716,753.0749587004206,577.7250000000001,0.5429982726118563,0.650904655456543,0.574746310710907,0.6274431347846985,0.525974690914154,0.557974636554718,0.5531330108642578,0.5580309629440308,0.7714139223098755,0.6677000522613525,0.547198474407196,0.5816537737846375,0.5666173696517944,0.6301411986351013,0.6494747400283813,0.7037789821624756,0.6269890069961548,-1.5795352458953857,0.6259544491767883,0.5809956192970276,0.6278566718101501,0.6553328633308411,0.7958965301513672,0.5827150940895081,0.5861997604370117,0.7373815774917603,0.8234094977378845,0.6514094471931458,0.8121168613433838,0.841910183429718,0.7156311273574829,0.241179957985878,0.5592483282089233,0.5725857615470886,0.22779355943202972,-0.22923478484153748,0.376056045293808,0.5567554831504822,0.34581297636032104,0.6837606430053711,-0.6570619940757751
5997.0,119.93900000000004,26.35194260624885,254.3291836936937,386.54601095472367,603843.1713197473,26.351975000000014,254.20456900000005,386.5459900000001,603938.7794840003,0.0010836883118221,-9.593831374440107,-0.0006956314217561,19200.000000000007,3.239379023446616e-05,0.0001851078786439,-2.0954457956259336e-05,0.0,-0.0010053261902286,3.5994932921149925,-9.567128743401156,-4.025384712368706,-0.0014756421698625,-1.6505501703892094,19200.18723232796,-60.06637637558636,0.002,3.469899800574403,-1.7348710173598345,-1.04982495295237,6.0,10.0,180.0,0.5346770170628885,-4.4892716283148975,-0.0746934465601049,-3.2838246185614848,-654.0915761302313,-372.3572692854237,167.0148311747858,752.6524793502103,577.7250000000001,0.5346770170628885,0.6544787883758545,0.5373545289039612,0.5939114093780518,0.499737024307251,0.5159436464309692,0.5227961540222168,0.5149167776107788,0.7369731664657593,0.6220808029174805,0.5103575587272644,0.5473288893699646,0.5344674587249756,0.5988389849662781,0.6185241341590881,0.726127028465271,0.6023242473602295,-1.4577659368515015,0.5339674949645996,0.5459296703338623,0.5681695938110352,0.6351470351219177,0.7545362710952759,0.5757034420967102,0.5788531303405762,0.7207766771316528,0.813835084438324,0.645959734916687,0.7998359203338623,0.8236150145530701,0.7035999298095703,0.2216034084558487,0.5378758311271667,0.538447380065918,0.17607514560222626,-0.2427729368209839,0.38458338379859924,0.5333717465400696,0.3138941526412964,0.7373320460319519,-0.6323662400245667
5998.0,119.95900000000005,26.351970814689007,254.1369894218007,386.5460157236165,604227.1713750365,26.351975000000014,254.01256900000013,386.5459900000001,604322.7794840003,0.0001415686768186,-9.58735766810118,-0.0008578715838941,19200.000000000007,4.185324244742884e-06,0.0003791769564288,-2.572381893666406e-05,0.0,-0.0019405139237616,2.19396608065293,-9.61938136518648,-1.1628393923145972,-0.0070711593965129,-1.8881135541913303,19199.861162939866,-21.47974697870321,0.002,3.4776268954866003,-1.698611585815752,-1.0414296962396574,6.0,10.0,180.0,0.538545087918547,-4.553266162284352,-0.0756744536532104,-3.2828110469150573,-654.5537880651157,-373.02413464271183,167.1859155873929,753.3842396751052,577.7250000000001,0.538545087918547,0.65366530418396,0.5508549809455872,0.6056851148605347,0.5081254243850708,0.5311014652252197,0.5342861413955688,0.532702624797821,0.7504472732543945,0.6390822529792786,0.5245215892791748,0.5580829381942749,0.5447949767112732,0.6084873676300049,0.6276986002922058,0.7121447324752808,0.6087229251861572,-1.5205810070037842,0.5693122744560242,0.5569391846656799,0.5901516079902649,0.6453021168708801,0.7705270051956177,0.57867830991745,0.582876443862915,0.7266399264335632,0.8169209361076355,0.6482723951339722,0.8060407042503357,0.8303709030151367,0.7091920971870422,0.25123488903045654,0.5445231199264526,0.5489954948425293,0.19544650614261627,-0.24669566750526428,0.3796049654483795,0.5407410860061646,0.32269012928009033,0.7110607624053955,-0.6400445103645325
5999.0,119.97900000000004,26.352135610927142,253.94523956333245,386.5459686837029,604611.1672347838,26.351975000000014,253.8205690000001,386.5459900000001,604706.7794840003,-0.0053551663793628,-9.595689754291971,0.0007094259918106,19200.000000000007,-0.0001606109287243,0.0001291350842819,2.1314968924537625e-05,0.0,0.0112248667245608,-0.1806751989175183,-9.578142149206602,-4.519824515506407,-0.0007431098620423,1.5878740786182182,19199.84439393862,17.15851944141688,0.002,3.439746191250368,-1.6704571487961848,-1.049240379001458,6.0,10.0,180.0,0.5556451692793488,-4.488871291435709,-0.0732513910852423,-3.322814128584428,-654.0553940325578,-373.143067321356,167.09795779369645,753.0101198375526,577.7250000000001,0.5556451692793488,0.6531345844268799,0.5584890842437744,0.6111042499542236,0.5239946842193604,0.5353057384490967,0.5401839017868042,0.5259207487106323,0.7578653693199158,0.6390712261199951,0.5348398685455322,0.5653629899024963,0.5518097281455994,0.617556095123291,0.6388443112373352,0.7596554160118103,0.6242315769195557,-1.345205545425415,0.5562562942504883,0.5665028095245361,0.5776255130767822,0.639930784702301,0.7746281027793884,0.588507890701294,0.5763397812843323,0.7293910980224609,0.829339861869812,0.6471112370491028,0.8010445237159729,0.8356454372406006,0.7052485942840576,0.27922409772872925,0.5484732985496521,0.5588945746421814,0.17996390163898468,-0.22902947664260864,0.3874454200267792,0.5453518033027649,0.33051174879074097,0.7665910124778748,-0.7070823907852173
6000.0,119.99900000000002,26.351958901009706,253.7534865015025,386.54599589834055,604995.16748282,26.351975000000014,253.62856900000008,386.5459900000001,605090.7794840002,0.0005335105749521,-9.603922662026593,-0.00023149350655,19200.000000000007,1.609898919156516e-05,-0.0001175006304974,-5.8994971756214855e-06,0.0,0.0038946113174582,1.831155140845325,-9.5890902641869,-3.231233906383593,-0.0092504323878034,-1.0307710908901326,19200.239607833144,-51.53568592372395,0.002,3.3402584528269648,-1.6616780890600054,-1.02637994572737,6.0,10.0,180.0,0.5463900810616011,-4.504918936963237,-0.0747200947995,-3.317673721284925,-654.072197016279,-373.125033660678,167.0994788968482,753.0155599187763,577.7250000000001,0.5463900810616011,0.653821587562561,0.5484300851821899,0.6035528779029846,0.5094380378723145,0.5275660753250122,0.5326471328735352,0.5247231125831604,0.7483553886413574,0.6333943605422974,0.5225449204444885,0.5569473505020142,0.5434238314628601,0.6082017421722412,0.6282589435577393,0.7309249043464661,0.6116256713867188,-1.4362359046936035,0.5526815056800842,0.5563223361968994,0.5794099569320679,0.6404425501823425,0.7661191821098328,0.5811137557029724,0.5794917345046997,0.7256201505661011,0.8200488686561584,0.647382915019989,0.802377462387085,0.8299326300621033,0.7060473561286926,0.24693645536899567,0.5429866909980774,0.5480839610099792,0.18459908664226532,-0.23812878131866455,0.383659690618515,0.5396227240562439,0.322304368019104,0.7368921637535095,-0.6569505929946899
6001.0,120.01900000000003,26.3519257277662,253.5618673120958,386.5459737601725,605379.1714310942,26.351975000000014,253.4365690000001,386.5459900000001,605474.7794840003,0.0016394309813484,-9.616615012492248,0.00054643665242,19200.000000000007,4.927223370379312e-05,-0.0004984112162902,1.6340577178749262e-05,0.0,-0.0109734050111271,-1.1626841172858913,-9.605946913695444,-6.288124042226268,-0.0014799056786898,1.331342104233426,19200.119656572868,4.297143672637469,0.002,3.358999789740095,-1.7471603917584224,-1.0228817376758856,6.0,10.0,180.0,0.5478635616895492,-4.5067331494433,-0.0703134027744294,-3.290989080545484,-654.5630985081395,-372.880016830339,167.1712394484241,753.3207799593881,577.7250000000001,0.5478635616895492,0.6556519865989685,0.5665485858917236,0.6174138784408569,0.5319819450378418,0.5426688194274902,0.5507336854934692,0.5272736549377441,0.7631305456161499,0.6407934427261353,0.5421544313430786,0.5717462301254272,0.5570594072341919,0.6235605478286743,0.6453753709793091,0.7771084904670715,0.632233738899231,-1.245905876159668,0.5489627122879028,0.5729543566703796,0.5784943699836731,0.6389791965484619,0.7782520055770874,0.5965818166732788,0.577698826789856,0.7333992123603821,0.8368695378303528,0.6495530009269714,0.8011652231216431,0.8423517942428589,0.7068707942962646,0.3039061427116394,0.5531113147735596,0.5634692311286926,0.18015706539154053,-0.20718169212341309,0.3955531716346741,0.5514022707939148,0.3376696705818176,0.7911149859428406,-0.7176920175552368
6002.0,120.03900000000006,26.35182997687172,253.36955469981584,386.5460147590856,605763.1741492763,26.351975000000014,253.2445690000001,386.5459900000001,605858.7794840002,0.0048630640998606,-9.606194492676895,-0.000824451680084,19200.000000000007,0.0001450231282965,-0.0001859007604192,-2.4757349899042283e-05,0.0,0.0190534316804636,-1.093767519055732,-9.59862258718803,8.056964974648096,-0.0036537998251695,-0.0003368851099997,19200.032856477057,-72.8872787541433,0.002,3.344025524689708,-1.7930389377733236,-1.043689465912501,6.0,10.0,180.0,0.5239390644086113,-4.530149592548737,-0.0732384258346471,-3.2705069781838376,-654.1425492540698,-373.6670084151695,167.17661972421206,753.3463899796941,577.7250000000001,0.5239390644086113,0.6460399031639099,0.5750346183776855,0.6295199394226074,0.5270159840583801,0.5606703758239746,0.5468685030937195,0.5633482933044434,0.7779408693313599,0.6760586500167847,0.5530078411102295,0.5816969871520996,0.5694579482078552,0.6304926872253418,0.6490539908409119,0.6752340197563171,0.621772825717926,-1.6605026721954346,0.668947696685791,0.5821523666381836,0.6437615752220154,0.6552291512489319,0.8048861622810364,0.57127445936203,0.5877143740653992,0.7334331274032593,0.8160531520843506,0.6491616368293762,0.8146696090698242,0.842872142791748,0.7183611392974854,0.1675904542207718,0.5597043037414551,0.5781764388084412,0.24001498520374298,-0.27122071385383606,0.35905107855796814,0.5545404553413391,0.3426823616027832,0.6333494782447815,-0.6689766049385071
6003.0,120.05900000000004,26.35189155709945,253.1777040343821,386.545977657986,606147.1744174974,26.351975000000014,253.0525690000001,386.5459900000001,606242.7794840003,0.0027818882983409,-9.61117623303459,0.0004124077881839,19200.000000000007,8.344290056607093e-05,-0.0003352357277106,1.234213314891512e-05,0.0,-0.0065723432959383,-1.650485973604385,-9.642607629453328,-5.549066186237712,2.553520176265533e-06,2.31866834682784,19199.82610953178,-12.886182490853718,0.002,3.372012738733615,-1.7125532818307243,-1.0422645795443473,6.0,10.0,180.0,0.5239207150150718,-4.485783675881008,-0.0756879248947871,-3.2581989419551456,-654.9352746270349,-373.8960042075847,167.36380986210602,754.1481949898471,577.7250000000001,0.5239207150150718,0.6551234722137451,0.5708714723587036,0.6205312609672546,0.5361304879188538,0.5464150905609131,0.5535796284675598,0.531396746635437,0.7686875462532043,0.6456201076507568,0.5485862493515015,0.5737242102622986,0.5595210194587708,0.6257579922676086,0.6475282907485962,0.7760963439941406,0.6337943077087402,-1.2640230655670166,0.5601502656936646,0.5755836963653564,0.5824413299560547,0.641909658908844,0.7840219140052795,0.5979707837104797,0.5783127546310425,0.7356207370758057,0.8389157652854919,0.649753987789154,0.8030716180801392,0.8446649312973022,0.708220362663269,0.3255199193954468,0.5541547536849976,0.5667738318443298,0.18218961358070374,-0.22173207998275757,0.3920991122722626,0.5522940754890442,0.33831679821014404,0.7868099212646484,-0.7358049154281616
6004.0,120.07900000000004,26.352012671859463,252.9850586282949,386.54597163474574,606531.172760051,26.351975000000014,252.86056900000008,386.5459900000001,606626.7794840003,-0.0012522842067164,-9.58966569690192,0.0005491348215227,19200.000000000007,-3.767185944972786e-05,0.0003101705283007,1.836357043908212e-05,0.0,0.0102530752036606,-2.681144014879115,-9.606462459232173,4.086858173788511,-0.0046422364490476,-0.7250170296918604,19199.792854163246,-42.99907413607499,0.002,3.3675287628289854,-1.7233059677995872,-1.0297854869912364,6.0,10.0,180.0,0.5268400309294184,-4.500092886935214,-0.0756874253664151,-3.282250236903652,-654.5911373135175,-374.0025021037924,167.306404931053,753.9020974949235,577.7250000000001,0.5268400309294184,0.6494541168212891,0.5815833806991577,0.6351324319839478,0.5350796580314636,0.5671840906143188,0.5597989559173584,0.5641835927963257,0.7823365926742554,0.6777821779251099,0.5590865612030029,0.5890108346939087,0.5740177035331726,0.6376736164093018,0.6573683023452759,0.7075992822647095,0.6342781782150269,-1.5661410093307495,0.6460967063903809,0.5894603729248047,0.6373381614685059,0.6578758358955383,0.8060693144798279,0.5847017168998718,0.586380124092102,0.7385658621788025,0.8284116387367249,0.6518964767456055,0.8135634064674377,0.8470558524131775,0.717586874961853,0.23917372524738312,0.5629104971885681,0.5815592408180237,0.23349256813526154,-0.2395096719264984,0.3721221089363098,0.5607967376708984,0.3515627384185791,0.6815827488899231,-0.6899469494819641
6005.0,120.09900000000002,26.35195514805424,252.79308412911183,386.5459658077679,606915.1737542916,26.351975000000014,252.66856900000008,386.5459900000001,607010.7794840002,0.0006657783651012,-9.59051209172882,0.0008131488093019,19200.000000000007,1.9851945775278552e-05,0.000284670362395,2.429130424696568e-05,0.0,-0.0061362027790908,-1.5308555836103,-9.613766489173122,0.8488930054741427,0.0002529740346087,2.43213702002638,19199.93120263524,38.62286969047725,0.002,3.396542302495994,-1.6981477571954784,-1.049555061967504,6.0,10.0,180.0,0.5244146360322545,-4.549962156453828,-0.0742072827265136,-3.2679022698610467,-654.8195686567587,-373.6122510518962,167.30770246552652,753.9070487474618,577.7250000000001,0.5244146360322545,0.6508685350418091,0.5760847330093384,0.6260323524475098,0.5357296466827393,0.5540370941162109,0.5504746437072754,0.5497370958328247,0.7745202779769897,0.6636723279953003,0.5537617802619934,0.5787806510925293,0.5661547183990479,0.6295895576477051,0.6501517295837402,0.7352691888809204,0.6297634840011597,-1.5190402269363403,0.6149769425392151,0.5803550481796265,0.6098700761795044,0.6519752144813538,0.7972089052200317,0.5874180793762207,0.5812849998474121,0.7364415526390076,0.8296844363212585,0.6485771536827087,0.8097733855247498,0.8426311016082764,0.7120472192764282,0.30584716796875,0.5588010549545288,0.5753593444824219,0.20753540098667145,-0.252585232257843,0.3771887719631195,0.5546355843544006,0.34189045429229736,0.7215098738670349,-0.7156641483306885
6006.0,120.11900000000004,26.352008853451046,252.60102814474067,386.5459804019041,607299.1757052994,26.351975000000014,252.47656900000007,386.5459900000001,607394.7794840002,-0.0011314372742875,-9.588643764870644,0.0003218608787942,19200.000000000007,-3.385345103742152e-05,0.0003405566840898,9.599107335921022e-06,0.0,-0.0029278967105401,-0.7885727542485098,-9.592008209908364,4.757372857504093,0.0019388655185571,2.569291329453917,19200.10239295089,34.37664984036373,0.002,3.3797580930573945,-1.7174507528581422,-1.0427240165501552,6.0,10.0,180.0,0.5283190997933009,-4.547167323911127,-0.0751809400624499,-3.260748243757156,-654.6207843283794,-373.17412552594806,167.21685123276325,753.5170243737309,570.3000000000001,0.5283190997933009,0.6458213925361633,0.5744689702987671,0.6223647594451904,0.5328943729400635,0.5541607141494751,0.544153094291687,0.5551831722259521,0.7731931209564209,0.6663622260093689,0.5553410649299622,0.577651858329773,0.5656722187995911,0.6273449659347534,0.6463467478752136,0.69279545545578,0.619583010673523,-1.7066810131072998,0.6511316299438477,0.5780837535858154,0.6193951964378357,0.6535845398902893,0.7953711152076721,0.5751511454582214,0.5833464860916138,0.7271698713302612,0.818198025226593,0.6470627784729004,0.8124794960021973,0.8383288383483887,0.7091221809387207,0.2518356442451477,0.5591946840286255,0.5770699977874756,0.21740315854549408,-0.30059459805488586,0.36946284770965576,0.5537444949150085,0.33822906017303467,0.6952154636383057,-0.7241935729980469
6007.0,120.13900000000004,26.35197652462947,252.40919291075284,386.5459758218243,607683.1735518093,26.351975000000014,252.2845690000001,386.5459900000001,607778.7794840003,-5.295233490576431e-05,-9.594140390289354,0.0004766931001021,19200.000000000007,-1.5246294583894153e-06,0.0001756914707937,1.4179577595313664e-05,0.0,-0.0082882011161485,-0.2501869467475925,-9.613531771120323,0.6821740635008041,0.0080680212603713,1.649573030326566,19200.04996253822,94.46142437349144,0.002,3.3922650564388523,-1.6952399935908409,-1.0516090306312111,6.0,10.0,180.0,0.5258851369816309,-4.51024130038643,-0.0727614324330084,-3.2689430774462886,-654.8728921641897,-373.11956276297406,167.26192561638163,753.7090121868655,570.3000000000001,0.5258851369816309,0.6492436528205872,0.5693432092666626,0.6166771650314331,0.5294047594070435,0.5470325946807861,0.5447220802307129,0.5458812713623047,0.766432523727417,0.6548221707344055,0.5485699772834778,0.5721884369850159,0.5590342283248901,0.6223690509796143,0.6417792439460754,0.7130805850028992,0.6190899610519409,-1.6284148693084717,0.612975001335144,0.5722399950027466,0.6010925769805908,0.6492127180099487,0.7844157814979553,0.5819517970085144,0.5818169116973877,0.7264054417610168,0.8227024674415588,0.6478808522224426,0.8095654249191284,0.8363943696022034,0.7062360644340515,0.2926909923553467,0.5550952553749084,0.5685243606567383,0.20170418918132782,-0.2811298966407776,0.3794092535972595,0.5510385036468506,0.3341125249862671,0.7322455048561096,-0.7223137617111206
6008.0,120.15900000000006,26.35195695229607,252.2169636972028,386.5459787130592,608067.1752602973,26.351975000000014,252.09256900000003,386.5459900000001,608162.7794840002,0.0006024657546908,-9.586507675100115,0.0003790528024806,19200.000000000007,1.80477039424934e-05,0.0004050037880331,1.1287250298732296e-05,0.0,-0.0048760880786608,0.1822993955972318,-9.641859225068174,-11.16336085083542,0.0114594057944929,-0.1192821581846288,19199.946395707,-47.20166858966082,0.002,3.403792426392265,-1.7190978116161617,-1.039595639063157,6.0,10.0,180.0,0.5224921270415621,-4.489156755844524,-0.0742431384243304,-3.278686768370278,-655.2584460820949,-373.666781381487,167.4034628081908,754.3150060934328,570.3000000000001,0.5224921270415621,0.6578229069709778,0.5545720458030701,0.6029551029205322,0.5236204266548157,0.5294845104217529,0.5480977892875671,0.5085338950157166,0.7501279711723328,0.6158075332641602,0.5327534079551697,0.5600559711456299,0.5432497262954712,0.6119652986526489,0.6332289576530457,0.7804657816886902,0.6228563785552979,-1.1354835033416748,0.5048245191574097,0.5597107410430908,0.5512096881866455,0.6240289807319641,0.7527579665184021,0.5980656743049622,0.5774115324020386,0.7193058729171753,0.8368156552314758,0.6516660451889038,0.7948055267333984,0.8375272750854492,0.7023457884788513,0.2160176783800125,0.5444357395172119,0.5482682585716248,0.1561305969953537,-0.22343257069587708,0.40707162022590637,0.5449262857437134,0.32578492164611816,0.8476880192756653,-0.7382534742355347
6009.0,120.17900000000004,26.351983404026527,252.02423236947385,386.5460204376613,608451.1742923768,26.351975000000014,251.90056900000008,386.5459900000001,608546.7794840003,-0.0002800437625809,-9.56211830967016,-0.001014870965181,19200.000000000007,-8.404026518391913e-06,0.0011363297636794,-3.0437928887716223e-05,0.0,-0.0009866037386085,2.206293512838127,-9.57715222888075,15.18855491528437,0.0075829793603613,-3.356076140533246,19200.118733885047,81.47257174507915,0.002,3.389007690811844,-1.678563795470562,-1.044412373206315,6.0,10.0,180.0,0.5254053274249632,-4.587352631304068,-0.0722789938381824,-3.267908734296886,-654.6317230410475,-373.0278906907435,167.2022314040954,753.4540030467164,577.7250000000001,0.5254053274249632,0.6453728079795837,0.5671967267990112,0.6226381659507751,0.5073207020759583,0.5549825429916382,0.5327301621437073,0.5581920146942139,0.7625156044960022,0.6667801141738892,0.53990638256073,0.5728700160980225,0.562462568283081,0.6193399429321289,0.6350164413452148,0.6010701656341553,0.599271833896637,-1.7470382452011108,0.7064603567123413,0.5707026720046997,0.6686433553695679,0.6525514721870422,0.8010073900222778,0.5518667101860046,0.5961014628410339,0.728140115737915,0.7926961779594421,0.6509408950805664,0.819912314414978,0.8389241695404053,0.7242414951324463,0.0003945976495742798,0.5570535659790039,0.5697799921035767,0.26696154475212097,-0.32413583993911743,0.3415544331073761,0.5484391450881958,0.33407062292099,0.5409470200538635,-0.5814267992973328
6010.0,120.19900000000004,26.35198564260903,251.8327763260628,386.5460058052026,608835.1772806799,26.351975000000014,251.70856900000007,386.5459900000001,608930.7794840002,-0.0003496998815219,-9.580254912921657,-0.0005255509746123,19200.000000000007,-1.064260901940184e-05,0.000592271580452,-1.580527126656769e-05,0.0,-0.0010011976312633,0.299579556685153,-9.553004004259751,0.9125666630608172,0.0002218525228468,-2.387571194235533,19200.206085504647,-55.8314933341768,0.002,3.3535378020731943,-1.7078079320207262,-1.0342000333448955,6.0,10.0,180.0,0.5273233669422079,-4.522820170332413,-0.0732369395364986,-3.255066997423353,-654.0393615205237,-372.31744534537177,166.99961570204772,752.5875015233582,577.7250000000001,0.5273233669422079,0.6517435312271118,0.562238335609436,0.6168030500411987,0.5166581273078918,0.5446860790252686,0.5428533554077148,0.5465520620346069,0.7596225738525391,0.6535738706588745,0.534127414226532,0.5716018676757812,0.5568910837173462,0.6208915114402771,0.6403965353965759,0.7096877098083496,0.6198078393936157,-1.5539424419403076,0.5978784561157227,0.5704954862594604,0.6096751689910889,0.6502821445465088,0.7829377055168152,0.5802306532859802,0.5835120677947998,0.7304566502571106,0.8196184039115906,0.649497389793396,0.8080522418022156,0.8360753059387207,0.7114806771278381,0.23731078207492828,0.5527232885360718,0.5621542930603027,0.2129056304693222,-0.23026275634765625,0.3790337145328522,0.549781084060669,0.3369658589363098,0.6992737054824829,-0.6443048715591431
6011.0,120.21900000000002,26.351913113703773,251.6412178316908,386.54602255602,609219.1756550166,26.351975000000014,251.5165690000001,386.5459900000001,609314.7794840003,0.0020601429270992,-9.59497196665583,-0.0010807746522982,19200.000000000007,6.188629623402061e-05,0.000150865685548,-3.255597540847971e-05,0.0,-0.0075730526342688,0.7936791220407619,-9.576396617988324,1.593154259544132,-0.0002266283850407,-2.1378681965031974,19199.9308297202,73.05057317400684,0.002,3.368455785814056,-1.6890942839366283,-1.039925257071231,6.0,10.0,180.0,0.5204773785382442,-4.514161487796473,-0.0756748638935733,-3.2694484027939303,-654.1416807602618,-372.1167226726859,166.99730785102386,752.5772507616791,577.7250000000001,0.5204773785382442,0.6516439318656921,0.5617886781692505,0.6159456968307495,0.5157101154327393,0.5436390042304993,0.5411957502365112,0.5474402904510498,0.7591456174850464,0.6541424989700317,0.5337948799133301,0.5696274638175964,0.5557847619056702,0.6189321279525757,0.6381173133850098,0.7034936547279358,0.6165704727172852,-1.5892376899719238,0.6014871001243591,0.5685543417930603,0.6105382442474365,0.6509815454483032,0.7835540175437927,0.578144907951355,0.5842227935791016,0.7307415008544922,0.8175240159034729,0.6492124199867249,0.8090221285820007,0.8355811238288879,0.7120407819747925,0.24408067762851715,0.5523624420166016,0.5610702633857727,0.2137843817472458,-0.2354271411895752,0.37709733843803406,0.5486575961112976,0.3344200849533081,0.6900601387023926,-0.639244794845581
6012.0,120.239,26.351925809738976,251.4498634320003,386.5460126701512,609603.1774929509,26.351975000000014,251.32456900000005,386.5459900000001,609698.7794840002,0.0016402618999336,-9.61648554444675,-0.0007556474048873,19200.000000000007,4.919026103583313e-05,-0.0004945330083223,-2.2670143165676747e-05,0.0,0.0041846370702598,1.0309273685243088,-9.571012268471458,-6.412857326716758,-0.0036758209316581,-1.5250169568943028,19200.34102140112,-38.58412698589454,0.002,3.4270763089704164,-1.6689737013571595,-1.0488413966789494,6.0,10.0,180.0,0.5195174982448899,-4.475911720546073,-0.0771438520064722,-3.2530639143575457,-653.9008403801308,-372.3293613363429,166.9726539255119,752.4731253808395,577.7250000000001,0.5195174982448899,0.6557947397232056,0.5498011112213135,0.6046515107154846,0.5131644010543823,0.5284173488616943,0.5381203889846802,0.5179752111434937,0.747697114944458,0.6279330253601074,0.5224685668945312,0.5596773624420166,0.5445129871368408,0.6111177206039429,0.6319947838783264,0.7558163404464722,0.6189576983451843,-1.282001256942749,0.528955340385437,0.5591225624084473,0.5706008672714233,0.6343504786491394,0.7619112133979797,0.5876582264900208,0.5781551599502563,0.7257648706436157,0.826626718044281,0.6486023664474487,0.7983877658843994,0.8332860469818115,0.7045734524726868,0.23458684980869293,0.5441478490829468,0.5483378171920776,0.1766383796930313,-0.20402860641479492,0.39395269751548767,0.5424692034721375,0.32655584812164307,0.7724197506904602,-0.6662288904190063
6013.0,120.25900000000004,26.351951868821324,251.2574637518582,386.5459991153715,609987.1776307274,26.351975000000014,251.1325690000001,386.5459900000001,610082.7794840003,0.0007694008351541,-9.603168901915586,-0.0003013956404141,19200.000000000007,2.3131178683062764e-05,-9.505200762005652e-05,-9.115373413144212e-06,0.0,0.0046367051981497,3.55100168538981,-9.625030090754954,-0.117515279649783,-0.0087791535369357,-0.5500389128024062,19199.912247957964,4.2299785223128366,0.002,3.479942464771596,-1.6799075484843418,-1.0453039099679802,6.0,10.0,180.0,0.5185812333756165,-4.570230414336323,-0.077141404612357,-3.250986034424314,-654.3954201900654,-373.32568066817146,167.18832696275598,753.3960626904197,577.7250000000001,0.5185812333756165,0.6521214246749878,0.5428613424301147,0.5982614755630493,0.5019762516021729,0.5217633247375488,0.5230689644813538,0.5265316367149353,0.744876503944397,0.6349204778671265,0.518267035484314,0.5491937398910522,0.5381019115447998,0.6004565954208374,0.6192975640296936,0.70148766040802,0.5990568995475769,-1.5924594402313232,0.5702290534973145,0.5483872890472412,0.5834841132164001,0.6443508863449097,0.7664772868156433,0.5717442631721497,0.5818771719932556,0.7228866815567017,0.8099783062934875,0.6455403566360474,0.8054437637329102,0.8257995843887329,0.7075800895690918,0.24498523771762848,0.5396239757537842,0.543300211429596,0.18922598659992218,-0.2741555869579315,0.37279027700424194,0.533667266368866,0.31280261278152466,0.6964403986930847,-0.6377218961715698
6014.0,120.27900000000004,26.35214645473589,251.0656368413389,386.54597065171833,610371.174795403,26.351975000000014,250.94056900000004,386.5459900000001,610466.7794840003,-0.0057079523595589,-9.608936999643754,0.0006415019521123,19200.000000000007,-0.0001714547358889,-0.0002679417881195,1.934828097135388e-05,0.0,0.009040589290477,-0.1303473815712067,-9.580081875235516,-5.376402402146138,-0.0051261759990611,0.9248832239299614,19199.724508964813,-30.06995057284996,0.002,3.4593675927692185,-1.7220386841620776,-1.0377315852022626,6.0,10.0,180.0,0.5366598860815592,-4.515226114022409,-0.0756743821862516,-3.2832823293624984,-654.0417100950326,-373.25134033408574,167.10766348137798,753.0520313452098,577.7250000000001,0.5366598860815592,0.6540348529815674,0.5572711229324341,0.610322117805481,0.5225272178649902,0.5344953536987305,0.5410888195037842,0.5236685276031494,0.7564398050308228,0.6362695097923279,0.5330265760421753,0.5648067593574524,0.5506402254104614,0.6168779134750366,0.6382477879524231,0.7625465393066406,0.624409556388855,-1.3024446964263916,0.547792375087738,0.5656309127807617,0.5752812623977661,0.6381449103355408,0.7720931768417358,0.5896376967430115,0.5767068862915039,0.7288568019866943,0.8301774859428406,0.6477735042572021,0.8002414703369141,0.8360646963119507,0.7051692008972168,0.2706700563430786,0.5476051568984985,0.5568855404853821,0.17815884947776794,-0.2221735417842865,0.3899044096469879,0.545200765132904,0.330375075340271,0.7736182808876038,-0.7024139165878296
6015.0,120.29900000000004,26.35207907061472,250.8733937454932,386.5459903350045,610755.171535291,26.351975000000014,250.74856900000003,386.5459900000001,610850.7794840002,-0.0034725716805983,-9.60083043699569,-8.835242920899483e-06,19200.000000000007,-0.0001040706147113,-2.4844798098764978e-05,-3.350044453584802e-07,0.0,0.0041345651036537,0.9245090566022108,-9.621826125953891,0.1186392997567921,1.6083619907722447e-06,0.7252479750772967,19200.13676932261,-17.162542766474623,0.002,3.422373631391572,-1.7136584597892286,-1.0295843565830245,6.0,10.0,180.0,0.5434443719432274,-4.50597963586864,-0.0742180251963137,-3.310484431120846,-654.4373550475163,-373.7156701670429,167.241831740689,753.6260156726049,577.7250000000001,0.5434443719432274,0.6514885425567627,0.5590057969093323,0.6118442416191101,0.518182098865509,0.5375305414199829,0.5370101928710938,0.538097620010376,0.7595290541648865,0.6486300230026245,0.5354627370834351,0.5636871457099915,0.5515413284301758,0.614793062210083,0.6344862580299377,0.718896746635437,0.6146306991577148,-1.53849458694458,0.5903574228286743,0.5640863180160522,0.5958518385887146,0.6480484008789062,0.7813804149627686,0.5801378488540649,0.5814981460571289,0.7298120260238647,0.8203771710395813,0.6472026109695435,0.8075123429298401,0.8345972299575806,0.7096425294876099,0.27231740951538086,0.5483324527740479,0.5585185289382935,0.19758674502372742,-0.261335164308548,0.3749443590641022,0.5436436533927917,0.3269374370574951,0.7100592255592346,-0.6781482696533203
6016.0,120.31900000000005,26.352029507261875,250.68166029893592,386.5459834199482,611139.1736994487,26.351975000000014,250.55656900000008,386.5459900000001,611234.7794840003,-0.0018169534288362,-9.609716719042892,0.0002192752652701,19200.000000000007,-5.4507261867209705e-05,-0.0002913972434743,6.580051864889979e-06,0.0,0.0009774124193243,-0.6694373143931469,-9.59032119655335,-6.463296893174966,0.0007249507457488,0.312522133261236,19200.05077926529,-51.49683698279038,0.002,3.4383340487658374,-1.716940809016363,-1.043401390823475,6.0,10.0,180.0,0.5492828236043864,-4.465762388010885,-0.0737404690586565,-3.300258600231889,-654.3346775237582,-373.3328350835215,167.1769158703445,753.3470078363025,577.7250000000001,0.5492828236043864,0.6555038690567017,0.5609256029129028,0.6133466958999634,0.5256490707397461,0.5382190942764282,0.5470677018165588,0.5242442488670349,0.7586652040481567,0.6365271806716919,0.5360757112503052,0.5681440830230713,0.5529012680053711,0.619896411895752,0.6414639949798584,0.7707949876785278,0.6287108659744263,-1.2320111989974976,0.5421998500823975,0.568801999092102,0.575874924659729,0.6374513506889343,0.7731946110725403,0.5941415429115295,0.5778688192367554,0.7305633425712585,0.8342645168304443,0.6493889689445496,0.8003671765327454,0.840002179145813,0.7061934471130371,0.2733551263809204,0.5495076179504395,0.5585386753082275,0.17860649526119232,-0.21064412593841553,0.3943103849887848,0.5482173562049866,0.3343322277069092,0.7868486642837524,-0.7059845924377441
6017.0,120.33900000000006,26.35197188217624,250.48914747728767,386.5459854469005,611523.1742235876,26.351975000000014,250.36456900000007,386.5459900000001,611618.7794840003,0.0001077808685219,-9.592622764789224,0.0001531330120722,19200.000000000007,3.117823774473821e-06,0.0002215232839218,4.553099889303984e-06,0.0,0.0066069656195621,-0.7372741194303399,-9.63402777293432,5.675697954596239,-0.0073026591582469,0.3624653475761737,19199.844000555782,-17.12276759316132,0.002,3.4156055675592047,-1.739663913763358,-1.0233895704564149,6.0,10.0,180.0,0.5449293660598991,-4.5555417820005975,-0.0752033453431715,-3.2946452598662206,-654.677838761879,-374.0399175417607,167.32795793517226,753.9955039181513,577.7250000000001,0.5449293660598991,0.6483405232429504,0.5750067234039307,0.6268174052238464,0.5272040963172913,0.5569854974746704,0.5476258397102356,0.5595179200172424,0.7756237387657166,0.6718677878379822,0.5518015027046204,0.5782946348190308,0.5660347938537598,0.6276283264160156,0.6465283036231995,0.6897296905517578,0.6212441325187683,-1.6327502727508545,0.6486811637878418,0.5787967443466187,0.6317537426948547,0.6558333039283752,0.8004088997840881,0.5761540532112122,0.5867576003074646,0.7348161935806274,0.8193477392196655,0.6493979692459106,0.8140854835510254,0.8430931568145752,0.716850996017456,0.22495879232883453,0.5578675866127014,0.5741801261901855,0.22901730239391327,-0.2712409496307373,0.3644143342971802,0.5530980229377747,0.3395845293998718,0.6584084630012512,-0.6768842935562134
6018.0,120.359,26.35201863850844,250.297338016002,386.5459913737248,611907.1748310705,26.351975000000014,250.17256900000007,386.5459900000001,612002.7794840003,-0.0014531127778697,-9.598971752298183,-4.286124769199867e-05,19200.000000000007,-4.363850843489554e-05,3.088540262533421e-05,-1.3737233217490696e-06,0.0,-0.0007499821468204,-3.3565962789018555,-9.6040042892383,-4.456262679262051,0.0007244879986043,-0.7314284302261894,19200.032526059505,-25.7691847445924,0.002,3.439880278623755,-1.7266547087210695,-1.0476872564634994,6.0,10.0,180.0,0.5508006414806504,-4.5053636442143805,-0.0756797095661299,-3.284868553333026,-654.6459193809395,-373.6564587708804,167.27747896758615,753.7777519590757,577.7250000000001,0.5508006414806504,0.6552420258522034,0.5801622867584229,0.6307812929153442,0.5392712354660034,0.5602295398712158,0.5666036605834961,0.5452440977096558,0.7758957147598267,0.65635085105896,0.5545172095298767,0.5866059064865112,0.569085955619812,0.6366558074951172,0.6583200097084045,0.7681488990783691,0.6439763307571411,-1.261958122253418,0.5771623849868774,0.5873508453369141,0.6024908423423767,0.647111713886261,0.791420042514801,0.6025059223175049,0.5820672512054443,0.739234447479248,0.8426910042762756,0.6531695127487183,0.8049662113189697,0.8529141545295715,0.7124997973442078,0.3088099956512451,0.5601711273193359,0.574771523475647,0.2020571529865265,-0.19193607568740845,0.39466312527656555,0.5611648559570312,0.352161705493927,0.7750809192657471,-0.7189937829971313
6019.0,120.37900000000003,26.352006024317365,250.1051502761664,386.54596594013,612291.1757730085,26.351975000000014,249.9805690000001,386.5459900000001,612386.7794840002,-0.0010292984534264,-9.592723799927716,0.0008046780641918,19200.000000000007,-3.1024317354340594e-05,0.0002182272734264,2.4059867818357653e-05,0.0,0.0058766826348167,-1.1003195333251576,-9.590600852301243,6.293889387024452,-0.0075721701546153,2.068865808567786,19199.72469486677,-51.57123609279931,0.002,3.41352293949232,-1.7393670143633169,-1.0330072780341844,6.0,10.0,180.0,0.5502940963342707,-4.48938692161615,-0.0766561292760412,-3.288906014292485,-654.3494596904698,-373.47772938544017,167.19673948379307,753.4313759795378,570.3000000000001,0.5502940963342707,0.6446374654769897,0.5746839046478271,0.6247444152832031,0.5323777794837952,0.557586133480072,0.5451561212539673,0.5594339966773987,0.7756800651550293,0.6694687604904175,0.5569558143615723,0.5800542235374451,0.5678867101669312,0.6292805671691895,0.6480098962783813,0.6815453767776489,0.6198554039001465,-1.7213265895843506,0.6645820140838623,0.5803631544113159,0.6283738613128662,0.654102087020874,0.7986299395561218,0.5727949738502502,0.5846467018127441,0.7270256280899048,0.8166576623916626,0.6474995017051697,0.8132624626159668,0.8377442359924316,0.7109105587005615,0.218719020485878,0.5598795413970947,0.5790799856185913,0.22549183666706085,-0.30179643630981445,0.3655933439731598,0.5547055006027222,0.3399055004119873,0.6775571703910828,-0.7187875509262085
6020.0,120.39900000000004,26.35197757873137,249.9136231722138,386.5459774685474,612675.1748390419,26.351975000000014,249.7885690000001,386.5459900000001,612770.7794840003,-8.388481182681858e-05,-9.608479238728238,0.0004163715994765,19200.000000000007,-2.5787313630127147e-06,-0.0002543722581041,1.2531428650771209e-05,0.0,-0.0122237975935866,-1.593818073406439,-9.595693148519237,-5.563199644252376,0.0029289017261317,1.4002828442021844,19199.94829839666,34.36402275464751,0.002,3.4397762518262307,-1.7457531679224438,-1.0399120561152932,6.0,10.0,180.0,0.5517539823352713,-4.495274634113724,-0.074231423845985,-3.289427379979898,-654.6087298452348,-372.8493646927201,167.17736974189654,753.345687989769,570.3000000000001,0.5517539823352713,0.6531885862350464,0.5702465176582336,0.6172428131103516,0.535589337348938,0.5465213060379028,0.5531816482543945,0.5329080820083618,0.7651286125183105,0.6425710916519165,0.5483344793319702,0.5750155448913574,0.5592774152755737,0.6259450316429138,0.6471470594406128,0.7614301443099976,0.6310907006263733,-1.3807071447372437,0.566243588924408,0.5754604935646057,0.5808539390563965,0.6397438645362854,0.7763102650642395,0.595842182636261,0.5782455801963806,0.7269905805587769,0.8355007767677307,0.6496179103851318,0.8021670579910278,0.8421844244003296,0.7036795616149902,0.30889034271240234,0.5552490949630737,0.5673121213912964,0.1824590563774109,-0.23239493370056152,0.39722201228141785,0.5543079972267151,0.33937323093414307,0.8036264777183533,-0.7480517625808716
6021.0,120.41900000000004,26.35198032372501,249.7212839149141,386.5459754250634,613059.1754941384,26.351975000000014,249.5965690000001,386.5459900000001,613154.7794840003,-0.0001797155210466,-9.597178259659213,0.0004829589624211,19200.000000000007,-5.323725005447241e-06,8.457989378679225e-05,1.4574938739136072e-05,0.0,0.0027035701531886,-1.400077489143437,-9.61279775453172,8.244953445117044,0.0046258279640222,3.056497293198391,19200.01585871502,51.54862422287238,0.002,3.410205893590712,-1.7496552848600502,-1.0441169847209222,6.0,10.0,180.0,0.5493151072588826,-4.531793763561614,-0.0742401213482694,-3.2909864579505523,-654.6458649226174,-373.3211823463601,167.23918487094826,753.6113439948845,577.7250000000001,0.5493151072588826,0.6455514430999756,0.5782300233840942,0.6322349309921265,0.5364075899124146,0.5625694990158081,0.5470598340034485,0.5629928112030029,0.7812173366546631,0.680996298789978,0.5609694719314575,0.5832636952400208,0.5730705261230469,0.6329834461212158,0.6520261764526367,0.6884118318557739,0.6242273449897766,-1.650782823562622,0.676781177520752,0.5850412845611572,0.641091525554657,0.6539934277534485,0.8095293641090393,0.5732602477073669,0.5858996510505676,0.7342374324798584,0.8187050223350525,0.6479415893554688,0.8152493238449097,0.842544674873352,0.7177723050117493,0.2052922397851944,0.563422679901123,0.5845468640327454,0.23526649177074432,-0.2858576476573944,0.35857486724853516,0.5563291907310486,0.34369999170303345,0.6441301107406616,-0.6997314095497131
6022.0,120.43900000000004,26.35194818750372,249.5297501006332,386.5459686251701,613443.1748634872,26.351975000000014,249.4045690000001,386.5459900000001,613538.7794840002,0.0008956898303297,-9.612708184632323,0.0007107717839742,19200.000000000007,2.681249628780269e-05,-0.0003813039579237,2.137506067125204e-05,0.0,-0.0124783718825586,-0.0619335280512295,-9.578351717630351,-1.0440960905634733,0.0056246837128104,2.2628712962448945,19200.135501398465,68.67233996695295,0.002,3.373786665959068,-1.6693257374703232,-1.0618670477656966,6.0,10.0,180.0,0.5469000059880373,-4.474086927903034,-0.0751973977713043,-3.284805212244546,-654.5614324613086,-372.48059117318,167.12509243547413,753.1221719974423,577.7250000000001,0.5469000059880373,0.6517808437347412,0.5652353763580322,0.6164524555206299,0.5280900001525879,0.5419113636016846,0.5410591959953308,0.5373817086219788,0.7628629803657532,0.6508227586746216,0.5415835380554199,0.5698076486587524,0.5576908588409424,0.62122642993927,0.6418982148170471,0.7416161298751831,0.6231019496917725,-1.4972314834594727,0.5888196229934692,0.5708935260772705,0.5934929847717285,0.6465000510215759,0.784717857837677,0.5855313539505005,0.5788440108299255,0.7322052717208862,0.825636625289917,0.6467391848564148,0.8062717318534851,0.8360894918441772,0.70816969871521,0.30153632164001465,0.5541067719459534,0.5663682818412781,0.19442488253116608,-0.24807658791542053,0.3814045190811157,0.5490391850471497,0.33454906940460205,0.736216127872467,-0.6991071105003357
6023.0,120.45900000000005,26.35192187376665,249.33794236898083,386.5459715576618,613827.1786988473,26.351975000000014,249.2125690000001,386.5459900000001,613922.7794840003,0.0017681854207153,-9.619120044059049,0.0006119168492659,19200.000000000007,5.312623336414545e-05,-0.0005735666348566,1.8442250593153982e-05,0.0,-0.005140567154774,0.2503297038842585,-9.571037890793182,1.893524319385432,0.0112232582124679,0.1253359279138083,19200.118471370417,-42.9247270904888,0.002,3.3105900768116148,-1.7014400350215335,-1.0391262517641249,6.0,10.0,180.0,0.5390843746981985,-4.472618638602697,-0.0737079398869818,-3.273011150340288,-654.2932162306543,-372.19379558659,167.03754621773706,752.7470859987211,577.7250000000001,0.5390843746981985,0.6504879593849182,0.5655102729797363,0.6180452108383179,0.5224953293800354,0.5452394485473633,0.5409777760505676,0.5467193722724915,0.7631170153617859,0.6577008962631226,0.539720356464386,0.5714815258979797,0.5588021278381348,0.6215858459472656,0.6411699652671814,0.7128110527992249,0.6195584535598755,-1.58927583694458,0.6097522974014282,0.5715460777282715,0.6092846393585205,0.6512771248817444,0.7881971001625061,0.579413890838623,0.5824761390686035,0.7323472499847412,0.8195971250534058,0.6477773189544678,0.80924391746521,0.8368068933486938,0.7112876772880554,0.2604907751083374,0.5545778274536133,0.5664284229278564,0.2107464224100113,-0.24811884760856628,0.37525811791419983,0.54964280128479,0.33576536178588867,0.696439802646637,-0.6672897934913635
6024.0,120.479,26.351784381329377,249.14602426310685,386.5460294484392,614211.1774465885,26.351975000000014,249.02056900000008,386.5459900000001,614306.7794840002,0.0063512964491802,-9.621847559098883,-0.0013115472250211,19200.000000000007,0.0001906186706284,-0.0006553592876618,-3.944962338397124e-05,0.0,-0.0080515936937719,2.6862875786756275,-9.628896323988505,2.194792342056652,0.0065966576965456,-3.5443116861950363,19200.136185238305,72.92116317419718,0.002,3.339366123314917,-1.7586813541157806,-1.0310117642904393,6.0,10.0,180.0,0.5219300229101063,-4.530169801416459,-0.0722417575290503,-3.270469951335816,-654.880608115327,-372.884897793295,167.23627310886857,753.5990429993606,577.7250000000001,0.5219300229101063,0.6526103019714355,0.5532232522964478,0.6083347201347351,0.5046290159225464,0.5356274843215942,0.5351248383522034,0.5425984859466553,0.7520464658737183,0.6455798149108887,0.5254621505737305,0.5600134134292603,0.5467231869697571,0.6090434789657593,0.6270091533660889,0.6818532943725586,0.6044613122940063,-1.6330969333648682,0.5952255725860596,0.5579293370246887,0.607608437538147,0.6511327624320984,0.7763092517852783,0.57243412733078,0.5876247882843018,0.7270435094833374,0.8106861710548401,0.6494823694229126,0.8111196756362915,0.8328982591629028,0.7133499979972839,0.22941352427005768,0.5464355945587158,0.5504088401794434,0.21288956701755524,-0.25898435711860657,0.372688353061676,0.5420706868171692,0.3241947293281555,0.6700032949447632,-0.6111984848976135
6025.0,120.49900000000004,26.351832265741542,248.9538640060106,386.5460284934976,614595.1791982884,26.351975000000014,248.82856900000007,386.5459900000001,614690.7794840003,0.0047621199588137,-9.616510530488988,-0.0012802753076089,19200.000000000007,0.0001427342584575,-0.0004954058704582,-3.849398055876329e-05,0.0,0.0019695358447822,0.2372910803901588,-9.564234173145625,1.3506383387817098,0.0022012002204698,-3.4819979941087587,19200.17156891269,17.139735643088862,0.002,3.390289725892837,-1.745410883331558,-1.0441252872603672,6.0,10.0,180.0,0.5116630257141724,-4.482285461942861,-0.0751828042201798,-3.258683509319881,-654.2363040576636,-372.5294488966475,167.06413655443427,752.8630214996803,577.7250000000001,0.5116630257141724,0.6520174741744995,0.5632674694061279,0.6181172132492065,0.5154009461402893,0.5470077991485596,0.5454468727111816,0.5494939088821411,0.7606070041656494,0.6553143262863159,0.5345726609230042,0.5729425549507141,0.5574913620948792,0.6216574907302856,0.6408160328865051,0.7024948596954346,0.6198883056640625,-1.5581576824188232,0.6014984846115112,0.5713859796524048,0.6147977709770203,0.6516920924186707,0.7839013338088989,0.5801412463188171,0.5853326320648193,0.73122239112854,0.8194305300712585,0.6506756544113159,0.8093277215957642,0.837207019329071,0.7130370140075684,0.2266010195016861,0.5530080795288086,0.5619249939918518,0.21817059814929962,-0.22833502292633057,0.37850430607795715,0.5507215261459351,0.33821243047714233,0.6912139654159546,-0.6351367235183716
6026.0,120.51900000000003,26.351972475373024,248.761702118277,386.5459971963275,614979.1812170609,26.351975000000014,248.6365690000001,386.5459900000001,615074.7794840003,8.560814050256787e-05,-9.611113909387106,-0.000235854111555,19200.000000000007,2.5246269811464857e-06,-0.0003333210787982,-7.093994342079066e-06,0.0,0.006356074074328,0.2449105832371598,-9.629881943918733,0.8554082829796477,-0.0038945336072349,-1.037622836155404,19199.999313569075,51.57948706678523,0.002,3.4062590697602,-1.73514560958521,-1.0361255069414357,6.0,10.0,180.0,0.5136725088681129,-4.492184531572411,-0.0771380739114908,-3.241274527244188,-654.5851520288318,-373.5617244483237,167.25406827721713,753.6780107498402,577.7250000000001,0.5136725088681129,0.6519009470939636,0.5641708374023438,0.6172148585319519,0.5194061994552612,0.5451131463050842,0.5443598031997681,0.5466504693031311,0.7637894153594971,0.6544356346130371,0.5390565395355225,0.5697208046913147,0.5560309886932373,0.6196854114532471,0.6390636563301086,0.7112709879875183,0.6186379194259644,-1.5412886142730713,0.5998899936676025,0.5694838762283325,0.6073632836341858,0.6510412096977234,0.7858535647392273,0.581922173500061,0.5841197967529297,0.7319661378860474,0.822014570236206,0.6495316028594971,0.8092865943908691,0.8378804922103882,0.712432861328125,0.26153719425201416,0.551375150680542,0.5617296099662781,0.20906047523021698,-0.246349036693573,0.37596559524536133,0.5481387972831726,0.33297234773635864,0.6996493935585022,-0.6656101942062378
6027.0,120.53900000000006,26.35199792184057,248.5695800687776,386.5460194291762,615363.1816152114,26.351975000000014,248.4445690000001,386.5459900000001,615458.7794840002,-0.0007625713972153,-9.60704321416004,-0.0009827406871783,19200.000000000007,-2.292184056133596e-05,-0.0002113703424557,-2.9326469912869023e-05,0.0,-0.0014577643683137,2.325450613505281,-9.579567188230149,-3.237887551192672,-0.0014755268843308,-2.374657994426729,19200.22076829272,-72.90068996075573,0.002,3.4005472444288145,-1.672876925210573,-1.0417881270895315,6.0,10.0,180.0,0.5190596432771001,-4.463915892491109,-0.0771399513404756,-3.238723681449581,-654.3310760144159,-372.99736222416186,167.13753413860854,753.1775053749201,577.7250000000001,0.5190596432771001,0.654638409614563,0.5461282730102539,0.6019802689552307,0.5054836273193359,0.5262669324874878,0.5322748422622681,0.5243639945983887,0.7451834678649902,0.6313042044639587,0.5189911127090454,0.555776059627533,0.5415753722190857,0.6064721345901489,0.6261546611785889,0.724366307258606,0.60936439037323,-1.4406821727752686,0.5490840673446655,0.5543117523193359,0.5804513096809387,0.640235185623169,0.7629505395889282,0.5801900029182434,0.5809465050697327,0.7245398759841919,0.8181753158569336,0.6480972170829773,0.802951991558075,0.8300347924232483,0.706658124923706,0.23208464682102203,0.5422876477241516,0.5453352332115173,0.18685831129550934,-0.23791909217834473,0.38458240032196045,0.5392181873321533,0.32200562953948975,0.7329449653625488,-0.6391546130180359
6028.0,120.55900000000004,26.35203918490162,248.3774198992774,386.5459952321497,615747.1801089842,26.351975000000014,248.25256900000008,386.5459900000001,615842.7794840003,-0.0021353442267153,-9.601702175004103,-0.0002037420137988,19200.000000000007,-6.418490160996012e-05,-5.099885839935537e-05,-5.132666057599861e-06,0.0,0.0014432116292957,0.3688367438667331,-9.622081823418602,-1.4119275035654806,-0.0061334126370341,-0.3689046617362311,19199.89473380454,21.39378909074903,0.002,3.3897845375830458,-1.6826894665351784,-1.0324349416236764,6.0,10.0,180.0,0.5288174535978933,-4.51902422761215,-0.0766742610623764,-3.250506561289723,-654.6385380072079,-373.50318111208094,167.25826706930428,753.69525268746,577.7250000000001,0.5288174535978933,0.6531866788864136,0.5612339377403259,0.6141539812088013,0.519955575466156,0.540675163269043,0.5429360866546631,0.5380045175552368,0.7605480551719666,0.647106409072876,0.5365588665008545,0.5670369863510132,0.5533414483070374,0.6177108883857727,0.6377068161964417,0.7285500764846802,0.6194338202476501,-1.4696710109710693,0.5801545977592468,0.5670335292816162,0.5951297879219055,0.6468953490257263,0.7801000475883484,0.5852535367012024,0.5817693471908569,0.7312476634979248,0.8247750401496887,0.6489169001579285,0.8065919280052185,0.8358412384986877,0.7099003791809082,0.2762264013290405,0.5498473644256592,0.5591041445732117,0.19753552973270416,-0.24180537462234497,0.3811509609222412,0.5467541813850403,0.33114051818847656,0.7261050343513489,-0.6759233474731445
6029.0,120.57900000000004,26.351956239035143,248.1854706789858,386.5460050386263,616131.181878531,26.351975000000014,248.06056900000007,386.5459900000001,616226.7794840003,0.000658173189025,-9.603400882778423,-0.000500295975836,19200.000000000007,1.8760964865185213e-05,-0.0001020781192928,-1.5041043514175294e-05,0.0,0.0036673033599849,2.131270844104626,-9.568860906226522,-4.750331718235041,-0.005827177899475,0.6683119792062857,19200.1194836781,-30.12008385455196,0.002,3.368835283218757,-1.6769944950045472,-1.030113998123109,6.0,10.0,180.0,0.5224746657523281,-4.490210258705041,-0.0766922271766436,-3.2397471207040107,-654.135769003604,-372.9715905560405,167.09463353465213,752.9951263437299,570.3000000000001,0.5224746657523281,0.6519594192504883,0.5449738502502441,0.5962154269218445,0.511428952217102,0.5216797590255737,0.5279515981674194,0.5168251395225525,0.7439951300621033,0.6245610117912292,0.5230651497840881,0.5529338121414185,0.5394823551177979,0.6046338081359863,0.6246522068977356,0.7321281433105469,0.6072876453399658,-1.5133880376815796,0.5467429757118225,0.5521141290664673,0.5640444755554199,0.6334970593452454,0.7552618384361267,0.5793073177337646,0.5764957666397095,0.7156921625137329,0.8184822201728821,0.6454389691352844,0.7997589707374573,0.8252990245819092,0.6983259916305542,0.24344392120838165,0.5412788391113281,0.5465284585952759,0.16976399719715118,-0.2694444954395294,0.3883613646030426,0.5376332402229309,0.31728845834732056,0.7749418020248413,-0.700738787651062
6030.0,120.59900000000005,26.3519817460718,247.99350923164863,386.54598544669136,616515.182179597,26.351975000000014,247.8685690000001,386.5459900000001,616610.7794840003,-0.0002226201399403,-9.604679122921544,0.0001537327609521,19200.000000000007,-6.746071789472442e-06,-0.0001402284752688,4.552302622299234e-06,0.0,0.0031752831367164,0.5492475954246281,-9.626462396741903,0.8498063685508506,-0.0046413848462072,0.9125394867955392,19200.10313367037,-34.32882219388366,0.002,3.3620224248906743,-1.7150746569188349,-1.0230440894290804,6.0,10.0,180.0,0.5243962704481604,-4.481965066443939,-0.0786259593656942,-3.235114107058176,-654.556884501802,-373.6182952780202,167.25481676732608,753.6810631718649,562.8750000000001,0.5243962704481604,0.646885871887207,0.56319260597229,0.608527660369873,0.5229199528694153,0.5416880249977112,0.5399022102355957,0.543677568435669,0.7611454725265503,0.646246075630188,0.544884443283081,0.5665526986122131,0.552634596824646,0.6161364316940308,0.6345163583755493,0.6885135769844055,0.6094204187393188,-1.751072883605957,0.6152498722076416,0.5653219819068909,0.5949110984802246,0.6470223069190979,0.7734697461128235,0.575981855392456,0.5822990536689758,0.7155320644378662,0.8165866136550903,0.647411048412323,0.8088628053665161,0.8304344415664673,0.7008811831474304,0.27001893520355225,0.5502617359161377,0.5621152520179749,0.19731439650058746,-0.31092357635498047,0.37909653782844543,0.5470953583717346,0.32615363597869873,0.738537609577179,-0.7357009649276733
6031.0,120.61900000000004,26.35196098413901,247.8017114525735,386.5460019789946,616899.184127731,26.351975000000014,247.6765690000001,386.5459900000001,616994.7794840003,0.000466301244384,-9.611423694640104,-0.0003942154058133,19200.000000000007,1.4015860996870753e-05,-0.0003425480710956,-1.1978669918560227e-05,0.0,0.0100141362844578,-0.6063894565891105,-9.587891753512682,-5.3142433291158495,-0.0002439345608439,0.6067332283531505,19200.016559602493,-47.15061942082049,0.002,3.36878698722574,-1.756996206214767,-1.025725371695565,6.0,10.0,180.0,0.5219328008836003,-4.45709589511454,-0.0785982336041745,-3.2278923776185087,-654.191442250901,-373.5546476390101,167.17340838366306,753.3325315859324,564.0000000000001,0.5219328008836003,0.6505587697029114,0.5610992312431335,0.6072665452957153,0.5265045762062073,0.5384336709976196,0.5453563928604126,0.5294894576072693,0.7577595710754395,0.6343113780021667,0.5415158867835999,0.5675649046897888,0.5511414408683777,0.6181801557540894,0.6383821964263916,0.7369913458824158,0.6204971075057983,-1.5102766752243042,0.5660291910171509,0.5668313503265381,0.5734652876853943,0.63654625415802,0.7640298008918762,0.5889884829521179,0.577966570854187,0.7158075571060181,0.8285055756568909,0.6483948826789856,0.8010064959526062,0.8349648714065552,0.6983593702316284,0.26846110820770264,0.5487789511680603,0.559349536895752,0.1768721640110016,-0.2645607590675354,0.3949741721153259,0.5484108328819275,0.3300471901893616,0.8052801489830017,-0.7568017840385437
6032.0,120.63900000000004,26.351974454685525,247.60935745118687,386.5459977791272,617283.182667396,26.351975000000014,247.48456900000005,386.5459900000001,617378.7794840003,1.794720676197145e-05,-9.599627512992113,-0.0002642029304369,19200.000000000007,5.453144818569534e-07,1.1247912534460796e-05,-7.778932224057305e-06,0.0,0.0043814826062704,-1.3430430744060229,-9.63060956748492,3.300336513257636,-0.0044053276649504,-0.1748018451925335,19199.75751649321,-17.11554489976702,0.002,3.363760195064483,-1.747878400562038,-1.0384010688222092,6.0,10.0,180.0,0.5224632003176433,-4.547917149844087,-0.0805491819798184,-3.237654498524818,-654.6107211254505,-374.02032381950505,167.31220419183154,753.9277657929663,558.8250000000002,0.5224632003176433,0.644649863243103,0.5761638879776001,0.619782030582428,0.5319517850875854,0.5584053993225098,0.5529581308364868,0.5613836646080017,0.7730467319488525,0.6589785814285278,0.5594813227653503,0.5801403522491455,0.5641100406646729,0.6278924942016602,0.6457103490829468,0.6706569790840149,0.6173192858695984,-1.8026363849639893,0.6516872644424438,0.5783215761184692,0.6174014806747437,0.6525681018829346,0.7856404185295105,0.5769646763801575,0.5859036445617676,0.7176586389541626,0.8194338083267212,0.6503040194511414,0.813218891620636,0.8355435729026794,0.7036958932876587,0.2505307197570801,0.5576801896095276,0.5741623640060425,0.21717803180217743,-0.3145177364349365,0.3778744339942932,0.5565082430839539,0.33814167976379395,0.72745281457901,-0.7547227740287781
6033.0,120.65900000000003,26.35198209150732,247.4175281971576,386.5459658052506,617667.1808147222,26.351975000000014,247.2925690000001,386.5459900000001,617762.7794840003,-0.0002438957743675,-9.60531562962851,0.00080571132179,19200.000000000007,-7.091507312201049e-06,-0.0001594030035168,2.419470052678564e-05,0.0,-0.0002322891306758,-1.831189507549444,-9.584470258647896,-1.592703108271004,-0.0021818997132608,1.8312837676238165,19199.86046727337,-38.66854939044109,0.002,3.377424876363463,-1.707575142304885,-1.0345907807923038,6.0,10.0,180.0,0.5224793800920831,-4.466277193115806,-0.0810455130104357,-3.256665273044798,-654.3788605627253,-373.3506619097525,167.18810209591578,753.3943828964832,560.4000000000001,0.5224793800920831,0.6470664739608765,0.5740443468093872,0.6166656017303467,0.5370926260948181,0.5517578125,0.5516284108161926,0.546299159526825,0.7688571214675903,0.6509916186332703,0.5564859509468079,0.5781668424606323,0.5621219873428345,0.6277408599853516,0.647477388381958,0.7181273698806763,0.6245930790901184,-1.667230486869812,0.6121896505355835,0.5775985717773438,0.5932697057723999,0.6447499990463257,0.7771639227867126,0.586188018321991,0.5793442726135254,0.7177507877349854,0.8280009627342224,0.6486115455627441,0.8064498901367188,0.8364114761352539,0.698993980884552,0.29899466037750244,0.5569049715995789,0.5730617642402649,0.19388146698474884,-0.2888405919075012,0.38964226841926575,0.5558956265449524,0.338691771030426,0.7858447432518005,-0.7819380760192871
6034.0,120.67900000000004,26.35200886680459,247.2257372977696,386.54597176429655,618051.1803153986,26.351975000000014,247.1005690000001,386.5459900000001,618146.7794840003,-0.0011298902751846,-9.612284978434412,0.000609215250161,19200.000000000007,-3.386680457877531e-05,-0.0003685990539652,1.8235678060354552e-05,0.0,0.0029170744226618,-2.444350256111321,-9.57910515833947,4.468894157027698,0.0004758939095116,0.1809956529013456,19199.82791429974,-30.13991332918399,0.002,3.3736950537092785,-1.744190616372089,-1.027397231215196,6.0,10.0,180.0,0.5268354585321062,-4.449610903326733,-0.0805633876075041,-3.267948843586639,-654.1399302813627,-373.0373309548762,167.1035510479579,753.0316914482416,567.1500000000002,0.5268354585321062,0.6455649137496948,0.58030104637146,0.62956702709198,0.5372194647789001,0.5653802752494812,0.5562863349914551,0.5647517442703247,0.778782844543457,0.6729036569595337,0.5618306994438171,0.5880038738250732,0.572721004486084,0.6361163854598999,0.6550323367118835,0.6891492605209351,0.6282032132148743,-1.705979585647583,0.6591549515724182,0.587506890296936,0.6308582425117493,0.6553239226341248,0.7980692386627197,0.5798769593238831,0.5849700570106506,0.7284377813339233,0.823249876499176,0.6503025889396667,0.812840461730957,0.8408803939819336,0.7095587253570557,0.23927117884159088,0.5632839202880859,0.5827493071556091,0.2283160239458084,-0.27322500944137573,0.3752724230289459,0.5611482262611389,0.34851670265197754,0.7043808102607727,-0.7297402620315552
6035.0,120.69900000000004,26.352000132478203,247.0340587586421,386.545984409361,618435.1819848332,26.351975000000014,246.90856900000009,386.5459900000001,618530.7794840002,-0.0008378515243132,-9.622993417207756,0.000186902790182,19200.000000000007,-2.513247819523452e-05,-0.0006897531097909,5.590640236637396e-06,0.0,-0.0043745235947631,-1.0443162923521971,-9.62815997790931,-4.226783214490047,-0.0002455316217459,1.7751489813755104,19199.965801882216,47.25155669379717,0.002,3.322214573029836,-1.8124632785330927,-1.038244035376452,6.0,10.0,180.0,0.5268271804703842,-4.4770106374883145,-0.0796031166326138,-3.247958424937979,-654.7249651406813,-373.42166547743807,167.26677552397894,753.7303457241208,561.9000000000001,0.5268271804703842,0.6498452425003052,0.5687711238861084,0.6118030548095703,0.5339208245277405,0.5448169708251953,0.5501073598861694,0.5360685586929321,0.764193058013916,0.6409827470779419,0.550990104675293,0.5716201663017273,0.5558667182922363,0.6219712495803833,0.6419419646263123,0.7328653931617737,0.622008204460144,-1.577056884765625,0.5836381912231445,0.5712438821792603,0.5794271230697632,0.6399720311164856,0.7705115079879761,0.5903567671775818,0.5790308713912964,0.7178483605384827,0.8300715684890747,0.6487555503845215,0.8040092587471008,0.8372151851654053,0.6984654664993286,0.3083287477493286,0.5529636740684509,0.5654051899909973,0.1813075691461563,-0.27725735306739807,0.39431580901145935,0.5520907044410706,0.33267438411712646,0.8045539259910583,-0.7769664525985718
6036.0,120.71900000000004,26.35194831026443,246.8412904000682,386.54598445539233,618819.179818778,26.351975000000014,246.71656900000008,386.5459900000001,618914.7794840003,0.000890293503224,-9.597392185034952,0.0001892704386984,19200.000000000007,2.668973557779359e-05,7.82044664808116e-05,5.544609742809244e-06,0.0,-0.0127144134883074,-1.3377232050333836,-9.63134007026568,6.421088829371851,0.0019503266349941,1.4563584257627256,19199.67275246937,25.80208702963944,0.002,3.354830755846847,-1.7999949930518528,-1.042368619050822,6.0,10.0,180.0,0.5258908431640852,-4.557654873525857,-0.0801047533921408,-3.275101805258995,-655.2169825703406,-373.382832738719,167.36238776198945,754.1386728620604,563.5500000000001,0.5258908431640852,0.644219160079956,0.5796791911125183,0.6265687346458435,0.5373841524124146,0.5638906955718994,0.5527125000953674,0.565730631351471,0.7784522771835327,0.6693421602249146,0.5654074549674988,0.5839416980743408,0.5704284906387329,0.6318658590316772,0.6496986150741577,0.6677053570747375,0.6190524101257324,-1.789618968963623,0.6766312122344971,0.5831183195114136,0.6321254968643188,0.6554482579231262,0.7974984645843506,0.5744734406471252,0.5875120759010315,0.7246734499931335,0.8174413442611694,0.6496341824531555,0.8164063692092896,0.8371732234954834,0.7093871235847473,0.23689843714237213,0.5632772445678711,0.5821219086647034,0.2292858213186264,-0.32221147418022156,0.370104044675827,0.5592584013938904,0.3423616290092468,0.6927897930145264,-0.7413743734359741
6037.0,120.73900000000005,26.351946128100007,246.649495853694,386.54595985146665,619203.1741036036,26.351975000000014,246.5245690000024,386.5459900000001,619298.7794840002,0.0009627247722818,-9.604233388854947,0.0010039138703214,19200.000000000007,2.8871899998885305e-05,-0.0001269545754293,3.014853374359593e-05,0.0,0.0046545821337011,-0.7930824267428663,-9.582548443058622,-3.2991717995012864,0.0026997589240676,3.6693180121010274,19200.049745290704,98.7157468398596,0.002,3.381546410158021,-1.7859563211042957,-1.0373801679676635,6.0,10.0,180.0,0.5151822711956783,-4.476132981850904,-0.0805849092630478,-3.320156555850984,-654.5639912851702,-373.1669163693595,167.20469388099474,753.4638364310301,565.2750000000001,0.5151822711956783,0.6487379670143127,0.5657285451889038,0.610490083694458,0.5338773727416992,0.5407268404960632,0.5426108241081238,0.5323858261108398,0.762858510017395,0.6422919034957886,0.5484588146209717,0.5694226622581482,0.5555827021598816,0.6208770275115967,0.6413614153862,0.7395296692848206,0.6216380596160889,-1.569021224975586,0.5873152017593384,0.5700916647911072,0.5775415301322937,0.640248715877533,0.7732968926429749,0.5862447619438171,0.5760399103164673,0.7193480134010315,0.827620804309845,0.6460412740707397,0.8034741878509521,0.8328125476837158,0.6981008648872375,0.30574917793273926,0.552631139755249,0.5668515563011169,0.17875291407108307,-0.2863248586654663,0.3889930546283722,0.549475371837616,0.3312249779701233,0.793117344379425,-0.7759562730789185
6038.0,120.759,26.351947204163736,246.4573974486757,386.5460086811969,619587.1775255556,26.35197499999865,246.33256900002567,386.5459900000001,619682.7794840002,0.0009276215693548,-9.600961845603765,-0.0006559657228564,19200.000000000007,2.779583626982413e-05,-2.895173384257937e-05,-1.868119676071116e-05,0.0,-0.0109871755566745,2.3192046234349046,-9.592539519936102,6.89886926201319,0.0087985732737054,-1.3998082998193837,19200.13566057087,-64.37557697492215,0.002,3.468132378138379,-1.7622824909491253,-1.04212100912013,6.0,10.0,180.0,0.5161352184513069,-4.471216219989115,-0.081545087341849,-3.3140203091508043,-654.6549956425852,-372.6839581846798,167.16734694049737,753.3039182155151,567.0000000000001,0.5161352184513069,0.6453332901000977,0.5600581169128418,0.6091849207878113,0.5116057395935059,0.5420500040054321,0.5320599675178528,0.550358772277832,0.7576650977134705,0.6474840044975281,0.537493109703064,0.5648878216743469,0.5525672435760498,0.6128327250480652,0.6295017600059509,0.6415894031524658,0.5988128781318665,-1.8510699272155762,0.650566041469574,0.5622687339782715,0.6207082867622375,0.6508487462997437,0.7813141942024231,0.5627575516700745,0.5886002779006958,0.7194352746009827,0.8018072247505188,0.6473538279533386,0.8146100044250488,0.830928385257721,0.7085919380187988,0.1865856796503067,0.5513968467712402,0.5610448718070984,0.22405020892620087,-0.32776567339897156,0.3644924461841583,0.5453943014144897,0.3254557251930237,0.6559632420539856,-0.6597980260848999
6039.0,120.77900000000004,26.35205478505079,246.2655138943436,386.5460019670262,619971.1775776944,26.351974999985693,246.1405690000707,386.5459900000001,620066.7794840003,-0.0026589468926327,-9.604833994887397,-0.0004320544627867,19200.000000000007,-7.978505471987523e-05,-0.0001449957432656,-1.1967026027146032e-05,0.0,0.0058478340817758,0.1178858679938137,-9.625459965022904,-1.8947486441572352,0.0065713892598567,-1.4690934949874892,19200.033184184424,81.50228358322286,0.002,3.487252515929644,-1.763053747558751,-1.0483240659118236,6.0,10.0,180.0,0.5263404704784302,-4.475492684265798,-0.0810387725272908,-3.2945869186940464,-654.7534978212925,-373.5499790923399,167.2871734702487,753.8184591077575,562.4250000000002,0.5263404704784302,0.6494947671890259,0.5630383491516113,0.6087788343429565,0.5216806530952454,0.5429054498672485,0.5469033718109131,0.541853666305542,0.7591965794563293,0.6418604254722595,0.5426727533340454,0.5685165524482727,0.5518343448638916,0.6174411773681641,0.6359524130821228,0.6995091438293457,0.6139036417007446,-1.6673002243041992,0.5930038690567017,0.5663861632347107,0.5904734134674072,0.644355833530426,0.7671341300010681,0.5838379263877869,0.5832272171974182,0.7155211567878723,0.8220050930976868,0.6500068306922913,0.8070180416107178,0.8342300653457642,0.70110023021698,0.26319169998168945,0.5498329401016235,0.5590395927429199,0.1946277916431427,-0.28284522891044617,0.3882826268672943,0.5493101477622986,0.32958000898361206,0.7632085680961609,-0.7282193303108215
6040.0,120.79900000000004,26.35212967643154,246.07311302869684,386.5460021281459,620355.1763797326,26.35197499996341,245.94856900009057,386.5459900000001,620450.7794840002,-0.0051619364162924,-9.5914752564178,-0.0004033812268108,19200.000000000007,-0.0001546764519146,0.0002558699642197,-1.212814574972662e-05,0.0,0.0027098203092833,0.312647900069118,-9.574464971255466,5.795550488491157,0.0043996639717344,-2.319411120631687,19200.136891224905,-30.04835581772337,0.002,3.288419674928998,-1.7808193398485417,-1.0484375827398489,6.0,10.0,180.0,0.5410096148048334,-4.520910263025439,-0.0805397637833614,-3.317154941684573,-654.2762489106462,-373.0524895461699,167.1325867351243,753.1572295538788,564.0750000000002,0.5410096148048334,0.644844114780426,0.5682641267776489,0.615970253944397,0.5189331769943237,0.5520481467247009,0.5432422757148743,0.5565720200538635,0.7648447751998901,0.6546697020530701,0.5458458662033081,0.5749042630195618,0.559734582901001,0.6220970749855042,0.6392213702201843,0.6500439643859863,0.6095749139785767,-1.8283876180648804,0.6545867919921875,0.5721243619918823,0.6261400580406189,0.6527972221374512,0.7842115759849548,0.5683996081352234,0.5882898569107056,0.7197208404541016,0.8090599179267883,0.6495286226272583,0.8138853907585144,0.8345623016357422,0.7076150178909302,0.18428178131580353,0.5551259517669678,0.5680006146430969,0.2281160205602646,-0.3080528974533081,0.37053775787353516,0.552166759967804,0.33519446849823,0.6788596510887146,-0.6864609718322754
6041.0,120.81900000000005,26.351958900392027,245.88133972541763,386.5459709510381,620739.1734611158,26.35197499997443,245.75656899980632,386.5459900000001,620834.7794840003,0.0005370630090786,-9.599029579756309,0.0006411999172297,19200.000000000007,1.6099566710530553e-05,2.9071923846912165e-05,1.904896208931508e-05,0.0,-0.0278564994958304,0.0008109789520053,-9.600586143394825,-2.4998060886735827,0.0019562504119872,-1.3502498668502088,19199.77592171952,73.00579613199993,0.002,3.2676657586879503,-1.7596708915808794,-1.0185428304277304,6.0,10.0,180.0,0.540565814879576,-4.509852075058482,-0.0781121168639952,-3.33510470183829,-654.9316244553231,-372.18224477308496,167.16629336756216,753.2971147769395,563.4000000000001,0.540565814879576,0.6510576009750366,0.5667148232460022,0.6120740175247192,0.5260142683982849,0.5457409620285034,0.5497744083404541,0.5419369339942932,0.7594373226165771,0.6429246664047241,0.5442918539047241,0.5721218585968018,0.5555782318115234,0.6207364797592163,0.6397929787635803,0.7114700078964233,0.6178054213523865,-1.6511086225509644,0.5893580913543701,0.5698427557945251,0.5914192199707031,0.6436474323272705,0.7688725590705872,0.587077796459198,0.5829111337661743,0.7185983657836914,0.8240379691123962,0.6504552364349365,0.8070125579833984,0.836731493473053,0.7017048597335815,0.2853991985321045,0.5544135570526123,0.5628042817115784,0.19578202068805695,-0.2652468681335449,0.3941688537597656,0.5535361766815186,0.3351097106933594,0.7746444344520569,-0.7190722227096558
6042.0,120.83900000000004,26.35170905133401,245.6894258127029,386.5460387165169,621123.17303524,26.351975000014555,245.5645687080561,386.5459900000001,621218.7794840002,0.0088648449077583,-9.601961916953208,-0.0016326559722502,19200.000000000007,0.0002659486124395,-5.701393229123797e-05,-4.871651678292538e-05,0.0,0.0097677007992297,2.437304395208615,-9.572793708707817,-1.3490557925853284,-0.0041435340050658,-3.5250700418163063,19200.5471269564,0.047389392099555,0.002,3.3110557951766144,-1.7932707617530914,-1.0267016434811975,6.0,10.0,180.0,0.5024461363768846,-4.464450898919563,-0.0776500257567903,-3.3479128845249617,-654.2068122276615,-372.5801223865425,167.06464668378106,752.8640573884697,558.1500000000001,0.5024461363768846,0.6479372978210449,0.5472228527069092,0.5946775674819946,0.5050539374351501,0.5290336012840271,0.5326608419418335,0.5316570997238159,0.7435022592544556,0.6252888441085815,0.525664210319519,0.5570166707038879,0.5401524901390076,0.6051343083381653,0.6224462985992432,0.6692550182342529,0.5981400012969971,-1.8437845706939697,0.5840651988983154,0.5527224540710449,0.5819740891456604,0.6401786208152771,0.7494603991508484,0.5719038844108582,0.5831420421600342,0.7026123404502869,0.8086051344871521,0.6482375860214233,0.8049130439758301,0.8233532309532166,0.6958727836608887,0.2072380930185318,0.5426211357116699,0.5461452007293701,0.19078116118907928,-0.30162864923477173,0.38743916153907776,0.5415599942207336,0.3183475732803345,0.7521747946739197,-0.692427396774292
6043.0,120.85900000000004,26.351820313003618,245.49747798855805,386.546043974953,621507.1837481589,26.35197517103824,245.3725661360676,386.5459900000001,621602.7794840003,0.0051845241822262,-9.603847149441226,-0.0017932383807886,19200.000000000007,0.0001546878009308,-0.0001102033530352,-5.397495297205072e-05,0.0,0.0024376237512865,2.9332703677729057,-9.613425997410411,-3.233432393890767,-0.0044039936164791,-0.9872033806907896,19200.32397980809,-25.79509612592353,0.002,3.334917706081097,-1.7712839293140976,-1.0361079231842485,6.0,10.0,180.0,0.501900934028242,-4.498034238659034,-0.0835134107939103,-3.2515000386776607,-654.4554061138308,-373.1850611932713,167.18482334189054,753.3790286942349,559.8000000000002,0.501900934028242,0.6492142677307129,0.5441707968711853,0.5908962488174438,0.5070735812187195,0.5221489071846008,0.528343915939331,0.5227401256561279,0.7417179346084595,0.6216946244239807,0.5249242782592773,0.5506315231323242,0.5358075499534607,0.6005018949508667,0.6185380816459656,0.6902590990066528,0.5963036417961121,-1.7711181640625,0.5656406283378601,0.5477136373519897,0.5671684145927429,0.6348777413368225,0.7465662360191345,0.5742151141166687,0.5802587270736694,0.7042734622955322,0.8114078640937805,0.6464120745658875,0.8024672865867615,0.8218303322792053,0.6942492127418518,0.2352890521287918,0.539611279964447,0.5428909659385681,0.17462345957756042,-0.30953070521354675,0.388053834438324,0.5371549725532532,0.31173986196517944,0.7723909020423889,-0.7137405872344971
6044.0,120.87900000000002,26.35196392911584,245.3052742014807,386.5459979728488,621891.1879207757,26.35197661399771,245.18056332693743,386.5459900000001,621986.7794840002,0.0005042807460805,-9.597070265150874,-0.0002675071092336,19200.000000000007,1.1559045602683072e-05,9.0469490318216e-05,-7.972848655898359e-06,0.0,0.0101056360692701,0.2420306738336215,-9.586782448429034,-0.4820453597623952,-0.0080572931962487,1.1688383956759512,19200.033445873407,-60.1462578054064,0.002,3.338728746743815,-1.738736722501561,-1.035073604948582,6.0,10.0,180.0,0.5033537708787585,-4.487308619257742,-0.0854414139761476,-3.2171782232723354,-654.1262030569154,-373.3230305966357,167.13341167094526,753.1610143471174,561.5250000000001,0.5033537708787585,0.6465048789978027,0.5612087249755859,0.6065548658370972,0.5234507918357849,0.5395430326461792,0.5386306047439575,0.5394527912139893,0.758927583694458,0.6436744332313538,0.5430738925933838,0.5665501356124878,0.5519936084747314,0.616418719291687,0.6353004574775696,0.6980499029159546,0.6113924980163574,-1.737757921218872,0.6058799624443054,0.5653473734855652,0.5878885984420776,0.6438755989074707,0.7689046263694763,0.5771754384040833,0.5797961950302124,0.712890088558197,0.8179094195365906,0.6466778516769409,0.8059507608413696,0.8280199766159058,0.6979659795761108,0.26499509811401367,0.5496496558189392,0.5618962645530701,0.19089294970035553,-0.3050464391708374,0.3829580247402191,0.5470226407051086,0.32673245668411255,0.7581662535667419,-0.7473347187042236
6045.0,120.89900000000004,26.35198354130113,245.11343111828296,386.54596688948254,622275.1854093885,26.35197923878447,244.988562443357,386.5459900000001,622370.7794840003,-6.785084497173319e-05,-9.60227823347396,0.0007703913456978,19200.000000000007,-6.06920893912824e-06,-6.842391213005194e-05,2.3110517617176752e-05,0.0,0.0081695785915894,0.6741561185056865,-9.61596964649047,-2.266005665126949,-0.0012282814948753,0.787459171506183,19199.96575451435,-21.47668391652211,0.002,3.29539372713775,-1.76252021126908,-1.0142276915868125,6.0,10.0,180.0,0.5038821534691698,-4.484274332376132,-0.0844484046786679,-3.2371868499979826,-654.3356015284577,-373.7965152983178,167.23070583547263,753.5775071735587,563.2500000000001,0.5038821534691698,0.6486548185348511,0.5578065514564514,0.6039136052131653,0.5207175612449646,0.5353366732597351,0.5383901596069336,0.5334069132804871,0.7559102177619934,0.6374088525772095,0.5392138361930847,0.5625085234642029,0.5478582382202148,0.6128587126731873,0.6319049000740051,0.7082054018974304,0.61030113697052,-1.664447546005249,0.5860472321510315,0.5614042282104492,0.5799912214279175,0.6411599516868591,0.7645352482795715,0.5809299349784851,0.579669177532196,0.7140601873397827,0.8201718926429749,0.6471483111381531,0.80473792552948,0.8289042711257935,0.6984016299247742,0.27065443992614746,0.5466061234474182,0.556546688079834,0.1834496706724167,-0.2961619794368744,0.38545653223991394,0.5443689227104187,0.32328349351882935,0.7687399387359619,-0.7415357232093811
6046.0,120.91900000000004,26.351958455548488,244.9219422413878,386.5459924187322,622659.1863260427,26.351981975259644,244.79656177213937,386.5459900000001,622754.7794840003,0.0008411094337244,-9.619313178446324,-7.680704769493643e-05,19200.000000000007,2.173808464328272e-05,-0.0005804199934926,-2.418732103878946e-06,0.0,0.0011403759848485,-0.1240586990671232,-9.562041047798974,-5.179563901928241,0.0007519317869322,0.2371683625765014,19199.93101593291,-17.117742947011642,0.002,3.262642689010688,-1.643001907645608,-0.9914355398295688,6.0,10.0,180.0,0.504391328432632,-4.451362087974212,-0.0834873950317858,-3.2315199501567142,-653.9558007642288,-372.9232576491589,167.05285291773632,752.8147535867794,566.1000000000001,0.504391328432632,0.6511548161506653,0.5583876371383667,0.6061803102493286,0.523518979549408,0.5358566045761108,0.5422590970993042,0.5275655388832092,0.7544300556182861,0.6331656575202942,0.536845326423645,0.5660250782966614,0.5500190258026123,0.6166686415672302,0.6369809508323669,0.7381903529167175,0.6193050146102905,-1.5047502517700195,0.5614001750946045,0.5651271343231201,0.5734145641326904,0.6361258625984192,0.7627868056297302,0.5873627066612244,0.5775218605995178,0.7168017029762268,0.8264856338500977,0.6479474306106567,0.8007947206497192,0.8336516618728638,0.698455810546875,0.2617584466934204,0.5484369993209839,0.5577389597892761,0.17752037942409515,-0.254769891500473,0.3948775827884674,0.5474295616149902,0.3297956585884094,0.7980278134346008,-0.7362162470817566
6047.0,120.93900000000004,26.351984424732688,244.73081573234813,386.54600892925424,623043.1865092868,26.35198469856677,244.61390850689227,386.5459900000001,623138.7794840003,6.0544345007866685e-05,-7.727373321415087,-0.0006274173320601,19200.000000000007,-1.4958324469425396e-06,-0.0013970501872449,-1.8929254093177303e-05,0.0,0.0069565311252552,-2.4991296465502124,-9.16945176778034,151.49298305254388,-0.010019261092171,-0.0626010477889478,19200.06670989525,-47.13147656345656,0.002,2.7987683241790724,-0.7872144994178015,-0.8107046018782578,6.0,10.0,180.0,0.5034401423777697,-5.122854714426592,-0.0864494323762378,-3.237177867258316,-649.0614003821145,-366.33162882457947,165.29442645886814,745.3123767933896,567.7500000000001,0.5034401423777697,0.5934945344924927,0.5737611651420593,0.7017903327941895,0.5509740710258484,0.7099263668060303,0.6134076714515686,0.6907728910446167,0.6658815145492554,0.7232402563095093,0.6217319965362549,0.6395524740219116,0.6987160444259644,0.6780809164047241,0.6758719086647034,-0.0744498074054718,0.5203679800033569,3.558727264404297,1.3453881740570068,0.6666362881660461,1.1837544441223145,0.8669746518135071,1.0799084901809692,0.5325114727020264,0.7273150682449341,0.576615035533905,0.7342370748519897,0.9830973744392395,0.911334216594696,0.9367582201957703,1.021357536315918,-3.433997392654419,0.6194593906402588,0.6678445935249329,0.7020055651664734,-0.8592915534973145,0.025177951902151108,0.5792264342308044,0.3727272152900696,-0.6017661690711975,-0.4354667067527771
6048.0,120.95900000000005,26.351064305130244,244.5910472564329,386.5461787283908,623427.1974290373,26.34651887774304,244.50243951979604,386.5459900000001,623522.7794840003,-0.9712236569660004,-5.171186938815594,-0.0062880849654337,19200.000000000007,0.0008737560074644,-0.0246947767744871,-0.0001887283906432,0.0,-0.2738535943353739,-65.0603265280291,-5.192189250085329,65.1911077539548,0.0214798766485068,1.9566524720449123,19201.21656121044,77.19420685033751,0.002,2.948078506716323,-0.7353329036729968,-0.8250534613984482,6.0,10.0,180.0,0.8334877639675055,-5.017735434663681,-0.0971993702823938,-3.138216508456055,-596.1317001910572,-281.1083144122897,144.8497132294341,661.3771883966948,567.0750000000002,0.8334877639675055,0.6411478519439697,0.8642714023590088,0.6487709283828735,0.839339017868042,0.8290270566940308,0.7198717594146729,0.9293198585510254,0.7596774101257324,0.9753137826919556,0.9448736906051636,1.01212739944458,0.9882022142410278,1.034219741821289,1.08573579788208,0.941727876663208,0.9989293813705444,-3.1177592277526855,1.2549376487731934,1.0458492040634155,1.1406131982803345,0.7669069170951843,1.106978416442871,0.6031970381736755,0.6148984432220459,0.749721109867096,0.9248941540718079,0.8005976676940918,0.7712842226028442,0.905823826789856,0.8428259491920471,-4.226578235626221,0.8695566654205322,1.0577937364578247,0.7190678119659424,1.092921495437622,0.4734162390232086,0.912411630153656,0.8726494908332825,0.49130505323410034,-0.67672199010849
6049.0,120.97900000000004,26.32469952727677,244.48434639653684,386.5463661557344,623811.2311949999,26.301250344125968,244.3985394366469,386.5459900000001,623906.7794840002,-3.102406189381837,-7.415770792797613,-0.0125389278684659,19200.000000000007,0.0118583881427782,-0.0126182611743811,-0.0003761557342289,0.0,-2.5842566767753867,-127.94721200801423,-6.293272549042348,-194.164638425866,-0.0080551917530166,-0.9747770477929768,19201.218658897564,-124.56182959634356,0.002,3.557909745537934,-0.7600590013402787,-0.98722033067545,6.0,10.0,180.0,1.515136151901428,-3.955312919572058,-0.146485565746166,-2.825910380727947,-620.6468500955286,-159.19415720614484,143.23335661471702,653.8075941983475,561.8250000000002,1.515136151901428,0.8691879510879517,1.216352105140686,0.9863710403442383,1.3009364604949951,1.4990789890289307,1.4132143259048462,0.5662288665771484,1.132577657699585,0.8448717594146729,1.1323368549346924,1.2966766357421875,1.2839698791503906,1.2323800325393677,1.3635708093643188,1.922222375869751,1.3654557466506958,-1.992393136024475,0.15145112574100494,1.3392255306243896,0.4260255992412567,1.0110200643539429,1.2373721599578857,1.059057354927063,0.8087673783302307,1.3039191961288452,1.6116231679916382,1.1207481622695923,0.7199540138244629,1.174701452255249,0.8815425038337708,-1.3469572067260742,1.2895451784133911,1.1957290172576904,0.4100869297981262,1.6760406494140625,1.408286213874817,1.2867231369018555,1.2246183156967163,3.2189571857452393,-0.780651867389679
6050.0,120.99900000000002,26.25713607009688,244.3277372475151,386.5460596570622,624195.235812247,26.21908786142456,244.23422046917307,386.5459900000001,624290.7794840003,-3.717762010336304,-8.016067454233914,-0.0023210004947779,19200.000000000007,0.0172680191350722,0.0171122899133241,-6.965706217121784e-05,0.0,-3.718334188351153,2.1435735418829425,-8.310953289117915,57.19156117957997,-0.019033035126961,0.5499484560469995,19198.901612240268,-25.69905097641129,0.002,3.7345423118355705,-0.4388380674403429,-1.0328134354324785,6.0,10.0,180.0,1.0766926525418905,-4.841888625867806,-0.1640397751247539,-2.7649186594037536,-676.4329250477643,-110.87407860307242,153.1086783073585,694.3467970991737,563.4750000000001,1.0766926525418905,0.7538133859634399,1.015954852104187,0.7909602522850037,1.1062710285186768,1.047381043434143,0.9791386127471924,0.8920613527297974,0.8272268772125244,0.8807313442230225,1.1033830642700195,1.0387111902236938,1.0993499755859375,1.0058751106262207,1.0352118015289307,0.8871918320655823,0.8625971078872681,-0.8705835342407227,1.2660231590270996,1.0202698707580566,1.2511496543884277,0.7803860306739807,1.0745712518692017,0.6823845505714417,0.7339872121810913,0.9387837648391724,0.8663588762283325,0.7727917432785034,0.9370850324630737,0.9879642724990845,0.8467239737510681,1.890380620956421,1.1733322143554688,1.0927307605743408,0.8963797092437744,0.865494966506958,0.8309321999549866,1.1420934200286865,0.9482172727584839,0.646955668926239,0.5667121410369873
6051.0,121.01900000000003,26.1823234103967,244.1652343237089,386.54588108199766,624579.2124287679,26.133220119924268,244.06249108765155,386.5459900000001,624674.7794840003,-4.069691640890599,-8.290430883329487,0.0036349198876238,19200.000000000007,0.0067108747370009,0.0088806240345162,0.0001089180024264,0.0,-3.9295265464138063,-29.363975746822327,-8.275100288730878,-14.761875073674556,-0.0063479588727178,1.0936263486148718,19198.9513754359,38.70783424300513,0.002,3.81238453055741,-0.2239799010098102,-1.0307239868043283,6.0,10.0,180.0,1.2964898832023974,-4.666948440016424,-0.1411143803460204,-3.000809485371588,-705.9259625238822,-78.9225393015362,158.28683915367924,715.6318985495868,565.2,1.2964898832023974,0.8087587952613831,1.2041828632354736,1.083603858947754,1.3279352188110352,1.3199479579925537,1.3033902645111084,0.8864582777023315,0.9293124675750732,0.9414803981781006,1.3019976615905762,1.2159743309020996,1.2421672344207764,1.185351848602295,1.2268187999725342,1.4792110919952393,1.1316698789596558,6.772658348083496,1.0303696393966675,1.208557367324829,1.1955037117004395,0.7961166501045227,1.116603136062622,0.880495011806488,0.7415099143981934,1.0814828872680664,1.0274430513381958,0.8038662075996399,0.9234620332717896,1.0948694944381714,0.8862628936767578,1.935126781463623,1.3286914825439453,1.2574161291122437,0.804431140422821,2.339521646499634,1.1310818195343018,1.3164992332458496,1.1894184350967407,1.5738208293914795,0.17847232520580292
6052.0,121.03900000000004,26.09981571001378,243.99746499381067,386.5457977624833,624963.1947083976,26.04735227188611,243.8907612204126,386.5459900000001,625058.7794840002,-4.1817031046859245,-8.422500669814063,0.0064059991306396,19200.000000000007,0.0033506410342518,0.0049207994124938,0.0001922375168148,0.0,-4.197402399979759,7.38885941851814,-8.45188173349134,-3.250004572194901,0.010484106424335,5.625339084574269,19199.61989194525,154.51899004449416,0.002,3.824435816856716,-0.0838322279834067,-1.039853447520202,6.0,10.0,180.0,1.1245530418175056,-4.825263864406258,-0.1240582843492048,-3.152544564242219,-725.9109812619411,-59.0072696507681,162.0529195768396,731.2759492747934,566.9250000000002,1.1245530418175056,0.8141887187957764,1.1707539558410645,1.0118435621261597,1.2194371223449707,1.1655329465866089,1.1139593124389648,0.8019977807998657,0.8937327861785889,0.8966766595840454,1.1883466243743896,1.075100064277649,1.1189374923706055,1.045616865158081,1.0777746438980103,1.2983441352844238,0.954066812992096,6.484748363494873,0.9801257848739624,1.0560818910598755,1.081310749053955,0.77898770570755,0.9850109219551086,0.8290635943412781,0.7484826445579529,1.0319945812225342,0.9438936114311218,0.7691147923469543,0.9609582424163818,1.0319807529449463,0.8487244844436646,1.9546444416046143,1.231921672821045,1.1206557750701904,0.7141956686973572,1.7585889101028442,1.0479096174240112,1.2118265628814697,1.0182331800460815,1.292660117149353,0.4835989475250244
6053.0,121.05900000000004,26.01634062926181,243.8279980253384,386.5458425630079,625347.1929213032,25.961484706742244,243.7190292960751,386.5459900000001,625442.7794840003,-4.261426315428226,-8.498067104632913,0.0048810880234587,19200.000000000007,0.000957989753997,0.0026571990226481,0.0001474369922266,0.0,-4.233558611280816,-7.260660352916014,-8.4720128574769,0.4350368672446219,0.0014747711408624,3.6007313609631324,19199.86079615489,-64.43092760101123,0.002,3.787941107835557,-0.0824938439997148,-1.029016725961904,6.0,10.0,180.0,1.3227287971550852,-4.838490081602161,-0.1113491556477575,-3.19921900686644,-736.5494906309705,-48.43863482538405,164.0794597884198,739.7114746373968,562.3500000000001,1.3227287971550852,0.8195117712020874,1.2262146472930908,1.0439413785934448,1.3126612901687622,1.2932921648025513,1.2635738849639893,0.8783202171325684,0.937080442905426,0.9317833185195923,1.3020544052124023,1.1736711263656616,1.2124683856964111,1.1404309272766113,1.1717917919158936,1.3524774312973022,1.0461622476577759,7.184772491455078,1.117913007736206,1.1567929983139038,1.2059797048568726,0.8043853044509888,1.0759292840957642,0.8600950837135315,0.777599573135376,1.0567917823791504,0.9800286889076233,0.8027757406234741,0.9774558544158936,1.07173490524292,0.8803966641426086,2.237078905105591,1.3178952932357788,1.225152850151062,0.8228564262390137,1.7547703981399536,1.0891071557998657,1.2997632026672363,1.1387025117874146,1.3600761890411377,0.3865794539451599
6054.0,121.07900000000004,25.93083517272735,243.657611090534,386.5459266556992,625731.1887780059,25.87561841543056,243.5472971310633,386.5459900000001,625826.7794840002,-4.273401864972314,-8.542825959132607,0.0020782029878954,19200.000000000007,0.000596097526585,0.0013117680803353,6.334430088789752e-05,0.0,-4.272738337896355,5.12923033153435,-8.544735655926386,2.139230654231191,0.0141427465580333,-3.418655094339761,19200.033826467647,90.04580626144471,0.002,3.815479296490349,-0.073275453401288,-1.0320790203537362,6.0,10.0,180.0,1.2865857739599984,-4.841792825403635,-0.1030130824554639,-3.220276606130665,-743.3212453154852,-43.818317412692025,165.44072989420988,745.4142373186984,564.0000000000001,1.2865857739599984,0.8235431909561157,1.224579095840454,1.0348318815231323,1.2599360942840576,1.237282156944275,1.2035930156707764,0.8548263311386108,0.9349656701087952,0.9194676876068115,1.246455192565918,1.1268258094787598,1.1638883352279663,1.0889836549758911,1.1169633865356445,1.2676336765289307,0.9837394952774048,6.834813117980957,1.074629783630371,1.1040129661560059,1.1740922927856445,0.8027819991111755,1.0344401597976685,0.8470947742462158,0.7870050668716431,1.0499060153961182,0.956378161907196,0.800482988357544,0.9915440678596497,1.058835506439209,0.8761656880378723,2.2474379539489746,1.2762269973754883,1.1637933254241943,0.8055310845375061,1.6151726245880127,1.0615918636322021,1.2617360353469849,1.0823638439178467,1.2532702684402466,0.5561103820800781
6055.0,121.09900000000005,25.845406950522555,243.48656289832,386.5459620947368,626115.1893473414,25.78975330038984,243.375566900512,386.5459900000001,626210.7794840003,-4.287963111910928,-8.565547200455741,0.0009328662093097,19200.000000000007,0.000158664514038,0.0006286311971278,2.7905263278294112e-05,0.0,-4.283219189518498,-1.3445217884513614,-8.55494418408359,1.886632493894507,0.0131758621207487,-4.157313773951606,19200.137818814383,-8.565180521164976,0.002,3.844398595409925,-0.0842421768380744,-1.046140640420535,6.0,10.0,180.0,1.2837309679041202,-4.826117216472875,-0.0937342213152775,-3.220749681817278,-746.9581226577426,-41.446658706346014,166.17936494710494,748.5126186593492,563.3250000000002,1.2837309679041202,0.8260594606399536,1.2398359775543213,1.0510698556900024,1.2974086999893188,1.2806165218353271,1.2644720077514648,0.8818479776382446,0.952305257320404,0.9311882257461548,1.2870848178863525,1.1659977436065674,1.2005891799926758,1.1270413398742676,1.155226469039917,1.302234411239624,1.0238983631134033,7.147676467895508,1.1157501935958862,1.1445859670639038,1.2152183055877686,0.8127037882804871,1.0683127641677856,0.8632432818412781,0.7956250905990601,1.0616199970245361,0.9741202592849731,0.8133004307746887,0.9951477646827698,1.0790696144104004,0.8889762163162231,2.311868190765381,1.3098253011703491,1.204959750175476,0.842781126499176,1.6492071151733398,1.0818744897842407,1.2962653636932373,1.1312769651412964,1.2993340492248535,0.5076282024383545
6056.0,121.11900000000004,25.759805011319816,243.3151584665936,386.5459462936751,626499.1848405469,25.70388829991309,243.20383690052145,386.5459900000001,626594.7794840003,-4.296733807125453,-8.57640739154023,0.0014569854745802,19200.000000000007,-0.000104310845255,0.0003029349443317,4.370632503651263e-05,0.0,-4.267860332376048,2.020023016142644,-8.612073336755444,-1.7693682598454088,0.0063598001938417,-2.9878895462648645,19199.65565292201,60.21041770343757,0.002,3.783934349008754,-0.0443694815989801,-1.054042220179103,6.0,10.0,180.0,1.2465961348283727,-4.886802927621858,-0.08837949572241,-3.2617653227516987,-749.4710613288713,-42.21582935317301,166.73568247355246,750.8618093296745,558.075,1.2465961348283727,0.8269116878509521,1.236152172088623,1.0497064590454102,1.2861157655715942,1.2641891241073608,1.2430140972137451,0.8613718748092651,0.947589635848999,0.9232267141342163,1.2631919384002686,1.145134687423706,1.17924964427948,1.1071449518203735,1.1348634958267212,1.2949553728103638,1.0052539110183716,6.63954496383667,1.0798261165618896,1.123486876487732,1.1784558296203613,0.8084694743156433,1.0421360731124878,0.8627967238426208,0.7939069867134094,1.0563311576843262,0.9704648852348328,0.8055839538574219,0.9967319965362549,1.074764609336853,0.8819393515586853,2.213825225830078,1.292027235031128,1.182337999343872,0.8060784339904785,1.628499150276184,1.0820351839065552,1.2793035507202148,1.1030762195587158,1.328738808631897,0.48614704608917236
6057.0,121.13900000000004,25.674286471620768,243.1432522850094,386.5459276821198,626883.1807895818,25.61802329992817,243.0321069006252,386.5459900000001,626978.7794840002,-4.308280552838926,-8.570529845197488,0.002079356019261,19200.000000000007,-0.0004508675017218,0.0004790128863579,6.231788036561664e-05,0.0,-4.308082206865132,-5.744639631314111,-8.526869885834904,4.331088957277791,-0.0087775476518243,-0.4243713482533408,19199.96243852916,-85.79133580012773,0.002,3.845981999034515,0.000695403783652,-1.0392934193184145,6.0,10.0,180.0,1.3275819732510012,-4.861321760510172,-0.0869114765658745,-3.303313565304376,-749.8590306644356,-39.1459146765865,166.7688412367762,750.9874046648373,559.7250000000001,1.3275819732510012,0.825674831867218,1.2449650764465332,1.048556923866272,1.330841064453125,1.3087559938430786,1.3015797138214111,0.9010974168777466,0.9580603837966919,0.940363883972168,1.3176767826080322,1.192434310913086,1.229247808456421,1.1547842025756836,1.1830590963363647,1.3217947483062744,1.0492709875106812,7.408449172973633,1.1690359115600586,1.1725083589553833,1.2424156665802002,0.817017674446106,1.094726324081421,0.8672874569892883,0.800155758857727,1.0626375675201416,0.9814344048500061,0.819413423538208,0.9991270899772644,1.0834659337997437,0.8948609828948975,2.3667221069335938,1.3360522985458374,1.2408262491226196,0.8658357262611389,1.5739848613739014,1.0898288488388062,1.319831132888794,1.1629937887191772,1.3277157545089722,0.43782269954681396
6058.0,121.15900000000003,25.58793186859807,242.97205177828155,386.5459463352237,627267.1777145725,25.532158299969,242.86037679976263,386.5459900000001,627362.7794840003,-4.29195777820401,-8.588183158060897,0.0014237898298074,19200.000000000007,3.87368205849442e-05,-5.058188877243119e-05,4.366477643448132e-05,0.0,-4.280040655656222,8.119258415378312,-8.573967032472272,-5.737928146071809,-0.0019597718720344,-0.8627288199446514,19200.06637909356,47.10202070015366,0.002,3.85445597635069,-0.0089759738057868,-1.0391265437459491,6.0,10.0,180.0,1.3143897482494011,-4.847470709841504,-0.0776211313089225,-3.336075227224394,-750.4770153322179,-39.70145733829325,166.9089206183881,751.5802023324186,561.4500000000002,1.3143897482494011,0.8283504247665405,1.2153304815292358,1.0447040796279907,1.260992407798767,1.2224652767181396,1.1957354545593262,0.8263852596282959,0.9344291090965271,0.9124836921691895,1.2255170345306396,1.111837387084961,1.1479582786560059,1.0758991241455078,1.1040785312652588,1.2938352823257446,0.9771324396133423,6.3923821449279785,1.0176396369934082,1.0900380611419678,1.1224749088287354,0.8019371628761292,1.0039228200912476,0.859772264957428,0.7860828638076782,1.0511119365692139,0.9625840783119202,0.7923905849456787,0.9964525103569031,1.066957712173462,0.8758351802825928,2.0270636081695557,1.264574646949768,1.1471995115280151,0.7568473815917969,1.6564702987670898,1.076825737953186,1.2519018650054932,1.0626134872436523,1.3327782154083252,0.52182537317276
6059.0,121.17900000000004,25.502463811740387,242.8007871342849,386.54599805541136,627651.1819508722,25.44629329995468,242.6886466992069,386.5459900000001,627746.7794840002,-4.305193752320853,-8.603694399155629,-0.0003055272562803,19200.000000000007,-0.0003582132401145,-0.0005158352827839,-8.055411241313028e-06,0.0,-4.3190741460755815,-2.92419118418359,-8.558349381868533,-10.437400760777344,-0.0031746595943834,-3.9009181510274535,19200.27436907852,-47.27600375103134,0.002,3.86691016838665,-0.0352353775496413,-1.0349449172233642,6.0,10.0,180.0,1.3550038110939029,-4.766991498395818,-0.0771363648557453,-3.299160571340232,-750.930507666109,-38.363728669146624,166.99346030919406,751.9381011662093,570.6000000000001,1.3550038110939029,0.834021806716919,1.2569364309310913,1.0860213041305542,1.3097820281982422,1.3044484853744507,1.2858558893203735,0.8601241111755371,0.9601846933364868,0.9313262701034546,1.277801513671875,1.1717276573181152,1.2025004625320435,1.134049892425537,1.1650749444961548,1.3797978162765503,1.0478655099868774,6.865811347961426,1.0341169834136963,1.1526252031326294,1.1805188655853271,0.8182244300842285,1.0517767667770386,0.8938477039337158,0.7941402196884155,1.0795615911483765,0.9985095262527466,0.8131312131881714,0.9949895143508911,1.1107821464538574,0.8990435004234314,2.1386075019836426,1.314160943031311,1.205130696296692,0.8054753541946411,1.8958587646484375,1.1177273988723755,1.3045248985290527,1.1416435241699219,1.4230928421020508,0.48515093326568604
6060.0,121.19900000000004,25.41628131979948,242.6291193034804,386.5459776361673,628035.1837598333,25.360428300121885,242.5169166997564,386.5459900000001,628130.7794840003,-4.29463989703933,-8.605767533238843,0.0004145221310045,19200.000000000007,-4.082622068995829e-05,-0.0005780017436299,1.2363832880501324e-05,0.0,-4.265409857692379,3.2939060525648456,-8.60694440821565,-5.2499236165617,-0.0031692298681731,1.4002414193880084,19200.08579304645,-64.34243872005024,0.002,3.766328751924123,-0.0408106786996418,-1.0405050009199857,6.0,10.0,180.0,1.2724966809626244,-4.845781106517682,-0.0747086319846871,-3.2807698142083352,-751.3542538330545,-40.61636433457331,167.11823015459703,752.4685505831046,566.0250000000001,1.2724966809626244,0.8289601802825928,1.2360751628875732,1.051830530166626,1.288254976272583,1.2583658695220947,1.2303781509399414,0.8411587476730347,0.9422152042388916,0.92371666431427,1.25823175907135,1.1365195512771606,1.1736266613006592,1.1016669273376465,1.1306220293045044,1.328878402709961,1.0064499378204346,6.726922035217285,1.0467052459716797,1.1165632009506226,1.1504825353622437,0.806344211101532,1.0299201011657715,0.8691853284835815,0.7871785163879395,1.0584487915039062,0.9759308695793152,0.7981480360031128,0.9957915544509888,1.0781241655349731,0.8841944932937622,2.1389994621276855,1.2891275882720947,1.1776279211044312,0.7786089181900024,1.6833360195159912,1.0870778560638428,1.2738738059997559,1.0928422212600708,1.355605125427246,0.4792700409889221
6061.0,121.21900000000002,25.33032932360485,242.4565696560552,386.5459150667965,628419.1820726836,25.274563300295195,242.3451867001475,386.5459900000001,628514.7794840003,-4.291707704485584,-8.57844907553323,0.0025004771900181,19200.000000000007,4.617414395480589e-05,0.0002416458911609,7.493320348782553e-05,0.0,-4.316400891322777,2.6803587869970023,-8.621110824275915,6.049230399859212,-0.0078023231268223,3.5446984843760547,19199.72468346828,12.888694337916217,0.002,3.827512819042313,-0.0700334031600482,-1.0322535652930789,6.0,10.0,180.0,1.287102112555258,-4.9239477752068215,-0.0708201820737254,-3.297171667968359,-752.2721269165272,-40.530682167286656,167.3296150772985,753.3717752915522,567.6750000000001,1.287102112555258,0.8259474039077759,1.2371585369110107,1.0294817686080933,1.3016914129257202,1.2682298421859741,1.2402496337890625,0.870438814163208,0.9439143538475037,0.9343503713607788,1.2840039730072021,1.1506797075271606,1.193611979484558,1.1152904033660889,1.1430379152297974,1.2913987636566162,1.006195306777954,6.892325401306152,1.1380746364593506,1.1297101974487305,1.2047200202941895,0.8084291815757751,1.0660481452941895,0.8540522456169128,0.7936660051345825,1.052427053451538,0.9663425087928772,0.8074886202812195,1.0033373832702637,1.0656757354736328,0.8905541896820068,2.4094667434692383,1.3067727088928223,1.2015624046325684,0.8289101123809814,1.453547477722168,1.062879204750061,1.2858588695526123,1.109329342842102,1.2586710453033447,0.4979184865951538
6062.0,121.23900000000005,25.244696123992167,242.28517617779443,386.5460108356632,628803.1825287367,25.188698299506683,242.17345669952232,386.5459900000001,628898.7794840002,-4.299440849894543,-8.58966134006655,-0.0007242429829781,19200.000000000007,-0.0001857219437215,-9.46768969088979e-05,-2.0835663033710485e-05,0.0,-4.245359180448257,-4.337077428171047,-8.586156425664353,-4.0394635371299685,0.0034005530160326,-1.3382489768438437,19200.170166394168,-42.87086393785814,0.002,3.817975855292632,-0.0414907457597095,-1.0445295288373302,6.0,10.0,180.0,1.3188491940489675,-4.834084218014711,-0.0718081450835183,-3.30279521128924,-751.5245634582636,-41.78634108364333,167.17030753864924,752.6908876457761,567.0000000000001,1.3188491940489675,0.8294873237609863,1.2488622665405273,1.067718505859375,1.3193871974945068,1.303412914276123,1.2893095016479492,0.8743167519569397,0.9585796594619751,0.9351696968078613,1.299654483795166,1.178270936012268,1.2117836475372314,1.141085147857666,1.170583724975586,1.3556935787200928,1.048163890838623,7.128633499145508,1.0933117866516113,1.1589683294296265,1.2034052610397339,0.815601646900177,1.0702286958694458,0.8814642429351807,0.7950637340545654,1.0698304176330566,0.9917857646942139,0.8124799728393555,0.9961321949958801,1.0967870950698853,0.8961979150772095,2.257612943649292,1.323176383972168,1.2197920083999634,0.8284257650375366,1.7291500568389893,1.1035748720169067,1.308992862701416,1.1463390588760376,1.3822542428970337,0.4488013982772827
6063.0,121.25900000000004,25.158941080873475,242.11310820090844,386.5459698503441,629187.1846477875,25.102833298024912,242.0017266992588,386.5459900000001,629282.7794840003,-4.303110257465762,-8.57840172825272,0.0006769629348466,19200.000000000007,-0.00029587978676,0.0002432006151302,2.014965608141413e-05,0.0,-4.303205708649356,-1.4559381166670105,-8.592777488069267,3.970157288467155,-0.0050936310608382,-1.594209286975394,19199.946644417305,-72.98408664296376,0.002,3.756038820362489,-0.0122079334689801,-1.0529983409651489,6.0,10.0,180.0,1.3286418807779343,-4.852564804198666,-0.0703243074421711,-3.274613524786351,-751.8112817291318,-40.79067054182167,167.22415376932463,752.920443822888,568.4250000000001,1.3286418807779343,0.8278166055679321,1.2455980777740479,1.0486797094345093,1.311138391494751,1.2884178161621094,1.2749515771865845,0.886488676071167,0.9562231302261353,0.9378688335418701,1.2994484901428223,1.1733174324035645,1.2107025384902954,1.1350672245025635,1.1631879806518555,1.3095009326934814,1.030155062675476,7.341658592224121,1.1387802362442017,1.1521806716918945,1.2275323867797852,0.8153671026229858,1.080269694328308,0.8660495281219482,0.7990481853485107,1.0635402202606201,0.97733473777771,0.8166123032569885,1.0021547079086304,1.0824592113494873,0.8969293236732483,2.3924150466918945,1.321305274963379,1.2174619436264038,0.8545027375221252,1.5654648542404175,1.079201102256775,1.3045969009399414,1.140333652496338,1.2875272035598755,0.5078927278518677
6064.0,121.27900000000004,25.07300613468744,241.9415434009952,386.5459607707574,629571.18476607,25.01696819773046,241.8299966000936,386.5459900000001,629666.7794840003,-4.300784033408624,-8.583907950433161,0.0009736402564694,19200.000000000007,-0.0002253328075426,7.770085513122858e-05,2.922924277192618e-05,0.0,-4.302256397319001,-5.38217715706436,-8.606182110455252,-1.3355237321391151,-0.0088038646124011,-0.361372600835404,19199.65591802441,-42.98055258933635,0.002,3.70248794348282,-0.0450278652519745,-1.0525199855425678,6.0,10.0,180.0,1.284171917975541,-4.830949172087378,-0.0683351782238198,-3.2807533794325585,-752.145140864566,-40.66983527091084,167.3000768846623,753.245721911444,563.5500000000001,1.284171917975541,0.8292925953865051,1.2514474391937256,1.06496000289917,1.331136703491211,1.3140487670898438,1.3037177324295044,0.8874333500862122,0.9616763591766357,0.939052164554596,1.3139554262161255,1.1876963376998901,1.222762107849121,1.150554895401001,1.1797840595245361,1.3493473529815674,1.052758812904358,7.30216646194458,1.1262866258621216,1.168580412864685,1.2221547365188599,0.817119300365448,1.0834399461746216,0.8799919486045837,0.7994790077209473,1.0694704055786133,0.9917372465133667,0.816804051399231,0.9994851350784302,1.0953419208526611,0.8982137441635132,2.3171679973602295,1.3322045803070068,1.2326892614364624,0.8432824015617371,1.6697428226470947,1.1016165018081665,1.3173015117645264,1.157180905342102,1.3743339776992798,0.42985987663269043
6065.0,121.29900000000002,24.98673824266492,241.7694763307936,386.5459015040914,629955.1825299684,24.93110319905319,241.6582665007665,386.5459900000001,630050.7794840002,-4.287348481828471,-8.57267682628255,0.0029549217164009,19200.000000000007,0.0001771620089035,0.0004147690744445,8.849590866989012e-05,0.0,-4.307873883601426,1.4061195869768686,-8.599899152183644,4.0876942928181705,-0.0036824204267663,6.1625557740336605,19199.70780379864,68.6990564448403,0.002,3.804309874432193,-0.0043036562602088,-1.0391193147092448,6.0,10.0,180.0,1.2685210030198737,-4.921781197512745,-0.064908381724143,-3.2950999846040885,-752.273570432283,-40.27291763545541,167.32503844233116,753.351860955722,565.2,1.2685210030198737,0.8255268335342407,1.2366843223571777,1.031556487083435,1.310522198677063,1.276860237121582,1.244751214981079,0.8661686182022095,0.9417444467544556,0.9342007040977478,1.2892383337020874,1.153185486793518,1.1966795921325684,1.1195727586746216,1.1478819847106934,1.31086003780365,1.0134994983673096,7.156801700592041,1.1344122886657715,1.133469581604004,1.1957114934921265,0.8069104552268982,1.0627864599227905,0.8568218350410461,0.7908048629760742,1.0514037609100342,0.9707179665565491,0.8043187856674194,1.0012949705123901,1.0667855739593506,0.8882912397384644,2.3562662601470947,1.309819221496582,1.2077630758285522,0.8162224888801575,1.4739593267440796,1.0702698230743408,1.2881548404693604,1.1115111112594604,1.2980250120162964,0.44924378395080566
6066.0,121.31900000000005,24.90127052036039,241.598173000892,386.545961144265,630339.1837379097,24.845238200186827,241.48653650042388,386.5459900000001,630434.7794840003,-4.300597146445991,-8.586874878805634,0.000935531239691,19200.000000000007,-0.0002201185723224,-1.1901920358781229e-05,2.885573515950684e-05,0.0,-4.266597613757815,-1.824967517315836,-8.56445396508829,0.2486304691226056,0.0022054112874882,1.46219198979233,19200.27324586709,47.260164095187534,0.002,3.745714728011704,-0.0846699570281204,-1.0456425887194056,6.0,10.0,180.0,1.3222440202789234,-4.843269714582516,-0.0610247149540352,-3.299205947314184,-751.4122852161415,-40.43545881772771,167.12551922116558,752.499930477861,566.9250000000002,1.3222440202789234,0.8273465037345886,1.2427513599395752,1.0511689186096191,1.3139100074768066,1.2914265394210815,1.2686219215393066,0.8721598982810974,0.9506861567497253,0.9349461793899536,1.2978242635726929,1.1683024168014526,1.2060694694519043,1.1324193477630615,1.1612094640731812,1.33335542678833,1.0331518650054932,7.383467197418213,1.1153044700622559,1.1485809087753296,1.2036134004592896,0.8119114637374878,1.0680209398269653,0.8692808747291565,0.793012261390686,1.0613852739334106,0.9811988472938538,0.8093839883804321,0.9980019330978394,1.0825250148773193,0.8923325538635254,2.3015670776367188,1.3179914951324463,1.2153609991073608,0.8277979493141174,1.6182307004928589,1.0877621173858643,1.3004988431930542,1.1329537630081177,1.3352879285812378,0.4607001543045044
6067.0,121.33900000000004,24.815600616889817,241.4264827128994,386.5459755383266,630723.1835210636,24.759373200206205,241.3148064998988,386.5459900000001,630818.7794840003,-4.307091641235909,-8.588217683856588,0.0004820714627162,19200.000000000007,-0.0004152203599082,-5.141289966673173e-05,1.446167350656963e-05,0.0,-4.313474325141979,-0.7378120944733965,-8.582000937915074,4.144270698375971,0.0051270909246035,1.6506182535160565,19199.92944837936,103.00702817924332,0.002,3.768068099381757,-0.1040747009602123,-1.0517833455702168,6.0,10.0,180.0,1.3510564041473176,-4.855983245326913,-0.0605527241247738,-3.2812289944829294,-751.6961426080708,-39.51872940886385,167.18075961058278,752.7349652389305,562.3500000000001,1.3510564041473176,0.8261913061141968,1.2412900924682617,1.0402421951293945,1.3138785362243652,1.2868726253509521,1.2668046951293945,0.8811884522438049,0.950384795665741,0.935603141784668,1.296549916267395,1.1671720743179321,1.206661343574524,1.1308841705322266,1.1586709022521973,1.3059806823730469,1.0239728689193726,7.356470108032227,1.1447887420654297,1.1466550827026367,1.2159998416900635,0.8118261694908142,1.0733451843261719,0.8614185452461243,0.7967329025268555,1.0566833019256592,0.9736462831497192,0.8118603229522705,1.0017814636230469,1.07442307472229,0.8909153938293457,2.3654379844665527,1.3173761367797852,1.216255784034729,0.8385992050170898,1.5145134925842285,1.077128529548645,1.2992417812347412,1.130372405052185,1.3017102479934692,0.4625886082649231
6068.0,121.359,24.72953008814388,241.25503745989985,386.5459561195229,631107.1841287201,24.67350819996821,241.1430764999017,386.5459900000001,631202.7794840002,-4.3002435783964295,-8.597708854434208,0.001130728524504,19200.000000000007,-0.0002095911125525,-0.0003361611312452,3.3880477629690845e-05,0.0,-4.299543568514422,1.225273378025124,-8.587926035519128,-2.568873685854972,0.0068405014432168,4.463399425799677,19199.96402118094,-34.35403121940261,0.002,3.822009695933558,-0.0555948367175238,-1.0523678621532655,6.0,10.0,180.0,1.2812534496827337,-4.817883555554842,-0.0634808883516256,-3.3068498815026346,-751.7905713040354,-39.64486470443192,167.2043798052914,752.8354826194652,564.0000000000001,1.2812534496827337,0.8278355598449707,1.2399858236312866,1.0472909212112427,1.3059182167053223,1.277763843536377,1.2457468509674072,0.8528144955635071,0.9429508447647095,0.9292347431182861,1.2790080308914185,1.1492122411727905,1.1888763904571533,1.1156048774719238,1.1446890830993652,1.3354995250701904,1.0174967050552368,7.093565464019775,1.0851151943206787,1.130157470703125,1.1699843406677246,0.8071354031562805,1.0460063219070435,0.8680514693260193,0.7887795567512512,1.0569424629211426,0.977896511554718,0.8006824254989624,0.9976657629013062,1.0767266750335693,0.8857536315917969,2.2118735313415527,1.3026760816574097,1.1977330446243286,0.7912261486053467,1.6194006204605103,1.0867013931274414,1.2848141193389893,1.107660174369812,1.3585987091064453,0.4377198815345764
6069.0,121.37900000000003,24.64349492114216,241.0827736031394,386.54603340430594,631491.185415114,24.58764319997109,240.97134650001783,386.5459900000001,631586.7794840003,-4.294569489540319,-8.579918326151828,-0.0014463518182979,19200.000000000007,-3.932144505696373e-05,0.0001975924430138,-4.340430388814627e-05,0.0,-4.300528122535129,3.2944666912359457,-8.607894790502275,3.612459945509608,0.0087722302460155,-3.844692260853829,19200.35950710596,81.50158667297384,0.002,3.7438900805957696,-0.082829192210252,-1.0514236986802512,6.0,10.0,180.0,1.2646873978030928,-4.8726327088264325,-0.0664111153140899,-3.2791734731374844,-752.1367856520177,-40.19143235221596,167.2921899026457,753.2102413097326,570.6750000000001,1.2646873978030928,0.8285831212997437,1.2423794269561768,1.0455937385559082,1.2861354351043701,1.2589776515960693,1.2436747550964355,0.8718036413192749,0.9517972469329834,0.9315307140350342,1.2738041877746582,1.150892972946167,1.1877542734146118,1.1115810871124268,1.138901948928833,1.2830740213394165,1.0050382614135742,7.347357273101807,1.1085584163665771,1.1280111074447632,1.2074224948883057,0.8123793005943298,1.0605844259262085,0.8602279424667358,0.7988564968109131,1.0605640411376953,0.9682117104530334,0.8125514388084412,1.0043855905532837,1.076278567314148,0.8933383822441101,2.373504638671875,1.300912618637085,1.1893031597137451,0.8391277194023132,1.55647873878479,1.06844162940979,1.2854235172271729,1.1132701635360718,1.2501513957977295,0.5713210701942444
6070.0,121.39900000000004,24.557685425486145,240.9111679592069,386.5459769394168,631875.184073204,24.50177819998948,240.7996165000104,386.5459900000001,631970.7794840002,-4.2964266645255655,-8.584061426401696,0.0004119009810601,19200.000000000007,-9.502696578203378e-05,7.313702525937164e-05,1.306058090338066e-05,0.0,-4.30250445242657,-1.825512682082864,-8.53145184876131,3.9626130624792912,0.0122109989400054,-0.132051466691389,19199.708264092587,-34.35943159511443,0.002,3.754107672082222,-0.0863467807027185,-1.0558006987654645,6.0,10.0,180.0,1.3379240304165436,-4.839913734818239,-0.0615359504441359,-3.2935330862375407,-751.2083928260088,-38.427216176107976,167.05409495132284,752.1926206548662,579.5250000000001,1.3379240304165436,0.8287752866744995,1.249239206314087,1.052043080329895,1.3136157989501953,1.296451449394226,1.2727299928665161,0.8826068639755249,0.954471230506897,0.9425599575042725,1.3074848651885986,1.1769201755523682,1.2163068056106567,1.1397041082382202,1.1688259840011597,1.3341221809387207,1.038994550704956,6.74411153793335,1.1319360733032227,1.1566288471221924,1.2298468351364136,0.8177388906478882,1.0849940776824951,0.869117796421051,0.795307457447052,1.0682618618011475,0.9814485907554626,0.815731406211853,1.0010145902633667,1.0870927572250366,0.9024844169616699,2.4044861793518066,1.3271689414978027,1.2235431671142578,0.8582105040550232,1.6309174299240112,1.080195665359497,1.3083628416061401,1.1474838256835938,1.2737170457839966,0.5403847694396973
6071.0,121.41900000000004,24.47186515393448,240.7398346951699,386.5460341244105,632259.1788100048,24.41591319995284,240.6278864999996,386.5459900000001,632354.7794840003,-4.2979109939586095,-8.597289667068763,-0.0014702707644208,19200.000000000007,-0.0001397561109337,-0.0003235946757169,-4.41244419397312e-05,0.0,-4.269049551101067,0.6688081954867077,-8.601821393203235,0.2448325520229531,0.002208621665572,-6.350008456304034,19200.11953964261,47.29369156487553,0.002,3.793095285920668,-0.0984248097609,-1.040854053886091,6.0,10.0,180.0,1.2949326243985364,-4.83201386171668,-0.0649538765749541,-3.349444492088403,-751.4531964130044,-40.40260808805399,167.13554747566144,752.5423103274331,573.5250000000001,1.2949326243985364,0.8302578330039978,1.247546672821045,1.0608899593353271,1.2911343574523926,1.2758632898330688,1.2621264457702637,0.8742924332618713,0.9581693410873413,0.9329248666763306,1.2804055213928223,1.162050724029541,1.1954247951507568,1.1217117309570312,1.1498521566390991,1.3082711696624756,1.0216501951217651,7.331222057342529,1.0905053615570068,1.139634370803833,1.210899829864502,0.8160198926925659,1.0638970136642456,0.8705846667289734,0.7985756993293762,1.0690853595733643,0.9783875942230225,0.8154584169387817,1.0011590719223022,1.0889501571655273,0.8973458409309387,2.3293933868408203,1.3079311847686768,1.1958621740341187,0.8444222211837769,1.6813634634017944,1.0827330350875854,1.294987440109253,1.1286333799362183,1.282646894454956,0.574245035648346
6072.0,121.43900000000004,24.38590434904405,240.5681667783744,386.5460143477454,632643.1826428121,24.330048200065825,240.4561564999993,386.5459900000001,632738.7794840002,-4.294712571636248,-8.599360147394139,-0.0008486240639875,19200.000000000007,-4.394748114704119e-05,-0.0003858768856943,-2.434774656780365e-05,0.0,-4.324228087237582,1.7689852397745651,-8.545908697423855,-2.618440603265681,-0.0063520276680094,-0.5495400354802552,19200.478151929256,-34.28367271695097,0.002,3.80799727526179,-0.0901675212821549,-1.0390394372086142,6.0,10.0,180.0,1.2622133972785816,-4.806077844680271,-0.0673751384940651,-3.317659395423816,-751.2820982065023,-38.230804044027,167.0697737378307,752.2591551637165,580.3500000000001,1.2622133972785816,0.8315640687942505,1.248779058456421,1.060732364654541,1.2946650981903076,1.2795531749725342,1.246764898300171,0.8552871942520142,0.9489449858665466,0.9335236549377441,1.277271032333374,1.1543034315109253,1.1921055316925049,1.1179614067077637,1.147942066192627,1.3460133075714111,1.0234315395355225,7.419455051422119,1.0635602474212646,1.1339435577392578,1.186389684677124,0.8127523064613342,1.05214262008667,0.8751031756401062,0.790367841720581,1.0697877407073975,0.982566773891449,0.8067392110824585,0.9983944892883301,1.0892975330352783,0.8973072171211243,2.251650333404541,1.3058903217315674,1.1947890520095825,0.8142267465591431,1.7350273132324219,1.0871154069900513,1.2899000644683838,1.1202384233474731,1.3132613897323608,0.556888222694397
6073.0,121.45900000000006,24.300005857619134,240.3962706386092,386.5460254074063,633027.1855318926,24.24418320030748,240.2844265,386.5459900000001,633122.7794840003,-4.293598234927305,-8.593819105091928,-0.001176926965491,19200.000000000007,-1.0454384045865744e-05,-0.0002194410029508,-3.5407167116017214e-05,0.0,-4.283197742998681,0.6126791878874919,-8.624037555160943,-1.8445591816386733,0.0004983644395784,-2.7444491537685733,19200.015093505768,34.26321967320158,0.002,3.822279682423493,0.0002080103334874,-1.0491017554960822,6.0,10.0,180.0,1.2382757140401035,-4.878900201032575,-0.0688211124026027,-3.285830012497042,-751.9540491032511,-40.439402022013496,167.25388686891534,753.0460775818583,580.5000000000001,1.2382757140401035,0.8317591547966003,1.2508541345596313,1.0637898445129395,1.2972944974899292,1.28165864944458,1.2592644691467285,0.8641859292984009,0.9557825326919556,0.9355848431587219,1.2838516235351562,1.16016685962677,1.19624662399292,1.122355580329895,1.1516180038452148,1.3385307788848877,1.0274229049682617,7.434503555297852,1.0729589462280273,1.1393970251083374,1.199147343635559,0.8151712417602539,1.0614584684371948,0.8766440749168396,0.7943373918533325,1.072606086730957,0.9850343465805054,0.8115124106407166,0.9997894763946533,1.0932592153549194,0.9008491039276123,2.312077283859253,1.3099572658538818,1.198038935661316,0.8295506238937378,1.731309175491333,1.0867053270339966,1.294729471206665,1.1265325546264648,1.3015894889831543,0.5614633560180664
6074.0,121.47900000000004,24.21421770617397,240.22461250650227,386.5459872015896,633411.1888755288,24.15831819976368,240.11269650000008,386.5459900000001,633506.7794840002,-4.296142714580157,-8.596217810515427,9.392720227058664e-05,19200.000000000007,-8.720658349376847e-05,-0.0002916107773119,2.7983912925375736e-06,0.0,-4.272706440884312,4.463459015550946,-8.548802579811634,-6.275876063444403,-0.008549231602059,1.2251869070946788,19200.11961902265,-73.00327480952042,0.002,3.8295969763885047,0.0100633683883858,-1.0425803146932535,6.0,10.0,180.0,1.2748862778200611,-4.814970220713365,-0.0683527357409995,-3.2663663459660564,-751.0825245516255,-39.924701011006746,167.04294343445767,752.1455387909291,576.6000000000001,1.2748862778200611,0.8305652141571045,1.2319743633270264,1.0556155443191528,1.28008234500885,1.250931739807129,1.2181165218353271,0.83179771900177,0.9394370317459106,0.9239932298660278,1.2512447834014893,1.1321637630462646,1.170085072517395,1.0976169109344482,1.1275211572647095,1.3441293239593506,1.006407618522644,6.950089931488037,1.0222668647766113,1.1121399402618408,1.143251657485962,0.8059893250465393,1.02495276927948,0.8719722628593445,0.7832881212234497,1.062683343887329,0.977606475353241,0.7961922287940979,0.9947404265403748,1.0820430517196655,0.8900624513626099,2.1075057983398438,1.2865898609161377,1.1719716787338257,0.7749816179275513,1.7424540519714355,1.086643099784851,1.2707237005233765,1.091087818145752,1.3421076536178589,0.5323480367660522
6075.0,121.49900000000002,24.12859706983398,240.0527922705652,386.54600382340686,633795.1895239139,24.072453198287487,239.9409665000001,386.5459900000001,633890.7794840003,-4.304328160836574,-8.593185192064244,-0.0004606690729125,19200.000000000007,-0.0003315726243331,-0.0002010697059512,-1.3824540349516274e-05,0.0,-4.291012058239335,0.2371340553711867,-8.629144133255174,-4.764150960797551,-0.0061057256896894,0.0566229144092522,19199.965285411443,-47.20724564003081,0.002,3.7622795701638543,-0.0756192529565404,-1.0382760045980073,6.0,10.0,180.0,1.329562355238215,-4.846119362606961,-0.0679106590985736,-3.253091635156354,-752.0052622758128,-41.17635050550337,167.27397171722885,753.1342693954646,583.5000000000001,1.329562355238215,0.8327378630638123,1.2522720098495483,1.0675796270370483,1.3019094467163086,1.2853871583938599,1.2572823762893677,0.8541131019592285,0.9531021118164062,0.935798168182373,1.2832832336425781,1.1580935716629028,1.1955188512802124,1.1223855018615723,1.1527290344238281,1.3650479316711426,1.0326082706451416,7.444044589996338,1.0519781112670898,1.1387958526611328,1.1838701963424683,0.8136349320411682,1.0559711456298828,0.8824194073677063,0.7901082634925842,1.0747886896133423,0.9908256530761719,0.807223379611969,0.9976910352706909,1.097243309020996,0.9022506475448608,2.260411500930786,1.3100467920303345,1.1984648704528809,0.8113608956336975,1.7815144062042236,1.0932583808898926,1.2937196493148804,1.1240203380584717,1.3360856771469116,0.5355099439620972
6076.0,121.51900000000003,24.04257944613468,239.8808054209425,386.5459912654969,634179.1866725141,23.98658809762844,239.7692365000001,386.5459900000001,634274.7794840002,-4.299219455365778,-8.584647108623825,-7.443992982769914e-05,19200.000000000007,-0.0001789478351211,5.568536874833021e-05,-1.26681956595879e-06,0.0,-4.291518027667001,0.1801132936354993,-8.570545189909371,1.6439899058109908,-0.0026829263094411,0.4875895934369156,19199.89637323519,-38.60513162696863,0.002,3.823574568665718,-0.0217522522123747,-1.0542967056645314,6.0,10.0,180.0,1.2963567900032325,-4.810430500994018,-0.0679202149151272,-3.286416170714719,-751.6121311379064,-40.27267525275168,167.17048585861443,752.6921346977323,581.1000000000001,1.2963567900032325,0.8295482397079468,1.2470383644104004,1.0529074668884277,1.3037707805633545,1.2839245796203613,1.2560522556304932,0.868446946144104,0.9507876634597778,0.9385298490524292,1.2948906421661377,1.1634740829467773,1.203007698059082,1.1269984245300293,1.1564196348190308,1.3363041877746582,1.0289000272750854,7.030986785888672,1.102855920791626,1.1431596279144287,1.2089120149612427,0.8139752745628357,1.0698074102401733,0.8698300719261169,0.791996955871582,1.067261815071106,0.9810996055603027,0.8106637597084045,0.9999069571495056,1.0857446193695068,0.9000952243804932,2.362370014190674,1.3161988258361816,1.2085121870040894,0.8370338082313538,1.6496292352676392,1.0793808698654175,1.2973768711090088,1.1303459405899048,1.2825887203216553,0.5463905334472656
6077.0,121.53900000000004,23.956771535716005,239.7092338314052,386.54599222321787,634563.1812227571,23.900723098736727,239.5975065000001,386.5459900000001,634658.7794840003,-4.301112959877937,-8.58993123372829,-7.744425475082672e-05,19200.000000000007,-0.000236336682672,-0.0001029274399475,-2.122923297725794e-06,0.0,-4.270229616984335,-2.6249404337346243,-8.617932979080447,-3.960417645893641,-0.0009708505611627,-1.032181193629564,19199.68936813392,4.35880763167326,0.002,3.7429385964664026,0.0022628150192107,-1.043144236117542,6.0,10.0,180.0,1.2861517852107651,-4.850591319449294,-0.0698289994497984,-3.335627027452482,-751.9060655689532,-41.70633762637584,167.2577429293072,753.0645673488661,580.8000000000002,1.2861517852107651,0.8320547342300415,1.2539968490600586,1.070984125137329,1.3129863739013672,1.2985368967056274,1.278449535369873,0.8672683238983154,0.9584724307060242,0.9388260245323181,1.2976529598236084,1.1728585958480835,1.2086145877838135,1.136143684387207,1.1664007902145386,1.3682082891464233,1.0460889339447021,7.445883750915527,1.0741212368011475,1.1536505222320557,1.2023930549621582,0.8164243102073669,1.070050835609436,0.8847267627716064,0.793144941329956,1.076566219329834,0.9946008324623108,0.812183678150177,0.9975185990333557,1.1013622283935547,0.903902530670166,2.297215461730957,1.3215166330337524,1.213536262512207,0.8293811082839966,1.7787805795669556,1.0984798669815063,1.3057620525360107,1.1421269178390503,1.3470484018325806,0.5136240720748901
6078.0,121.55900000000004,23.87095493281485,239.5369033166608,386.5459678815318,634947.1847908397,23.81485810005454,239.42577650000007,386.5459900000001,635042.7794840002,-4.302739379423199,-8.569912931720522,0.0007413821669221,19200.000000000007,-0.0002846326536475,0.0004975814469353,2.2119950103313928e-05,0.0,-4.31227646345736,-3.1742296957557943,-8.595493411837413,6.469647193299394,0.0004809852073746,0.362963084954039,19200.15201219552,-64.38520052942006,0.002,3.755810369172949,0.002368008916449,-1.036532327768841,6.0,10.0,180.0,1.323290580025222,-4.904373186315283,-0.0668592488529311,-3.302791364691424,-752.1280327844765,-40.53916881318792,167.2948714646536,753.221783674433,574.2000000000002,1.323290580025222,0.8277732133865356,1.2491576671600342,1.0460721254348755,1.3238120079040527,1.2995226383209229,1.2868629693984985,0.8955870866775513,0.9583732485771179,0.9450929164886475,1.3161342144012451,1.184430718421936,1.2244935035705566,1.1469955444335938,1.1754857301712036,1.3214120864868164,1.0417702198028564,6.617939472198486,1.162898063659668,1.164239764213562,1.244992733001709,0.8186632990837097,1.0978013277053833,0.8667222857475281,0.7997337579727173,1.0665456056594849,0.9806711077690125,0.8198802471160889,1.003852128982544,1.0849823951721191,0.9034347534179688,2.461073160171509,1.3340320587158203,1.2335740327835083,0.872035026550293,1.5488990545272827,1.0770111083984375,1.3146363496780396,1.1546303033828735,1.269832730293274,0.5069137215614319
6079.0,121.57900000000004,23.78509665320232,239.3657007774072,386.54600107715066,635331.1878047934,23.72899310025875,239.25404649999987,386.5459900000001,635426.7794840003,-4.302963657306308,-8.587502589058914,-0.0003651790694292,19200.000000000007,-0.0002913511991312,-2.977890891835164e-05,-1.1076362063468796e-05,0.0,-4.2753807311374645,-3.7882992391372063,-8.570309464428913,-2.2590001296160387,-0.0102578379528739,1.1630560264794387,19199.930350075127,-30.159674917057924,0.002,3.7274790452081032,-0.0328330684564217,-1.0371682817867145,6.0,10.0,180.0,1.334950915737058,-4.815939040589587,-0.0702807708817172,-3.278649311770306,-751.5135163922382,-40.44908440659396,167.1499357323268,752.6023918372165,580.4250000000002,1.334950915737058,0.8307633399963379,1.2524687051773071,1.0662261247634888,1.321542501449585,1.306201696395874,1.2829563617706299,0.8716446757316589,0.956228494644165,0.9414075613021851,1.30853271484375,1.1793735027313232,1.2169983386993408,1.1436066627502441,1.1741137504577637,1.373370885848999,1.0523285865783691,7.3316426277160645,1.0950359106063843,1.1607739925384521,1.2105435132980347,0.8162950873374939,1.0775725841522217,0.8818708658218384,0.791893720626831,1.0742532014846802,0.9942564368247986,0.8121756315231323,0.9969260692596436,1.0983293056488037,0.9038345813751221,2.318056106567383,1.3290443420410156,1.2248671054840088,0.8355512619018555,1.7499339580535889,1.097981572151184,1.3112947940826416,1.149935007095337,1.346136212348938,0.49472349882125854
6080.0,121.59900000000005,23.698997961059323,239.19392815588816,386.5459778353626,635715.1895452553,23.64312809999322,239.08231649999905,386.5459900000001,635810.7794840002,-4.295147867082728,-8.586071451359366,0.0004113054680241,19200.000000000007,-5.7760713337910784e-05,1.294717869684826e-05,1.216446391329626e-05,0.0,-4.3193224050746455,2.0809344772407763,-8.597642345299663,4.51914837396536,-0.0083059006571305,1.0934568228532044,19199.86315236665,42.92273565563376,0.002,3.745465907785301,-0.0442766838053672,-1.0368988726297788,6.0,10.0,180.0,1.311477775438115,-4.8383901429947525,-0.0722574064627329,-3.2581589603959857,-752.0337581961192,-39.74954220329698,167.26296786616342,753.0846959186083,580.5000000000001,1.311477775438115,0.8289507627487183,1.2444987297058105,1.0437082052230835,1.2992157936096191,1.2755529880523682,1.2459079027175903,0.8698378801345825,0.9486603736877441,0.9384884834289551,1.2893821001052856,1.1570202112197876,1.1986711025238037,1.1204888820648193,1.149322748184204,1.3151769638061523,1.0172288417816162,6.5608439445495605,1.1169514656066895,1.1360859870910645,1.212130069732666,0.813109815120697,1.0709835290908813,0.8629094362258911,0.7932807207107544,1.063378095626831,0.9740219712257385,0.8107268810272217,1.0027265548706055,1.0781596899032593,0.8995935320854187,2.418315887451172,1.3120946884155273,1.2034865617752075,0.8403093814849854,1.5742230415344238,1.0684758424758911,1.2920112609863281,1.1214207410812378,1.2466942071914673,0.5632559657096863
6081.0,121.61900000000004,23.613257822928453,239.0222705275308,386.5459854219633,636099.1895662639,23.55726309995783,238.9105865000012,386.5459900000001,636194.7794840003,-4.299335087602128,-8.588486552734805,0.0001502419641924,19200.000000000007,-0.000182325993074,-5.9524630212006944e-05,4.5778690570113305e-06,0.0,-4.293726024773211,-3.662360292526437,-8.607930949997828,-2.504139796187052,0.0095322153476528,2.931201141876658,19199.94788924028,21.54038714035644,0.002,3.800676675487116,-0.0131669994285531,-1.045842936475966,6.0,10.0,180.0,1.2919928131509022,-4.837945817019589,-0.0708094832403862,-3.2710218828629807,-752.1968790980595,-40.45727110164849,167.3094839330817,753.2848479593042,576.6000000000001,1.2919928131509022,0.830604076385498,1.2530310153961182,1.0642141103744507,1.3265972137451172,1.3072471618652344,1.2844161987304688,0.8709208965301514,0.9558985829353333,0.9412829875946045,1.3104732036590576,1.1776509284973145,1.216362476348877,1.1429712772369385,1.1731740236282349,1.3732128143310547,1.050609827041626,7.379714012145996,1.0994905233383179,1.1596994400024414,1.2060539722442627,0.815367579460144,1.076327919960022,0.8818088173866272,0.792547345161438,1.072335124015808,0.9944697022438049,0.8109036684036255,0.9983915090560913,1.0968117713928223,0.9020111560821533,2.315643787384033,1.328245997428894,1.2258051633834839,0.8274716734886169,1.7216954231262207,1.098024606704712,1.309984564781189,1.146135687828064,1.3600616455078125,0.45968925952911377
6082.0,121.63900000000004,23.527309465404024,238.8499515036629,386.5459737009365,636483.1892748169,23.4713981000136,238.7388565000168,386.5459900000001,636578.7794840002,-4.296559750239337,-8.568854594929324,0.0005137364722121,19200.000000000007,-9.946816993421702e-05,0.000529594974976,1.6299092213692392e-05,0.0,-4.281730239194128,3.5442810696498803,-8.573023601487124,9.14960113412051,0.0036531777503689,3.71943392706728,19200.221122629453,124.50059579597584,0.002,3.8705645320463886,0.0398922056594474,-1.0399311804355875,6.0,10.0,180.0,1.2905565816026838,-4.929269468343165,-0.0722744454499939,-3.2576738705423955,-751.6469395490298,-40.27963555082424,167.17874196654083,752.7259239796522,583.5000000000001,1.2905565816026838,0.8259725570678711,1.2344415187835693,1.0247070789337158,1.2946374416351318,1.2607142925262451,1.2269831895828247,0.8687465190887451,0.9412793517112732,0.9396628737449646,1.286057472229004,1.1497219800949097,1.195375919342041,1.1141180992126465,1.1424237489700317,1.2960009574890137,1.006725549697876,5.832633018493652,1.1396468877792358,1.1285979747772217,1.2148007154464722,0.8108925223350525,1.075748324394226,0.8505795001983643,0.7896672487258911,1.0555802583694458,0.9643598198890686,0.808049201965332,1.0036476850509644,1.0669770240783691,0.8979972004890442,2.493164539337158,1.309787631034851,1.201992392539978,0.8457048535346985,1.4663649797439575,1.0518931150436401,1.28531813621521,1.1114084720611572,1.1944581270217896,0.5759720802307129
6083.0,121.65900000000003,23.441762738318424,238.67906390635417,386.5459822918723,636867.1927731838,23.385533100001624,238.567126499999,386.5459900000001,636962.7794840003,-4.307166713481768,-8.596938725443852,0.0002537072991605,19200.000000000007,-0.0004174377476911,-0.0003130085591524,7.708147605738551e-06,0.0,-4.308124303018555,-0.6191006609674051,-8.557572694253984,-2.990169423148987,0.0095252766777132,0.3062524278094706,19199.96372046771,-68.70031523245225,0.002,3.8015606140481935,0.008945331179301,-1.0450175772196593,6.0,10.0,180.0,1.363795306821173,-4.82765887912169,-0.072264574630922,-3.254059014314357,-751.4014697745149,-38.97331777541212,167.10537098327043,752.412961989826,583.5750000000002,1.363795306821173,0.8319458961486816,1.2527987957000732,1.065736174583435,1.3065690994262695,1.292069435119629,1.2624592781066895,0.8607835173606873,0.9526824951171875,0.9381663799285889,1.2918142080307007,1.1653488874435425,1.2033215761184692,1.1295020580291748,1.159879446029663,1.3654634952545166,1.0380103588104248,7.363511562347412,1.0708284378051758,1.1460057497024536,1.1961991786956787,0.815040647983551,1.0636450052261353,0.8803510069847107,0.7905141711235046,1.0740892887115479,0.9897978901863098,0.8090502023696899,0.9979480504989624,1.0961575508117676,0.9021653532981873,2.2818450927734375,1.3164637088775635,1.2080020904541016,0.8226635456085205,1.7668402194976807,1.0926824808120728,1.2995331287384033,1.1341431140899658,1.3269801139831543,0.5379880666732788
6084.0,121.67900000000004,23.35585340370977,238.5074283762815,386.5459756546308,637251.1885681868,23.299668099874257,238.3953964998736,386.5459900000001,637346.7794840002,-4.305692920332591,-8.600088878999449,0.0004827569679324,19200.000000000007,-0.0003733008407772,-0.0004075773176862,1.434536867415435e-05,0.0,-4.294422573583108,-1.6439853047145736,-8.58566736038853,-0.1232590175675106,0.008805457013156,0.4873896034888464,19199.913187829643,90.06735175140693,0.002,3.753964217977711,-0.0320968760402199,-1.0593626372837313,6.0,10.0,180.0,1.3525559521563957,-4.8198012616162185,-0.073234419476957,-3.274558902295439,-751.5607348872575,-39.47265888770606,167.1486854916352,752.597480994913,581.2500000000001,1.3525559521563957,0.8305814266204834,1.2517151832580566,1.0606380701065063,1.3129969835281372,1.2960128784179688,1.271193504333496,0.8714950084686279,0.9549092054367065,0.9407973289489746,1.3030351400375366,1.17179536819458,1.2104401588439941,1.135545015335083,1.165270447731018,1.353775978088379,1.0403997898101807,7.1685614585876465,1.0998214483261108,1.1523622274398804,1.21195650100708,0.8162278532981873,1.0750300884246826,0.8765289187431335,0.7931283116340637,1.0720014572143555,0.9880824089050293,0.8123382329940796,0.9993619918823242,1.0930558443069458,0.9028791189193726,2.3506381511688232,1.3226909637451172,1.216638207435608,0.838442325592041,1.7092640399932861,1.0881990194320679,1.3047126531600952,1.14059579372406,1.3081468343734741,0.5263150334358215
6085.0,121.69900000000004,23.269582977415663,238.33538992201744,386.5460253784988,637635.1901797762,23.213803100018826,238.22366650001905,386.5459900000001,637730.7794840003,-4.292171583493593,-8.589810979921197,-0.0012073804939282,19200.000000000007,3.232698573277382e-05,-9.922473961441732e-05,-3.537850017736943e-05,0.0,-4.315920354002547,3.231189329229716,-8.590835387046523,4.52107717719006,0.0068290334062756,-2.9313196227060474,19200.377534288746,-21.460713450613508,0.002,3.806375571523856,-0.0571186356368219,-1.03829550743228,6.0,10.0,180.0,1.2602691683610452,-4.838377579903176,-0.0727424866484771,-3.2724994403557104,-751.9198674436287,-39.18782944385303,167.2293427458176,752.9412404974564,574.2750000000002,1.2602691683610452,0.8287623524665833,1.2432717084884644,1.0443041324615479,1.2883120775222778,1.2612391710281372,1.2433748245239258,0.872665524482727,0.9509928226470947,0.9338998794555664,1.27744722366333,1.1528818607330322,1.1911828517913818,1.1140332221984863,1.1417183876037598,1.2887343168258667,1.0075082778930664,7.134106636047363,1.113601565361023,1.1302813291549683,1.2119470834732056,0.8131995797157288,1.0649081468582153,0.8601635098457336,0.7978417873382568,1.061612606048584,0.9685734510421753,0.8128166198730469,1.004485845565796,1.0763858556747437,0.8957153558731079,2.3986053466796875,1.3041343688964844,1.1931428909301758,0.843350887298584,1.5595483779907227,1.0668582916259766,1.2874469757080078,1.1164697408676147,1.2384854555130005,0.5827773213386536
6086.0,121.71900000000004,23.183579879170303,238.1634021375036,386.5459949721932,638019.1871890634,23.127938100616955,238.051936500618,386.5459900000001,638114.7794840003,-4.287570686239576,-8.581215433891312,-0.0001664636471131,19200.000000000007,0.0001703241889612,0.0001586604622784,-4.9721933684035164e-06,0.0,-4.290526535386758,3.4826197400819465,-8.604498841447136,0.4868971121749581,0.0039227948882012,-3.4752619265988303,19199.89606434364,60.16194790875952,0.002,3.815573659367978,-0.0529753621434163,-1.0449482817671798,6.0,10.0,180.0,1.2378110316460778,-4.89554642574841,-0.0698133915436142,-3.294581284848389,-752.0589337218144,-40.18741472192652,167.2741713729088,753.1331202487282,580.5000000000001,1.2378110316460778,0.8308696746826172,1.246408224105835,1.0548548698425293,1.283400297164917,1.2651206254959106,1.2390198707580566,0.8605306148529053,0.9513658285140991,0.9326412677764893,1.2718753814697266,1.1483285427093506,1.1852996349334717,1.1098679304122925,1.1384196281433105,1.3120005130767822,1.0104871988296509,7.367444038391113,1.0751099586486816,1.126178503036499,1.1954725980758667,0.813042938709259,1.05435311794281,0.8679816722869873,0.794002115726471,1.0672740936279297,0.9754617214202881,0.8099778890609741,1.0020684003829956,1.0844374895095825,0.8976025581359863,2.3294167518615723,1.2999320030212402,1.1853355169296265,0.8286815881729126,1.663431167602539,1.0745497941970825,1.2842532396316528,1.112326979637146,1.2615622282028198,0.59874427318573
6087.0,121.73900000000005,23.098327241782865,237.9916203201373,386.546020447683,638403.1882785454,23.04207310067976,237.8802065006793,386.5459900000001,638498.7794840003,-4.307970613066438,-8.579483850917855,-0.0010149553508904,19200.000000000007,-0.0004418439782703,0.0002105827387682,-3.044768292765993e-05,0.0,-4.262690978910032,-5.856581753967445,-8.555179038625639,-3.11962782664874,-0.0044068357359206,-2.143692966795725,19200.134791656303,-72.92797648091765,0.002,3.765018210247955,-0.0146836249907082,-1.072435050090514,6.0,10.0,180.0,1.359859903324019,-4.848574839735916,-0.0742191023327953,-3.2935880256636265,-751.1319668609071,-40.27520736096326,167.0585856864544,752.211560124364,580.5750000000002,1.359859903324019,0.8316426277160645,1.256714105606079,1.0760372877120972,1.3250492811203003,1.3162155151367188,1.3009986877441406,0.880944013595581,0.9631509184837341,0.9430261850357056,1.3144505023956299,1.1909677982330322,1.2253026962280273,1.1532176733016968,1.183851957321167,1.3784970045089722,1.0637152194976807,7.4118804931640625,1.0958836078643799,1.1719441413879395,1.2233392000198364,0.8202796578407288,1.0860673189163208,0.8877741694450378,0.7953015565872192,1.0805448293685913,0.9992336630821228,0.817479133605957,0.9963818788528442,1.1069207191467285,0.9075234532356262,2.32080078125,1.3358972072601318,1.2320752143859863,0.851010799407959,1.8063300848007202,1.105666995048523,1.3206961154937744,1.165746808052063,1.3559021949768066,0.5061204433441162
6088.0,121.75900000000004,23.012182091829903,237.81987224490405,386.545985495968,638787.1872513834,22.9562079997978,237.70847639978345,386.5459900000001,638882.7794840002,-4.2986333476396,-8.578886144335858,0.0001198701134629,19200.000000000007,-0.0001617974418006,0.0002283585808091,4.504032188519313e-06,0.0,-4.309332423012156,6.224608210597952,-8.59863332747103,-1.5187324098127468,-0.0066071216399455,-1.1502462137710672,19200.049508821045,42.85408248850033,0.002,3.754892581105068,-0.0027125718280041,-1.031823913923842,6.0,10.0,180.0,1.3021794321428393,-4.858785632073034,-0.0717860637650476,-3.299205516478307,-751.7594834304535,-39.99660368048163,167.2017928432272,752.823280062182,576.6000000000001,1.3021794321428393,0.8304016590118408,1.237328290939331,1.048933506011963,1.2733690738677979,1.246746301651001,1.2152717113494873,0.8435526490211487,0.9426769018173218,0.9261684417724609,1.2529709339141846,1.1305739879608154,1.1690266132354736,1.0938668251037598,1.1226035356521606,1.3081574440002441,0.9946388006210327,7.245970726013184,1.0502641201019287,1.1087119579315186,1.165170669555664,0.8077406883239746,1.0332355499267578,0.8642470240592957,0.7893245220184326,1.061220645904541,0.9700966477394104,0.8017624616622925,1.000623106956482,1.0763980150222778,0.8902599811553955,2.231529712677002,1.284996747970581,1.168605089187622,0.7972617745399475,1.651453971862793,1.072247862815857,1.2691690921783447,1.0890454053878784,1.2791223526000977,0.5805720686912537
6089.0,121.77900000000004,22.92629915451043,237.6482856155804,386.5459854369881,639171.1894276411,22.870342899212734,237.53674629920988,386.5459900000001,639266.7794840002,-4.298049086170806,-8.58366530166908,0.0001505166275117,19200.000000000007,-0.0001441565197478,8.508246433288349e-05,4.563012101057239e-06,0.0,-4.303465218587931,-0.0566500385147335,-8.561053664526174,-2.6822042799875505,0.0046304492194997,-0.1883847476820367,19200.13678901367,-38.6733371521802,0.002,3.8351675591112073,0.0051511518632248,-1.0398258532634563,6.0,10.0,180.0,1.2880295170047094,-4.812015669323121,-0.0683625771136818,-3.2858725306825285,-751.4627417152268,-39.06580184024081,167.1208964216136,752.478140031091,573.7500000000001,1.2880295170047094,0.8303974866867065,1.247959017753601,1.0605584383010864,1.3038326501846313,1.286865472793579,1.2598302364349365,0.8618375062942505,0.9512505531311035,0.9336710572242737,1.28499436378479,1.161219596862793,1.1980788707733154,1.1249334812164307,1.154498815536499,1.3454179763793945,1.029667854309082,7.352946758270264,1.078603744506836,1.141296148300171,1.19124436378479,0.8130638599395752,1.057490348815918,0.8756596446037292,0.7921239137649536,1.0679075717926025,0.9841553568840027,0.8080626726150513,0.9981452226638794,1.089440941810608,0.895338237285614,2.253925323486328,1.310956597328186,1.203260064125061,0.8169634938240051,1.7110968828201294,1.0913255214691162,1.2952860593795776,1.1269267797470093,1.3368738889694214,0.5094040036201477
6090.0,121.79900000000002,22.840480595201,237.47679053717,386.54601955076015,639555.19364576,22.784477899629525,237.36501629975697,386.5459900000001,639650.7794840002,-4.299595228591453,-8.591460480791106,-0.0009820112823381,19200.000000000007,-0.0001902935587782,-0.0001498403168929,-2.9550758999458952e-05,0.0,-4.248030858064307,4.812731223018348,-8.617662576869737,-8.007876857757477,-0.0109677372110345,-0.3556176697510708,19200.171471834583,-64.37211408099881,0.002,3.798117793908912,-0.0106345835300246,-1.040779860800606,6.0,10.0,180.0,1.2827321015503734,-4.866763132651739,-0.0712882564845831,-3.2371617163828126,-751.6068708576133,-41.7829009201204,167.1894482108068,752.7725700155455,571.5750000000002,1.2827321015503734,0.8308131694793701,1.2281304597854614,1.0581334829330444,1.2761815786361694,1.2446465492248535,1.2188514471054077,0.8297098875045776,0.9419031143188477,0.9199994802474976,1.2433404922485352,1.1273459196090698,1.1631476879119873,1.092073917388916,1.1214245557785034,1.3350861072540283,1.0011365413665771,6.636584281921387,1.0094794034957886,1.1070417165756226,1.1335132122039795,0.8055230379104614,1.018187403678894,0.8729719519615173,0.7850192785263062,1.0622113943099976,0.9775708913803101,0.7963976860046387,0.9951292276382446,1.083115816116333,0.8876408934593201,2.0712497234344482,1.2802677154541016,1.163414478302002,0.7671670913696289,1.7482240200042725,1.0887922048568726,1.266478180885315,1.0834256410598755,1.3579225540161133,0.5173434615135193
6091.0,121.81900000000005,22.754940172843938,237.3048913373981,386.5459708245335,639939.1927818854,22.69861290011111,237.19328630014743,386.5459900000001,640034.7794840002,-4.310419844877879,-8.585862185984634,0.0006459084789739,19200.000000000007,-0.0005149733732219,1.91656949742609e-05,1.9175468455119583e-05,0.0,-4.311293592542187,-3.4745190152871666,-8.564171408519723,0.2503410284863356,-0.0085581983998743,1.944656612749771,19199.75917251161,-4.26737764993125,0.002,3.7864507378154233,0.0023450086505195,-1.0367028496252662,6.0,10.0,180.0,1.3535578022427708,-4.849660073685499,-0.0703158837801557,-3.258657106275193,-751.5109354288066,-39.7989504600602,167.1422241054034,752.5692850077728,569.6250000000001,1.3535578022427708,0.8286449909210205,1.2483519315719604,1.0569336414337158,1.3244203329086304,1.3048481941223145,1.2837862968444824,0.879202127456665,0.9544272422790527,0.9393932819366455,1.30996572971344,1.1789904832839966,1.2173590660095215,1.1432851552963257,1.172877311706543,1.3494234085083008,1.0449966192245483,7.412220478057861,1.1237671375274658,1.1599644422531128,1.2160694599151611,0.8145901560783386,1.0787376165390015,0.8742116689682007,0.7947289943695068,1.0666613578796387,0.9871166944503784,0.8126860857009888,0.9989089965820312,1.088910460472107,0.8975762724876404,2.327410936355591,1.3279238939285278,1.2274075746536255,0.8373858332633972,1.6475951671600342,1.0928140878677368,1.3102420568466187,1.147348403930664,1.3444381952285767,0.45733726024627686
6092.0,121.83900000000004,22.668913765951025,237.1332984022472,386.5459904303272,640323.1917261833,22.612747900068687,237.02155629952148,386.5459900000001,640418.7794840003,-4.3050406457720864,-8.590391531670912,-1.2104498989536344e-05,19200.000000000007,-0.0003536681502757,-0.0001176964328483,-4.303375798807467e-07,0.0,-4.265385459954614,-0.1800887910113612,-8.613771935966748,1.101402439484054,0.0041437096244988,-0.3072096902284782,19200.049820311626,-21.386169796232824,0.002,3.829511293802761,-0.0218544421306113,-1.037404657232016,6.0,10.0,180.0,1.323241829405566,-4.870674962613046,-0.0708011795057817,-3.272013198602765,-751.7444677144033,-41.5109752300301,167.2181120527017,752.8941425038864,560.325,1.323241829405566,0.8266158103942871,1.239458680152893,1.0466653108596802,1.3051782846450806,1.2800287008285522,1.261476993560791,0.8730188012123108,0.9509682059288025,0.930776834487915,1.287276268005371,1.1600600481033325,1.1965968608856201,1.122981309890747,1.150580644607544,1.3047394752502441,1.0193390846252441,7.126588821411133,1.1176300048828125,1.139164686203003,1.200211524963379,0.8105359077453613,1.0614851713180542,0.8639260530471802,0.7958812713623047,1.0569722652435303,0.9747127890586853,0.8096585869789124,0.999717116355896,1.0766083002090454,0.8878759741783142,2.304697036743164,1.3087992668151855,1.2041038274765015,0.8254351019859314,1.5609925985336304,1.0815855264663696,1.2928407192230225,1.1209596395492554,1.3223472833633423,0.4617258310317993
6093.0,121.85900000000004,22.58309198636102,236.96080239401465,386.5460087838989,640707.1952275492,22.52688289996785,236.84982629925872,386.5459900000001,640802.7794840003,-4.306475904704675,-8.564891067755969,-0.0006282824339744,19200.000000000007,-0.0003968860660168,0.0006483069401426,-1.8783947304878955e-05,0.0,-4.310788674382408,-3.238609892621683,-8.614042678900521,5.306997953840792,-0.0063392719624632,-1.5820580450622448,19200.03182011503,-81.56786949377425,0.002,3.8891799458816574,0.0755635739780232,-1.0449519160768537,6.0,10.0,180.0,1.2929575809870115,-4.844258372931267,-0.0732310946327038,-3.2325829606033736,-752.3062338572017,-40.967487615015045,167.34205602635086,753.4235712519433,564.8250000000002,1.2929575809870115,0.8273838758468628,1.2473485469818115,1.0476281642913818,1.3218307495117188,1.2966439723968506,1.2915022373199463,0.8978764414787292,0.9604476094245911,0.9407098293304443,1.3098208904266357,1.1834110021591187,1.2206752300262451,1.1448523998260498,1.1725722551345825,1.306997537612915,1.0376873016357422,7.315278053283691,1.1618297100067139,1.162519097328186,1.2414281368255615,0.8174381852149963,1.091814637184143,0.8666399121284485,0.802664041519165,1.064079761505127,0.9789825081825256,0.8206254243850708,1.00375235080719,1.0838189125061035,0.8985646963119507,2.4238438606262207,1.3296819925308228,1.22913658618927,0.8676230907440186,1.5328116416931152,1.0807644128799438,1.3130402565002441,1.151870608329773,1.2923715114593506,0.4820988178253174
6094.0,121.87900000000003,22.49700999940157,236.7891424242198,386.5459656621952,641091.19199091,22.44101790000526,236.6780962001059,386.5459900000001,641186.7794840003,-4.299245092143976,-8.567229964871014,0.0008106609307714,19200.000000000007,-0.0001796964117274,0.0005782725198121,2.4337895436773792e-05,0.0,-4.2963975097949,-2.688599056774179,-8.5915630459726,-2.981753250711656,-0.0038967258910847,0.669900181887009,19199.44983939964,-12.994007547039551,0.002,3.895466749069491,0.0375394585493886,-1.033582672485725,6.0,10.0,180.0,1.268559592174059,-4.85880247895776,-0.0717646428585289,-3.269476175984862,-752.1231169286009,-40.56274380750752,167.29402801317542,753.2172856259716,563.1000000000001,1.268559592174059,0.8291236758232117,1.2471011877059937,1.060774803161621,1.3187291622161865,1.2994242906570435,1.2804975509643555,0.871666431427002,0.9547693729400635,0.933689296245575,1.2958650588989258,1.1715338230133057,1.207179307937622,1.1353904008865356,1.1646497249603271,1.3453185558319092,1.038617730140686,7.094454765319824,1.1008546352386475,1.1522300243377686,1.1980645656585693,0.81328946352005,1.0649417638778687,0.8770564198493958,0.7952823638916016,1.0651911497116089,0.9869349598884583,0.810155987739563,0.998314380645752,1.0897607803344727,0.8926699161529541,2.253256320953369,1.3187249898910522,1.2160381078720093,0.8192252516746521,1.6674797534942627,1.0984159708023071,1.3036288022994995,1.1368526220321655,1.378336787223816,0.43489718437194824
6095.0,121.89900000000004,22.411153353947803,236.617535248177,386.5459833658612,641475.1865176248,22.35515290005565,236.50636610078408,386.5459900000001,641570.7794840002,-4.29952543914552,-8.571324044733181,0.0001893702614699,19200.000000000007,-0.0001882503584168,0.0004551487305677,6.634398440908556e-06,0.0,-4.295393818725241,-1.7689444489783317,-8.558098189807783,2.3750023997431,-0.0014625329358212,0.6755958776412154,19199.674430765725,34.34368615478437,0.002,3.8627910991385535,0.0269566125256003,-1.0372345547806987,6.0,10.0,180.0,1.3256945717711537,-4.899310565374547,-0.0727564740265829,-3.315089975065309,-751.5270584643005,-39.52437190375376,167.14151400658773,752.5666428129858,563.7000000000002,1.3256945717711537,0.8268578052520752,1.2427382469177246,1.047384262084961,1.3150830268859863,1.292847990989685,1.2727460861206055,0.880321741104126,0.9521026611328125,0.9355682134628296,1.2991042137145996,1.1713709831237793,1.2092031240463257,1.1346694231033325,1.162925362586975,1.318382978439331,1.0310629606246948,7.3898468017578125,1.1344377994537354,1.1510156393051147,1.2149869203567505,0.81280118227005,1.073320746421814,0.865945041179657,0.7962119579315186,1.0597901344299316,0.977860689163208,0.8123316764831543,1.000089168548584,1.0796966552734375,0.8921021223068237,2.3341832160949707,1.319948434829712,1.2185158729553223,0.8386935591697693,1.5689656734466553,1.084039568901062,1.302837610244751,1.1366077661514282,1.3197580575942993,0.46455901861190796
6096.0,121.91900000000004,22.325284368817385,236.446709098545,386.5459746877708,641859.1874313502,22.269287899914985,236.33463610032408,386.5459900000001,641954.7794840003,-4.299384571293078,-8.60147218440868,0.0004750878999937,19200.000000000007,-0.0001840678624867,-0.000448400406262,1.5311804540712287e-05,0.0,-4.303702146413514,-0.6742250293335476,-8.582022182673686,-2.813142595914928,-0.0029541664682909,3.293072447877403,19200.10223689396,0.0940236339569025,0.002,3.842125835188349,-0.0021643733752194,-1.033103932327105,6.0,10.0,180.0,1.3447164842697243,-4.820717144433333,-0.0752078763930883,-3.3181699958455546,-751.6580292321503,-39.36518595187688,167.17025700329387,752.6883214064928,568.9500000000002,1.3447164842697243,0.8291512727737427,1.245211124420166,1.0552356243133545,1.3127506971359253,1.2906931638717651,1.2611618041992188,0.859916090965271,0.9481227397918701,0.9334996938705444,1.2900261878967285,1.1608631610870361,1.199702501296997,1.1265546083450317,1.1562116146087646,1.3508412837982178,1.0308347940444946,7.318947792053223,1.0880820751190186,1.1420902013778687,1.1846487522125244,0.8106193542480469,1.0568547248840332,0.873870313167572,0.790368914604187,1.0636796951293945,0.9844143390655518,0.8049426078796387,0.9974840879440308,1.0850967168807983,0.8920053243637085,2.244828462600708,1.312617301940918,1.2081693410873413,0.8060356378555298,1.6747443675994873,1.0924975872039795,1.2951468229293823,1.123811960220337,1.360114574432373,0.45393699407577515
6097.0,121.93900000000004,22.23955185437756,236.27454404391705,386.5459796051453,642243.1865953048,22.18342289970635,236.1629060998501,386.5459900000001,642338.7794840003,-4.303806535982095,-8.586961199425048,0.0003152528392942,19200.000000000007,-0.0003166573449215,-1.3444078310458792e-05,1.0393412431494291e-05,0.0,-4.282499591855519,-1.2819114428931049,-8.589592675407284,6.106369644401741,0.0024612103435032,3.849755175332942,19200.18641924627,154.5554992467984,0.002,3.845571266926759,0.0086528684297599,-1.0373738375548045,6.0,10.0,180.0,1.349600274933371,-4.87060250526538,-0.0727585845616391,-3.3114818070676906,-751.6290146160752,-40.13809297593844,167.17312850164694,752.7001607032464,567.3000000000001,1.349600274933371,0.8252085447311401,1.2398240566253662,1.0339062213897705,1.3185577392578125,1.288347840309143,1.2653878927230835,0.8821948766708374,0.9485486149787903,0.9392346739768982,1.3045207262039185,1.1692767143249512,1.2113678455352783,1.1340891122817993,1.1620304584503174,1.31122887134552,1.0273962020874023,6.9115495681762695,1.1574584245681763,1.1494250297546387,1.2215194702148438,0.8120569586753845,1.0812859535217285,0.8586371541023254,0.7944440841674805,1.0559046268463135,0.9735931754112244,0.8113831281661987,1.0015000104904175,1.0721313953399658,0.8935391306877136,2.414274215698242,1.322481632232666,1.2226804494857788,0.8452564477920532,1.4916151762008667,1.0722025632858276,1.301347017288208,1.1324630975723267,1.2813422679901123,0.46291983127593994
6098.0,121.95900000000006,22.15343837995467,236.1030057320648,386.5459716414522,642627.1907893134,22.097557900371164,235.99117610039715,386.5459900000001,642722.7794840003,-4.295512244401009,-8.593341306335557,0.0006166919509667,19200.000000000007,-6.838210499714775e-05,-0.0002052292809453,1.8457732727823724e-05,0.0,-4.326398848030513,2.750351192323028,-8.596447038842138,0.0006897532571088,0.009786622364006,3.1071770910496204,19200.10056463419,-42.95408684146388,0.002,3.8234915044321904,0.041331938012726,-1.051818159697136,6.0,10.0,180.0,1.2993270599204956,-4.861964146480839,-0.0737335304889383,-3.298170303455452,-752.1405073080376,-39.34354648796922,167.28256425082347,753.1690803516233,565.5750000000002,1.2993270599204956,0.8279693126678467,1.2403197288513184,1.0434741973876953,1.2993443012237549,1.272033929824829,1.2396650314331055,0.8569318056106567,0.9435611963272095,0.9298012852668762,1.2771445512771606,1.146215558052063,1.186435341835022,1.1114743947982788,1.1399905681610107,1.3160498142242432,1.0091438293457031,7.276169776916504,1.095604658126831,1.1260401010513306,1.1793239116668701,0.8077744841575623,1.0482968091964722,0.8637192845344543,0.7912716269493103,1.0562283992767334,0.9730072617530823,0.8030951619148254,1.000630497932434,1.0735061168670654,0.8871749639511108,2.265862464904785,1.3000808954238892,1.1934762001037598,0.8017895221710205,1.570720911026001,1.0776911973953247,1.2822036743164062,1.1046885251998901,1.319541573524475,0.4760395884513855
6099.0,121.97900000000004,22.06768633424007,235.9307058840045,386.5459851617443,643011.1922910284,22.011692901877595,235.8194461007945,386.5459900000001,643106.7794840003,-4.299295154974146,-8.574349334294235,0.0001629101157343,19200.000000000007,-0.0001814315529387,0.0003646190636934,4.839231999266465e-06,0.0,-4.275872484790997,-0.9750336177975848,-8.59961352391894,0.857127590297502,0.0107228089906929,-1.099177165426447,19200.17064253054,64.29572817835634,0.002,3.807352611069626,-0.0108699055596857,-1.0330648939767073,6.0,10.0,180.0,1.3178929964676367,-4.918125248100143,-0.0747196499529211,-3.2710280768171374,-751.9532536540188,-40.59177324398461,167.25428212541175,753.0490401758116,563.8500000000001,1.3178929964676367,0.8277381062507629,1.2436414957046509,1.0519880056381226,1.3085293769836426,1.2867811918258667,1.2695748805999756,0.8764010667800903,0.954093337059021,0.9334137439727783,1.2928102016448975,1.1663038730621338,1.2023818492889404,1.1287801265716553,1.1566927433013916,1.3143806457519531,1.0265698432922363,7.265958309173584,1.1175642013549805,1.1455363035202026,1.2077161073684692,0.8130372762680054,1.0671508312225342,0.8679679036140442,0.7970782518386841,1.0613515377044678,0.9784262776374817,0.812154233455658,1.0003583431243896,1.0822255611419678,0.8918840885162354,2.316633462905884,1.3140225410461426,1.2095075845718384,0.8334888219833374,1.5959335565567017,1.0848838090896606,1.2984473705291748,1.130205512046814,1.321890950202942,0.47669661045074463
6100.0,121.99900000000002,21.981603379057663,235.7589777052578,386.54601255752175,643395.192111943,21.92582780267002,235.6477160005172,386.5459900000001,643490.7794840003,-4.2920263275997765,-8.574405792225955,-0.0007867296161306,19200.000000000007,3.6823274824283e-05,0.0003628954722338,-2.255609718198985e-05,0.0,-4.301998720515272,6.413013644385184,-8.56835221749456,3.480477604213064,0.0104887626528686,-2.862890854679126,19200.189360086504,4.253594940237397,0.002,3.815985720178842,-0.0123526365825051,-1.049624375255199,6.0,10.0,180.0,1.3334954568971955,-4.844722970492521,-0.072763913972448,-3.280732734441019,-751.6526268270094,-39.59738662199231,167.17164106270587,752.6960200879057,568.4250000000001,1.3334954568971955,0.8274223804473877,1.2351737022399902,1.0373181104660034,1.2714979648590088,1.2404414415359497,1.2165675163269043,0.8582320213317871,0.9430456161499023,0.925511360168457,1.2551571130752563,1.1335399150848389,1.171506643295288,1.0949230194091797,1.1220000982284546,1.2672175168991089,0.9867048263549805,7.269749164581299,1.093001127243042,1.1099941730499268,1.1857155561447144,0.8077532052993774,1.0433114767074585,0.8528346419334412,0.7956259250640869,1.0533287525177002,0.9596223831176758,0.805991530418396,1.0037689208984375,1.0661935806274414,0.8862661719322205,2.321974277496338,1.2861285209655762,1.1721326112747192,0.8185654878616333,1.5177569389343262,1.0609753131866455,1.2702562808990479,1.0914489030838013,1.2406615018844604,0.5809701681137085
6101.0,122.01900000000003,21.8962275474401,235.5871436117784,386.5460334466172,643779.1946011109,21.839962734301867,235.47598576468985,386.5459900000001,643874.7794840003,-4.308351075761996,-8.570976151871012,-0.0014453073826479,19200.000000000007,-0.0004524504765091,0.0004668879306847,-4.344632880690304e-05,0.0,-4.292732374157588,-7.200719818452956,-8.58425010763018,3.536160627747102,0.0017213133916415,-3.788789863462856,19200.171228442898,47.32578978164534,0.002,3.7913287360374746,-0.0513017448398401,-1.0370852491449236,6.0,10.0,180.0,1.3691267312246482,-4.8480419047059495,-0.0761753456531993,-3.254045801059499,-751.6468134135047,-39.79919331099615,167.17282053135295,752.7005100439528,566.7750000000002,1.3691267312246482,0.8286052346229553,1.2543773651123047,1.0621554851531982,1.3353177309036255,1.319072961807251,1.3213469982147217,0.9094140529632568,0.968985915184021,0.9454097747802734,1.3284621238708496,1.2036008834838867,1.237905502319336,1.1637897491455078,1.1921496391296387,1.3321876525878906,1.0613347291946411,7.409606456756592,1.1649534702301025,1.1834532022476196,1.2569323778152466,0.8231589198112488,1.106614112854004,0.8770964741706848,0.8054491281509399,1.073709487915039,0.9898272156715393,0.8265039920806885,1.0019371509552002,1.0973604917526245,0.9046794176101685,2.411789894104004,1.3445048332214355,1.246895670890808,0.8858051300048828,1.6384085416793823,1.0953830480575562,1.3299747705459595,1.1786319017410278,1.3208898305892944,0.4751662015914917
6102.0,122.03900000000004,21.809582620217288,235.41571849013152,386.5459979643825,644163.1952732753,21.754096637131163,235.3042537883146,386.5459900000001,644258.7794840002,-4.28243823895118,-8.581265422244895,-0.0002706220629744,19200.000000000007,0.0003272973119671,0.0001611493040566,-7.964903979325181e-06,0.0,-4.316475420449572,7.558735579741703,-8.565302807314536,-3.540072198392658,-0.0004922253490039,-1.95043076008592,19200.04891809431,-42.86515694329592,0.002,3.812531962374088,-0.0381608597972882,-1.0354530168931018,6.0,10.0,180.0,1.2358395585415338,-4.842161494202905,-0.0761688883826356,-3.253539642836029,-751.5949067067523,-38.67459665549808,167.14741026567648,752.5907550219764,567.45,1.2358395585415338,0.8298056125640869,1.226791501045227,1.0479090213775635,1.2658934593200684,1.235650897026062,1.2065932750701904,0.8365775942802429,0.9395042657852173,0.9193282723426819,1.237383246421814,1.1216907501220703,1.1582387685775757,1.0847175121307373,1.1129988431930542,1.2956187725067139,0.9843161106109619,6.564859390258789,1.0355641841888428,1.0993900299072266,1.1462186574935913,0.8057730197906494,1.017616629600525,0.8620467185974121,0.7899845242500305,1.056288242340088,0.9651639461517334,0.7982191443443298,1.0002444982528687,1.0721458196640015,0.8826418519020081,2.1219775676727295,1.2741307020187378,1.1571053266525269,0.7788479328155518,1.6447079181671143,1.0748158693313599,1.2609026432037354,1.0770320892333984,1.305603265762329,0.5586881637573242
6103.0,122.05900000000004,21.72409547523794,235.2440038944031,386.5460155003713,644547.1956902307,21.668229190278048,235.1325217029664,386.5459900000001,644642.7794840003,-4.2951304840485935,-8.581757269976332,-0.0008508240434548,19200.000000000007,-5.2275306744501487e-05,0.0001435617903141,-2.550033321202322e-05,0.0,-4.269408960610752,-1.5334062866312337,-8.581372489817332,-1.6514678219948706,-0.0055975348730996,-1.8931702496721627,19200.11793062256,-8.664292558075868,0.002,3.851899206101406,-0.0688874310708469,-1.0266541051957525,6.0,10.0,180.0,1.280769558206894,-4.8769182380486535,-0.0776129537379595,-3.249435338907676,-751.3499533533761,-39.98729832774904,167.10620513283823,752.4153775109883,558.6000000000001,1.280769558206894,0.8277574181556702,1.2423686981201172,1.0561505556106567,1.3081743717193604,1.2891710996627808,1.2728291749954224,0.8734607696533203,0.9540153741836548,0.9298961162567139,1.286741018295288,1.1663020849227905,1.2002191543579102,1.1285001039505005,1.1566369533538818,1.3187472820281982,1.0281223058700562,6.864551544189453,1.1046459674835205,1.1456341743469238,1.198507308959961,0.8126991987228394,1.0602397918701172,0.8703715205192566,0.7967272996902466,1.0609815120697021,0.9795724153518677,0.8107377290725708,0.9979388117790222,1.0835200548171997,0.8882935047149658,2.250257730484009,1.311669945716858,1.2070971727371216,0.8235775828361511,1.6381990909576416,1.092963695526123,1.298148512840271,1.1296143531799316,1.3553506135940552,0.45495957136154175
6104.0,122.07900000000004,21.63837472397399,235.0726781445645,386.5460156774952,644931.1982104246,21.58236146837755,234.9607919824297,386.5459900000001,645026.7794840003,-4.30003780920284,-8.595197755699214,-0.0008532603822647,19200.000000000007,-0.0001995794704549,-0.0002620287483985,-2.5676218589973185e-05,0.0,-4.279635886587786,3.2378119759964874,-8.55098704519019,-6.532339013932273,-0.004656850823162,-0.4936862515616763,19200.102357293315,-55.83638439774891,0.002,3.8475904241848737,-0.0401873047469508,-1.038288401313747,6.0,10.0,180.0,1.3501325045818344,-4.834023372438247,-0.0771233651954237,-3.22846355757054,-750.879476676688,-39.53964916387452,166.9906025664191,751.9211887554941,563.4750000000001,1.3501325045818344,0.8293119668960571,1.2350437641143799,1.0561285018920898,1.284572720527649,1.260257601737976,1.231677770614624,0.8410342931747437,0.9426237344741821,0.921270489692688,1.252342939376831,1.1374646425247192,1.1724135875701904,1.1016008853912354,1.130761742591858,1.3281530141830444,1.0068753957748413,6.591119766235352,1.037796974182129,1.11699378490448,1.1483427286148071,0.8072493672370911,1.025451421737671,0.8706219792366028,0.7877167463302612,1.0590773820877075,0.975540816783905,0.7986818552017212,0.9951050877571106,1.0803592205047607,0.8828039169311523,2.085797071456909,1.287305474281311,1.175412654876709,0.7770870923995972,1.711227536201477,1.0917061567306519,1.2742834091186523,1.0954233407974243,1.3701223134994507,0.486253023147583
6105.0,122.09900000000005,21.55267217391941,234.9007553216185,386.54597467528384,645315.1970064265,21.49649375911784,234.78906265163624,386.5459900000001,645410.7794840002,-4.305528337543788,-8.588742205993322,0.0005112751435098,19200.000000000007,-0.0003643665650403,-6.852143792364147e-05,1.5325950238739433e-05,0.0,-4.297761817138908,0.300260841089095,-8.635965061751048,-1.6983189927134987,-0.0066007896229244,2.8120745055860885,19199.948070744264,-30.0186348989526,0.002,3.8182770661649226,0.0488187016029203,-1.0148634043505156,6.0,10.0,180.0,1.347691756557328,-4.854593636494639,-0.07666976004298,-3.2423693619572296,-752.069238338344,-40.950824581937255,167.28630128320955,753.185094377747,561.8250000000002,1.347691756557328,0.8279377818107605,1.241274356842041,1.0491623878479004,1.3088974952697754,1.2825433015823364,1.2569389343261719,0.8617929220199585,0.9478505253791809,0.9303383827209473,1.2843464612960815,1.1549134254455566,1.1933119297027588,1.120088815689087,1.14876389503479,1.3271684646606445,1.0201683044433594,7.074172019958496,1.0971219539642334,1.1354318857192993,1.1824984550476074,0.8087469339370728,1.0533183813095093,0.8687947392463684,0.7925727367401123,1.0583992004394531,0.9788777232170105,0.8048201203346252,0.998859167098999,1.0785306692123413,0.8875726461410522,2.2544939517974854,1.3064558506011963,1.2015880346298218,0.8035633563995361,1.6055028438568115,1.0869137048721313,1.2895653247833252,1.1140080690383911,1.3535603284835815,0.43672066926956177
6106.0,122.119,21.466697745653125,234.7291213966402,386.5460050001879,645699.1967001817,21.41283526138124,234.6217512820498,386.5459900000001,645794.7794840003,-3.732699717236789,-7.453376145205818,-0.0004953856178799,19200.000000000007,-0.0002566780430299,-0.0001614517484176,-1.4900656287259233e-05,0.0,-4.229637059639479,26.37667301903437,-8.42697766982487,63.84098775267513,0.0007303772740144,-0.3059770150832888,19200.01639859051,-38.61938918932699,0.002,2.946829057399635,0.5593754498670366,-0.8063893302188633,6.0,10.0,180.0,1.1718438240464382,-5.0991567961143485,-0.0786296729283935,-3.2505522438526064,-748.9196191691719,-38.36091229096863,166.5181506416048,749.9060471888735,560.1000000000001,1.1718438240464382,0.8047757744789124,1.1022534370422363,0.8270013332366943,1.1783671379089355,1.0887151956558228,1.0492022037506104,0.8918389081954956,0.8465346097946167,0.9019623398780823,1.1174776554107666,1.058392882347107,1.1297461986541748,1.0130367279052734,1.0297396183013916,0.8046848177909851,0.8239153623580933,-1.5233066082000732,1.3559985160827637,1.0234012603759766,1.2719454765319824,0.8287321925163269,1.0651532411575317,0.7300558090209961,0.8359095454216003,0.9461629390716553,0.8344560265541077,0.8156198859214783,1.033080816268921,1.0728178024291992,0.9203001260757446,2.7846224308013916,1.2387083768844604,1.1135960817337036,0.9596253633499146,0.026516973972320557,0.8534985780715942,1.1963624954223633,0.9872597455978394,0.588142991065979,0.8484249114990234
6107.0,122.139,21.398044954725844,234.5952513098528,386.5461064663365,646083.2003846496,21.36126796991698,234.5116999267748,386.5459900000001,646178.7794840003,-1.64264286730655,-4.981882305046336,-0.0038803129569768,19200.000000000007,-0.0086097619551699,-0.020302596808529,-0.00011646782721,0.0,-2.2639040026477546,124.332494864721,-4.908419956555095,85.75977175258156,0.0195517745555804,-0.2500708371710747,19200.70243025242,77.29810357834899,0.002,2.3956623498635325,-0.3459171940295573,-0.6343351946862498,6.0,10.0,180.0,0.4901397785088049,-5.467241403680079,-0.0839636523319437,-3.217172642261775,-667.6198095845859,-11.065956145484314,146.6380753208024,668.2250235944367,564.6750000000002,0.4901397785088049,0.2714950442314148,0.17838966846466064,0.45604193210601807,0.2577977478504181,0.2753761112689972,-0.044367626309394836,-0.28078699111938477,0.06197497993707657,0.04882987216114998,0.0234946608543396,0.37579336762428284,0.4911043643951416,0.34352320432662964,0.33980298042297363,0.13070014119148254,0.17609718441963196,-1.9910682439804077,0.7082151770591736,0.3030375838279724,0.3475795388221741,0.5048707127571106,0.2095242440700531,0.0905824676156044,0.6477814316749573,0.5012379884719849,0.048790134489536285,0.4842498004436493,0.7591841220855713,0.43180912733078003,0.39529532194137573,-0.6159996390342712,0.6449569463729858,0.48614996671676636,0.4370093047618866,-0.7568401098251343,0.49881991744041443,0.5961832404136658,0.22723288834095,-0.30180180072784424,1.8507274389266968
6108.0,122.15900000000003,21.37229403909075,234.4913817443574,386.5465928256758,646467.238830386,21.35196488581843,234.405248589154,386.5459900000001,646562.7794840002,-0.5938505898214339,-7.68059553177445,-0.020093272989897,19200.000000000007,-0.0178192387758208,-0.0105851471414397,-0.0006028263651476,0.0,-0.603900017658373,36.93371991994546,-6.288376600839404,-192.0232776769438,-0.0053788906096888,-2.1876120762171007,19202.55587287765,-21.473915119264216,0.002,2.783833609898973,-1.5098323616501317,-0.8135082788655498,6.0,10.0,180.0,0.75631209523765,-4.172724966801507,-0.1430390874083946,-2.864389719086803,-629.212904792293,-109.50297807274217,141.6410376604012,647.2780117972184,563.0250000000001,0.75631209523765,0.20649807155132294,0.4323389530181885,0.023717522621154785,0.5180842876434326,0.29499995708465576,0.23646330833435059,0.0040586888790130615,0.08420570194721222,0.0644264966249466,0.4130554497241974,0.3895869255065918,0.4220229387283325,0.43526095151901245,0.45802608132362366,1.5463461875915527,0.6239051818847656,-1.6325626373291016,-0.7610331773757935,0.3927491307258606,-0.025231167674064636,0.03306840360164642,0.25584644079208374,0.22059550881385803,0.22889471054077148,0.19131186604499817,0.928528368473053,0.6658704280853271,-0.06876549124717712,0.09065383672714233,0.07728024572134018,-8.500364303588867,0.6403952836990356,0.4362456202507019,-0.20898376405239105,1.8330891132354736,1.01937997341156,0.5507795810699463,0.3004705309867859,2.427823543548584,0.061712875962257385
6109.0,122.17900000000004,21.36296625457919,234.32842772509488,386.54642494257325,646851.277546012,21.35196763713385,234.22558111492663,386.5459900000001,646946.7794840003,-0.3665468659920748,-8.9436541641404,-0.0144949552268799,19200.000000000007,-0.0110003752223475,0.0196914077300172,-0.0004349423860621,0.0,-0.4229967815591286,6.894150628646324,-9.14676913707623,22.03458699332422,-0.024653630500091,-1.468521371708091,19200.41116035703,-171.764381813381,0.002,3.180476519878712,-1.6732409328243354,-0.9639949820013252,6.0,10.0,180.0,0.9677764947708932,-4.629870155200024,-0.1967833891838721,-2.497269896538312,-644.5869523961464,-219.0429890363711,152.53251883020062,692.2565058986092,563.7750000000001,0.9677764947708932,0.6584674119949341,0.6970185041427612,0.6804510354995728,0.6758050322532654,0.6589660048484802,0.6107897162437439,0.5672727227210999,0.7229427099227905,0.7089742422103882,0.6622125506401062,0.6917904615402222,0.7048502564430237,0.7132298946380615,0.7244358658790588,0.7003097534179688,0.6712218523025513,-2.4482221603393555,0.7944096922874451,0.6872867345809937,0.7279537916183472,0.673055112361908,0.851224958896637,0.5561146140098572,0.5920853614807129,0.7828807830810547,0.7748727202415466,0.6413397789001465,0.7915589809417725,0.8213491439819336,0.7014784812927246,0.8566082715988159,0.7769629955291748,0.7105929851531982,0.44113191962242126,1.0990595817565918,0.5842748880386353,0.7355614304542542,0.47071540355682373,0.46751296520233154,0.047569677233695984
6110.0,122.19900000000004,21.35772255717013,234.1486929857076,386.545924056372,647235.2634950946,21.35197039496769,234.03358049137736,386.5459900000001,647330.7794840002,-0.1916638031345454,-9.277110367689897,0.0022045709553072,19200.000000000007,-0.0057539400356505,0.0096877498979206,6.594396327753393e-05,0.0,-0.1033700300016872,6.655802000881131,-9.187749940757053,-18.133101525845973,-0.0078271621400373,5.369121454572561,19198.352149542432,30.05357573129348,0.002,3.4001167556208043,-1.6255337317010434,-1.011976485361905,6.0,10.0,180.0,1.049296356049097,-4.396040923211419,-0.1860552112927022,-2.613165238237452,-646.7434761980733,-285.81449451818554,158.11875941510033,715.3802529493046,562.3500000000001,1.049296356049097,0.6603562831878662,0.5731649994850159,0.5973990559577942,0.5859680771827698,0.5239200592041016,0.5426738262176514,0.4641704559326172,0.6915184259414673,0.5922735929489136,0.5102496147155762,0.5809952020645142,0.581096351146698,0.6272566318511963,0.6473174095153809,0.9005783796310425,0.6426726579666138,-2.2165393829345703,0.42450815439224243,0.5826386213302612,0.49005746841430664,0.5907724499702454,0.7136512994766235,0.5817755460739136,0.5637377500534058,0.7178919315338135,0.8159530162811279,0.6466572880744934,0.7537097334861755,0.7635939121246338,0.6684198975563049,0.11012066900730133,0.6375084519386292,0.587830126285553,0.1648687869310379,0.5862783193588257,0.5519194006919861,0.6088854670524597,0.36236846446990967,0.9022979140281677,-0.4081307649612427
6111.0,122.21900000000004,21.35527476685711,233.96192239466995,386.5457675821555,647619.2344751977,21.35197306589805,233.8415797376948,386.5459900000001,647714.7794840003,-0.1099982376561042,-9.451479074568509,0.0074112897668729,19200.000000000007,-0.0033034154080056,0.0044577961938758,0.0002224179247519,0.0,-0.1380822837073512,2.867795904781242,-9.430929178888809,-5.741063043818441,-0.0048996146992054,5.499872832596298,19198.745884398573,42.9910326184578,0.002,3.445440570679922,-1.6384016985140757,-1.0303696923991503,6.0,10.0,180.0,1.1391268474675882,-4.484883289563966,-0.1679785620984798,-2.898759164588188,-651.3297380990366,-322.0012472590928,161.94987970755017,731.3626264746523,567.2250000000001,1.1391268474675882,0.6556572914123535,0.5931023359298706,0.623170018196106,0.5785373449325562,0.5532696843147278,0.5527074933052063,0.5220006108283997,0.7402652502059937,0.6486937999725342,0.5412904024124146,0.591546356678009,0.5876758098602295,0.6383877992630005,0.6582890748977661,0.8126213550567627,0.6396455764770508,-2.0033133029937744,0.5556027889251709,0.5929232239723206,0.5636245012283325,0.6289790272712708,0.7696669101715088,0.5899628400802612,0.5654295682907104,0.7387245893478394,0.8188214898109436,0.6431317925453186,0.7878825664520264,0.8138986825942993,0.6884803175926208,0.5406571626663208,0.6156806945800781,0.5974796414375305,0.20379869639873505,0.20839345455169678,0.47419318556785583,0.5962207913398743,0.3631249666213989,0.7966248989105225,-0.5430945754051208
6112.0,122.23900000000005,21.35383818076712,233.7719312282033,386.54580559668966,648003.2110452082,21.35197470646833,233.64957712660893,386.5459900000001,648098.7794840003,-0.0621042740416511,-9.5185799269205,0.0061445506219634,19200.000000000007,-0.0018643729222313,0.0024477582732736,0.0001844023849575,0.0,-0.053624426377598,-3.1154226552949456,-9.533835300675818,4.15355854920766,0.0007554921721295,3.356395727567474,19199.19103641264,107.32864263777785,0.002,3.445282683210642,-1.5908876245294945,-1.0361088138041463,6.0,10.0,180.0,1.1836159067395942,-4.571281366232945,-0.148437857877636,-3.1043337990032738,-653.1903690495183,-344.69362362954644,164.29593985377508,741.2023132373262,565.5750000000002,1.1836159067395942,0.6471976041793823,0.610268235206604,0.6500123739242554,0.581233024597168,0.5899931788444519,0.578299343585968,0.5726999640464783,0.7807848453521729,0.6932480335235596,0.5797223448753357,0.6149167418479919,0.6041903495788574,0.6605505347251892,0.6795651912689209,0.7380378842353821,0.6523122787475586,-1.84322190284729,0.6733796000480652,0.6163590550422668,0.636467695236206,0.6559742093086243,0.8138490319252014,0.5878157019615173,0.5785254836082458,0.7443953156471252,0.8288567662239075,0.6475346088409424,0.8058044910430908,0.8405230641365051,0.7047485709190369,0.4642317295074463,0.6067899465560913,0.6163522005081177,0.25077518820762634,-0.002996206283569336,0.4221225082874298,0.5973026156425476,0.37765783071517944,0.7144865393638611,-0.6626272797584534
6113.0,122.25900000000004,21.35259875711199,233.58124261222247,386.545832754952,648387.2016341158,21.35197499943124,233.45757438598488,386.5459900000001,648482.7794840002,-0.0207982377433603,-9.562302499936164,0.0052381431265777,19200.000000000007,-0.0006238343895727,0.0011331475930986,0.0001572435987127,0.0,-0.0432014717620489,6.462280024070007,-9.559163103639827,-3.0433675272500293,0.0183044477451359,-1.9555640986713383,19199.637314318,-21.480612848625,0.002,3.4560747292894263,-1.6396819217631933,-1.0434673000726116,6.0,10.0,180.0,1.1338434218758724,-4.524922309760267,-0.1284121178800587,-3.22330160834254,-654.2091845247592,-356.80681181477325,165.57446992688756,746.5751566186631,563.8500000000001,1.1338434218758724,0.6526092290878296,0.5407500267028809,0.5861382484436035,0.5071998238563538,0.514687180519104,0.5202614665031433,0.5038105845451355,0.7234377264976501,0.6107198596000671,0.508212149143219,0.5467638969421387,0.5362222790718079,0.595299243927002,0.6122140288352966,0.6964490413665771,0.5900791883468628,-1.9754977226257324,0.5453680753707886,0.5429186224937439,0.5600237846374512,0.6307294368743896,0.7391311526298523,0.5684045553207397,0.5788284540176392,0.7092969417572021,0.8003359436988831,0.6431832313537598,0.797866940498352,0.8099205493927002,0.6923848390579224,0.2958031892776489,0.5536682605743408,0.5414301156997681,0.1824205070734024,-0.16769859194755554,0.40943053364753723,0.5440657138824463,0.31239622831344604,0.7424108386039734,-0.5885627865791321
6114.0,122.27900000000002,21.35224788878646,233.38956687430792,386.54586029617474,648771.1955097833,21.35197500000619,233.2655739991511,386.5459900000001,648866.7794840003,-0.0090978841557709,-9.573099027460804,0.0043251362647675,19200.000000000007,-0.00027288867797,0.0008071939499819,0.0001298037385022,0.0,-0.0258761586008097,0.436336697871652,-9.571312928485112,5.550603966618455,0.0090484778548405,-1.8937719441210592,19199.809908402087,68.61246728409074,0.002,3.457537026786822,-1.671346274435355,-1.0340225000561625,6.0,10.0,180.0,1.1455655691228652,-4.536558780616198,-0.1118102720776644,-3.263834377512455,-654.5230922623796,-363.6529059073866,166.26373496344377,749.4790783093315,568.4250000000001,1.1455655691228652,0.6477375030517578,0.5789928436279297,0.6245832443237305,0.5318118333816528,0.5601063370704651,0.5507532358169556,0.5593287348747253,0.7662644386291504,0.6636257171630859,0.5491413474082947,0.5833806991577148,0.5701109170913696,0.6299157738685608,0.6472887396812439,0.6734126210212708,0.6188564896583557,-1.8240723609924316,0.651819109916687,0.5813015699386597,0.6305842995643616,0.6540564894676208,0.7917445302009583,0.5732805132865906,0.5872419476509094,0.7318148612976074,0.8120259046554565,0.6494408249855042,0.8124481439590454,0.8369345664978027,0.7099578380584717,0.27019381523132324,0.5699098706245422,0.5778328776359558,0.2381497174501419,-0.20408287644386292,0.38576745986938477,0.5640237927436829,0.3458936810493469,0.671000599861145,-0.6371951103210449
6115.0,122.29900000000004,21.35209991312241,233.1983274024929,386.5458749734481,649155.1920426253,21.35197500007409,233.07357399991048,386.5459900000001,649250.7794840003,-0.0041573677410143,-9.598453328643826,0.0038345779363062,19200.000000000007,-0.0001249130616424,4.639903742252901e-05,0.0001150279444391,0.0,-0.0009658918823598,-0.8010801007329096,-9.583998837588158,-4.700239380149078,0.0119505040985455,-2.2571219988097293,19200.171734812888,-25.78643990437584,0.002,3.4390129741089224,-1.7065285223001356,-1.034471291702143,6.0,10.0,180.0,1.1284394914873257,-4.497012873119175,-0.0981476416872407,-3.311002399587307,-654.3420461311898,-368.1319529536933,166.66086748172188,751.1585391546657,559.3500000000001,1.1284394914873257,0.6507558822631836,0.5695488452911377,0.6123058795928955,0.531099796295166,0.5485677719116211,0.5558517575263977,0.5397581458091736,0.7585746049880981,0.6394999623298645,0.5452354550361633,0.5764878988265991,0.5580649375915527,0.6245509386062622,0.6435438394546509,0.7218430638313293,0.6238206624984741,-1.6654502153396606,0.5774961709976196,0.5740208625793457,0.5845213532447815,0.6393727660179138,0.7628653645515442,0.5912382006645203,0.5817666053771973,0.7149697542190552,0.8278412222862244,0.6509127020835876,0.8025286197662354,0.8378402590751648,0.6989362835884094,0.28122037649154663,0.5581737756729126,0.5647504925727844,0.19310711324214935,-0.21231654286384583,0.4068217873573303,0.5587047338485718,0.3391629457473755,0.8006349802017212,-0.7273669838905334
6116.0,122.31900000000005,21.351891661494456,233.0063527022957,386.5459295367343,649539.1922717147,21.351975000025355,232.8815740000069,386.5459900000001,649634.7794840003,0.0027798555646279,-9.599296158252134,0.0020128505423028,19200.000000000007,8.333853364001277e-05,2.109633962695935e-05,6.046425077187963e-05,0.0,-0.0053586818035494,2.9251244046937805,-9.54614826822127,6.10042858310632,-0.0038986133649995,-2.993847954931676,19199.9138526494,85.90603223420796,0.002,3.414487651770485,-1.758418722054482,-1.031382700720345,6.0,10.0,180.0,1.110321837575841,-4.541520530363755,-0.0961988120206249,-3.298716881561255,-653.9015230655949,-369.6114764768466,166.70093374086093,751.3187695773329,560.1000000000001,1.110321837575841,0.6437798142433167,0.5551326274871826,0.6026057004928589,0.5074295401573181,0.5383015275001526,0.529144287109375,0.5451546907424927,0.7495620846748352,0.6366773247718811,0.5310417413711548,0.5632885694503784,0.5494886636734009,0.6100546717643738,0.6260496973991394,0.6280282139778137,0.5941962003707886,-1.9688315391540527,0.6444960832595825,0.5589789748191833,0.6134220361709595,0.64878910779953,0.770301878452301,0.5588277578353882,0.5873106718063354,0.7095143795013428,0.7969472408294678,0.6468419432640076,0.8116158843040466,0.8242407441139221,0.7019941210746765,0.1811171919107437,0.5512376427650452,0.5572190284729004,0.2218441218137741,-0.311405748128891,0.3731857240200043,0.5461568832397461,0.32356709241867065,0.6711214184761047,-0.6514745950698853
6117.0,122.33900000000006,21.351879580738604,232.8149337233902,386.54595006567183,649923.1933500062,21.351975000002884,232.6895739999865,386.5459900000001,650018.7794840003,0.0031777841156776,-9.618662099033752,0.001295821406736,19200.000000000007,9.541927030108797e-05,-0.0005598247662146,3.9934308918859854e-05,0.0,-0.0056168607257828,0.9195251900884028,-9.607651295980943,-7.137673036997015,-0.0019794892322747,-1.7685246186100994,19200.272606714843,-55.72039825747555,0.002,3.417767015718094,-1.718051212977772,-1.0497113461056748,6.0,10.0,180.0,1.1034704599224476,-4.503921724423634,-0.0893553344478287,-3.2987018414476097,-654.3927615327975,-371.3327382384233,166.97846687043045,752.5023847886664,558.6750000000001,1.1034704599224476,0.6520031094551086,0.5544989109039307,0.5989587306976318,0.5192088484764099,0.5320361852645874,0.5438901782035828,0.522428035736084,0.747227668762207,0.6209895610809326,0.5329960584640503,0.561458945274353,0.5438408851623535,0.6108798980712891,0.6300640106201172,0.7251158952713013,0.6119139790534973,-1.6120476722717285,0.5452247858047485,0.5587417483329773,0.563258707523346,0.6292158961296082,0.7476534843444824,0.5874373912811279,0.5797024369239807,0.7072710990905762,0.824313223361969,0.6494566202163696,0.7987133264541626,0.8305911421775818,0.695590615272522,0.23949725925922394,0.5465109944343567,0.5498919486999512,0.17129787802696228,-0.249850332736969,0.40502673387527466,0.5470460057258606,0.32412540912628174,0.8225963115692139,-0.734100341796875
6118.0,122.35900000000004,21.35187478818631,232.62258307351823,386.5459306138806,650307.1934228287,21.351975000000003,232.49757399999743,386.5459900000001,650402.7794840002,0.0033403659871899,-9.606999980768087,0.0019732349289573,19200.000000000007,0.0001002118142529,-0.0002093710606546,5.938616597474132e-05,0.0,0.0039224443205643,1.2819067935439057,-9.602059567674871,-0.9187378463899868,-0.0075582346718939,-0.6128177834499745,19200.014764835367,8.537755552865415,0.002,3.389418724258028,-1.7043209377475994,-1.041233172052377,6.0,10.0,180.0,1.0917934792045654,-4.4804460105786905,-0.0834946049399537,-3.2945339554931685,-654.3908807663988,-372.4313691192117,167.09473343521523,752.9971923943332,563.5500000000001,1.0917934792045654,0.6485856771469116,0.5565594434738159,0.6036684513092041,0.5167661309242249,0.5358158946037292,0.5372365713119507,0.5368767380714417,0.7535125017166138,0.638856053352356,0.5357328653335571,0.5627007484436035,0.547959566116333,0.6121290326118469,0.6305651664733887,0.6937040090560913,0.6074165105819702,-1.7296878099441528,0.5929030179977417,0.5606878995895386,0.5866135358810425,0.6434317827224731,0.764366090297699,0.5771034955978394,0.581525444984436,0.7134878039360046,0.8155325055122375,0.6475577354431152,0.8059453964233398,0.8268662095069885,0.6995872855186462,0.2576930522918701,0.5478451251983643,0.5556264519691467,0.19209393858909607,-0.2879435122013092,0.38491541147232056,0.5452204942703247,0.3239198327064514,0.7481783032417297,-0.7104393839836121
6119.0,122.37900000000003,21.35186039079091,232.43055377443844,386.54594056089024,650691.194989353,21.351975000000003,232.3055740000001,386.5459900000001,650786.7794840003,0.0038221876931968,-9.606035697944396,0.0016146100478286,19200.000000000007,0.0001146092090945,-0.0001800696832343,4.943891463127666e-05,0.0,0.0029146896561239,1.9562832505421248,-9.608178472969952,-5.488641894592547,-0.0021980063457456,0.7995421062641986,19200.08507342692,-17.24771149466411,0.002,3.354215665176852,-1.6738714477857666,-1.0442144843930956,6.0,10.0,180.0,1.0810847731846855,-4.496087329411073,-0.075684338496055,-3.286848415559304,-654.4794403831994,-373.0446845596058,167.17836671760762,753.3535961971666,561.9000000000001,1.0810847731846855,0.650512158870697,0.5476463437080383,0.5938621163368225,0.5149848461151123,0.523403525352478,0.5317139625549316,0.5175474882125854,0.7449417114257812,0.6208903193473816,0.5290793776512146,0.5532659888267517,0.5386996865272522,0.6043110489845276,0.623612105846405,0.7214071154594421,0.6045594215393066,-1.6283352375030518,0.551398754119873,0.5517435669898987,0.5592397451400757,0.6309064626693726,0.749413788318634,0.5804657936096191,0.577153205871582,0.7081966996192932,0.8190599083900452,0.6460934281349182,0.7999275922775269,0.8246493935585022,0.6936523914337158,0.24973680078983307,0.5415831208229065,0.5467270016670227,0.16522471606731415,-0.29160982370376587,0.3931233584880829,0.5391668081283569,0.31527817249298096,0.8010480999946594,-0.7388540506362915
6120.0,122.39900000000004,21.351826436722767,232.2384893598129,386.5459434236976,651075.1949467745,21.351975000000003,232.1135740000001,386.5459900000001,651170.7794840003,0.0049563956928539,-9.60385214426132,0.0015540180639576,19200.000000000007,0.0001485632772378,-0.0001156579376399,4.657501218532285e-05,0.0,0.0039009766488105,0.605308065245378,-9.575693849777428,0.48180822566665,-0.0046417274875482,-0.1937055868744854,19200.068874690915,-47.21747541372255,0.002,3.4170282574446267,-1.6432945586143168,-1.0477386693773072,6.0,10.0,180.0,1.0668988805134867,-4.506862294991766,-0.0747034686283954,-3.2843454105066443,-654.1307201915997,-372.8613422798029,167.0836833588038,752.9477980985832,560.1750000000001,1.0668988805134867,0.6461623907089233,0.5607330203056335,0.6061426401138306,0.5203490853309631,0.5404273271560669,0.5386835336685181,0.5431097149848938,0.7572004795074463,0.6421321034431458,0.5413409471511841,0.5670239925384521,0.5518452525138855,0.6159564852714539,0.6342132687568665,0.6834710836410522,0.6087452173233032,-1.7970566749572754,0.6125590205192566,0.5648356676101685,0.5933295488357544,0.6452874541282654,0.767661452293396,0.5746207237243652,0.5817338228225708,0.7108737230300903,0.8144545555114746,0.6473989486694336,0.8073306083679199,0.8277972936630249,0.6983402967453003,0.24858738481998444,0.550163745880127,0.5610968470573425,0.19741816818714142,-0.30683213472366333,0.38268741965293884,0.5477738976478577,0.3273904323577881,0.7470387816429138,-0.7308363318443298
6121.0,122.41900000000004,21.351892477676643,232.0467939944361,386.5459509693407,651459.1983367337,21.351975000000003,231.92157400000005,386.5459900000001,651554.7794840002,0.0027481737515615,-9.61400951662456,0.0012674702833169,19200.000000000007,8.252232336492982e-05,-0.0004204976031064,3.902955239532186e-05,0.0,0.0166121114543744,-0.0560459472863986,-9.636207667456508,-4.450510944502543,-0.0036443612334775,1.1691487766369746,19200.188116336336,-42.84210953117519,0.002,3.438074382635795,-1.6483953445682409,-1.0449574773821602,6.0,10.0,180.0,1.061032866959033,-4.486396506115577,-0.0707977397584392,-3.2597621693936687,-654.4048600957999,-374.1776711399015,167.2898416794019,753.8333990492916,564.7500000000001,1.061032866959033,0.6502857208251953,0.5594602823257446,0.6056181788444519,0.524361252784729,0.5362573862075806,0.5427386164665222,0.5297359228134155,0.7581459879875183,0.6348011493682861,0.5411863923072815,0.5637748837471008,0.5485600233078003,0.6147834062576294,0.6345750689506531,0.7291967868804932,0.6160217523574829,-1.5368417501449585,0.5701019167900085,0.5634198784828186,0.5736440420150757,0.6382392048835754,0.7649596333503723,0.5867401957511902,0.5785977840423584,0.7166337966918945,0.8266355395317078,0.6478952169418335,0.8025713562965393,0.8332722783088684,0.698724091053009,0.27861088514328003,0.5464342832565308,0.5567311644554138,0.17653821408748627,-0.2777864634990692,0.3899085819721222,0.5452473163604736,0.3248012065887451,0.7901731133460999,-0.7556895017623901
6122.0,122.43900000000004,21.352079867587804,231.85441696763627,386.54594994095385,651843.1968128955,21.351975000000003,231.72957400000004,386.5459900000001,651938.7794840003,-0.0034980793665669,-9.60144375314933,0.0013326973603249,19200.000000000007,-0.0001048675877972,-4.33722045667112e-05,4.015970353649556e-05,0.0,0.0085499744693713,-2.9931690076923827,-9.60254243445019,1.286555644133046,-0.0041532734626443,-1.1560036740521429,19199.654173974333,-17.110292936303253,0.002,3.415141348149737,-1.6846510639605354,-1.0376596126689128,6.0,10.0,180.0,1.0747419429340055,-4.500100831538722,-0.0673937756531108,-3.276174410211501,-654.3149300478999,-374.0228355699508,167.25292083970095,753.6751995246459,563.1000000000001,1.0747419429340055,0.6470747590065002,0.5811784863471985,0.6275960803031921,0.5372757911682129,0.5654691457748413,0.5625754594802856,0.5627690553665161,0.7780312299728394,0.6658819317817688,0.5624381303787231,0.5883899927139282,0.5704301595687866,0.6361292004585266,0.6551930904388428,0.6981164216995239,0.630643904209137,-1.6637928485870361,0.6386270523071289,0.5870985984802246,0.620496392250061,0.6526541113853455,0.7903805375099182,0.5866209864616394,0.5849539041519165,0.7246338129043579,0.829056978225708,0.6524012684822083,0.8112208843231201,0.8410805463790894,0.7069370746612549,0.26580142974853516,0.5611011385917664,0.5790688395500183,0.21935872733592987,-0.2681441605091095,0.3843628466129303,0.5619990229606628,0.3486242890357971,0.7438223958015442,-0.750968337059021
6123.0,122.45900000000005,21.35198037456197,231.66223019669488,386.5459794784063,652227.1970261192,21.351975000000003,231.5375740000001,386.5459900000001,652322.7794840002,-0.000181367788988,-9.595217121274512,0.0003515235779306,19200.000000000007,-5.3745619656731965e-06,0.0001435015745022,1.0523069732155143e-05,0.0,-0.0017303211918348,-2.194413637471939,-9.63794199711394,1.213498560997443,-0.0022108597438598,-0.1872544068536143,19200.04913392509,-64.44894546929115,0.002,3.3514781998844474,-1.749403879530965,-1.0328580566452097,6.0,10.0,180.0,1.0722831541992108,-4.5620410898655255,-0.0669145620405732,-3.2720502262292626,-654.87346502395,-374.16191778497534,167.3819604198505,754.227099762323,561.3750000000001,1.0722831541992108,0.6471062302589417,0.580026388168335,0.6239837408065796,0.5368320941925049,0.5617692470550537,0.5595694780349731,0.5608146786689758,0.776045560836792,0.662584125995636,0.5624886155128479,0.5839177370071411,0.5670680403709412,0.6319839954376221,0.650679349899292,0.6941988468170166,0.6252423524856567,-1.7012519836425781,0.6373322010040283,0.5826383829116821,0.6145867109298706,0.6519133448600769,0.7873606085777283,0.5850935578346252,0.5849301815032959,0.722014307975769,0.8270673155784607,0.6516423225402832,0.8121281266212463,0.8395248055458069,0.7053049802780151,0.2838594913482666,0.5597151517868042,0.5764499306678772,0.21374715864658356,-0.29012614488601685,0.38375741243362427,0.5596088767051697,0.34324824810028076,0.7482755780220032,-0.7601721286773682
6124.0,122.47900000000004,21.35194539473073,231.4702878613692,386.545985366345,652611.1953592465,21.351975000000003,231.34557400000008,386.5459900000001,652706.7794840003,0.0009896781583398,-9.597136376441798,0.0001180069741011,19200.000000000007,2.960526927173751e-05,8.5938597951744e-05,4.634198905095673e-06,0.0,-0.0085229327958222,-2.2630835499121327,-9.555653435375644,0.300922478669652,0.0014694326155637,0.5558187287789995,19199.67357810319,-8.686420155155622,0.002,3.348343053054245,-1.7789976028563703,-1.036290048762936,6.0,10.0,180.0,1.069799446822776,-4.501406438149458,-0.0678802922327301,-3.284313331002187,-654.339732511975,-372.6734588924877,167.10198020992524,753.0260498811615,561.9750000000001,1.069799446822776,0.6468496322631836,0.5788552165031433,0.6225881576538086,0.5381534099578857,0.5587438941001892,0.5555914640426636,0.555656909942627,0.7722468376159668,0.6596049070358276,0.5588555335998535,0.5844616889953613,0.5678129196166992,0.6329600811004639,0.652461051940918,0.7088326215744019,0.6280379295349121,-1.6910690069198608,0.6289080381393433,0.5833739638328552,0.6082754731178284,0.6490137577056885,0.7843616604804993,0.5850021243095398,0.5814517736434937,0.7210416793823242,0.8268784880638123,0.6498791575431824,0.809069812297821,0.8378579616546631,0.7025361061096191,0.2832322120666504,0.5612621307373047,0.5782719254493713,0.2084967941045761,-0.276913583278656,0.38796380162239075,0.5603757500648499,0.34592896699905396,0.7635371685028076,-0.7593259215354919
6125.0,122.49900000000002,21.3518437239976,231.27849032945315,386.5459650637564,652995.192902471,21.351975000000003,231.15357400000008,386.5459900000001,653090.7794840002,0.0043771978822886,-9.603883709890097,0.0008334246144461,19200.000000000007,0.000131276002407,-0.0001166295752993,2.493600166567704e-05,0.0,-0.0002480725733948,-0.1872187929186239,-9.616713811508154,1.3433709888069547,-0.0007438610732789,2.555996129226247,19199.76019680113,55.82298794195187,0.002,3.423623375978482,-1.7815009310269485,-1.042459642864771,6.0,10.0,180.0,1.053691557998792,-4.49947186040275,-0.0673723772456571,-3.309438292705368,-654.6148662559874,-373.19772944624384,167.21849010496263,753.5240249405808,567.2250000000001,1.053691557998792,0.6472308039665222,0.5686139464378357,0.6145237684249878,0.5297949910163879,0.5458649396896362,0.5419092774391174,0.545727014541626,0.7665785551071167,0.6547999978065491,0.5498720407485962,0.5708448886871338,0.5582046508789062,0.6211634874343872,0.6403409242630005,0.704816460609436,0.6161301136016846,-1.6888784170150757,0.6213183403015137,0.5709985494613647,0.5993800759315491,0.6488826274871826,0.7831063866615295,0.5781165957450867,0.5810126066207886,0.7225300073623657,0.8203001618385315,0.6467454433441162,0.8092800974845886,0.833997368812561,0.7037147283554077,0.2891833782196045,0.5542230606079102,0.5688171982765198,0.19980548322200775,-0.29793453216552734,0.37734007835388184,0.5498127341270447,0.33119869232177734,0.7326791882514954,-0.739610493183136
6126.0,122.51900000000003,21.35197543790444,231.08644555844825,386.5459774949976,653379.1953286284,21.351975000000003,230.96157400000007,386.5459900000001,653474.7794840003,-1.781166606826638e-05,-9.60239070321003,0.0003848185296186,19200.000000000007,-4.379044247276842e-07,-7.185523836864712e-05,1.2504887618718503e-05,0.0,0.0036482078161015,-0.9062285700031096,-9.619128921707894,0.2497465256894251,-0.0004673575069107,1.650312746248788,19200.239647453804,30.115180419662863,0.002,3.4702615948466784,-1.7618097940833908,-1.0432904058393324,6.0,10.0,180.0,1.0546854821805094,-4.478985649977837,-0.068828897744567,-3.2971418029347026,-654.7019331279937,-373.6278647231219,167.28574505248133,753.8125124702904,565.5750000000002,1.0546854821805094,0.6477732062339783,0.5712677240371704,0.6164774894714355,0.5318048596382141,0.5494359135627747,0.5476412773132324,0.5475670099258423,0.7686049938201904,0.6542223691940308,0.5526199340820312,0.5742764472961426,0.5599279403686523,0.6241369247436523,0.6434088349342346,0.7087048292160034,0.6200870275497437,-1.6592833995819092,0.617385745048523,0.5740468502044678,0.5995853543281555,0.6482521891593933,0.7820512652397156,0.5824044346809387,0.5814421772956848,0.7220805883407593,0.8241286277770996,0.6483108401298523,0.8089271783828735,0.8355774879455566,0.7034473419189453,0.29051411151885986,0.5550456047058105,0.5699312686920166,0.20000910758972168,-0.2909584045410156,0.3815346956253052,0.5524105429649353,0.334682822227478,0.7481591701507568,-0.7495794892311096
6127.0,122.53900000000004,21.35206549550937,230.8940423174736,386.54596570967374,653763.1939369902,21.351975000000003,230.7695740000001,386.5459900000001,653858.7794840002,-0.0029829889057165,-9.588945229239435,0.0007772673543681,19200.000000000007,-9.049550936482986e-05,0.0003316885499798,2.4290365505973635e-05,0.0,-0.0046297728742099,-0.7436188280681375,-9.617445069612907,6.281136491566956,0.0046503914430827,2.74462919886778,19199.89502106564,94.4736824280235,0.002,3.49207905881203,-1.7589278206770562,-1.0376249227693377,6.0,10.0,180.0,1.0644579421962077,-4.541981052114961,-0.066885065373717,-3.2955824415602217,-654.8884665639969,-373.535932361561,167.31287252624065,753.9287562351451,563.8500000000001,1.0644579421962077,0.6433104872703552,0.5753365755081177,0.621574878692627,0.5346616506576538,0.5570024251937866,0.54521244764328,0.5598376393318176,0.7746042013168335,0.6647039651870728,0.5610876679420471,0.5784577131271362,0.5662288665771484,0.6273438930511475,0.6453379392623901,0.6699593663215637,0.6149995923042297,-1.7969510555267334,0.6713730096817017,0.5781668424606323,0.6236993074417114,0.6536812782287598,0.7946857213973999,0.5714266896247864,0.5853791236877441,0.7219436168670654,0.8147755265235901,0.6472755670547485,0.814752995967865,0.833787202835083,0.7071314454078674,0.23592574894428253,0.5599827170372009,0.5789387822151184,0.22126136720180511,-0.3346855342388153,0.3673335313796997,0.5547186732292175,0.3366454243659973,0.6937089562416077,-0.7478270530700684
6128.0,122.55900000000004,21.352072313479283,230.7026024021748,386.54598926808217,654147.195105679,21.351975000000003,230.57757400000008,386.5459900000001,654242.7794840003,-0.0032454222096067,-9.607622899882625,2.5412579363210625e-05,19200.000000000007,-9.731347927472636e-05,-0.0002287010752656,7.319311846576654e-07,0.0,-0.0073312987475592,1.2936914802436963,-9.5505023038282,-0.7314422601459561,0.0087722172649911,0.431353146787174,19200.014591551088,-64.37136172083362,0.002,3.50611727481676,-1.751729114375881,-1.0469030653600264,6.0,10.0,180.0,1.0727666858089546,-4.474065680816411,-0.0683595430199419,-3.31558103606394,-654.2627332819984,-372.3154661807805,167.04493626312032,752.7808781175726,561.0750000000002,1.0727666858089546,0.6471154689788818,0.5563513040542603,0.6020865440368652,0.518842875957489,0.5343061685562134,0.5339729189872742,0.5353163480758667,0.7518090009689331,0.637413501739502,0.536544680595398,0.5628801584243774,0.548395574092865,0.6124307513237,0.6310153007507324,0.694031834602356,0.6067724823951721,-1.782494068145752,0.598003625869751,0.5607969760894775,0.5838354825973511,0.6421582102775574,0.7624707818031311,0.575183093547821,0.5799164772033691,0.7101069688796997,0.8137337565422058,0.646122932434082,0.8058047294616699,0.8247977495193481,0.6964926719665527,0.2548598051071167,0.548875629901886,0.5581434965133667,0.18880654871463776,-0.3074129521846771,0.3852507472038269,0.5454349517822266,0.3247498869895935,0.7598596215248108,-0.7276501655578613
6129.0,122.57900000000004,21.35204981879909,230.51064912498472,386.54599721864815,654531.1927016869,21.351975000000003,230.38557400000008,386.5459900000001,654626.7794840003,-0.0024971492067334,-9.609176582280709,-0.000267581948535,19200.000000000007,-7.481879908947977e-05,-0.0002753292932247,-7.218650136196411e-06,0.0,-0.0038945391874545,1.0994534584485904,-9.629423670688562,2.570555354122233,0.0049012003827795,-1.16316802602876,19200.015560397693,90.0411530920025,0.002,3.442644514015088,-1.7351340139383025,-1.054761456571999,6.0,10.0,180.0,1.080084865013733,-4.48960658781553,-0.0683551035526334,-3.318154498913249,-654.7913666409993,-373.0972330903903,167.24246813156014,753.6269390587863,569.1750000000002,1.080084865013733,0.6488021016120911,0.5630986094474792,0.6120803356170654,0.5176217555999756,0.5437738299369812,0.5408273935317993,0.5492746829986572,0.7607285976409912,0.6504513025283813,0.5404326915740967,0.5674286484718323,0.5536931157112122,0.6163194179534912,0.6342887282371521,0.6799184679985046,0.6091631650924683,-1.7184160947799683,0.6192553043365479,0.565794825553894,0.6082925200462341,0.6511585116386414,0.7796403765678406,0.5749877691268921,0.5858960747718811,0.7222490310668945,0.8140819668769836,0.6488927006721497,0.8117010593414307,0.8335040807723999,0.7077910900115967,0.24889160692691803,0.5513178110122681,0.5609161853790283,0.21124283969402313,-0.28837719559669495,0.3748670518398285,0.5475813150405884,0.32873743772506714,0.6988560557365417,-0.6812505125999451
6130.0,122.59900000000007,21.351997944067847,230.31827318658293,386.5460048575366,654915.192530751,21.351975000000003,230.19357400000007,386.5459900000001,655010.7794840003,-0.0007664223523845,-9.59664892547051,-0.0004940619622493,19200.000000000007,-2.294406783761651e-05,0.0001004126729889,-1.4857539624440435e-05,0.0,-0.0122180984732131,-0.124512501527224,-9.594242581338955,1.0315889263166724,0.0092545940757387,-2.987739055401984,19200.068958004245,-55.856376449747344,0.002,3.422863435283688,-1.6700663941291214,-1.0486768483969615,6.0,10.0,180.0,1.0825217650486398,-4.502840743832753,-0.066401180876593,-3.330963131601888,-654.8121833204996,-372.6351165451952,167.19373406578006,753.4164695293932,569.7,1.0825217650486398,0.6506816744804382,0.568799614906311,0.6182041764259338,0.5217124819755554,0.551226794719696,0.550649106502533,0.5536628365516663,0.7635757327079773,0.6551536321640015,0.543414294719696,0.5757023692131042,0.5593679547309875,0.6236633062362671,0.642198383808136,0.6934939622879028,0.6189576387405396,-1.6451843976974487,0.6119809150695801,0.5734581351280212,0.6130356788635254,0.6512102484703064,0.7810142636299133,0.5825932621955872,0.5862107276916504,0.7254129648208618,0.8205567002296448,0.6515138745307922,0.8110805153846741,0.8371515274047852,0.708880603313446,0.2508244514465332,0.5555851459503174,0.5652748346328735,0.21613828837871552,-0.2558897137641907,0.38318589329719543,0.554166853427887,0.33910071849823,0.7173746228218079,-0.6755271553993225
6131.0,122.61900000000004,21.35188773931613,230.12610077220248,386.5459911131396,655299.1917216298,21.351975000000003,230.00157400000003,386.5459900000001,655394.7794840003,0.0029122108615195,-9.590896824593893,-3.725392269782937e-05,19200.000000000007,8.726068387708879e-05,0.0002731328220552,-1.1131355636915153e-06,0.0,0.0051412986844495,1.281978018809527,-9.576655596003729,1.286912411560186,-0.0004770199459264,-1.768429087560237,19200.18873775792,111.6784169616304,0.002,3.371507587310936,-1.6728552082323505,-1.0450030360565334,6.0,10.0,180.0,1.0649400523479369,-4.578222273274177,-0.0664163299511804,-3.337640438459041,-654.2835916602498,-372.7135582725976,167.09536703289004,752.9957347646966,569.9250000000001,1.0649400523479369,0.6491346955299377,0.5572860240936279,0.6083475351333618,0.5132959485054016,0.5387681722640991,0.5369471311569214,0.5432736873626709,0.7552098035812378,0.6457026600837708,0.5332764983177185,0.5651830434799194,0.5507793426513672,0.6143110990524292,0.6327260732650757,0.6875540614128113,0.6093025207519531,-1.6891405582427979,0.603961706161499,0.5632619857788086,0.6011537313461304,0.6482846736907959,0.7732173800468445,0.5746563076972961,0.5837520360946655,0.7196367979049683,0.8134360909461975,0.6481557488441467,0.8084607720375061,0.8307709693908691,0.7057181596755981,0.2319406419992447,0.5489963293075562,0.557391345500946,0.2057839334011078,-0.2758656442165375,0.37780871987342834,0.5456881523132324,0.32794898748397827,0.708915650844574,-0.6709680557250977
6132.0,122.63900000000004,21.35183902170918,229.9344249629048,386.54602242158194,655683.1980179213,21.351975000000003,229.8095740000001,386.5459900000001,655778.7794840003,0.0045338615442095,-9.601707203649775,-0.0010833103494846,19200.000000000007,0.0001359782908279,-5.125940880958479e-05,-3.242154494831019e-05,0.0,-0.0112315133824881,1.9494540331602228,-9.602549072630186,-4.394444596972537,-0.0041562667889614,-3.362977575491173,19200.30669965677,-94.3435286897674,0.002,3.376466044713707,-1.705407537337972,-1.041869743863379,6.0,10.0,180.0,1.0600321263359085,-4.518194649784239,-0.0688705414966436,-3.273044581252035,-654.6332958301249,-372.6092791362988,167.154683516445,753.2483673823483,577.5000000000001,1.0600321263359085,0.6564563512802124,0.5495875477790833,0.6047773361206055,0.5078596472740173,0.5300742387771606,0.5387722253799438,0.5249757170677185,0.7468738555908203,0.6309839487075806,0.5213004350662231,0.5588067173957825,0.5434965491294861,0.6089847087860107,0.6287400126457214,0.7307368516921997,0.6129229664802551,-1.3852133750915527,0.5418930649757385,0.5569748282432556,0.5812164545059204,0.6393247246742249,0.7629159092903137,0.584703803062439,0.5824950337409973,0.7264424562454224,0.8219082355499268,0.6500376462936401,0.8028463125228882,0.8339205384254456,0.707622230052948,0.23875923454761505,0.5442672967910767,0.5460276007652283,0.1880694478750229,-0.21900030970573425,0.39021074771881104,0.5424737930297852,0.32544076442718506,0.7446046471595764,-0.6358922719955444
6133.0,122.65900000000002,21.351850856362205,229.7423116601769,386.546012775532,656067.1972697666,21.351975000000003,229.61757400000005,386.5459900000001,656162.7794840003,0.0041451944964313,-9.5979311648187,-0.0007909700163875,19200.000000000007,0.000124143637801,6.22378498204944e-05,-2.2775552692423743e-05,0.0,0.0078112405484967,0.981141330573481,-9.580575951238362,-2.018934824570939,-0.0048734354594548,-1.0381288642243838,19200.031891720533,38.57600426725715,0.002,3.4118888145124515,-1.70103491142267,-1.0444187884762592,6.0,10.0,180.0,1.04783208651085,-4.496618617592128,-0.0683742921342684,-3.285344194862798,-654.1881479150625,-372.8566395681494,167.09234175822252,752.9836836911742,577.5750000000002,1.04783208651085,0.6529965400695801,0.5547395944595337,0.6091327667236328,0.5143350958824158,0.5347035527229309,0.5375211834907532,0.5326641201972961,0.7539955377578735,0.6411398649215698,0.5288019776344299,0.5632064342498779,0.5492472648620605,0.6139590740203857,0.633953332901001,0.7276742458343506,0.6163445115089417,-1.4667441844940186,0.5691555738449097,0.5627150535583496,0.589081346988678,0.6442329287528992,0.7731069922447205,0.5825393795967102,0.580474853515625,0.7277545928955078,0.8216494917869568,0.6479783654212952,0.8042421340942383,0.8325007557868958,0.7077169418334961,0.2528090476989746,0.54712975025177,0.5545380711555481,0.19342277944087982,-0.2358091175556183,0.3825518786907196,0.5439525246620178,0.32828372716903687,0.728527843952179,-0.6622330546379089
6134.0,122.67900000000004,21.35192380080288,229.5503154837586,386.5459930673624,656451.2005525631,21.351975000000003,229.42557400000004,386.5459900000001,656546.7794840003,0.0017089391215667,-9.598059167234982,-0.0001038232931043,19200.000000000007,5.119919713156846e-05,5.811186330344477e-05,-3.067627611939443e-06,0.0,0.0139041426629926,2.8070542562842755,-9.627915989442403,-7.513450211049171,-0.0080453571335656,1.7066843013300208,19200.13665414361,-68.7547076749514,0.002,3.39958344373979,-1.685026446017294,-1.040024339479185,6.0,10.0,180.0,1.0439784610358085,-4.530254161595145,-0.0703062905439335,-3.26177972304322,-654.3915739575313,-373.9503197840747,167.25967087911124,753.702841845587,577.6500000000001,1.0439784610358085,0.6552333235740662,0.538155198097229,0.5924636721611023,0.5078524351119995,0.5126346349716187,0.5241948366165161,0.502480149269104,0.7404558658599854,0.6142853498458862,0.5160719156265259,0.5443739891052246,0.5325069427490234,0.5980516076087952,0.6189823150634766,0.7608306407928467,0.6067837476730347,-1.267067313194275,0.5110799074172974,0.5450714826583862,0.5493201017379761,0.6276921033859253,0.7530636191368103,0.5823268890380859,0.5744796991348267,0.7205334305763245,0.8226429224014282,0.6462249159812927,0.7966177463531494,0.8242344856262207,0.6997941136360168,0.23070640861988068,0.5351635217666626,0.5379498600959778,0.15430916845798492,-0.24988731741905212,0.3881339728832245,0.5308142304420471,0.30948448181152344,0.7825610041618347,-0.6911604404449463
6135.0,122.69900000000004,21.351986263746944,229.35789252591107,386.5459834425359,656835.2003711758,21.351975000000003,229.2335740000001,386.5459900000001,656930.7794840003,-0.0003764334316706,-9.583958924978912,0.0002225319807419,19200.000000000007,-1.1263746936574094e-05,0.000481272722972,6.557523774193675e-06,0.0,0.0034202400654559,-0.0625353527131171,-9.601800679107658,2.144796473419904,-0.0029290531523212,-0.1806641110169913,19200.068954766622,-12.887302626060984,0.002,3.400602787045436,-1.6929342527417546,-1.0328398697644106,6.0,10.0,180.0,1.049836862125476,-4.578570290297812,-0.0688276623615591,-3.2592184329698304,-654.3967869787657,-373.71865989203735,167.2338354395556,753.5919209227935,577.7250000000001,1.049836862125476,0.6504733562469482,0.566350519657135,0.6192440986633301,0.5218034982681274,0.5471809506416321,0.5432136058807373,0.5490827560424805,0.7660555839538574,0.659186601638794,0.5418229103088379,0.5720036029815674,0.5588934421539307,0.6220101118087769,0.6415156126022339,0.7084323167800903,0.6197179555892944,-1.574603796005249,0.6132552623748779,0.5720759630203247,0.6124122142791748,0.652366578578949,0.7899972796440125,0.579957902431488,0.5836578011512756,0.7326700687408447,0.8207501173019409,0.6487076282501221,0.8101645708084106,0.8382033109664917,0.7126346826553345,0.2524755001068115,0.5532083511352539,0.565953254699707,0.21269677579402924,-0.2574385404586792,0.372647225856781,0.549211323261261,0.3352596163749695,0.6922733187675476,-0.6726588606834412
6136.0,122.71900000000004,21.35196781190655,229.1661963372997,386.5459884548548,657219.2018342337,21.351975000000003,229.04157400000005,386.5459900000001,657314.7794840002,0.0002405655348922,-9.594060446932284,5.506173882234224e-05,19200.000000000007,7.1880934536984605e-06,0.0001772643519249,1.5464690849825006e-06,0.0,0.0078254686901755,-1.0313861658455423,-9.608666947949324,-4.575575449002021,-0.0012293183978678,0.9119692419231266,19199.99951333916,-12.798399068391364,0.002,3.444788754404439,-1.7034824364570984,-1.0444423411689592,6.0,10.0,180.0,1.0468672780322117,-4.51267645565718,-0.0702984428523427,-3.2530428763004835,-654.3933934893828,-373.8648299460187,167.24991771977778,753.6609604613968,577.7250000000001,1.0468672780322117,0.6540721654891968,0.5647672414779663,0.6166207194328308,0.5280384421348572,0.5424087047576904,0.5482587814331055,0.5315244793891907,0.7636975049972534,0.6437326669692993,0.541150689125061,0.5706508159637451,0.5559996366500854,0.6222910284996033,0.6435794234275818,0.7609416842460632,0.6290783882141113,-1.3111176490783691,0.5615874528884888,0.5717114210128784,0.5844651460647583,0.6423442959785461,0.7795597910881042,0.5929949879646301,0.5786169767379761,0.7325239181518555,0.8336518406867981,0.6492049694061279,0.8027939796447754,0.8411297798156738,0.7077507972717285,0.29065799713134766,0.5509829521179199,0.5624565482139587,0.18568174540996552,-0.22356274724006653,0.3887353241443634,0.5492342114448547,0.33545631170272827,0.7686559557914734,-0.7130004167556763
6137.0,122.73900000000005,21.351982518976488,228.97400026783976,386.545999069545,657603.2017502835,21.351975000000003,228.84957400000008,386.5459900000001,657698.7794840003,-0.0002491279416968,-9.587550224167584,-0.0003037565793634,19200.000000000007,-7.518976479428601e-06,0.000373631526898,-9.068076167473125e-06,0.0,0.0068242074876371,-0.9874094510977484,-9.605446037594351,3.411376381764409,-0.0039227533022741,-0.0564483332997068,19199.84290817219,-47.12809726395932,0.002,3.40488484569004,-1.7080331357104346,-1.0364788269158776,6.0,10.0,180.0,1.0473439757265837,-4.50440786051505,-0.0717740175977895,-3.261276598737901,-654.3746967446914,-373.8529149730093,167.2449588598889,753.6389802306984,577.7250000000001,1.0473439757265837,0.6495479941368103,0.5729942321777344,0.62520432472229,0.5268521904945374,0.5545912981033325,0.548337459564209,0.5553118586540222,0.7725898027420044,0.6674141883850098,0.5486769676208496,0.5780618786811829,0.5646798610687256,0.6276537775993347,0.6471539735794067,0.7052560448646545,0.6243228912353516,-1.5872188806533813,0.629906177520752,0.5784317851066589,0.6229090690612793,0.6549368500709534,0.7970135807991028,0.580150842666626,0.5846486687660217,0.7349904775619507,0.8226227164268494,0.6495115756988525,0.811737596988678,0.8412362933158875,0.7145710587501526,0.2449793964624405,0.556804895401001,0.5722528100013733,0.2213372439146042,-0.25476279854774475,0.3706338703632355,0.5531266331672668,0.3406902551651001,0.6828625798225403,-0.6803363561630249
6138.0,122.75900000000004,21.352088994286284,228.78207418731355,386.5459853029246,657987.1995662968,21.351975000000003,228.65757400000007,386.5459900000001,658082.7794840002,-0.003798750883226,-9.590015055266496,0.0001227835817107,19200.000000000007,-0.0001139942862728,0.0002995094469678,4.7961414463636045e-06,0.0,-0.0019516217843642,-4.025845481454317,-9.623512607619244,-3.049450917455572,0.0019515501706809,0.3065391311824695,19199.842736542727,-25.821166049349983,0.002,3.370391508137212,-1.6843412802827462,-1.0443190982297723,6.0,10.0,180.0,1.0600247103450289,-4.533672362568984,-0.0707954000089356,-3.273593329680536,-654.7428483723456,-373.8384574865047,167.31797942994444,753.9514901153492,577.7250000000001,1.0600247103450289,0.654169499874115,0.5865111351013184,0.6358829736709595,0.5451326370239258,0.5662026405334473,0.5704333782196045,0.5519975423812866,0.7824686169624329,0.6643493175506592,0.5621068477630615,0.5909344553947449,0.5740715265274048,0.6409616470336914,0.6626080274581909,0.7657865285873413,0.6469345092773438,-1.3226940631866455,0.5949902534484863,0.5923592448234558,0.6106647253036499,0.650287926197052,0.7995842695236206,0.6032649874687195,0.5824166536331177,0.7422374486923218,0.8442181348800659,0.6531628370285034,0.8072453737258911,0.8537659049034119,0.7140325307846069,0.33113932609558105,0.5634088516235352,0.5808964371681213,0.20802710950374603,-0.19736430048942566,0.39139285683631897,0.563920259475708,0.35540783405303955,0.7654953002929688,-0.7330077886581421
6139.0,122.77900000000002,21.351956095620857,228.590081193548,386.5459754869321,658371.1985223936,21.351975000000003,228.4655740000001,386.5459900000001,658466.7794840003,0.0006303465991066,-9.59024361564801,0.0004177114433353,19200.000000000007,1.8904379150384165e-05,0.0002927054775236,1.4510276946247116e-05,0.0,-0.0017163318004112,-0.9756382606787825,-9.620631608378677,-2.017470949976686,-0.0065746725389074,0.1188170154066094,19199.707873698928,-38.74542128924181,0.002,3.3438455708753487,-1.7209613248148274,-1.0297055180527688,6.0,10.0,180.0,1.0541580051826958,-4.505900464932056,-0.0746975133284292,-3.291999811863436,-654.8904241861728,-373.7937287432524,167.34298971497222,754.0577450576745,577.7250000000001,1.0541580051826958,0.6536102890968323,0.5690611004829407,0.6207543611526489,0.5282999277114868,0.5483958125114441,0.5509417653083801,0.5416669249534607,0.7674493789672852,0.652079701423645,0.5449802875518799,0.5743706822395325,0.5598016977310181,0.6249325275421143,0.6455203294754028,0.7417676448822021,0.6280337572097778,-1.416153073310852,0.5845043063163757,0.5748327970504761,0.599029004573822,0.6476808190345764,0.7860334515571594,0.5911659002304077,0.5816159248352051,0.7346597909927368,0.8309590220451355,0.6501081585884094,0.8070263862609863,0.8415648937225342,0.7108831405639648,0.2939795255661011,0.5542455911636353,0.5661644339561462,0.19975502789020538,-0.2340279519557953,0.3844379484653473,0.5521281957626343,0.33869755268096924,0.7413378953933716,-0.6966399550437927
6140.0,122.79900000000004,21.351888513994545,228.3977970544479,386.54598536695664,658755.2000463032,21.351975000000003,228.273574,386.5459900000001,658850.7794840002,0.00288385956469,-9.580776052229131,0.0001564610988572,19200.000000000007,8.648600545905603e-05,0.0005768469764647,4.731776450495338e-06,0.0,-0.0119476574801615,-1.774204529990279,-9.58033676958972,9.468622208569716,-0.0034227164556312,1.7000486764873233,19200.052138887422,38.65777889236721,0.002,3.399248951169815,-1.7487475087848745,-1.0349824015800697,6.0,10.0,180.0,1.0434624973770883,-4.554856514305847,-0.0732429706970794,-3.273025315640388,-654.6967120930865,-372.76786437162616,167.1854948574861,753.3818725288372,570.3000000000001,1.0434624973770883,0.6434332132339478,0.580814003944397,0.633698582649231,0.5384325385093689,0.5689759850502014,0.5513591766357422,0.5691903829574585,0.7799735069274902,0.6801714897155762,0.5658890008926392,0.5890346765518188,0.5769442319869995,0.6369451880455017,0.6552019715309143,0.6661677360534668,0.6234992742538452,-1.7412054538726807,0.6965194940567017,0.5890688896179199,0.6500402092933655,0.6548221707344055,0.8078410029411316,0.5700692534446716,0.5880281329154968,0.7289714813232422,0.8155288100242615,0.6499319076538086,0.8168686628341675,0.8395947217941284,0.7154045104980469,0.17171306908130646,0.567283034324646,0.5889236927032471,0.2446158081293106,-0.30434179306030273,0.3619162142276764,0.5615677833557129,0.3488946557044983,0.6504664421081543,-0.7095494866371155
6141.0,122.81900000000005,21.352001917260093,228.20612920585853,386.5459822101553,659139.2009619061,21.351975000000003,228.08157400000005,386.5459900000001,659234.7794840003,-0.0008955231610459,-9.591848761857614,0.000255896694399,19200.000000000007,-2.691726008483416e-05,0.0002445954368465,7.790365991219753e-06,0.0,0.0065898176391016,-2.199759557193025,-9.591074569576271,0.8494797838963667,0.0039022261316169,5.506617231936625,19199.98194954378,47.29682114428413,0.002,3.3832650307467995,-1.7404167312284764,-1.0442243431216396,6.0,10.0,180.0,1.042534271957868,-4.497633945408575,-0.0756955898625525,-3.2735713377263216,-654.3648560465433,-373.0634321858131,167.15224742874307,753.2399362644186,570.3000000000001,1.042534271957868,0.6467137932777405,0.5770208835601807,0.6237030625343323,0.5440316796302795,0.5537666082382202,0.5477070212364197,0.547515869140625,0.7753646969795227,0.6635111570358276,0.5611079931259155,0.5796511173248291,0.5678097009658813,0.6311869621276855,0.6518950462341309,0.7360671758651733,0.6297558546066284,-1.6021063327789307,0.6281105875968933,0.5820715427398682,0.6013997793197632,0.6495636701583862,0.7950857281684875,0.5841028690338135,0.5773607492446899,0.7285491824150085,0.8294812440872192,0.6457672119140625,0.8078919649124146,0.8388070464134216,0.7045530080795288,0.3234832286834717,0.5601850748062134,0.580903172492981,0.1981363445520401,-0.2802254259586334,0.3781406581401825,0.5552528500556946,0.34037476778030396,0.7484659552574158,-0.7775333523750305
6142.0,122.83900000000004,21.351888624382035,228.0142091930455,386.54597158478987,659523.1962798347,21.351975000000003,227.8895740000001,386.5459900000001,659618.7794840002,0.0028734408630675,-9.594514107541553,0.0006144552159563,19200.000000000007,8.637561797113704e-05,0.0001645072605516,1.841527747233037e-05,0.0,-0.0137090588259592,3.1808940821690874,-9.594438500115324,2.3806827691688714,0.0085495091090636,1.463157064532436,19199.92917716408,94.45248412976336,0.002,3.3568435277060167,-1.7386976298501169,-1.0456135738337955,6.0,10.0,180.0,1.0376396595661093,-4.516040556020263,-0.0756900746275435,-3.300224157726409,-654.6309280232717,-372.5712160929065,167.14962371437153,753.2274681322093,562.8750000000001,1.0376396595661093,0.6459290981292725,0.5506671667098999,0.5971267819404602,0.5117682218551636,0.5275912284851074,0.5233543515205383,0.5338139533996582,0.7484192848205566,0.6329936981201172,0.5319638252258301,0.5541251301765442,0.5428537130355835,0.6040509343147278,0.6216093897819519,0.669270932674408,0.5940502882003784,-1.866387128829956,0.613213062286377,0.5521954894065857,0.5871120691299438,0.6453830599784851,0.7662439346313477,0.565323531627655,0.5823270082473755,0.7095925211906433,0.8041139841079712,0.6440508365631104,0.8091180324554443,0.8234846591949463,0.698810338973999,0.2519958019256592,0.5454694032669067,0.5532035827636719,0.19219981133937836,-0.3429687023162842,0.3733665347099304,0.5387857556343079,0.3145219087600708,0.7168312668800354,-0.7051204442977905
6143.0,122.85900000000008,21.351966952663208,227.82246171506625,386.546001094825,659907.199436702,21.351975000000003,227.69757400000003,386.5459900000001,660002.7794840003,0.0002671004947975,-9.6029325388679,-0.0003657017542828,19200.000000000007,8.047336800516774e-06,-8.811705120226771e-05,-1.099501394687259e-05,0.0,-0.0053456182600864,-0.6129955889661867,-9.572496318413162,-0.1186764349648772,0.013416921324943,-0.1807563184824079,19200.10098949356,-77.29103507003238,0.002,3.377779933783905,-1.7235492391262444,-1.0433373369781689,6.0,10.0,180.0,1.038076525835568,-4.502884932021783,-0.0756837050430288,-3.3032861211542093,-654.3489640116359,-372.2556080464533,167.05581185718574,752.8262340661047,571.4250000000002,1.038076525835568,0.6501443386077881,0.5690122842788696,0.6180537939071655,0.5274985432624817,0.5484417080879211,0.5473647117614746,0.5469694137573242,0.7645617723464966,0.6539356112480164,0.5449739694595337,0.5750165581703186,0.5602343082427979,0.6246188282966614,0.6442348957061768,0.7175986766815186,0.6230107545852661,-1.589209794998169,0.6043859720230103,0.5744775533676147,0.6031222939491272,0.6485838294029236,0.7827029824256897,0.5845819711685181,0.5817059278488159,0.7270600199699402,0.8241376280784607,0.6490001678466797,0.8079321384429932,0.8366410136222839,0.7066823244094849,0.2764124870300293,0.5558724403381348,0.5682238340377808,0.205060213804245,-0.25009799003601074,0.3837713301181793,0.5531286001205444,0.33860671520233154,0.7347774505615234,-0.7025739550590515
6144.0,122.87900000000003,21.35186737676229,227.6304233125913,386.54601881252427,660291.1971561776,21.351975000000003,227.505574,386.5459900000001,660386.7794840002,0.00359463956872,-9.60165065442804,-0.0009586881769541,19200.000000000007,0.0001076232377204,-4.951550204678014e-05,-2.8811799804282488e-05,0.0,0.0046609664305574,2.743901900593271,-9.62061989206553,1.4023102602092308,0.0036421696306022,-3.6634410638007537,19200.084847813883,115.82116386404483,0.002,3.3973801447227463,-1.6938412470876396,-1.0435210294546555,6.0,10.0,180.0,1.0233919387090704,-4.519027692984556,-0.0771501634419052,-3.304823655706985,-654.567482005818,-373.2168040232266,167.2109059285929,753.4921170330524,566.2500000000001,1.0233919387090704,0.6492477059364319,0.550264835357666,0.6007610559463501,0.5035673379898071,0.5326400995254517,0.5333200097084045,0.5393069386482239,0.7484188675880432,0.6345797777175903,0.5266028046607971,0.5576614141464233,0.5426955223083496,0.6060001850128174,0.6230789422988892,0.6629403829574585,0.5981963276863098,-1.7774033546447754,0.5986942052841187,0.5542522072792053,0.5976105332374573,0.6475778222084045,0.7632635235786438,0.569939911365509,0.5866318941116333,0.713127613067627,0.8073748350143433,0.6489390134811401,0.8094218373298645,0.8276606202125549,0.7043284773826599,0.21647562086582184,0.5436333417892456,0.5476542711257935,0.20447850227355957,-0.29491010308265686,0.37694883346557617,0.5408920049667358,0.3192434310913086,0.7018864750862122,-0.6554759740829468
6145.0,122.89900000000004,21.35198033614068,227.4382828759251,386.5460072247312,660675.203160841,21.351975000000003,227.31357400000007,386.5459900000001,660770.7794840002,-0.000176777627747,-9.596970928499983,-0.0005686570196665,19200.000000000007,-5.336140672938423e-06,9.072450966276756e-05,-1.7223623367480926e-05,0.0,-0.0007224048212867,-0.3618171478041203,-9.590828629998995,1.344152677981079,0.0044343898932122,-1.6574321737887754,19200.446425115857,-47.22041591049393,0.002,3.367922212738631,-1.7445900056322448,-1.032225033952362,6.0,10.0,180.0,1.0317234081276514,-4.4989658539620425,-0.0776355861852358,-3.2617572780085786,-654.4362410029089,-373.0299020116133,167.16295296429644,753.2855585165262,565.4250000000001,1.0317234081276514,0.6481335163116455,0.5686795115470886,0.6159299612045288,0.5237284898757935,0.5502444505691528,0.5481868386268616,0.5531600713729858,0.7644151449203491,0.6539711952209473,0.5462522506713867,0.574938952922821,0.5588942766189575,0.6232032775878906,0.6416215896606445,0.6879377365112305,0.6170423030853271,-1.707986831665039,0.6204155683517456,0.5729471445083618,0.6092157363891602,0.6501738429069519,0.7791615128517151,0.5797088742256165,0.5846275091171265,0.7203596234321594,0.8192580342292786,0.6501332521438599,0.8102627992630005,0.8348594307899475,0.7051990032196045,0.24901606142520905,0.5546261072158813,0.5665379166603088,0.21172763407230377,-0.2778289318084717,0.3816623091697693,0.5530965328216553,0.3365139365196228,0.7266061902046204,-0.7070579528808594
6146.0,122.91900000000004,21.351954932377858,227.2458674090348,386.54601861373465,661059.2027737388,21.351975000000003,227.1215740000001,386.5459900000001,661154.7794840003,0.0006663057730493,-9.58311814761444,-0.0009493564013042,19200.000000000007,2.006762214502954e-05,0.0005064943061223,-2.8612554834543228e-05,0.0,-0.0073626215174997,0.8005198188735966,-9.60501310804403,3.3549741580475247,0.0024418608781806,-1.5812508754466663,19199.793334334016,73.0366913264589,0.002,3.396807564144495,-1.7499784424946752,-1.0359499366911589,6.0,10.0,180.0,1.0317694647721052,-4.579091422524546,-0.0786131399951406,-3.2592130093205904,-654.6661205014544,-372.94345100580665,167.1994764821482,753.4422792582632,566.8500000000001,1.0317694647721052,0.6476542949676514,0.5651974081993103,0.6134237051010132,0.5187268257141113,0.5468298196792603,0.542214035987854,0.5524920225143433,0.7618348598480225,0.6514744162559509,0.5425682067871094,0.5704749822616577,0.5560619831085205,0.618686854839325,0.6364505887031555,0.6715273261070251,0.609764814376831,-1.762054681777954,0.6297523975372314,0.5682982206344604,0.6133561134338379,0.6517137885093689,0.7802541851997375,0.5732713937759399,0.5865012407302856,0.7208337783813477,0.8127800226211548,0.6492227911949158,0.8124812841415405,0.8337137699127197,0.7070484161376953,0.2341708093881607,0.5531746745109558,0.563685953617096,0.21617425978183746,-0.29468226432800293,0.375116765499115,0.5498555302619934,0.33169013261795044,0.6980376839637756,-0.6846500635147095
6147.0,122.93900000000004,21.35198555639472,227.0543321832517,386.5460281266406,661443.2028279782,21.351975000000003,226.9295740000001,386.5459900000001,661538.7794840003,-0.0003503754492894,-9.59861210815996,-0.0012688282376708,19200.000000000007,-1.0556394711531546e-05,4.161812091005598e-05,-3.812548496865033e-05,0.0,0.009519315107892,1.2118058681862458,-9.563932128899117,-5.801055649644434,-0.0043761312925612,-3.5990374360205286,19200.28952575544,-38.577484764936045,0.002,3.410098667050163,-1.7293301993703718,-1.0362606236180427,6.0,10.0,180.0,1.0288228605232017,-4.477059028665453,-0.0815615827970595,-3.258180973264698,-653.9780602507271,-372.8117255029033,167.0442382410741,752.7791396291316,561.9750000000001,1.0288228605232017,0.6517139077186584,0.5488571524620056,0.5977135896682739,0.5099907517433167,0.5297132730484009,0.5397483706474304,0.5243579149246216,0.7442936897277832,0.6221464276313782,0.5255634188652039,0.5599460005760193,0.5415763258934021,0.6090359687805176,0.6280344724655151,0.7125294208526611,0.6097284555435181,-1.588956356048584,0.5479428768157959,0.5565558671951294,0.570310652256012,0.6322119832038879,0.7468629479408264,0.5834009647369385,0.5808159112930298,0.7073850631713867,0.8204149007797241,0.6496077179908752,0.7993974685668945,0.8300560712814331,0.6968417167663574,0.20331783592700958,0.5428617596626282,0.5462273359298706,0.17851869761943817,-0.2549607455730438,0.3982820212841034,0.5439088344573975,0.323664128780365,0.7953692078590393,-0.7028435468673706
6148.0,122.95900000000005,21.351976608140184,226.8621512130407,386.5460108354062,661827.2028295846,21.351975000000003,226.73757400000008,386.5459900000001,661922.7794840003,-5.57608660466483e-05,-9.592583427637797,-0.0007211383255864,19200.000000000007,-1.60814017478818e-06,0.000222784854078,-2.073555215500813e-05,0.0,-0.0002402893919026,2.2623882853346515,-9.609370729377256,-0.6055057689431351,-0.0088165292251908,-1.4063749730244972,19199.92923776507,-0.0460631231280046,0.002,3.418010039841867,-1.7506741127178045,-1.0350089955213149,6.0,10.0,180.0,1.035153996512591,-4.49997147529105,-0.0810815505190603,-3.262761215969728,-654.3485301253636,-373.1473627514516,167.15811912053704,753.2670698145657,563.6250000000001,1.035153996512591,0.6488136053085327,0.5507916212081909,0.5991034507751465,0.5096327066421509,0.5305500626564026,0.532416045665741,0.5334473252296448,0.7486661672592163,0.6328729391098022,0.529657781124115,0.5573217868804932,0.5428247451782227,0.6066447496414185,0.6246334910392761,0.6827123165130615,0.6008455157279968,-1.7604031562805176,0.5885026454925537,0.5546971559524536,0.5848128199577332,0.6429224610328674,0.759760320186615,0.5733816027641296,0.5825894474983215,0.7109509706497192,0.8112512826919556,0.647392213344574,0.8062393665313721,0.8245532512664795,0.6994443535804749,0.24265910685062408,0.5439227819442749,0.5496191382408142,0.1909196376800537,-0.29996174573898315,0.38218554854393005,0.5411062240600586,0.3185827136039734,0.7384845018386841,-0.6941603422164917
6149.0,122.97900000000004,21.352004824458604,226.6702949694632,386.5460118919427,662211.2034323916,21.351975000000003,226.5455740000014,386.5459900000001,662306.7794840003,-0.0009935303359993,-9.597367774725546,-0.0007297808230368,19200.000000000007,-2.982445859482742e-05,7.892840374727043e-05,-2.1893360582819024e-05,0.0,0.0027067771724106,1.587955575487069,-9.588857816683046,-6.718886727779209,-0.0075837264728398,0.9182469950545156,19199.99901911052,-51.54863179861953,0.002,3.411760784618547,-1.6977177597161826,-1.0378076235782032,6.0,10.0,180.0,1.038105323266405,-4.50875909342519,-0.083501366009984,-3.2617498294068112,-654.2402650626818,-373.0846813757258,167.1290595602685,753.1420349072829,565.3500000000001,1.038105323266405,0.6519577503204346,0.5472207069396973,0.5953354835510254,0.5157461166381836,0.5229082107543945,0.5323927402496338,0.5141552686691284,0.7448503375053406,0.619326114654541,0.5272843241691589,0.5541068315505981,0.53946852684021,0.6057052612304688,0.6258329153060913,0.7389776706695557,0.6091052293777466,-1.5061724185943604,0.5385920405387878,0.5531188249588013,0.5564166307449341,0.6287874579429626,0.7504661679267883,0.5832502245903015,0.5758610963821411,0.7111554145812988,0.8222666382789612,0.6462247967720032,0.7978770732879639,0.8261781930923462,0.6948162913322449,0.24146689474582672,0.5416053533554077,0.546896755695343,0.1620166003704071,-0.2711101770401001,0.3953077495098114,0.5394448637962341,0.3175584077835083,0.8089236617088318,-0.7330881953239441
6150.0,122.99900000000002,21.35199198662938,226.4783447841995,386.5459593211966,662595.2013394854,21.3519750000008,226.3535740000163,386.5459900000001,662690.7794840002,-0.0005691962328643,-9.59903464049366,0.0010272194546404,19200.000000000007,-1.6986629368884675e-05,2.901750852737687e-05,3.06780046592873e-05,0.0,0.0056237686072728,1.1627836480369236,-9.592560008056186,2.6253027406262577,-0.0051223820740586,1.7124069949935126,19199.930899662748,-47.22557755137378,0.002,3.407662245077384,-1.687011341454926,-1.0356273815962889,6.0,10.0,180.0,1.0390628114772296,-4.520016539794766,-0.0810358847596049,-3.2776746362157163,-654.1726325313409,-373.2133406878629,167.13002978013424,753.1470174536414,560.7,1.0390628114772296,0.6442492604255676,0.5599145889282227,0.6048818826675415,0.5203445553779602,0.5382046699523926,0.5325438976287842,0.5436207056045532,0.7582746744155884,0.6426795125007629,0.5425995588302612,0.5637891292572021,0.5509627461433411,0.613380491733551,0.6313434839248657,0.673190712928772,0.6036643385887146,-1.840824842453003,0.6286102533340454,0.5623700618743896,0.5955865979194641,0.6473295092582703,0.7738309502601624,0.5683830976486206,0.5818148851394653,0.7107750177383423,0.8099051117897034,0.6453273296356201,0.8092373013496399,0.8267037272453308,0.6986379623413086,0.2474973350763321,0.5493670105934143,0.5619849562644958,0.19834905862808228,-0.33435001969337463,0.3742731511592865,0.5447273254394531,0.32270169258117676,0.7254655957221985,-0.7374462485313416
6151.0,123.01900000000003,21.35204682929368,226.28706959652408,386.5459884184312,662979.1998612919,21.351975000008657,226.16157400001384,386.5459900000001,663074.7794840003,-0.0023937724003729,-9.62319905880956,5.341346227089017e-05,19200.000000000007,-7.182929085139331e-05,-0.0006961930725329,1.5817574298564027e-06,0.0,0.0082737209907648,-1.0999204512368903,-9.597435505514024,-8.91378756349078,0.0029319362981172,0.6685943919881202,19200.01647556324,-8.543917166876938,0.002,3.4117882417185945,-1.7059324978277302,-1.030802841122574,6.0,10.0,180.0,1.0448901622634554,-4.444365870221251,-0.0815242048787487,-3.299727195337218,-654.1433162656705,-373.4461703439314,167.15101489006713,753.2365087268207,559.7250000000001,1.0448901622634554,0.6517045497894287,0.5610588192939758,0.6046277284622192,0.5300057530403137,0.5368202328681946,0.5494466423988342,0.5207491517066956,0.7557891607284546,0.6245945692062378,0.5426291823387146,0.5671584010124207,0.5491678714752197,0.6179846525192261,0.6386973857879639,0.7554068565368652,0.6233775019645691,-1.4266612529754639,0.5419347286224365,0.5663324594497681,0.5588555932044983,0.6275046467781067,0.7543174028396606,0.5945743918418884,0.5764897465705872,0.7104818224906921,0.8340299725532532,0.6492767333984375,0.7953839302062988,0.8355850577354431,0.6968252658843994,0.2478722482919693,0.547886848449707,0.5572584271430969,0.16285541653633118,-0.2529014050960541,0.4058138430118561,0.5493951439857483,0.3297145366668701,0.8542598485946655,-0.7881877422332764
6152.0,123.03900000000004,21.35200009119317,226.09457166600933,386.5459900764441,663363.2023125925,21.351975000023884,225.96957400001344,386.5459900000001,663458.7794840003,-0.0008330435410067,-9.60662842972884,-7.132332662822846e-06,19200.000000000007,-2.509117647816396e-05,-0.0001978666440696,-7.638720028668725e-08,0.0,0.0058705233373695,-1.7687660513788792,-9.615689620527206,4.642756315863865,-0.0051179530090579,-0.6625112444885272,19199.98098051315,-42.88149308406129,0.002,3.402333126684093,-1.7419639913338814,-1.0248443916364187,6.0,10.0,180.0,1.0449067865249266,-4.500573306935088,-0.081538912606395,-3.2766751106666314,-654.3851581328352,-373.7750851719657,167.23800744503356,753.6097543634103,561.1500000000001,1.0449067865249266,0.644389271736145,0.5779144167900085,0.6242115497589111,0.5328943729400635,0.5628348588943481,0.5550121068954468,0.5654166340827942,0.7760652303695679,0.6647979021072388,0.5610020756721497,0.5840668678283691,0.5680135488510132,0.631460964679718,0.6493138074874878,0.6675065159797668,0.6203786134719849,-1.7887473106384277,0.6623849868774414,0.5823743343353271,0.6276800632476807,0.6543764472007751,0.7912933230400085,0.5765256285667419,0.5869081020355225,0.7221887707710266,0.8192655444145203,0.6508164405822754,0.8139662146568298,0.8372633457183838,0.7066627740859985,0.22942043840885162,0.5600228309631348,0.5777415633201599,0.2264644354581833,-0.3024821877479553,0.37514838576316833,0.5587639808654785,0.3425182104110718,0.7088174223899841,-0.7405216693878174
6153.0,123.059,21.35202837843191,225.90258488667263,386.5459783577286,663747.2034744124,21.35197500008728,225.7775740003765,386.5459900000001,663842.7794840003,-0.0017799414047394,-9.607025504542738,0.0003872666653557,19200.000000000007,-5.337839447055487e-05,-0.0002111904329973,1.184211063969463e-05,0.0,0.0002232741964602,-3.781890945610204,-9.619106642297092,1.219592609588216,-0.0046480719794369,1.5755412981431554,19200.032519770102,-4.341609629551533,0.002,3.4126420735617,-1.7347334524738438,-1.0419006118570464,6.0,10.0,180.0,1.0498089826229786,-4.514685797963281,-0.0820420183979793,-3.258197305201532,-654.6545790664176,-373.8010425859828,167.2960037225168,753.856377181705,562.8750000000001,1.0498089826229786,0.6465334892272949,0.5851574540138245,0.6318854093551636,0.5476861000061035,0.5696072578430176,0.5658336877822876,0.5636143088340759,0.7829818725585938,0.670586109161377,0.5717803835868835,0.5920062065124512,0.5754320621490479,0.6405721306800842,0.6602686643600464,0.7130264639854431,0.6356109380722046,-1.6515073776245117,0.6466884613037109,0.5920970439910889,0.6192989349365234,0.6531379818916321,0.7970908284187317,0.5887101888656616,0.582929253578186,0.7275751829147339,0.8334437012672424,0.6513596773147583,0.8115670680999756,0.8430770635604858,0.7062796950340271,0.3075447082519531,0.5652002096176147,0.5864503979682922,0.2158968299627304,-0.2743641138076782,0.3849055767059326,0.5649956464767456,0.35148996114730835,0.7572630643844604,-0.7850050330162048
6154.0,123.07900000000004,21.35197859159499,225.71065493946475,386.54596767508025,664131.2048216683,21.35197500025077,225.58557382496323,386.5459900000001,664226.7794840002,-0.0001207468850507,-9.60942376500996,0.0007450038501283,19200.000000000007,-3.591526195700418e-06,-0.0002813400627166,2.232495929871656e-05,0.0,-0.0019273939163306,-0.9812515707424329,-9.57766381765424,2.324077009343236,-0.0004792889104218,1.713035204205162,19199.75957832447,-47.29225975828403,0.002,3.397886328611697,-1.7329751961241242,-1.035011320958965,6.0,10.0,180.0,1.04736461991555,-4.520439273563747,-0.0830198930610561,-3.2617359799274084,-654.3557895332087,-373.0740212929914,167.1515018612584,753.2366885908525,558.075,1.04736461991555,0.6439269781112671,0.5733977556228638,0.6154360771179199,0.5332002639770508,0.5522158741950989,0.5461322665214539,0.5537430047988892,0.7683092355728149,0.6546310186386108,0.5564584732055664,0.5769699811935425,0.5620867013931274,0.6256804466247559,0.6441404223442078,0.6834766268730164,0.6162964105606079,-1.8172690868377686,0.6430387496948242,0.5756509304046631,0.6056385040283203,0.6492747664451599,0.7815110683441162,0.5754644274711609,0.582023024559021,0.7142441272735596,0.81815105676651,0.6476109027862549,0.8105029463768005,0.8320624232292175,0.6992537975311279,0.2643083333969116,0.5573426485061646,0.5741203427314758,0.20617850124835968,-0.3216722905635834,0.38029739260673523,0.5546702742576599,0.3359583020210266,0.7467343211174011,-0.7688580751419067
6155.0,123.09900000000005,21.35198949702549,225.51862004337468,386.545967005946,664515.2046318271,21.35197489008758,225.39357149707217,386.5459900000001,664610.7794840003,-0.0005061526768896,-9.608388262200972,0.0007732718460235,19200.000000000007,-1.4496909984817796e-05,-0.0002468226509498,2.299400514963813e-05,0.0,-0.0098070580698767,-1.6514534444949411,-9.637856374923391,-0.8043534071327436,0.0046185041858484,0.9686144325898546,19199.914346464888,42.974763550583525,0.002,3.431719699546321,-1.7644529190387377,-1.0264697897387212,6.0,10.0,180.0,1.049812085161384,-4.495018383452556,-0.0820297475350999,-3.2556130212421293,-655.0498947666044,-373.4115106464957,167.3312509306292,754.0068442954263,567.1500000000002,1.049812085161384,0.6499238014221191,0.5772947669029236,0.6221420764923096,0.536680281162262,0.5554914474487305,0.5559819340705872,0.5507107377052307,0.7726850509643555,0.6567900776863098,0.5571101307868958,0.5795141458511353,0.5641912221908569,0.6290076971054077,0.6486414670944214,0.72125244140625,0.6267794370651245,-1.5892407894134521,0.6122496128082275,0.5793447494506836,0.6030773520469666,0.6489375233650208,0.7859598398208618,0.5894436240196228,0.5824882984161377,0.7271980047225952,0.8301263451576233,0.650391697883606,0.8095235824584961,0.8405145406723022,0.7060309648513794,0.3135354518890381,0.5584955811500549,0.5732198357582092,0.20294536650180817,-0.2675505578517914,0.38657695055007935,0.5569658875465393,0.34087270498275757,0.758221447467804,-0.7472167015075684
6156.0,123.11900000000004,21.3519467514592,225.32645397286728,386.5459843544551,664899.204254586,21.351973611837824,225.20156852964163,386.5459900000001,664994.7794840003,0.0008261353257436,-9.602892231655249,0.0001858181771124,19200.000000000007,2.7879394018012867e-05,-8.394354738466818e-05,5.645391027478459e-06,0.0,-0.0046616377477398,0.3005715102488632,-9.585304635457012,1.7717025445594907,0.0026755485991443,2.512352092832841,19199.92967043124,25.830194430465674,0.002,3.4418233265991924,-1.766877654213128,-1.055640476083837,6.0,10.0,180.0,1.0444700057605885,-4.463846074181641,-0.0805574691595388,-3.2684805922090208,-654.6934473833022,-372.90775532324784,167.2006254653146,753.4474221477132,568.8750000000001,1.0444700057605885,0.6473675966262817,0.5657222270965576,0.6130107641220093,0.5271397829055786,0.5431607365608215,0.5381024479866028,0.5440233945846558,0.7636001706123352,0.6539725661277771,0.5461218357086182,0.5692119598388672,0.5570518374443054,0.6195977926254272,0.6388155817985535,0.7039401531219482,0.6144485473632812,-1.6921122074127197,0.6204026937484741,0.5692123174667358,0.5993625521659851,0.6487336754798889,0.782268226146698,0.575964629650116,0.5808382034301758,0.7226165533065796,0.8176408410072327,0.6459898948669434,0.8093763589859009,0.8330750465393066,0.704242467880249,0.2764744758605957,0.5539412498474121,0.567816436290741,0.20038838684558868,-0.30155110359191895,0.37592509388923645,0.5486123561859131,0.3307034969329834,0.725231409072876,-0.724941611289978
6157.0,123.13900000000004,21.35205564000993,225.13441695056804,386.5459697958936,665283.1988254024,21.351971052126032,225.0095675537556,386.5459900000001,665378.7794840003,-0.002866033153287,-9.601696761511503,0.0006760539575953,19200.000000000007,-8.284220027792047e-05,-4.922909805671876e-05,2.020487298225541e-05,0.0,0.0008504870270377,-0.981455338027816,-9.637192669703955,-0.4267324689056408,0.000254244154219,1.7003179061279012,19199.877410191377,111.5968364805033,0.002,3.525132979654801,-1.664458667581054,-1.0467393321472689,6.0,10.0,180.0,1.0522672509144917,-4.525942857854094,-0.0830103486398206,-3.302821988980863,-655.0047236916512,-373.681877661624,167.3533127326573,754.1017110738566,564.3750000000001,1.0522672509144917,0.6482376456260681,0.5723397135734558,0.616442084312439,0.5333747863769531,0.5500478744506836,0.5497214794158936,0.5467885732650757,0.7691835761070251,0.652830183506012,0.5543739795684814,0.5744826793670654,0.5598350167274475,0.62429279088974,0.6435362100601196,0.7112227082252502,0.6204985976219177,-1.6529046297073364,0.6141605377197266,0.5741831064224243,0.5971548557281494,0.6475202441215515,0.7807672619819641,0.5844610333442688,0.5816298723220825,0.721765398979187,0.8257641792297363,0.6487852931022644,0.8089574575424194,0.8359758853912354,0.702906608581543,0.30198681354522705,0.5553470253944397,0.5698235630989075,0.19771894812583923,-0.29257577657699585,0.38389766216278076,0.5530937314033508,0.3346136212348938,0.7583430409431458,-0.7579767107963562
6158.0,123.15900000000002,21.351991292467726,224.94193458862,386.54597456666585,665667.201912239,21.35196832231596,224.8175669361516,386.5459900000001,665762.7794840003,-0.0008611969534479,-9.585668181914713,0.0005143383840604,19200.000000000007,-2.1199960346502155e-05,0.0004323288762221,1.5434800805761958e-05,0.0,-0.0015730739731886,1.3512249343050151,-9.575242436024764,6.77919486624161,0.0158782148969788,0.8626983499935044,19200.13565716196,-77.29301201262797,0.002,3.4832160926410864,-1.5278859598293475,-1.0327251491174927,6.0,10.0,180.0,1.0517893535190186,-4.548050409307611,-0.0791154170796658,-3.306906358292085,-654.4938618458256,-372.984438830812,167.16915636632865,753.3128555369283,563.4000000000001,1.0517893535190186,0.6429405212402344,0.564264178276062,0.610406219959259,0.5195547938346863,0.5444064736366272,0.5327932238578796,0.5513659715652466,0.7619938850402832,0.6504166722297668,0.5451372265815735,0.5679164528846741,0.5558354258537292,0.6164677739143372,0.6335214376449585,0.6485770344734192,0.6023247241973877,-1.8659663200378418,0.6604741811752319,0.5661253929138184,0.6171896457672119,0.650488018989563,0.7837560176849365,0.5633455514907837,0.5861896276473999,0.7165868282318115,0.8042421936988831,0.6458934545516968,0.8137764930725098,0.8288590312004089,0.7051390409469604,0.1937972456216812,0.5533084869384766,0.5672057271003723,0.21877644956111908,-0.3469649851322174,0.3646070063114166,0.5471031069755554,0.32719242572784424,0.6759369969367981,-0.7070069313049316
6159.0,123.17900000000004,21.35215987036417,224.75057551017727,386.54598733971056,666051.1979117945,21.351965576430203,224.6312877666696,386.5459900000001,666146.7794840003,-0.0065807717900493,-8.20400485664217,9.175601313903236e-05,19200.000000000007,-0.0001925115383685,-0.0002030321871241,2.760546585429987e-06,0.0,-0.008958118622094,-0.2431752359645841,-9.398248502041042,89.85294614136143,0.0027038038020029,-1.6504493348457117,19199.84455325569,98.67942575856266,0.002,2.879296579028822,-0.7259714942955625,-0.8120149568216861,6.0,10.0,180.0,1.0791217019806378,-4.898603701212322,-0.0786219567449501,-3.3299535498167394,-652.3319309229128,-369.519719415406,166.33007818316435,749.7239277684641,564.8250000000002,1.0791217019806378,0.6435555219650269,0.548278272151947,0.5385984182357788,0.5328091382980347,0.6385847926139832,0.5511572360992432,0.6215838193893433,0.7453199028968811,0.7130064964294434,0.6646221280097961,0.627798318862915,0.6451847553253174,0.6628508567810059,0.6652388572692871,0.17592334747314453,0.5540372133255005,2.9013495445251465,1.1642422676086426,0.6318665742874146,1.0138031244277954,0.7167453765869141,0.9582486748695374,0.44985613226890564,0.6421746015548706,0.6475109457969666,0.6922149062156677,0.7961111068725586,0.8343194723129272,0.9055835008621216,0.8592833280563354,-2.0612945556640625,0.6088106632232666,0.6546304821968079,0.5462337136268616,-0.7959650754928589,0.16770993173122406,0.5797349810600281,0.3700973391532898,-0.12353917211294174,-0.48677241802215576
6160.0,123.19900000000004,21.35176138544235,224.60149992102865,386.5461631043126,666435.2079053688,21.3554930494937,224.51202632222004,386.5459900000001,666530.7794840003,0.7791880962497821,-5.143762167267925,-0.0057666532395773,19200.000000000007,0.0002086387542779,-0.0215400111724954,-0.0001731055974097,0.0,0.0445229542264304,34.23220975725834,-5.385333772373926,110.11798232811338,0.0280761397064756,-2.01866412839378,19201.54468912981,68.65259801170069,0.002,2.0079928335658725,-1.2892956813171783,-0.6349923017832666,6.0,10.0,180.0,0.7885744337973863,-5.251939097130429,-0.0834874673419237,-3.249421700326389,-594.4629654614564,-302.47235970770305,146.43053909158218,667.8459638842321,566.5500000000002,0.7885744337973863,0.4333925247192383,0.18984059989452362,0.4437221884727478,0.29783064126968384,0.39914801716804504,0.14694902300834656,0.07373619079589844,0.2592217028141022,0.429054856300354,0.08689078688621521,0.43358972668647766,0.48700541257858276,0.49029597640037537,0.4979294538497925,0.008705750107765198,0.37955719232559204,-0.9543490409851074,0.9627338647842407,0.4356682002544403,0.7331289649009705,0.5962778329849243,0.5856233835220337,0.2195800542831421,0.521535336971283,0.45638421177864075,0.3611625134944916,0.7112376093864441,0.7123866081237793,0.6749634146690369,0.6989543437957764,-3.6089234352111816,0.5012301206588745,0.5052586197853088,0.39331161975860596,-1.4958806037902832,0.1209285706281662,0.42469924688339233,0.22178663313388824,-0.3873916268348694,0.25641822814941406
6161.0,123.21900000000002,21.370825288908044,224.4976854828013,386.5465792038768,666819.2477663441,21.39553877203624,224.4128599403936,386.5459900000001,666914.7794840003,3.0381071556157964,-7.094440434753507,-0.0196371572899812,19200.000000000007,-0.0071730581874736,-0.0162123670059734,-0.0005892047456952,0.0,2.278083319291683,146.5024702045261,-5.832073970754259,-153.4504343207095,-0.0022065573958012,-5.131450963615974,19202.437013789782,98.7540351016394,0.002,1.769061812031731,-2.5779623011945025,-0.8093216222258205,6.0,10.0,180.0,-0.4892944266718333,-4.031528986780719,-0.1469495196153675,-2.8782425032451577,-513.6594827307282,-376.55517985385154,141.2442695457911,646.348481942116,561.7500000000001,-0.4892944266718333,-0.36077582836151123,-0.5437171459197998,-0.751544713973999,-0.76509690284729,-0.8108505010604858,-0.9704127907752991,-0.44782304763793945,-1.0328587293624878,-0.46902018785476685,-0.7641154527664185,-0.6371794939041138,-0.6771608591079712,-0.5911966562271118,-0.5127615332603455,0.4391905665397644,-0.34023749828338623,-1.6515229940414429,-1.3648205995559692,-0.66380774974823,-0.869717001914978,-0.7776802778244019,-0.6931957602500916,-0.7459028363227844,-0.8293589353561401,-1.081194281578064,-0.48309019207954407,-0.35890212655067444,-1.018000841140747,-1.2191221714019775,-0.6290347576141357,-6.714691638946533,-0.6755908727645874,-0.6386193633079529,-1.2915799617767334,0.8450489044189453,0.0006356239318847656,-0.7142274975776672,-0.9989066123962402,1.124127984046936,0.22607199847698212
6162.0,123.23900000000006,21.437112890045057,224.34750472760783,386.5465060348083,667203.2883272221,21.475890876959827,224.2521616749568,386.5459900000001,667298.7794840003,3.759260265506684,-8.111196702939399,-0.0171996745944133,19200.000000000007,-0.0160243371186085,0.0142578426817321,-0.0005160350319683,0.0,3.855343131318624,13.48188067049441,-8.319991127151765,30.25737696526543,-0.0256311848919389,-1.03180183496341,19200.92557545805,-223.1648576323905,0.002,2.0909406453990336,-2.898970299847808,-0.9603965635331996,6.0,10.0,180.0,-0.1484260648557312,-4.557989814522658,-0.2099394106071158,-2.4885956098842104,-473.9257413653641,-487.19608992692577,152.39013477289555,692.6102409710579,563.4000000000001,-0.1484260648557312,0.3373166024684906,-0.011822924017906189,0.09261045604944229,-0.0693175420165062,-0.09566092491149902,-0.11698731780052185,-0.03430575132369995,0.21469789743423462,0.15691229701042175,-0.09797990322113037,0.010197492316365242,0.04772796481847763,0.08945079147815704,0.11494240909814835,-0.05255283787846565,0.1440286487340927,-1.5752350091934204,0.27384883165359497,0.05581042915582657,0.2278713583946228,0.37955939769744873,0.1864161491394043,-0.08601681888103485,0.30148380994796753,0.11683974415063858,0.25748583674430847,0.44778168201446533,0.32137244939804077,0.20621465146541595,0.39249277114868164,-1.7776612043380737,-0.03730975091457367,0.02449818328022957,-0.1916724145412445,-0.4980616271495819,-0.15011075139045715,-0.019806519150733948,-0.3284672200679779,-0.2243620753288269,-0.9376959800720215
6163.0,123.25900000000004,21.51384434789815,224.1857297988697,386.5460773207615,667587.2762940547,21.561758616794293,224.08043234767428,386.5459900000001,667682.7794840003,4.030064830842091,-8.375588113392439,-0.0029088332302365,19200.000000000007,-0.0078997224148402,0.0063268489282731,-8.732184004915102e-05,0.0,3.8958814233675065,22.038789942314875,-8.21672002340788,-22.33847383295328,-0.0112242587251771,-2.75058837241716,19198.573664930616,-38.6240229345179,0.002,2.2572993010658444,-2.9508617747327257,-1.0213772956860554,6.0,10.0,180.0,-0.1928800725534323,-4.174838562117316,-0.2011754340638137,-2.5951958536145097,-451.1373706826821,-542.9360449634629,157.63906738644778,714.373120485529,565.1250000000001,-0.1928800725534323,0.24012908339500427,-0.16036032140254974,-0.10888981819152832,-0.1856652796268463,-0.17922335863113403,-0.24001431465148926,-0.0889722928404808,-0.16836564242839813,-0.13056108355522156,-0.2065443992614746,-0.1415228545665741,-0.13666725158691406,-0.06413474678993225,-0.017602676525712013,0.10560877621173859,0.05124344676733017,-1.0944193601608276,-0.3013615012168884,-0.09914901852607727,0.07110583782196045,0.044467464089393616,-0.18105727434158325,-0.23671570420265198,0.20974940061569214,-0.020259223878383636,0.14791575074195862,0.21699641644954681,-0.06939424574375153,-0.11647781729698181,0.054212652146816254,-0.052980467677116394,-0.20080211758613586,-0.16116344928741455,-0.4812200963497162,-0.890995979309082,-0.13101844489574432,-0.1511433720588684,-0.49545371532440186,0.23630061745643616,-1.169784665107727
6164.0,123.27900000000002,21.59563846513624,224.0179783967123,386.5457772004579,667971.2472975936,21.647626342554258,223.90870284469327,386.5459900000001,668066.7794840003,4.16584526245195,-8.50821984644027,0.0070884845747694,19200.000000000007,-0.0038263026580451,0.002348901127219,0.0002127984326245,0.0,4.181294338732331,-1.2807413612642968,-8.488953522180122,-10.25262372418786,-0.0105199930430458,2.7566406800392502,19198.676806342184,-8.58330301669998,0.002,2.3520329738063888,-3.0076074993413267,-1.013404911783785,6.0,10.0,180.0,-0.1318634827697506,-4.256923179646984,-0.1762962283617838,-2.8725795281385738,-436.524685341341,-581.2830224817315,161.8410336932239,732.0035602427645,560.6250000000001,-0.1318634827697506,0.297751784324646,-0.06079469621181488,-0.03126431256532669,-0.08531555533409119,-0.10737156867980957,-0.09989926218986511,0.00842641294002533,0.09754082560539246,0.03285389393568039,-0.07161884009838104,-0.051089294254779816,-0.035638805478811264,0.02053575962781906,0.06612815707921982,0.08619891852140427,0.14145798981189728,-0.7249350547790527,-0.0566633976995945,-0.010611103847622871,0.1507207453250885,0.17564579844474792,0.033540792763233185,-0.06026770919561386,0.29550132155418396,0.07019374519586563,0.3495599329471588,0.26935476064682007,0.03988531604409218,-0.04506663605570793,0.16595397889614105,0.14046378433704376,-0.11191413551568985,-0.05316145345568657,-0.35760775208473206,-0.9895306825637817,-0.13546329736709595,-0.0784095749258995,-0.3925716280937195,0.3021097183227539,-1.4718492031097412
6165.0,123.29900000000004,21.679081390092943,223.8475937628789,386.5457559025594,668355.2249588167,21.7334940656951,223.7369711718501,386.5459900000001,668450.7794840003,4.246648155984392,-8.55318820617018,0.0078078517785212,19200.000000000007,-0.0014012937813238,0.0010033022495323,0.0002341980681353,0.0,4.2579494040913,9.81958691325048,-8.530140368954648,-1.6453878240674265,-0.0104988308546523,3.169363294567546,19199.24361121137,-17.209932193069424,0.002,2.459129636109863,-3.070219521321009,-1.0444611794948744,6.0,10.0,180.0,-0.1904743723861148,-4.225992344334486,-0.15382637993684,-3.0833648421820348,-427.8018426706705,-602.9635112408657,164.24051684661194,742.1027801213822,559.6500000000001,-0.1904743723861148,0.2566971778869629,-0.10062544792890549,-0.07873839139938354,-0.15169920027256012,-0.16676616668701172,-0.16683873534202576,-0.05447906628251076,-0.024102069437503815,-0.018834277987480164,-0.14265646040439606,-0.13366565108299255,-0.10930593311786652,-0.06606313586235046,-0.02265440858900547,-0.0626923069357872,0.03560787811875343,-0.628191351890564,-0.06663914769887924,-0.0908275917172432,0.11545831710100174,0.1272745132446289,-0.07370731234550476,-0.15657082200050354,0.23367750644683838,0.0011081919074058533,0.1467667520046234,0.2091875523328781,0.01712830364704132,-0.09355318546295166,0.12556718289852142,-0.07517309486865997,-0.17599701881408691,-0.13015735149383545,-0.3957195281982422,-1.2476933002471924,-0.20880213379859924,-0.145378977060318,-0.48182255029678345,0.18198004364967346,-1.4183692932128906
6166.0,123.31900000000005,21.7643053531954,223.67690108528544,386.5458279104192,668739.2118776164,21.819360528041447,223.565238845044,386.5459900000001,668834.7794840003,4.268014746659805,-8.58777095216702,0.0053989249980706,19200.000000000007,-0.0007581903202024,-3.616062425986295e-05,0.0001620910548999,0.0,4.240986068904972,-2.923460373390216,-8.577986515590853,-5.309825484341673,-0.0043781691291157,0.0626907982969189,19199.209771969607,-42.93712343515072,0.002,2.339591292605557,-2.9472584479065835,-1.033419178065463,6.0,10.0,180.0,-0.1704180694038756,-4.215710536098544,-0.1347565271900308,-3.211050498917109,-424.74092133533526,-613.6912556204329,165.588758423306,747.7848900606912,561.0750000000002,-0.1704180694038756,0.2954478859901428,-0.04435183107852936,-0.041717469692230225,-0.09690877050161362,-0.10780882835388184,-0.09415747225284576,0.018315352499485016,0.09334798157215118,0.03694619610905647,-0.07323265075683594,-0.0683581680059433,-0.05219762772321701,-0.0045277439057827,0.03992483764886856,0.00927945226430893,0.10954896360635757,-0.5284147262573242,-0.021820183843374252,-0.02945888414978981,0.1550201028585434,0.20805573463439941,0.008647508919239044,-0.0668892040848732,0.2858639359474182,0.04420509189367294,0.31170615553855896,0.26921653747558594,0.03484395146369934,-0.06478986144065857,0.16349256038665771,0.10595093667507172,-0.12420447915792465,-0.06942202150821686,-0.3378739058971405,-1.1565465927124023,-0.1739288568496704,-0.09459380060434341,-0.40197402238845825,0.29346174001693726,-1.5191307067871094
6167.0,123.33900000000006,21.849715600625125,223.5050194171635,386.545806693376,669123.198867074,21.90522570020382,223.3935084992316,386.5459900000001,669218.7794840003,4.283174599819223,-8.582711599754207,0.0061122711899384,19200.000000000007,-0.0003022315411671,0.0001137482858013,0.0001833071714418,0.0,4.315937250953122,-2.264807166672964,-8.584486583990024,5.6162249582603545,0.0102467687129119,-0.0628341218954483,19199.65525073348,60.1761669556267,0.002,2.247792536656607,-2.979979579167644,-1.0107544467282772,6.0,10.0,180.0,-0.1240273250255804,-4.254397604172815,-0.1117968461272812,-3.337700932065644,-421.2429606676676,-621.2291278102165,166.426879211653,751.3374450303456,562.8000000000001,-0.1240273250255804,0.2952725887298584,-0.017499804496765137,-0.01685299724340439,-0.10328293591737747,-0.1044110655784607,-0.09624795615673065,0.010364294052124023,0.11267118901014328,0.0639876276254654,-0.07895161211490631,-0.07322889566421509,-0.04870149493217468,-0.013026172295212746,0.02870252914726734,-0.058997221291065216,0.08937890082597733,-0.29694366455078125,0.06501253694295883,-0.03337154537439346,0.1685362458229065,0.25050088763237,0.03520321100950241,-0.057554952800273895,0.25855493545532227,0.029564861208200455,0.25187918543815613,0.281930148601532,0.08323143422603607,-0.04612649604678154,0.19941748678684235,-0.17840294539928436,-0.12126509100198746,-0.06614275276660919,-0.30184441804885864,-1.2205078601837158,-0.20685335993766785,-0.09951000660657883,-0.40104711055755615,0.19719338417053223,-1.4874351024627686
6168.0,123.35900000000004,21.93563157468328,223.3336015952276,386.54587792747554,669507.2044932727,21.99109069988634,223.22177849994583,386.5459900000001,669602.7794840003,4.281472458944912,-8.593119623288747,0.0037347220174829,19200.000000000007,-0.0003532760625021,-0.0001983906965806,0.0001120722827657,0.0,4.276883579839501,-2.745165850529252,-8.60007022029914,-2.5660887639080654,0.003901896917696,0.2438705209394662,19200.478337912627,-42.91599578575868,0.002,2.2319346774108646,-3.056066130809355,-1.0233539528828075,6.0,10.0,180.0,-0.0410066093225789,-4.228573494538196,-0.1035157924177662,-3.2874385602182272,-420.8459803338338,-624.0040639051083,166.8294396058265,753.0377225151728,565.4250000000001,-0.0410066093225789,0.2921731770038605,-0.03895939886569977,-0.04420538991689682,-0.10520511865615845,-0.10826945304870605,-0.09799894690513611,0.014406837522983551,0.08850965648889542,0.042797498404979706,-0.07821136713027954,-0.07708556205034256,-0.05847077816724777,-0.016047853976488113,0.028774753212928772,-0.014250941574573517,0.09652544558048248,-0.3962599039077759,-0.007879499346017838,-0.03852936625480652,0.15531611442565918,0.21487189829349518,0.0049321651458740234,-0.07205553352832794,0.27576303482055664,0.0377788320183754,0.28738194704055786,0.26482728123664856,0.03827393054962158,-0.07454776763916016,0.16600187122821808,0.05886845290660858,-0.12871608138084412,-0.07549328356981277,-0.3313921391963959,-1.2126507759094238,-0.19088976085186005,-0.10180223733186722,-0.4078218340873718,0.271979421377182,-1.5172085762023926
6169.0,123.37900000000003,22.02132585319413,223.1615341479596,386.5458964999487,669891.209636543,22.076955700049155,223.0500485000161,386.5459900000001,669986.7794840002,4.287143932429226,-8.581872012563522,0.0031170773470639,19200.000000000007,-0.0001823556949478,0.0001387502830032,9.34999129758074e-05,0.0,4.282256680215193,-2.3795723659219776,-8.578177271182806,4.095320281622914,-0.0016983989528579,1.35022440095065,19199.87879724034,-25.858525723745952,0.002,2.2590889516743724,-3.084573419224822,-1.033533794342196,6.0,10.0,180.0,-0.0507804633429646,-4.270526889251022,-0.0971930297756917,-3.243303091938438,-420.1204901669169,-625.3800319525542,166.95971980291324,753.5853612575864,567.0750000000002,-0.0507804633429646,0.294710248708725,-0.020475775003433228,-0.023247793316841125,-0.10667480528354645,-0.10615295171737671,-0.09783203899860382,0.009980171918869019,0.10838836431503296,0.06622787564992905,-0.07905414700508118,-0.07584380358457565,-0.051214300096035004,-0.015459379181265831,0.028275754302740097,-0.04294774308800697,0.09027434140443802,-0.26485371589660645,0.04846802353858948,-0.03661844879388809,0.16528230905532837,0.2414485514163971,0.036015965044498444,-0.058722905814647675,0.2592058479785919,0.03637897968292236,0.25899064540863037,0.2723182439804077,0.07708459347486496,-0.055041830986738205,0.19101926684379578,-0.12183348834514618,-0.12263000756502151,-0.06773422658443451,-0.3105558156967163,-1.2372173070907593,-0.20695436000823975,-0.10096212476491928,-0.40308767557144165,0.21673116087913513,-1.4961884021759033
6170.0,123.39900000000004,22.107000934275057,222.9901869576144,386.5459133003527,670275.2099405812,22.162820700037603,222.8783184999892,386.5459900000001,670370.7794840003,4.293499520106361,-8.594630569482353,0.0025636401469424,19200.000000000007,7.564863191254723e-06,-0.0002439641148803,7.669965982072686e-05,0.0,4.290757226738222,-0.369191451415487,-8.603759259602361,-3.5399834566143284,0.0017001385244249,1.212376754701869,19199.845663549808,25.7509148575628,0.002,2.273026069450667,-3.074231272214452,-1.0359120826933388,6.0,10.0,180.0,-0.0800726481722994,-4.258336776425248,-0.0913289647730951,-3.2351025791675263,-419.96524508345846,-626.5075159762771,167.1368599014566,754.3396806287933,568.8000000000002,-0.0800726481722994,0.28148916363716125,-0.05505414307117462,-0.06145195662975311,-0.11991220712661743,-0.1215888261795044,-0.11503517627716064,-0.0010941289365291595,0.055809520184993744,0.027920223772525787,-0.09375324845314026,-0.09415190666913986,-0.07469779253005981,-0.03319048136472702,0.012889683246612549,-0.019643224775791168,0.0805397555232048,-0.3844258785247803,-0.03660466521978378,-0.05537697300314903,0.14347946643829346,0.188519686460495,-0.02241724729537964,-0.09623172134160995,0.26517951488494873,0.03125694394111633,0.2567405104637146,0.24620164930820465,0.021165503188967705,-0.09005255997180939,0.14792001247406006,0.05543215572834015,-0.1423746943473816,-0.09231776744127274,-0.349921315908432,-1.2451460361480713,-0.1985434591770172,-0.11472968012094498,-0.42771315574645996,0.2649499773979187,-1.5033860206604004
6171.0,123.41900000000004,22.192829354918103,222.81811834072627,386.5459257721469,670659.2090721106,22.248685700011723,222.7065884999977,386.5459900000001,670754.7794840003,4.294723885415282,-8.58334117851712,0.0021418619161868,19200.000000000007,4.424692108011495e-05,9.485249526206184e-05,6.422806049212511e-05,0.0,4.289804043349325,0.8552040456399631,-8.574450574880984,6.162901216929423,0.0019772075893873,1.281568117476467,19200.016760318034,21.496975972652056,0.002,2.271094426804639,-3.081436153053847,-1.031479765327766,6.0,10.0,180.0,-0.0615105871505194,-4.276875967442058,-0.0859295408528998,-3.2571589497535944,-419.4061225417293,-626.8162579881385,167.1134299507283,754.2368403143967,564.3000000000002,-0.0615105871505194,0.2791287302970886,-0.03270472586154938,-0.03373885899782181,-0.12200689315795898,-0.1195383071899414,-0.11429741978645325,-0.006856866180896759,0.07682780176401138,0.05014859139919281,-0.0974801778793335,-0.09566591680049896,-0.06909562647342682,-0.03522375971078873,0.007111286744475365,-0.0805116593837738,0.06425933539867401,-0.2790679931640625,0.046558886766433716,-0.055351417511701584,0.15600693225860596,0.22423401474952698,0.007130421698093414,-0.08634836226701736,0.23739439249038696,0.02206159383058548,0.20836283266544342,0.25975191593170166,0.0742332935333252,-0.05835675820708275,0.18153618276119232,-0.23546798527240753,-0.1383712887763977,-0.08654922246932983,-0.32157018780708313,-1.2929255962371826,-0.2223874032497406,-0.11688464134931564,-0.42553532123565674,0.18550965189933777,-1.4796245098114014
6172.0,123.43900000000004,22.27876279488901,222.6465651758349,386.5459432829237,671043.2068475381,22.33455070004717,222.53485850000007,386.5459900000001,671138.7794840003,4.292465293632223,-8.589241931121988,0.0015555135210983,19200.000000000007,-2.4191177405016342e-05,-8.207709675534964e-05,4.671719613146345e-05,0.0,4.273433331961167,-2.812253301502776,-8.606167380168307,0.425913515538415,0.0114717764013231,1.7130592289522195,19200.05016399377,81.58556934167771,0.002,2.287967160126987,-3.0823971678400306,-1.036898937579107,6.0,10.0,180.0,-0.0219604216134677,-4.237272642898856,-0.0829841567513729,-3.2586643140032345,-420.1295612708647,-626.7511289940693,167.19021497536414,754.5614201571983,563.3250000000002,-0.0219604216134677,0.29607057571411133,-0.029310166835784912,-0.035937681794166565,-0.10454536974430084,-0.10591000318527222,-0.09300631284713745,0.0144570991396904,0.10056757926940918,0.055199556052684784,-0.07443864643573761,-0.07830826938152313,-0.05615182965993881,-0.01688925176858902,0.027010038495063782,-0.030911602079868317,0.09196460247039795,-0.3497285842895508,0.022446783259510994,-0.03932954743504524,0.15921492874622345,0.225828155875206,0.022600755095481873,-0.06364132463932037,0.27042919397354126,0.03808839991688728,0.2755487263202667,0.26439300179481506,0.05612317472696304,-0.06571629643440247,0.17218846082687378,-0.021124765276908875,-0.1269555389881134,-0.07199861854314804,-0.32624614238739014,-1.2472838163375854,-0.19988742470741272,-0.10289282351732254,-0.40854334831237793,0.25940871238708496,-1.535996437072754
6173.0,123.45900000000005,22.364321199965453,222.47463451842563,386.5459728046062,671427.20971968,22.42041569993419,222.36312850000007,386.5459900000001,671522.7794840002,4.302657386021422,-8.582562788114066,0.0005748214071509,19200.000000000007,0.0002822046274482,0.0001184881766963,1.719448369970685e-05,0.0,4.30394687424595,4.832523333491247,-8.577164403748055,2.5074294744150047,0.0063207631183524,-0.9755309299527852,19199.99795313844,-55.76572181396123,0.002,2.2872107325055024,-3.094347295802725,-1.0358211458056497,6.0,10.0,180.0,-0.0429732247875331,-4.216273527079453,-0.0824991546817653,-3.2602152375781914,-419.1427806354324,-627.3600644970347,167.17710748768206,754.5072100785992,564.7500000000001,-0.0429732247875331,0.2597479820251465,-0.06677965819835663,-0.06714510172605515,-0.14238053560256958,-0.14005547761917114,-0.14275798201560974,-0.02624257281422615,0.012681737542152405,0.006838366389274597,-0.12538711726665497,-0.12078270316123962,-0.09843331575393677,-0.06125686317682266,-0.018625279888510704,-0.09584040939807892,0.038356583565473557,-0.3899780511856079,-0.01686421036720276,-0.08013569563627243,0.13512520492076874,0.17989856004714966,-0.06226136535406113,-0.1278771460056305,0.23168855905532837,0.00433703139424324,0.16565491259098053,0.24165651202201843,0.029083995148539543,-0.0862283855676651,0.15199655294418335,-0.15612448751926422,-0.16352438926696777,-0.11848343908786774,-0.34958577156066895,-1.3199539184570312,-0.2267504185438156,-0.13701379299163818,-0.45501500368118286,0.1835138201713562,-1.443587303161621
6174.0,123.47900000000004,22.45048663344739,222.30302659560667,386.5459990913096,671811.2084099019,22.50628069969253,222.1913985000004,386.5459900000001,671906.7794840003,4.292677424374341,-8.58662067032823,-0.000303852068897,19200.000000000007,-1.8231685186913845e-05,-3.5900054633252754e-06,-9.092760885885375e-06,0.0,4.265139034182374,-4.094690221718839,-8.565692360443455,1.2125474703076722,0.0085571254069705,-2.2569243510653934,19200.06695019057,77.19628570464336,0.002,2.286452845710364,-3.0855376386691726,-1.0413651508384478,6.0,10.0,180.0,-0.0732751587674519,-4.23922550854479,-0.080558697964812,-3.2566536064641483,-419.52739031771614,-626.4735322485174,167.05405374384105,753.9781050392996,566.4750000000001,-0.0732751587674519,0.2992270588874817,-0.02163824439048767,-0.027170345187187195,-0.09986497461795807,-0.09839540719985962,-0.09153878688812256,0.023390796035528183,0.10996416211128235,0.05705879628658295,-0.07434344291687012,-0.06609053164720535,-0.047763265669345856,-0.007635277695953846,0.03593277558684349,-0.031146124005317688,0.10043855756521225,-0.3293302059173584,0.03043852001428604,-0.027919139713048935,0.16847547888755798,0.24610227346420288,0.02298915386199951,-0.055561862885951996,0.2770742177963257,0.03471613675355911,0.28750595450401306,0.28844761848449707,0.060115616768598557,-0.05924083665013313,0.19143076241016388,-0.011710390448570251,-0.119211845099926,-0.06482641398906708,-0.30261245369911194,-1.2067877054214478,-0.19633355736732483,-0.09440784901380539,-0.3896164298057556,0.24477273225784302,-1.49306321144104
6175.0,123.49900000000004,22.53607915828508,222.1311869330445,386.5459943253568,672195.2087960284,22.592145700236344,222.0196685000012,386.5459900000001,672290.7794840003,4.301720606247804,-8.582967289325337,-0.0001357645805957,19200.000000000007,0.0002540390212008,0.0001060639263009,-4.225446991482659e-06,0.0,4.324681979822914,3.7245086999567008,-8.601551887267467,2.1987764418187443,-0.0009682447871353,-3.306259682249336,19200.18858634301,-25.79658910503188,0.002,2.2529443137055107,-3.0875458553945663,-1.0295722399254352,6.0,10.0,180.0,-0.1162573390246186,-4.265650943389035,-0.0825315343017316,-3.260214423635724,-418.68919515885807,-627.9937661242586,167.23902687192054,754.7745525196499,561.6750000000002,-0.1162573390246186,0.2630757689476013,-0.06304626166820526,-0.06497877091169357,-0.13649675250053406,-0.13343870639801025,-0.13570934534072876,-0.017261527478694916,0.01930086314678192,0.003308333456516266,-0.12076500058174133,-0.11525080353021622,-0.09561777114868164,-0.057181041687726974,-0.01574593409895897,-0.10315296053886414,0.041487667709589005,-0.4283338785171509,-0.012716107070446014,-0.07493719458580017,0.13907624781131744,0.19049052894115448,-0.0677802562713623,-0.12125996500253677,0.23966220021247864,0.0012881606817245483,0.17609141767024994,0.2539809048175812,0.025004927068948746,-0.08391228318214417,0.15614858269691467,-0.13912920653820038,-0.1608845293521881,-0.11662528663873672,-0.33994820713996887,-1.307344913482666,-0.22347404062747955,-0.1332884132862091,-0.4482724666595459,0.1885259747505188,-1.4460978507995605
6176.0,123.51900000000003,22.622199306886863,221.9596319873197,386.5460114836831,672579.2078618737,22.678010701712523,221.8479384999981,386.5459900000001,672674.7794840003,4.293205094455446,-8.588802891045304,-0.0007199197244965,19200.000000000007,-9.07572032925099e-07,-6.899245775611588e-05,-2.148228474094587e-05,0.0,4.254178521530223,-1.5247257826303655,-8.551272506469754,-3.788423755410944,-0.0012269679188245,-3.4124253717238204,19199.89635497289,68.75359452476985,0.002,2.2833103345276724,-3.053915247703457,-1.0443736800969596,6.0,10.0,180.0,-0.0361351725563085,-4.204650650268498,-0.0815577848737194,-3.2694441484989296,-419.355097579429,-626.3683830621294,167.01051343596026,753.7917762598249,563.3250000000002,-0.0361351725563085,0.2834036350250244,-0.0528896301984787,-0.058849647641181946,-0.11342046409845352,-0.11359280347824097,-0.108939990401268,0.010601609945297241,0.05963704735040665,0.017896154895424843,-0.09236094355583191,-0.08476787805557251,-0.07112123817205429,-0.02563074789941311,0.018290895968675613,-0.03254491463303566,0.08402973413467407,-0.4929138422012329,-0.03146176040172577,-0.04665128141641617,0.15018421411514282,0.20327843725681305,-0.03457685187458992,-0.08978457748889923,0.273645281791687,0.023280687630176544,0.26701733469963074,0.2695798873901367,0.016248594969511032,-0.08101144433021545,0.15560458600521088,0.06670115888118744,-0.13913342356681824,-0.08920322358608246,-0.33418741822242737,-1.228623628616333,-0.19317638874053955,-0.10913556069135666,-0.4133923649787903,0.27444732189178467,-1.4924376010894775
6177.0,123.53900000000004,22.707842716320524,221.7876391646383,386.545985447448,672963.2089484475,22.76387580237157,221.67620849998107,386.5459900000001,673058.7794840003,4.300620358636135,-8.580049902355636,0.0001571419738739,19200.000000000007,0.0002206893582648,0.0001935342497683,4.553577261570137e-06,0.0,4.316902188029438,1.7069181584671775,-8.607415723086927,5.620491422517373,-0.0102536645047962,-0.4253730861369312,19200.237729344262,-21.40576828756656,0.002,2.236477812303615,-3.008479729930076,-1.0316325963832524,6.0,10.0,180.0,-0.0209584270409727,-4.236315006716406,-0.0834866014064719,-3.2561403214780675,-418.92004878971454,-627.7661915310647,167.22425671798013,754.7113881299124,565.0500000000001,-0.0209584270409727,0.2742403745651245,-0.0391472727060318,-0.040642060339450836,-0.12718798220157623,-0.1230955719947815,-0.12154223024845123,-0.00939725711941719,0.061409831047058105,0.038484178483486176,-0.10493019223213196,-0.1014738604426384,-0.07656427472829819,-0.042489148676395416,-0.0003202427178621292,-0.09090965986251831,0.05655951052904129,-0.28744590282440186,0.032444652169942856,-0.061146482825279236,0.1519765555858612,0.21787379682064056,-0.014568552374839783,-0.09527253359556198,0.2364044189453125,0.015845701098442078,0.19669492542743683,0.26003000140190125,0.0628521740436554,-0.0650503933429718,0.17843051254749298,-0.2185036987066269,-0.144464373588562,-0.09595293551683426,-0.32259395718574524,-1.2934725284576416,-0.22465354204177856,-0.12157049030065536,-0.4319908022880554,0.17516174912452698,-1.4588701725006104
6178.0,123.55900000000004,22.793538009599573,221.6164293523468,386.5459727467779,673347.2088870046,22.849740801263287,221.50447850002047,386.5459900000001,673442.7794840003,4.306267666343652,-8.597390467818892,0.0005802791772783,19200.000000000007,0.0003904957187792,-0.0003266543584019,1.7253165217028378e-05,0.0,4.258052217033504,2.805864586495136,-8.535379152982753,-4.581724369631073,-0.0085484730225103,1.3999049078262022,19199.894796029752,21.3714165199628,0.002,2.2697240492586417,-3.1021643666888563,-1.0337325311095829,6.0,10.0,180.0,-0.0683161087153927,-4.187927391422875,-0.0800548907522659,-3.260728551429927,-419.0870243948573,-626.2420957655323,166.95062835899006,753.5361940649561,560.5500000000001,-0.0683161087153927,0.2653999924659729,-0.07960687577724457,-0.08401922881603241,-0.13488394021987915,-0.13765811920166016,-0.1315612941980362,-0.019885577261447906,0.01333678513765335,-0.003401806578040123,-0.1134154200553894,-0.11558466404676437,-0.09699099510908127,-0.05284229665994644,-0.007893851026892662,-0.04565264657139778,0.0559811145067215,-0.5609782934188843,-0.06196615472435951,-0.07610190659761429,0.12903180718421936,0.15262818336486816,-0.06411415338516235,-0.12377581745386124,0.2513202428817749,0.007813341915607452,0.20966286957263947,0.22695854306221008,-0.002235580235719681,-0.10225000977516174,0.11713201552629471,0.022805824875831604,-0.16217991709709167,-0.1139935627579689,-0.3773825168609619,-1.3002991676330566,-0.20544716715812683,-0.1323898732662201,-0.453460156917572,0.2742511034011841,-1.5150654315948486
6179.0,123.57900000000004,22.879245879867856,221.44478411378253,386.5460106835664,673731.2100992512,22.93560579994548,221.33274850014823,386.5459900000001,673826.7794840003,4.311504868998688,-8.60021861938453,-0.0007192865989518,19200.000000000007,0.000547618439018,-0.0004113177174207,-2.068378453552471e-05,0.0,4.312505452237516,3.844586239547737,-8.618425998740543,-6.100565795335948,-0.0033988076545626,0.2505699226712689,19200.034232902704,-103.07544294360125,0.002,2.1939966689742803,-3.09199837230864,-1.030483915056066,6.0,10.0,180.0,-0.1049273792925643,-4.282687501956255,-0.0830067047047636,-3.259709231540461,-419.09901219742864,-627.6660478827662,167.22781417949503,754.725597032478,562.2000000000002,-0.1049273792925643,0.2577754855155945,-0.08848012983798981,-0.09490880370140076,-0.14063718914985657,-0.14242136478424072,-0.13861092925071716,-0.02247406542301178,-0.006129339337348938,-0.016525307670235634,-0.11961601674556732,-0.12429401278495789,-0.1070808619260788,-0.06292751431465149,-0.017972173169255257,-0.0517558678984642,0.0474829338490963,-0.5583176612854004,-0.08554595708847046,-0.08462336659431458,0.12206748127937317,0.14101313054561615,-0.09033902734518051,-0.13784536719322205,0.25122004747390747,-0.0014006644487380981,0.19906644523143768,0.22555646300315857,-0.01924155279994011,-0.11292728781700134,0.10836952924728394,0.04548884928226471,-0.1708115041255951,-0.12634924054145813,-0.38408246636390686,-1.300531029701233,-0.20752283930778503,-0.1390569806098938,-0.4651157259941101,0.26725128293037415,-1.5022327899932861
6180.0,123.59900000000002,22.96538565726377,221.2730848065909,386.5459482427276,674115.2057229606,23.021470799741003,221.1610184999456,386.5459900000001,674210.7794840002,4.302347243425345,-8.601238465094651,0.0013934088123323,19200.000000000007,0.0002729362964367,-0.0004421061957301,4.175728163943385e-05,0.0,4.305913796760992,-0.6054595436035697,-8.570342014399614,-4.204587548759505,-0.0007590972705575,3.782111034704693,19199.7426837804,-4.264785328907161,0.002,2.266820255841417,-3.115000400624509,-1.046479514799359,6.0,10.0,180.0,-0.0609714739180876,-4.185005300748269,-0.0796015040476047,-3.2920701917020496,-418.4545060987143,-627.8230239413831,167.17440708974752,754.498298516239,568.8750000000001,-0.0609714739180876,0.27825355529785156,-0.058768630027770996,-0.0676008090376854,-0.12216505408287048,-0.12448084354400635,-0.11574116349220276,-0.008314479142427444,0.05371181666851044,0.028562109917402267,-0.0937919020652771,-0.09803720563650131,-0.0765417292714119,-0.035921525210142136,0.011463065631687641,-0.00988490879535675,0.08080599457025528,-0.38461434841156006,-0.04201516509056091,-0.059385884553194046,0.13970528542995453,0.1755223572254181,-0.019548125565052032,-0.09963779896497726,0.25985705852508545,0.028824858367443085,0.2548345625400543,0.2311909794807434,0.015385352075099945,-0.09835204482078552,0.13455624878406525,0.0628264993429184,-0.1439487189054489,-0.09239793568849564,-0.3616493046283722,-1.2595810890197754,-0.19892942905426025,-0.11743629723787308,-0.433333158493042,0.2812984883785248,-1.5311064720153809
6181.0,123.61900000000006,23.05127757661993,221.10118993537915,386.5459953022007,674499.2000539624,23.107335800004897,220.9892884993444,386.5459900000001,674594.7794840003,4.3014496576992585,-8.595742528162898,-0.000178058394545,19200.000000000007,0.000246017725812,-0.0002771311708736,-5.302173109971085e-06,0.0,4.31516027427577,1.7624079345219403,-8.62453761240109,0.4299088293514691,-0.004163009034808,-0.4941629540682285,19199.895888159183,-17.09526842575077,0.002,2.287493500178159,-3.1170245962876413,-1.0267954676918896,6.0,10.0,180.0,-0.0678574306518385,-4.206562346231411,-0.083001313127343,-3.356157887368496,-418.8152530493571,-628.5800119706915,167.36770354487376,755.3276492581194,570.3000000000001,-0.0678574306518385,0.2722353935241699,-0.05434735119342804,-0.05894319713115692,-0.13093581795692444,-0.1278930902481079,-0.12797528505325317,-0.010147377848625183,0.041209056973457336,0.02444557286798954,-0.10812318325042725,-0.10481052100658417,-0.08352939784526825,-0.04596107453107834,-0.0012553650885820389,-0.059402890503406525,0.0610547736287117,-0.3198055028915405,-0.0197279192507267,-0.06527628749608994,0.14278240501880646,0.19644755125045776,-0.03568655997514725,-0.1065288558602333,0.25159603357315063,0.02042536437511444,0.21418461203575134,0.2500635087490082,0.030920032411813736,-0.0855521410703659,0.16000300645828247,-0.052660152316093445,-0.14995217323303223,-0.10334113985300064,-0.34010282158851624,-1.2729568481445312,-0.21495656669139862,-0.12361446768045425,-0.4370917081832886,0.20949280261993408,-1.457715392112732
6182.0,123.63900000000004,23.13747018186311,220.92919792043503,386.54595050292886,674883.2018296645,23.193200800040465,220.81755849939023,386.5459900000001,674978.7794840003,4.29053034511061,-8.587008650583979,0.0013162633436111,19200.000000000007,-8.16837972925941e-05,-1.5316325065827033e-05,3.949707240257767e-05,0.0,4.299055726049483,-6.345868557922175,-8.594930671920562,1.57839660896221,-0.0009701328155059,1.0989072545379308,19200.04909902643,-4.254170244149846,0.002,2.3032751754779057,-3.1081401657730856,-1.0521272448951031,6.0,10.0,180.0,-0.0356865505833905,-4.199851425649623,-0.0781144234692593,-3.3412589925363205,-418.92912652467857,-628.2725059853458,167.32285177243688,755.1348246290597,572.8500000000001,-0.0356865505833905,0.3031352758407593,-0.0070412904024124146,-0.016362324357032776,-0.09221387654542923,-0.09073096513748169,-0.08029147982597351,0.028643347322940826,0.13945356011390686,0.0831671729683876,-0.05980493128299713,-0.05618077516555786,-0.03407008945941925,0.002539128065109253,0.0484684556722641,-0.001910969614982605,0.11690235137939453,-0.2162567377090454,0.045108795166015625,-0.01862860471010208,0.17421287298202515,0.2567483186721802,0.060443051159381866,-0.03775814175605774,0.2799195647239685,0.048638440668582916,0.3158639669418335,0.2865116596221924,0.07313607633113861,-0.05672072991728783,0.19898636639118195,0.026388779282569885,-0.1069377213716507,-0.04960605129599571,-0.29721030592918396,-1.1873970031738281,-0.19331210851669312,-0.08533086627721786,-0.37922120094299316,0.25292307138442993,-1.5151755809783936
6183.0,123.65900000000002,23.22296081631328,220.7574140221156,386.5459707264796,675267.2053335715,23.279065800008222,220.6458283003092,386.5459900000001,675362.7794840003,4.303002111775331,-8.58521159988679,0.0006105965238532,19200.000000000007,0.0002924846791696,3.8681052643822594e-05,1.927351871829356e-05,0.0,4.283223287218119,0.4311848643271886,-8.615469281964227,-0.5486453861628853,-0.0014567289796411,0.3626237778450445,19199.99800451396,-73.03219731773433,0.002,2.2789470653798287,-3.051460946379143,-1.0365404520200368,6.0,10.0,180.0,-0.1191946586284948,-4.237866162452647,-0.0791150513845856,-3.304337434324964,-419.7805632623393,-627.8297529926729,167.34792588621843,755.2394123145299,573.3750000000001,-0.1191946586284948,0.27997303009033203,-0.04797022044658661,-0.052765920758247375,-0.12415751814842224,-0.12242650985717773,-0.1206461489200592,-0.002447381615638733,0.05752698332071304,0.036512359976768494,-0.09887126088142395,-0.09503977745771408,-0.07397938519716263,-0.035562459379434586,0.010333025828003883,-0.03452137112617493,0.0748368501663208,-0.28871989250183105,-0.019270896911621094,-0.05602912977337837,0.14731089770793915,0.2033093273639679,-0.015398859977722168,-0.09545617550611496,0.2606811821460724,0.03205862641334534,0.2410300225019455,0.2540340721607208,0.037212125957012177,-0.0819510668516159,0.16561435163021088,-0.006591245532035828,-0.14148038625717163,-0.09280065447092056,-0.33673030138015747,-1.2503217458724976,-0.20768578350543976,-0.11544819921255112,-0.4256996512413025,0.2261618971824646,-1.4642781019210815
6184.0,123.67900000000004,23.30900061490301,220.58531035349955,386.5459772786139,675651.2051029678,23.364930800046857,220.4740983007705,386.5459900000001,675746.7794840002,4.297177410518881,-8.572721745658537,0.0004230388276455,19200.000000000007,0.0001176867539025,0.0004122468296551,1.272138589041864e-05,0.0,4.300552966400676,-3.4800968148418265,-8.564449848206275,2.62071454522149,0.0046533336344147,-0.6613676818138433,19199.914115203945,-4.371139499280281,0.002,2.2603296845943115,-3.063900731772402,-1.032374576002376,6.0,10.0,180.0,-0.0571729284735435,-4.276811057065848,-0.0776536426410722,-3.314571243186311,-418.8412816311696,-627.7058764963365,167.2019629431092,754.6147061572649,580.2750000000001,-0.0571729284735435,0.29431644082069397,-0.018972694873809814,-0.024227336049079895,-0.10817237198352814,-0.10394203662872314,-0.10439102351665497,0.012983553111553192,0.10715046525001526,0.070286825299263,-0.0820322334766388,-0.0680973157286644,-0.04629591107368469,-0.011064806953072548,0.03554629534482956,-0.015195287764072418,0.10171455144882202,-0.16934216022491455,0.026427198201417923,-0.030156295746564865,0.16812664270401,0.24691247940063477,0.03318417817354202,-0.06172218173742294,0.26824238896369934,0.04086003452539444,0.2786669135093689,0.2821187376976013,0.06954696029424667,-0.0643858015537262,0.2020099014043808,-0.020916596055030823,-0.1171114519238472,-0.06395404785871506,-0.2980198860168457,-1.1890504360198975,-0.20240183174610138,-0.09464604407548904,-0.3895576596260071,0.20882660150527954,-1.4434890747070312
6185.0,123.69900000000004,23.394793086971,220.41383197813093,386.5459940004729,676035.2095139333,23.4507957999802,220.30236830016585,386.5459900000001,676130.7794840003,4.299605124043057,-8.581144486071056,-0.0001346154566487,19200.000000000007,0.0001906136255926,0.0001608188690897,-4.000472782756329e-06,0.0,4.289058001257384,-0.062372200593408,-8.612310950612597,-2.744752784754482,0.0038891842823126,1.093741414220754,19200.12047109009,47.25578864279585,0.002,2.263347804013637,-3.053493837748378,-1.0434027805198618,6.0,10.0,180.0,-0.0220231598187368,-4.234826000986854,-0.0790966814233534,-3.2632820395602544,-419.5201408155848,-627.6859382481682,167.28648147155462,754.9753530786325,576.5250000000002,-0.0220231598187368,0.2798759341239929,-0.05216875672340393,-0.058375030755996704,-0.12404406815767288,-0.12327373027801514,-0.12160994112491608,-0.0028999336063861847,0.05488470941781998,0.035154007375240326,-0.09777024388313293,-0.09392324835062027,-0.07362719625234604,-0.034207783639431,0.01327522937208414,-0.01311146467924118,0.0811055600643158,-0.2843515872955322,-0.03867148607969284,-0.05532176420092583,0.14466044306755066,0.19344580173492432,-0.01695159077644348,-0.09832143038511276,0.2633678913116455,0.03584221750497818,0.2542019486427307,0.2479093372821808,0.026771435514092445,-0.09027482569217682,0.15754099190235138,0.056534066796302795,-0.14101792871952057,-0.09211865067481995,-0.34365934133529663,-1.2323250770568848,-0.20200873911380768,-0.11418173462152481,-0.42519837617874146,0.24350965023040771,-1.469165563583374
6186.0,123.71900000000002,23.48077866595084,220.24204180730243,386.5459784644935,676419.212292458,23.53666079971429,220.1306382998789,386.5459900000001,676514.7794840003,4.295566139003415,-8.579143998038406,0.0003804845183599,19200.000000000007,7.003408132170061e-05,0.0002207898521823,1.1535506604418238e-05,0.0,4.293693559194159,-1.8323317775036057,-8.563497991413334,3.056491732434254,-0.0007539945446308,2.3249275016024624,19200.10172978958,17.237303530030466,0.002,2.2587958848012657,-3.065631852695599,-1.0395470480815616,6.0,10.0,180.0,-0.0439666994796562,-4.222133330627527,-0.0795812291032328,-3.2509717337647617,-418.8850704077924,-627.4304691240841,167.1542407357773,754.4096765393163,576.7500000000001,-0.0439666994796562,0.2891702651977539,-0.026435524225234985,-0.030804701149463654,-0.11504022777080536,-0.11255818605422974,-0.10963314771652222,0.001425381749868393,0.09533178806304932,0.066514752805233,-0.08712244033813477,-0.08040688186883926,-0.05505906417965889,-0.02087186463177204,0.025653669610619545,-0.024457156658172607,0.09015150368213654,-0.19002079963684082,0.025264443829655647,-0.04164956882596016,0.16050562262535095,0.2302442193031311,0.030863218009471893,-0.070726677775383,0.2554508149623871,0.03849106281995773,0.2561306953430176,0.2611593008041382,0.0688309520483017,-0.0672837346792221,0.18721270561218262,-0.07201497256755829,-0.12522941827774048,-0.07175488770008087,-0.3164166510105133,-1.2288682460784912,-0.20856256783008575,-0.10376013070344925,-0.40668678283691406,0.21047282218933105,-1.4690269231796265
6187.0,123.73900000000006,23.566464924095563,220.07053874447507,386.54599228209406,676803.2118691835,23.62252580002531,219.9589083005504,386.5459900000001,676898.7794840003,4.301535253439515,-8.58671386400685,-0.0001070242209418,19200.000000000007,0.0002484775384272,-6.345088262858496e-06,-2.2820938975815384e-06,0.0,4.268802670533363,0.1251446122670533,-8.607655148140264,-1.2250421467125356,0.0088269043163578,1.2750763306495254,19200.118241093853,60.09322746852605,0.002,2.232219631626433,-3.092108864445306,-1.0354142860022253,6.0,10.0,180.0,-0.0766338510553181,-4.24657698888818,-0.0795917628380867,-3.2448003417056897,-420.0230352038962,-626.9377345620421,167.20712036788865,754.6333382696581,580.8750000000001,-0.0766338510553181,0.2823939621448517,-0.046132802963256836,-0.05012320727109909,-0.12470324337482452,-0.12308979034423828,-0.12393119931221008,-0.002783350646495819,0.06154601275920868,0.04558103159070015,-0.09840205311775208,-0.0910247340798378,-0.06929735839366913,-0.031498879194259644,0.016461243852972984,-0.010120436549186707,0.08327588438987732,-0.22020494937896729,-0.02838524803519249,-0.05227086320519447,0.14831140637397766,0.2034851312637329,-0.002864062786102295,-0.09401112049818039,0.26263266801834106,0.041579969227313995,0.2538030445575714,0.25250309705734253,0.0402713306248188,-0.08362254500389099,0.17065419256687164,0.03358171880245209,-0.13729512691497803,-0.08803251385688782,-0.33575478196144104,-1.2208893299102783,-0.20444220304489136,-0.11166705936193466,-0.4202268719673157,0.22342094779014587,-1.4451844692230225
6188.0,123.75900000000004,23.65231654486893,219.8985202654425,386.5460136551607,677187.2136466274,23.708390801413792,219.78717830070715,386.5459900000001,677282.7794840003,4.3019856200515845,-8.577095811768022,-0.0007903680316663,19200.000000000007,0.0002619563190354,0.0002823348863162,-2.365516052516774e-05,0.0,4.304903226690624,1.337914489877435,-8.560296377874696,7.631840402045846,0.0087788399735632,-1.2128018202670094,19199.895202624622,-55.80691018402483,0.002,2.267014419342741,-3.07905635922397,-1.0498848947348938,6.0,10.0,180.0,-0.0810072176958377,-4.2783689265218205,-0.0810561569306257,-3.2509641883247165,-418.7695176019481,-627.3513672810211,167.12406018394432,754.281169134829,580.6500000000001,-0.0810072176958377,0.2753041684627533,-0.02876296639442444,-0.029503971338272095,-0.12823066115379333,-0.1222333312034607,-0.1284799426794052,-0.010702323168516159,0.0709070935845375,0.05804571136832237,-0.10945969820022583,-0.09177915751934052,-0.06577033549547195,-0.03506273776292801,0.009644025936722755,-0.06905928254127502,0.06754355132579803,-0.13910770416259766,0.038226135075092316,-0.05189547687768936,0.16025397181510925,0.23552444577217102,0.005487032234668732,-0.09093399345874786,0.2329229712486267,0.025333262979984283,0.20272019505500793,0.27768567204475403,0.08355444669723511,-0.05458233878016472,0.20578160881996155,-0.23572762310504913,-0.13453230261802673,-0.08575492352247238,-0.3011491596698761,-1.2423909902572632,-0.22637885808944702,-0.11350729316473007,-0.4147360920906067,0.1337895691394806,-1.3843929767608643
6189.0,123.77900000000004,23.73827068136648,219.7271542094288,386.54600868001774,677571.2108165867,23.794255802385983,219.61544819979025,386.5459900000001,677666.7794840002,4.299014343885695,-8.589223602482909,-0.0006253822184868,19200.000000000007,0.0001728150727488,-8.170915883543402e-05,-1.868001761453708e-05,0.0,4.2856699393147135,1.2188197375164236,-8.597426681124123,-1.768609388872386,0.0022033058567093,-2.443655974424185,19200.033140378026,98.66731335061765,0.002,2.2287249365143498,-3.049735543116411,-1.035850292223362,6.0,10.0,180.0,-0.0585743731225524,-4.234368936568811,-0.0825241713070941,-3.2617643816465587,-419.3207588009741,-627.2981836405106,167.18553009197217,754.5425845674145,574.0500000000002,-0.0585743731225524,0.27282410860061646,-0.05759471654891968,-0.06135958433151245,-0.12918347120285034,-0.12634742259979248,-0.1298718899488449,-0.005104124546051025,0.03817564249038696,0.019907265901565552,-0.10884439945220947,-0.09837616235017776,-0.08091974258422852,-0.04039875417947769,0.00523245707154274,-0.0402141772210598,0.06966090947389603,-0.333876371383667,-0.040128860622644424,-0.05952056869864464,0.1439063847064972,0.1958116590976715,-0.04195847362279892,-0.10767515748739243,0.26061952114105225,0.024344194680452347,0.23187968134880066,0.25842729210853577,0.021443605422973633,-0.08868592977523804,0.16163811087608337,0.020040079951286316,-0.1473488211631775,-0.1012662947177887,-0.33683598041534424,-1.2365128993988037,-0.2065524458885193,-0.11879505962133408,-0.4278864860534668,0.2209458351135254,-1.4341914653778076
6190.0,123.79900000000002,23.824286158839207,219.55507810742583,386.5460029852404,677955.2113330088,23.88012090157285,219.4437180992089,386.5459900000001,678050.7794840003,4.293994939167346,-8.577688743139294,-0.0004306654651421,19200.000000000007,2.2435893903342245e-05,0.000264392471139,-1.2985240314032544e-05,0.0,4.298324953902887,-1.2131371607044783,-8.567846701994595,5.006330166147346,0.001695522591668,-1.893694258050255,19200.15436401946,-21.49373745813906,0.002,2.253416397617813,-3.0757185725669847,-1.0351907061007493,6.0,10.0,180.0,-0.03663682107743,-4.22311382069319,-0.0810674336658819,-3.2663826643141944,-418.7323794004871,-627.4005918202554,167.12876504598609,754.3007922837072,580.3500000000001,-0.03663682107743,0.2852608561515808,-0.023266419768333435,-0.02505139261484146,-0.11819502711296082,-0.111835777759552,-0.1171475350856781,0.0037451572716236115,0.08947862684726715,0.06270796060562134,-0.09579986333847046,-0.07837286591529846,-0.055542685091495514,-0.022005336359143257,0.023463977500796318,-0.04369492828845978,0.08525487035512924,-0.15863358974456787,0.03141500800848007,-0.03954797238111496,0.16544607281684875,0.245405375957489,0.01680798828601837,-0.07366586476564407,0.25353193283081055,0.03279217332601547,0.2426040917634964,0.28284525871276855,0.07569021731615067,-0.059339385479688644,0.2063184380531311,-0.11828719079494476,-0.12531912326812744,-0.07493028789758682,-0.29622459411621094,-1.2077744007110596,-0.2133663296699524,-0.10302846878767014,-0.399827241897583,0.16990813612937927,-1.4067485332489014
6191.0,123.81900000000005,23.90985062549952,219.3839101277825,386.5460322817111,678339.2127311174,23.965985900130967,219.2719880997564,386.5459900000001,678434.7794840002,4.3040177806061575,-8.596420800237151,-0.0014095449951916,19200.000000000007,0.00032287440659,-0.0002976282792672,-4.2281710988575744e-05,0.0,4.263933620128057,2.1310082609830614,-8.546613099558389,-2.3816267894803547,-0.001926324553046,-3.175946018598649,19200.05102079433,55.86353857582735,0.002,2.244180916080534,-3.1054429542352224,-1.0353313334984062,6.0,10.0,180.0,-0.099630045295937,-4.206078833172282,-0.0830124680123158,-3.256650219990923,-419.0246897002435,-626.3122959101277,166.95588252299302,753.5578961418537,583.0500000000002,-0.099630045295937,0.2667813003063202,-0.06400209665298462,-0.06518793851137161,-0.13714173436164856,-0.13292372226715088,-0.14439719915390015,-0.012716196477413177,0.023869074881076813,0.016959531232714653,-0.12037919461727142,-0.09963840246200562,-0.08321147412061691,-0.04271376132965088,0.005112817510962486,-0.02484084665775299,0.07023743540048599,-0.2765010595321655,-0.06120811402797699,-0.06114613264799118,0.14158929884433746,0.18878832459449768,-0.049881238490343094,-0.11868485063314438,0.2575092315673828,0.022922411561012268,0.2260015457868576,0.25745585560798645,0.016228165477514267,-0.09500175714492798,0.1643470674753189,0.04516659677028656,-0.1487823724746704,-0.104388527572155,-0.3365015387535095,-1.2091255187988281,-0.20616188645362854,-0.11959735304117203,-0.42636871337890625,0.20497095584869385,-1.3825616836547852
6192.0,123.83900000000004,23.995774264707347,219.2124188653884,386.5460293772129,678723.213605847,24.05185089970632,219.10025810014736,386.5459900000001,678818.7794840003,4.302065495367368,-8.6043781966622,-0.0013090893190339,19200.000000000007,0.0002645405208981,-0.0005362660037151,-3.937721270090934e-05,0.0,4.312764007479603,0.3633039662143463,-8.565681716366587,-0.4861532114656775,-0.0068407433581081,-2.381692930499222,19200.1521621566,-17.094939206871974,0.002,2.281586489446227,-3.068423838974596,-1.0467205797594497,6.0,10.0,180.0,-0.0654229855091974,-4.229510534440649,-0.0864165389711993,-3.24590169888302,-418.1453448501218,-627.3001479550638,167.03294126149652,753.8919480709269,583.3500000000001,-0.0654229855091974,0.2738964259624481,-0.05005268752574921,-0.05329321324825287,-0.12979012727737427,-0.12469851970672607,-0.1339583396911621,-0.0075437165796756744,0.0480247363448143,0.03283374384045601,-0.11037246882915497,-0.09150826930999756,-0.07280713319778442,-0.03524274751543999,0.01247465331107378,-0.02526429295539856,0.07842119038105011,-0.21897900104522705,-0.03389590233564377,-0.05318695306777954,0.1490412950515747,0.2071964293718338,-0.026885688304901123,-0.10356400161981583,0.2585434317588806,0.02783855050802231,0.2377021163702011,0.26283955574035645,0.03041137009859085,-0.08869226276874542,0.17678500711917877,0.021738901734352112,-0.13968905806541443,-0.09343233704566956,-0.32338592410087585,-1.200941801071167,-0.20674088597297668,-0.11297913640737534,-0.41707009077072144,0.19766080379486084,-1.3963711261749268
6193.0,123.85900000000004,24.0816783139228,219.0407757060629,386.5459617197536,679107.2116225183,24.13771589996648,218.92852809952143,386.5459900000001,679202.7794840003,4.300757390039644,-8.607270919795358,0.0009422882432617,19200.000000000007,0.0002251915084635,-0.0006229061716623,2.828024640337989e-05,0.0,4.289041191112851,3.9763642145528193,-8.605492188315015,-6.907895100906432,-0.0117247758456891,0.9196827896197372,19199.89434028765,-4.328881573161158,0.002,2.307991176973536,-3.1002366286788923,-1.0382993601398791,6.0,10.0,180.0,-0.0663802890502362,-4.196285270732031,-0.0830013342597449,-3.26331677287758,-419.0551724250609,-627.4320739775319,167.17697063074826,754.5064740354635,577.1250000000001,-0.0663802890502362,0.2572009265422821,-0.08780589699745178,-0.09285304695367813,-0.1460583209991455,-0.14611589908599854,-0.14984428882598877,-0.025743350386619568,-0.007650330662727356,-0.005091032013297081,-0.12484040856361389,-0.12063390016555786,-0.10292273759841919,-0.060378603637218475,-0.011469458229839802,-0.016554974019527435,0.05671577528119087,-0.39267826080322266,-0.1057872623205185,-0.0816657766699791,0.12232053279876709,0.14012101292610168,-0.07903627306222916,-0.14419031143188477,0.25194859504699707,0.009444698691368103,0.21255181729793549,0.2254076600074768,-0.016539935022592545,-0.11716136336326599,0.11653558164834976,0.08719833195209503,-0.16635161638259888,-0.12321741133928299,-0.38063305616378784,-1.2563939094543457,-0.20534639060497284,-0.13519814610481262,-0.45818912982940674,0.25121814012527466,-1.447831392288208
6194.0,123.87900000000003,24.167681638871063,218.8684231729504,386.54598253340976,679491.2109972662,24.22358090005614,218.75679809925867,386.5459900000001,679586.7794840002,4.296148726140317,-8.586518506394885,0.0002549233026691,19200.000000000007,8.706313230760778e-05,-6.715722480473254e-07,7.466588963085863e-06,0.0,4.304907447382796,1.4684698049803706,-8.610587716732763,-0.4886771650349736,-0.0051357218763853,0.3002668522578675,19199.96468230214,-51.58684304307618,0.002,2.3040328757869832,-3.070966880788618,-1.0463303044776695,6.0,10.0,180.0,-0.0649257111912651,-4.251974173524948,-0.08301428900705,-3.2715076813892443,-419.1580862125304,-627.9860369887659,167.29748531537413,755.0237370177317,581.0250000000002,-0.0649257111912651,0.27323395013809204,-0.053099751472473145,-0.05693504959344864,-0.13267531991004944,-0.1292160153388977,-0.13377386331558228,-0.011572718620300293,0.04356210678815842,0.034272465854883194,-0.10932201147079468,-0.1000046581029892,-0.0783642828464508,-0.04171179607510567,0.005911089479923248,-0.02894655615091324,0.07116804271936417,-0.22260785102844238,-0.034192025661468506,-0.06106490269303322,0.14364448189735413,0.19604673981666565,-0.024213887751102448,-0.10726449638605118,0.2551696300506592,0.030376814305782318,0.22805093228816986,0.2489270567893982,0.032742977142333984,-0.08944608271121979,0.16670368611812592,-0.0011624842882156372,-0.14486396312713623,-0.09837830066680908,-0.3377572000026703,-1.23727285861969,-0.21105502545833588,-0.1189248338341713,-0.4300253391265869,0.20375019311904907,-1.4245045185089111
6195.0,123.89900000000004,24.253416294962896,218.6967674751568,386.54596889483753,679875.209171457,24.309445899995243,218.5850680001059,386.5459900000001,679970.7794840003,4.300497517710587,-8.588999474392379,0.0007060367996297,19200.000000000007,0.0002173025031931,-7.497382200084647e-05,2.110516195088541e-05,0.0,4.293978434730053,1.0300391006941605,-8.588865677679504,-5.430332477817946,-0.0026781782754978,2.387028233666495,19200.0689965304,-12.916437494234126,0.002,2.2846026262330903,-3.010589948500705,-1.037091510549376,6.0,10.0,180.0,-0.1196439424392394,-4.220668724637081,-0.0805692332092398,-3.285876647735992,-419.1365431062652,-627.784518494383,167.25574265768705,754.8438685088659,580.8000000000002,-0.1196439424392394,0.268884539604187,-0.06712266802787781,-0.07396763563156128,-0.13266414403915405,-0.13280588388442993,-0.13343605399131775,-0.014038346707820892,0.032051898539066315,0.023497162386775017,-0.10705779492855072,-0.10255115479230881,-0.08272208273410797,-0.04237740486860275,0.0073957014828920364,0.005100898444652557,0.07790450006723404,-0.29043900966644287,-0.07422905415296555,-0.0642564594745636,0.1349620819091797,0.16658836603164673,-0.03556370362639427,-0.1198592260479927,0.25914430618286133,0.029434431344270706,0.24700841307640076,0.23351527750492096,0.0067399777472019196,-0.10673291981220245,0.13833416998386383,0.09795655310153961,-0.14849209785461426,-0.10111645609140396,-0.3621366322040558,-1.2322649955749512,-0.20006704330444336,-0.1204216256737709,-0.43614912033081055,0.2568809986114502,-1.463287591934204
6196.0,123.91900000000004,24.339266655638607,218.5246396264312,386.54596005613854,680259.2124156656,24.39531089997956,218.4133379007841,386.5459900000001,680354.7794840003,4.30098607541838,-8.575740977149119,0.0009995342838561,19200.000000000007,0.0002321410823817,0.0003227725920884,2.994388144738428e-05,0.0,4.3029918254937645,0.1255148956163219,-8.598641479144371,5.500440385356745,0.0046300953037506,1.156307518723979,19200.06854640124,-47.13664512540128,0.002,2.2316689172737734,-3.0237909284478164,-1.025242364029612,6.0,10.0,180.0,-0.1352737694059698,-4.293432479793287,-0.0771304765490163,-3.2699868205480933,-419.0447715531326,-628.0147592471915,167.28837132884354,754.9844342544329,574.2000000000002,-0.1352737694059698,0.2815254330635071,-0.028395071625709534,-0.030856281518936157,-0.12219351530075073,-0.11781400442123413,-0.11662626266479492,-0.004005245864391327,0.08195224404335022,0.05991094559431076,-0.0963534265756607,-0.09039817750453949,-0.06393426656723022,-0.03146539628505707,0.013105143792927265,-0.05813361331820488,0.07328402251005173,-0.18946897983551025,0.036088161170482635,-0.05067139118909836,0.15832117199897766,0.2306266725063324,0.015631206333637238,-0.07961943000555038,0.24267107248306274,0.03075408935546875,0.22374792397022247,0.26315176486968994,0.07576189935207367,-0.06107111647725105,0.1908929944038391,-0.1737544983625412,-0.13326242566108704,-0.0822271853685379,-0.31431257724761963,-1.2587838172912598,-0.21995937824249268,-0.11202644556760788,-0.4176599979400635,0.17702433466911316,-1.4496009349822998
6197.0,123.93900000000004,24.42522062804653,218.3534679625835,386.5459921909735,680643.21403944,24.48117590009973,218.24160790032315,386.5459900000001,680738.7794840003,4.298020214010601,-8.594352991512695,-7.255988833148038e-05,19200.000000000007,0.0001430731003434,-0.0002355637548788,-2.190944674818881e-06,0.0,4.305148694958278,-3.2994593687246065,-8.574452621194009,-4.5822613159350105,0.0009753869946059,0.6128314685971842,19200.015015880235,-4.199134523480079,0.002,2.206486157144268,-3.05916147528297,-1.0354696427602883,6.0,10.0,180.0,-0.0795904587884994,-4.199264899482946,-0.0805502285203331,-3.251545677970519,-418.5198857765663,-628.0048796235958,167.21818566442175,754.6847171272165,580.3500000000001,-0.0795904587884994,0.28081807494163513,-0.043144434690475464,-0.05266202241182327,-0.11231591552495956,-0.1116829514503479,-0.10943910479545593,0.008563235402107239,0.07877633720636368,0.04589710012078285,-0.08483321964740753,-0.0765216276049614,-0.058657243847846985,-0.01799681968986988,0.0311456099152565,0.020298659801483154,0.10400721430778503,-0.2586766481399536,-0.03993267938494682,-0.03934134542942047,0.1524105817079544,0.20575091242790222,0.00017099827527999878,-0.08471033722162247,0.2741755247116089,0.04267796874046326,0.2970528304576874,0.25982558727264404,0.02420135773718357,-0.09070917963981628,0.16365350782871246,0.13866658508777618,-0.12732799351215363,-0.07596750557422638,-0.3318347632884979,-1.1835553646087646,-0.18921910226345062,-0.10053329914808273,-0.403794527053833,0.27134039998054504,-1.4783685207366943
6198.0,123.95900000000005,24.51107207695136,218.1814425138441,386.54600490707605,681027.2162451512,24.567040900059297,218.0698778998395,386.5459900000001,681122.7794840003,4.298463373822146,-8.584505640164846,-0.0004961854021669,19200.000000000007,0.0001564266989305,5.978666811187204e-05,-1.4907243750632317e-05,0.0,4.286616420364964,-2.37553524494193,-8.606448456574403,2.625564590084032,-0.0014752089229493,-0.6125940308800548,19200.031650208697,-38.690075732717744,0.002,2.201156610339008,-3.0785396585462865,-1.037775886409846,6.0,10.0,180.0,-0.0595720415454285,-4.243172056835602,-0.0840019582225235,-3.2315373616623178,-419.3259428882832,-627.7214398117978,167.26809283221087,754.8968585636082,583.0500000000002,-0.0595720415454285,0.2924100160598755,-0.021340221166610718,-0.025416381657123566,-0.1129988357424736,-0.10809779167175293,-0.11037403345108032,0.011249899864196777,0.0992727279663086,0.06963108479976654,-0.08648096024990082,-0.0729660913348198,-0.050639018416404724,-0.015903182327747345,0.031111806631088257,-0.016849227249622345,0.09644713997840881,-0.14481961727142334,0.018293660134077072,-0.03467518836259842,0.16541120409965515,0.24342960119247437,0.028889454901218414,-0.06808847934007645,0.26651573181152344,0.04444856941699982,0.2712056338787079,0.2788980007171631,0.0706929937005043,-0.06465213000774384,0.20296451449394226,-0.022380754351615906,-0.12080405652523041,-0.06959886103868484,-0.301038533449173,-1.1896836757659912,-0.20543374121189117,-0.09797102957963943,-0.39548802375793457,0.19594797492027283,-1.4250670671463013
6199.0,123.97900000000004,24.596947365890905,218.0098096670275,386.5459795034993,681411.2127299572,24.652905899500247,217.89814790040225,386.5459900000001,681506.7794840003,4.29812731320146,-8.587736036011952,0.0003502531040188,19200.000000000007,0.0001463343070655,-3.726677868073063e-05,1.0496327268429874e-05,0.0,4.301999838334709,-2.9318989682406498,-8.579367200123224,1.5872095282999346,0.0010000873279593,0.9690196709621384,19199.398815211345,-43.04757039053759,0.002,2.2899232725091245,-3.106311339588877,-1.0475705040262373,6.0,10.0,180.0,-0.061539361281453,-4.230426852528575,-0.0830355042663164,-3.268389713863337,-418.8339714441416,-627.8127199058989,167.22154641610544,754.6994292818041,583.3500000000001,-0.061539361281453,0.29079684615135193,-0.023680731654167175,-0.02930901199579239,-0.11215335875749588,-0.10854971408843994,-0.10900150239467621,0.008086614310741425,0.10033751279115677,0.07024988532066345,-0.0843648612499237,-0.07262958586215973,-0.04960668087005615,-0.014824128709733486,0.033173054456710815,-0.00386849045753479,0.10076380521059036,-0.14925193786621094,0.012249242514371872,-0.03465019166469574,0.1633775383234024,0.23598378896713257,0.03295303136110306,-0.06824422627687454,0.26693886518478394,0.044648729264736176,0.2778457701206207,0.27026116847991943,0.06424656510353088,-0.07085435092449188,0.19477184116840363,0.008246645331382751,-0.11986523121595383,-0.06722259521484375,-0.30814430117607117,-1.190085768699646,-0.2023276686668396,-0.09743078798055649,-0.3961758017539978,0.21279463171958923,-1.444868803024292
6200.0,123.99900000000008,24.68285274049185,217.8379841590828,386.5459551341671,681795.2085525554,24.738770899242468,217.72641790077583,386.5459900000001,681890.7794840003,4.296785726903694,-8.584555423259328,0.0011631718178806,19200.000000000007,0.0001059562134576,5.814088731105991e-05,3.486662157976791e-05,0.0,4.294451423913234,1.0376523368814368,-8.616417723348354,1.0442455898247809,-0.0005030579558927,2.2064230526985766,19199.93218401047,64.41452393685796,0.002,2.271750977243789,-3.089803559403537,-1.02996025224375,6.0,10.0,180.0,-0.0952249747570867,-4.267560180743351,-0.0820274660684839,-3.30069152470094,-419.4384857220708,-627.9258599529494,167.3222732080527,755.1292146409021,573.8250000000002,-0.0952249747570867,0.2774064838886261,-0.046283572912216187,-0.05045267194509506,-0.12739938497543335,-0.125596284866333,-0.12324002385139465,-0.008947737514972687,0.058316901326179504,0.04226517677307129,-0.10075382888317108,-0.09946390241384506,-0.07507999986410141,-0.0391702875494957,0.00689125619828701,-0.04036727175116539,0.07030197978019714,-0.253451943397522,-0.008309023454785347,-0.05995115265250206,0.14627519249916077,0.20203809440135956,-0.007190711796283722,-0.09603478759527206,0.25128042697906494,0.03165213391184807,0.22817380726337433,0.2459462434053421,0.04564138501882553,-0.0805463194847107,0.1655525118112564,-0.056211069226264954,-0.14274509251117706,-0.09340334683656693,-0.33960431814193726,-1.2656586170196533,-0.21350671350955963,-0.11856529861688614,-0.43144840002059937,0.21263349056243896,-1.4687960147857666
6201.0,124.01900000000003,24.768983463589155,217.6662001324545,386.5459863781276,682179.2106350933,24.82463600000001,217.55468780000007,386.5459900000001,682274.7794840003,4.2878908042741015,-8.58275547081872,0.0001197815897363,19200.000000000007,-0.0001598650892665,0.0001123671909972,3.623354338211295e-06,0.0,4.284672213025308,-5.306643628544257,-8.56983417545978,4.207543859851655,0.0053750331815903,2.006157212110692,19200.13628935897,12.989236115677466,0.002,2.213287916935024,-3.0453184162980818,-1.0482781723040302,6.0,10.0,180.0,-0.0439462432955126,-4.260703315132968,-0.0810369449228435,-3.2956293468627456,-419.2047428610354,-627.3429299764747,167.17863660402634,754.5141073204511,573.5250000000001,-0.0439462432955126,0.30424875020980835,-0.0040281713008880615,-0.01029280573129654,-0.09615151584148407,-0.09423881769180298,-0.08526983857154846,0.022053077816963196,0.1398053616285324,0.08948682248592377,-0.06446439027786255,-0.05934087187051773,-0.03428271412849426,-3.3029355108737946e-06,0.04549242928624153,-0.013670802116394043,0.11100947856903076,-0.18595337867736816,0.0626751035451889,-0.0211479552090168,0.17575040459632874,0.26092058420181274,0.06940039247274399,-0.03697172552347183,0.2683807611465454,0.04735647886991501,0.29624292254447937,0.2859482169151306,0.08580397069454193,-0.04303952679038048,0.20669208467006683,-0.06613247096538544,-0.10754226893186569,-0.04946150258183479,-0.2944875955581665,-1.1999938488006592,-0.20073392987251282,-0.08776629716157913,-0.38183778524398804,0.22723662853240967,-1.5015842914581299
6202.0,124.03900000000004,24.85442112540941,217.49459305307727,386.5459834233953,682563.2102853734,24.910501100757543,217.38295769922428,386.5459900000001,682658.7794840003,4.302166678447552,-8.586856636086802,0.0002193065242567,19200.000000000007,0.0002677763643402,-1.0757632152494856e-05,6.676899316826377e-06,0.0,4.279527846516338,3.4749231363048123,-8.609639794388421,-2.8075926917028533,0.0063558038207591,0.9249642291909084,19200.066082208494,72.98543607710653,0.002,2.176047122176114,-3.0490310446948423,-1.0304040405186716,6.0,10.0,180.0,-0.0434648611374358,-4.233887431764634,-0.0830073384122489,-3.279721206056948,-419.9198714305177,-627.2139649882374,167.24731830201318,754.8050536602256,571.0500000000002,-0.0434648611374358,0.2653619050979614,-0.0720105916261673,-0.0755690336227417,-0.13878777623176575,-0.13858848810195923,-0.1384792923927307,-0.019202549010515213,0.015541352331638336,0.009719101712107658,-0.11628355085849762,-0.11511249095201492,-0.09468978643417358,-0.05434076115489006,-0.00829689484089613,-0.04358804225921631,0.05566597729921341,-0.38427305221557617,-0.057712096720933914,-0.07541649043560028,0.13152997195720673,0.1658976674079895,-0.054384320974349976,-0.1240532174706459,0.2513456344604492,0.017517223954200745,0.20775693655014038,0.23212386667728424,0.011471547186374664,-0.0985250174999237,0.13735641539096832,0.005360856652259827,-0.1598697006702423,-0.11405149102210999,-0.3645889461040497,-1.2821297645568848,-0.21175482869148254,-0.13129594922065735,-0.45107370615005493,0.2318250834941864,-1.4636871814727783
6203.0,124.05900000000004,24.94022069850045,217.32263087901865,386.5460293022074,682947.210426967,24.99636610049977,217.211227699598,386.5459900000001,683042.7794840002,4.304355268825347,-8.579124572869505,-0.0013068505219775,19200.000000000007,0.0003332029661853,0.0002212152244772,-3.930353006746923e-05,0.0,4.271981691484028,-0.0621503894492256,-8.563704153860382,2.380580308171328,0.0034328382647582,-1.5876965164909362,19199.963439675324,-34.38319518506982,0.002,2.2410917929931817,-3.078461118921972,-1.050890777562209,6.0,10.0,180.0,-0.0722661512307824,-4.22660094196762,-0.0830100577538881,-3.306322303464605,-419.6914357152589,-626.5804824941188,167.0946591510066,754.1515268301127,561.7500000000001,-0.0722661512307824,0.2816310524940491,-0.04070650041103363,-0.04342632740736008,-0.1174735501408577,-0.1159600019454956,-0.11108037829399109,0.002182427793741226,0.06929329037666321,0.034112781286239624,-0.09541887044906616,-0.09069318324327469,-0.07032035291194916,-0.031134597957134247,0.011016071774065495,-0.06903809309005737,0.07073169946670532,-0.38786542415618896,0.01861543208360672,-0.05124965310096741,0.15462826192378998,0.2204875349998474,-0.013671614229679108,-0.08347253501415253,0.25662410259246826,0.020126014947891235,0.23018856346607208,0.2677003741264343,0.049595072865486145,-0.06725531816482544,0.17301982641220093,-0.11058630049228668,-0.1390560418367386,-0.08826003223657608,-0.3238445222377777,-1.2719967365264893,-0.21073098480701447,-0.11372154206037521,-0.41956424713134766,0.22072669863700867,-1.4841840267181396
6204.0,124.07900000000004,25.02610347319092,217.1511618682563,386.54602519209766,683331.2122009046,25.08223109994072,217.0394977001607,386.5459900000001,683426.7794840003,4.303762751606461,-8.587822222079609,-0.0011721131851544,19200.000000000007,0.00031532639451,-3.966662964047329e-05,-3.519323119244393e-05,0.0,4.305168113391093,-0.9119577255638572,-8.600094452644393,-0.1860656557544054,0.0063269069180417,-2.868406768954252,19200.136202550595,34.27700464737784,0.002,2.260794324370468,-3.1203891420860947,-1.033075151581495,6.0,10.0,180.0,-0.1064321063188758,-4.253839088224603,-0.0864193644247476,-3.272992078956072,-419.2872178576295,-627.4847412470594,167.2173295755033,754.6787634150564,566.0250000000001,-0.1064321063188758,0.28280848264694214,-0.043770283460617065,-0.04926326125860214,-0.11611314117908478,-0.11400490999221802,-0.11125791072845459,0.006749667227268219,0.06569694727659225,0.029350366443395615,-0.09403708577156067,-0.08762196451425552,-0.07004168629646301,-0.029577793553471565,0.013773673214018345,-0.05202694609761238,0.0774945318698883,-0.3773462772369385,-0.005053019151091576,-0.04883221909403801,0.1531980335712433,0.2170492261648178,-0.023464985191822052,-0.08699006587266922,0.2667003273963928,0.022082120180130005,0.2475862354040146,0.27082937955856323,0.03429226577281952,-0.07666409015655518,0.17064563930034637,-0.01552174985408783,-0.13831204175949097,-0.0891270786523819,-0.32337135076522827,-1.2420711517333984,-0.20411613583564758,-0.1110929474234581,-0.4161040186882019,0.23241114616394043,-1.4740636348724365
6205.0,124.09900000000005,25.11190248581604,216.9795408518152,386.54600970725534,683715.2107227962,25.16809609990029,216.86776769967764,386.5459900000001,683810.7794840002,4.30596135139409,-8.59143416073824,-0.0006557956685117,19200.000000000007,0.0003813142948742,-0.0001487453648503,-1.970727445970549e-05,0.0,4.287083443025166,2.869003809249035,-8.5261053174089,3.906652235823773,0.0014618460869996,-2.8121952704404465,19200.1202545569,21.421794561653662,0.002,2.282227428896867,-3.093449878901843,-1.0406119894231505,6.0,10.0,180.0,-0.1118084616807498,-4.250899023103976,-0.0849515076989006,-3.300713197175452,-418.3011089288148,-626.8538706235297,166.96666478775165,753.6063817075283,566.9250000000002,-0.1118084616807498,0.26672792434692383,-0.053618162870407104,-0.053223222494125366,-0.13396534323692322,-0.13034749031066895,-0.13549432158470154,-0.01680959016084671,0.03518638759851456,0.01912115141749382,-0.1190725713968277,-0.10601205378770828,-0.08500254154205322,-0.047952987253665924,-0.005339343100786209,-0.08968745172023773,0.05142907425761223,-0.34607434272766113,0.0037671271711587906,-0.06602369993925095,0.14666828513145447,0.2041531801223755,-0.04348377510905266,-0.11039852350950241,0.23688983917236328,0.007163088768720627,0.18490196764469147,0.2607121765613556,0.04342751204967499,-0.07581362128257751,0.1709730178117752,-0.17047874629497528,-0.15159931778907776,-0.10484946519136429,-0.32766732573509216,-1.2842590808868408,-0.22274601459503174,-0.12601441144943237,-0.43422192335128784,0.17677584290504456,-1.4249982833862305
6206.0,124.11900000000004,25.198085369243568,216.8080556723522,386.5459875144969,684099.211499342,25.25396110002045,216.6960376992168,386.5459900000001,684194.7794840003,4.295364373191451,-8.599600364023766,8.274400474060414e-05,19200.000000000007,6.34316031462757e-05,-0.0003935706011933,2.485742237950852e-06,0.0,4.298118321142421,-1.5321834743724323,-8.609899417096806,-2.382097108929785,-0.0019630472369122,-1.1571171830715734,19199.98255153297,73.03914983477834,0.002,2.2454257625828067,-3.070744504087682,-1.0398068493508856,6.0,10.0,180.0,-0.0581281120265321,-4.234450656990137,-0.0854326372491547,-3.2879188118562324,-418.9575544644074,-627.4994353117648,167.17683239387583,754.5071908537641,565.4250000000001,-0.0581281120265321,0.28521987795829773,-0.046929895877838135,-0.054291658103466034,-0.1141996681690216,-0.1139070987701416,-0.10748901963233948,0.007968023419380188,0.06755074858665466,0.029225988313555717,-0.08923362195491791,-0.08752060681581497,-0.06986428797245026,-0.0280621275305748,0.016423948109149933,-0.034053150564432144,0.08265730738639832,-0.4063265323638916,-0.019168324768543243,-0.04894300550222397,0.15010809898376465,0.20610882341861725,-0.020278476178646088,-0.0868096873164177,0.269359290599823,0.027011841535568237,0.2628389894962311,0.2614698112010956,0.02594420127570629,-0.08253781497478485,0.15857462584972382,0.04235894978046417,-0.1381964087486267,-0.08806639909744263,-0.3348419964313507,-1.2373194694519043,-0.19845673441886902,-0.11046571284532547,-0.418379008769989,0.2602332830429077,-1.5027377605438232
6207.0,124.13900000000004,25.28376795743554,216.63605174727823,386.54601887794354,684483.2137437807,25.33982610000477,216.52430759988573,386.5459900000001,684578.7794840002,4.301447548310712,-8.590482862687542,-0.000961058332408,19200.000000000007,0.0002459416277763,-0.0001193489617619,-2.8877944712518305e-05,0.0,4.29271819205218,3.661867456400384,-8.562229060938046,-1.7053120978741767,-0.0073182372659504,-2.326191333348169,19200.28969287505,-64.30141167174602,0.002,2.1143307713074906,-3.024847105900053,-1.0384783670734938,6.0,10.0,180.0,-0.0742674077578472,-4.204668920951526,-0.0859265868355562,-3.270490254869337,-418.6082772322037,-627.2977176558825,167.0924161969379,754.145595426882,563.6250000000001,-0.0742674077578472,0.26013022661209106,-0.07527349889278412,-0.07809791713953018,-0.13939830660820007,-0.13764262199401855,-0.13944125175476074,-0.02002634108066559,0.007003374397754669,-0.006159830838441849,-0.12261147797107697,-0.11664467304944992,-0.09918306767940521,-0.057335738092660904,-0.013809362426400185,-0.07460537552833557,0.04688933119177818,-0.492156982421875,-0.04884170740842819,-0.07698731124401093,0.1326097846031189,0.17004495859146118,-0.07675963640213013,-0.12761124968528748,0.24797290563583374,0.002603292465209961,0.1897319108247757,0.24229048192501068,0.004788275808095932,-0.09689527750015259,0.13717563450336456,-0.03484730422496796,-0.1637500822544098,-0.11915401369333267,-0.35718485713005066,-1.294081449508667,-0.21433596312999725,-0.13398194313049316,-0.45098066329956055,0.22483626008033752,-1.4572573900222778
6208.0,124.15900000000003,25.3694364533658,216.46406555497848,386.54597161885147,684867.2095590781,25.42569109994357,216.35257750071256,386.5459900000001,684962.7794840003,4.307996343942661,-8.58194884086566,0.0006099672661441,19200.000000000007,0.0004422451396433,0.0001364471453483,1.8381116945492053e-05,0.0,4.253440525203704,0.4885593963591681,-8.615010290409334,-1.832493694758116,-0.0060875227941128,1.6505760438569497,19199.61987117388,55.7529811230463,0.002,2.1496646264292525,-3.0741528335499826,-1.0265089627217885,6.0,10.0,180.0,-0.1342922899670573,-4.270499963456382,-0.0844902830357191,-3.308944166508229,-420.4376386161018,-626.4968588279412,167.17670809846896,754.499797713441,568.4250000000001,-0.1342922899670573,0.28297048807144165,-0.051668375730514526,-0.05600544810295105,-0.12214284390211105,-0.12314122915267944,-0.11648763716220856,-0.00150366872549057,0.05768245458602905,0.033330030739307404,-0.09531563520431519,-0.09657688438892365,-0.0754251778125763,-0.03499806672334671,0.0105946259573102,-0.03014259785413742,0.07513687759637833,-0.36059296131134033,-0.0242201816290617,-0.05731900408864021,0.14464136958122253,0.19371280074119568,-0.014349110424518585,-0.0946386307477951,0.2623286843299866,0.03401223197579384,0.24673278629779816,0.2469908595085144,0.03359980881214142,-0.08206421136856079,0.15441612899303436,0.011412397027015686,-0.1431925892829895,-0.09329627454280853,-0.348176509141922,-1.259538173675537,-0.20399045944213867,-0.11652909964323044,-0.4300301671028137,0.2496778666973114,-1.495982050895691
6209.0,124.17900000000004,25.455209630735443,216.2921817434552,386.5460027843437,685251.2126390117,25.51155610002348,216.18084750056792,386.5459900000001,685346.7794840003,4.311052519024633,-8.576819539846564,-0.0004262921012064,19200.000000000007,0.0005339695666413,0.0002905609777026,-1.2784346077703463e-05,0.0,4.356449264355826,6.90746858394491,-8.575659494081098,-0.5504384957465746,-0.002200720519274,1.044613239907953,19200.46252310233,-90.20392256865505,0.002,2.199110365189242,-3.094141573937508,-1.0360298939287522,6.0,10.0,180.0,-0.1288546373465089,-4.302242744793501,-0.084986013286516,-3.2930780435806475,-417.8113193080509,-628.7004294139706,167.26285404923448,754.8798988567205,566.7750000000002,-0.1288546373465089,0.2438155710697174,-0.09032771736383438,-0.09308238327503204,-0.15723243355751038,-0.155572772026062,-0.16006849706172943,-0.04611864686012268,-0.026116706430912018,-0.015827544033527374,-0.14078140258789062,-0.139996737241745,-0.11721684783697128,-0.079920694231987,-0.03517211228609085,-0.08983191102743149,0.024626852944493294,-0.4386417865753174,-0.062325604259967804,-0.09928624331951141,0.11793014407157898,0.14012372493743896,-0.09666642546653748,-0.15806004405021667,0.22295212745666504,-0.012952148914337158,0.13890667259693146,0.21152888238430023,-0.0030929483473300934,-0.11286824941635132,0.11910150200128555,-0.09772606194019318,-0.1796969175338745,-0.13735488057136536,-0.3797312378883362,-1.3435724973678589,-0.22928684949874878,-0.15160158276557922,-0.4801344871520996,0.19604146480560303,-1.4503087997436523
6210.0,124.19900000000004,25.541739232661584,216.1208906614281,386.5460050598747,685635.2175461907,25.59742110024832,216.00911750002888,386.5459900000001,685730.7794840003,4.288898018406579,-8.591449169539915,-0.0004946403368414,19200.000000000007,-0.0001306316383786,-0.0001482614126677,-1.5059872596987676e-05,0.0,4.284665848136276,-2.0817694213564377,-8.58740371138295,-7.142615315698407,-0.0056040594554632,1.0935933190660898,19200.1201206547,-30.06147826413968,0.002,2.212500317731955,-3.0651289841658365,-1.0366322134349268,6.0,10.0,180.0,-0.0438838052890832,-4.217746184543467,-0.0893492310583806,-3.238226164514092,-418.6961596540255,-627.8657147069853,167.21492702461725,754.6719494283602,565.0500000000001,-0.0438838052890832,0.27832043170928955,-0.05989614129066467,-0.07075716555118561,-0.11394443362951279,-0.11692452430725098,-0.10616114735603333,0.005966514348983765,0.05777784436941147,0.01979028433561325,-0.08622962236404419,-0.08999063074588776,-0.07387609779834747,-0.028536995872855186,0.01804346591234207,-0.001116327941417694,0.0892253965139389,-0.48081815242767334,-0.05695922672748566,-0.05204131826758385,0.14172756671905518,0.1775367259979248,-0.031481608748435974,-0.09547560662031174,0.2731096148490906,0.030922457575798035,0.2816390097141266,0.2486194223165512,0.001158207654953003,-0.09374122321605682,0.1304006576538086,0.12645353376865387,-0.1413813829421997,-0.09024829417467117,-0.35877808928489685,-1.2360551357269287,-0.1880873292684555,-0.11172143369913101,-0.42426759004592896,0.31428980827331543,-1.544267177581787
6211.0,124.21900000000004,25.62755278614005,215.9488175329697,386.5459785611128,686019.2177084794,25.68328609979509,215.83738749992665,386.5459900000001,686114.7794840003,4.290618421179227,-8.580014259443479,0.0003843163013678,19200.000000000007,-7.87848135454679e-05,0.0001946622140848,1.1438887812807567e-05,0.0,4.316651508628745,-1.8374629152016704,-8.604295425684827,3.4806793702716483,0.001928802163514,0.6684635393465724,19199.96530220285,-34.30419192075543,0.002,2.183243188580503,-3.046911694797239,-1.0231557892998082,6.0,10.0,180.0,-0.0712750752560067,-4.249015422234166,-0.0898176471512994,-3.24690621820873,-418.5440798270128,-628.4863573534926,167.31496351230862,755.1014747141801,569.5500000000002,-0.0712750752560067,0.2884802520275116,-0.02632652223110199,-0.03214959800243378,-0.11288613080978394,-0.10984325408935547,-0.10456763207912445,0.005897004157304764,0.09364347904920578,0.057979766279459,-0.0855250209569931,-0.08283791691064835,-0.05883018672466278,-0.023888304829597473,0.020330622792243958,-0.04856184870004654,0.08315049856901169,-0.24750757217407227,0.03353487700223923,-0.043739549815654755,0.16063320636749268,0.2337251603603363,0.018009260296821594,-0.07037516683340073,0.2560582756996155,0.03106652945280075,0.24861805140972137,0.2669738233089447,0.06477692723274231,-0.06517912447452545,0.1848563253879547,-0.09952010214328766,-0.12881149351596832,-0.07631488144397736,-0.31409749388694763,-1.2478004693984985,-0.21097499132156372,-0.10649123042821884,-0.4104037880897522,0.2116030752658844,-1.4864501953125
6212.0,124.23900000000006,25.71320999205185,215.7772199688464,386.5459744617111,686403.217268699,25.76915109857064,215.66565749963925,386.5459900000001,686498.7794840003,4.297517373995164,-8.58443039800804,0.0005183448811727,19200.000000000007,0.0001288092437606,6.212707812925801e-05,1.553828905097397e-05,0.0,4.276598436888485,-0.1814120693090878,-8.582964335959598,-3.6578944966619873,-0.0002214222100779,0.9816508790844786,19199.91256026582,8.656210410900602,0.002,2.128455753763236,-3.063713276485497,-1.0192805653324295,6.0,10.0,180.0,-0.1279444867263219,-4.223208096144705,-0.0873958699896922,-3.2515160136786334,-419.2095399135064,-627.4971786767463,167.20998175615432,754.64773735709,563.1000000000001,-0.1279444867263219,0.27950793504714966,-0.05868154764175415,-0.0660620927810669,-0.12039624154567719,-0.12212646007537842,-0.11334167420864105,-0.001712549477815628,0.050754837691783905,0.020105130970478058,-0.09465551376342773,-0.09773943573236465,-0.0790070965886116,-0.036224398761987686,0.00871969573199749,-0.03214694559574127,0.07483730465173721,-0.46368086338043213,-0.035273462533950806,-0.05885394290089607,0.14171144366264343,0.18348345160484314,-0.031538039445877075,-0.09837762266397476,0.2635781466960907,0.02493155747652054,0.24888569116592407,0.24417386949062347,0.015920724719762802,-0.09052945673465729,0.1392504721879959,0.0416368693113327,-0.14629796147346497,-0.09586676955223083,-0.35508760809898376,-1.2690684795379639,-0.19998419284820557,-0.11815530806779861,-0.4320846199989319,0.27725353837013245,-1.5250530242919922
6213.0,124.25900000000004,25.798954215262768,215.6052782458738,386.5459987713192,686787.220148789,25.85501623470304,215.49392742618147,386.5459900000001,686882.7794840002,4.301588359531037,-8.577414296391911,-0.0002967200536638,19200.000000000007,0.0002497838773496,0.0002739545917735,-8.771319109076794e-06,0.0,4.285650201793283,-4.512821972607478,-8.602566255841678,3.600283474301739,0.0004704813429856,-0.4246376259109401,19200.117895807907,-64.3902868300655,0.002,2.084292964995663,-3.0889084269867726,-1.0147517390037166,6.0,10.0,180.0,-0.1313654253470099,-4.311062387050748,-0.0913283063527922,-3.226407242534043,-419.6302699567532,-627.4095893383732,167.24749087807714,754.807368678545,561.6750000000002,-0.1313654253470099,0.3031441569328308,-0.01167994737625122,-0.018197178840637207,-0.0954759493470192,-0.0943291187286377,-0.08183009922504425,0.02556261047720909,0.12669044733047485,0.06865589320659637,-0.06622296571731567,-0.06584715843200684,-0.043974749743938446,-0.006469817832112312,0.035832107067108154,-0.045874033123254776,0.09845966845750809,-0.3155069351196289,0.061159104108810425,-0.027173073962330818,0.17204266786575317,0.2558097243309021,0.041167519986629486,-0.043688155710697174,0.2707436978816986,0.03679892420768738,0.2819877564907074,0.28925231099128723,0.07647524774074554,-0.050097811967134476,0.19509805738925934,-0.0912812203168869,-0.11631350964307785,-0.06019983068108559,-0.2996642589569092,-1.2335715293884277,-0.20171457529067993,-0.0940641239285469,-0.3913152813911438,0.2393701672554016,-1.5257132053375244
6214.0,124.27900000000004,25.884664301060297,215.43385247798005,386.5460127404893,687171.2195209882,25.940882170635227,215.32219567973635,386.5459900000001,687266.7794840003,4.306820508173197,-8.58766247568941,-0.0007571974153402,19200.000000000007,0.0004047941395411,-3.0772227088780204e-05,-2.274048908475039e-05,0.0,4.298161145406896,-1.152352089466114,-8.567490226590937,-2.203939119313949,-0.0007368467213591,0.5438319850923609,19199.758547164027,12.78307147414156,0.002,2.1420865360108325,-3.11728001364188,-1.0297033905759798,6.0,10.0,180.0,-0.1235634156278463,-4.235791528270908,-0.0923010498545767,-3.234081010097241,-418.8861349783766,-627.4527946691866,167.15874543903857,754.4296843392725,559.9500000000002,-0.1235634156278463,0.2833719551563263,-0.05143868923187256,-0.05913640558719635,-0.11509731411933899,-0.11663752794265747,-0.10632269084453583,0.0015809796750545502,0.06353846937417984,0.02482597529888153,-0.08970865607261658,-0.0924592837691307,-0.07339136302471161,-0.031371355056762695,0.012482473626732826,-0.04131607338786125,0.07787182927131653,-0.4727940559387207,-0.014375170692801476,-0.05362937971949577,0.14683620631694794,0.19615837931632996,-0.022479496896266937,-0.08901410549879074,0.26415419578552246,0.021492887288331985,0.25148388743400574,0.2505066394805908,0.023740369826555252,-0.08461083471775055,0.14673680067062378,0.010054007172584534,-0.14153407514095306,-0.08970415592193604,-0.3455125093460083,-1.2705527544021606,-0.20022140443325043,-0.11447686702013016,-0.4255831837654114,0.2742087244987488,-1.5353537797927856
6215.0,124.29900000000002,25.970697464377743,215.2621022417165,386.545992320772,687555.2206474487,26.026749514257908,215.15046341791995,386.5459900000001,687650.7794840003,4.301319572623535,-8.586988434191236,-8.015445512697654e-05,19200.000000000007,0.0002381965867999,-1.3011916888973416e-05,-2.3207718608831698e-06,0.0,4.29941893935903,-0.3047616300325677,-8.606031647512506,2.3175136288382268,-0.0002553651949996,1.6433217671911655,19199.96577788304,34.319948143773864,0.002,2.152227143836061,-3.143450871641874,-1.0224529712893802,6.0,10.0,180.0,-0.1191488379719743,-4.248533514463788,-0.0961824059089222,-3.219221240412512,-419.1470674891883,-627.8058973345933,167.26087271951928,754.8678421696363,564.7500000000001,-0.1191488379719743,0.2830309271812439,-0.03804941475391388,-0.043054014444351196,-0.11824040114879608,-0.117215096950531,-0.10942964255809784,-0.0010045729577541351,0.075750432908535,0.04481658339500427,-0.09112124145030975,-0.09336870908737183,-0.06924709677696228,-0.032657817006111145,0.011025948449969292,-0.05659563094377518,0.07277515530586243,-0.3207165002822876,0.019081279635429382,-0.053734369575977325,0.15237994492053986,0.2152990996837616,0.001965850591659546,-0.0819823294878006,0.2526804804801941,0.026949919760227203,0.23441453278064728,0.2543562352657318,0.053419265896081924,-0.07101257145404816,0.168185755610466,-0.10020224750041962,-0.13817687332630157,-0.08645430207252502,-0.3318635821342468,-1.2776885032653809,-0.21244403719902039,-0.11466590315103531,-0.42508846521377563,0.22402849793434143,-1.5055630207061768
6216.0,124.31900000000005,26.05686875566129,215.09063312572607,386.5459983156281,687939.2197100255,26.11261726018861,214.97873350438184,386.5459900000001,688034.7794840003,4.291200531578637,-8.595673879449322,-0.0002753840398805,19200.000000000007,-6.578331952793551e-05,-0.000275509188326,-8.315627988522731e-06,0.0,4.286239417121652,-5.549915316962077,-8.573457221089194,3.432173918768369,0.0058579860198583,1.286987144659879,19199.96507493286,30.126616433633025,0.002,2.1847473188794253,-3.1357852185580057,-1.038120263672369,6.0,10.0,180.0,-0.1455185028429092,-4.2157817451188135,-0.0956952872287606,-3.237184950923157,-419.07853374459415,-627.3569486672966,167.16493635975962,754.4564210848182,563.1000000000001,-0.1455185028429092,0.3063717782497406,-0.007783368229866028,-0.015358351171016693,-0.09221412986516953,-0.09190821647644043,-0.0775795429944992,0.02570221573114395,0.13780903816223145,0.07758955657482147,-0.06083934009075165,-0.06136111170053482,-0.038073815405368805,-0.001194481272250414,0.0421348512172699,-0.030380025506019592,0.10654448717832565,-0.2958061695098877,0.06567604839801788,-0.022935114800930023,0.1739630103111267,0.2567674517631531,0.05756241828203201,-0.03638804703950882,0.2712912857532501,0.041620224714279175,0.2951371669769287,0.2856026887893677,0.07819655537605286,-0.04833677038550377,0.19447092711925507,-0.07239033281803131,-0.11131631582975388,-0.05272041633725166,-0.30049318075180054,-1.224729061126709,-0.19885119795799255,-0.0902823880314827,-0.3863465189933777,0.2508995532989502,-1.542621374130249
6217.0,124.33900000000006,26.14241532517014,214.91873802828204,386.5459714874024,688323.2187993453,26.198485016439506,214.80700412817296,386.5459900000001,688418.7794840003,4.3019220509097735,-8.59014746939388,0.0006112180857206,19200.000000000007,0.0002557859820796,-0.0001096897066035,1.851259773508294e-05,0.0,4.291398581523785,4.813602290810498,-8.609607940105855,0.9748273700474308,0.0051390920756541,1.2252729572004326,19200.066731944004,42.954074078028384,0.002,2.1810838871393448,-3.019861913483021,-1.0312730957795122,6.0,10.0,180.0,-0.1840947342025082,-4.250531279522872,-0.0957189840180793,-3.2335662564309304,-419.5272668722971,-627.5574743336483,167.26246817987982,754.8722105424091,561.3750000000001,-0.1840947342025082,0.2626979947090149,-0.06984065473079681,-0.0718066394329071,-0.141684889793396,-0.14096879959106445,-0.13789008557796478,-0.025363020598888397,0.013375744223594666,0.0066141970455646515,-0.12006297707557678,-0.12415512651205063,-0.10073913633823395,-0.06257077306509018,-0.0197066068649292,-0.08819353580474854,0.038376014679670334,-0.43725132942199707,-0.02428215742111206,-0.08327683806419373,0.13118699193000793,0.1701100468635559,-0.058024488389492035,-0.12709346413612366,0.2351820170879364,0.007444169372320175,0.17222517728805542,0.23014719784259796,0.024308307096362114,-0.08921557664871216,0.13879252970218658,-0.12261362373828888,-0.1658840775489807,-0.11973610520362854,-0.3639315366744995,-1.3359332084655762,-0.2243986576795578,-0.1391454041004181,-0.4622819423675537,0.20868787169456482,-1.48308527469635
6218.0,124.35900000000004,26.228589952853287,214.74708196743308,386.5459861689738,688707.2209238003,26.283129671930585,214.6377207264837,386.5459900000001,688802.7794840003,3.912033540161379,-7.833267505320187,0.0001309138540365,19200.000000000007,-5.130106183744443e-05,-0.0001827789976241,3.831026309885577e-06,0.0,4.275501417666175,-13.669664877856274,-8.490670461811497,38.56518140319421,0.0027066925404385,-0.0680940970468353,19200.083980856587,-42.95255084708173,0.002,2.124365617401617,-2.144171991283973,-0.8325525322202264,6.0,10.0,180.0,-0.0195003188518562,-4.380500258180627,-0.0942517833370077,-3.237643825121146,-418.1246334361485,-626.2892371668241,166.83373408993992,753.0386052712046,565.8750000000001,-0.0195003188518562,0.34135323762893677,0.12967315316200256,0.08521059900522232,-0.03873376548290253,-0.02676987648010254,0.04577173292636871,0.09691309928894043,0.35077816247940063,0.2498815655708313,-0.0036774873733520508,0.015086871571838856,0.06090846657752991,0.06852387636899948,0.10284020006656647,-0.1144830659031868,0.14331232011318207,-0.46505212783813477,0.4093298017978668,0.05583065003156662,0.2878887951374054,0.4415423572063446,0.2793925404548645,0.0013399850577116013,0.22752881050109863,0.05935046821832657,0.29081159830093384,0.4692528247833252,0.2638085186481476,0.3001960217952728,0.4437466263771057,-1.6130836009979248,-0.03232605755329132,0.04772808775305748,-0.11984899640083313,-1.1489613056182861,-0.24986103177070618,-0.03441142290830612,-0.2778202295303345,-0.00319477915763855,-1.4553849697113037
6219.0,124.37900000000003,26.300626903851747,214.6062891626521,386.5461131074965,689091.2248203899,26.3395891997014,214.52072878565724,386.5459900000001,689186.7794840003,1.8543683733669856,-4.963391633265547,-0.0041030990921845,19200.000000000007,0.0074540797587317,-0.0184695195301398,-0.0001231074964054,0.0,2.453148276884756,-136.2469237947722,-5.170414666629575,124.28599430054446,0.03076828840291,-0.3618679030003463,19200.926173151354,201.6661457127408,0.002,2.2475296329860788,-1.9026046529913485,-0.8028574452938754,6.0,10.0,180.0,0.6846452270494606,-5.013690004293565,-0.0966668948602332,-3.186379506725584,-405.4833167180743,-541.096618583412,148.56386704496998,677.4238026356022,564.2250000000001,0.6846452270494606,0.6400139331817627,0.9767496585845947,0.8105794191360474,0.6730059385299683,0.5454886555671692,0.7846755981445312,1.290510892868042,0.8972088098526001,1.1570239067077637,0.8402116894721985,0.8945885896682739,0.9214766025543213,0.8843549489974976,0.9750616550445557,0.6420952677726746,0.9324793815612793,1.0557165145874023,1.3484060764312744,0.9374459981918335,1.1118252277374268,0.9268462061882019,1.272544503211975,0.7491964101791382,0.6611061692237854,0.7303978204727173,1.1100177764892578,1.0713603496551514,0.7040059566497803,1.112466812133789,1.1375540494918823,-6.508782863616943,0.7411700487136841,0.99440997838974,0.8190476298332214,1.3599748611450195,0.13425108790397644,0.8310701251029968,0.8685920834541321,0.04649340361356735,-1.7586338520050049
6220.0,124.39900000000004,26.328025334972533,214.5029217774889,386.5464131955199,689475.258501717,26.351979630385824,214.41980847901144,386.5459900000001,689570.7794840003,0.6731175381757695,-7.243655863787987,-0.0141059175627059,19200.000000000007,0.0199385484210266,-0.0126313644158923,-0.0004231955197533,0.0,0.6930396555991581,-33.99558208657421,-6.0176725543654905,-157.84810895951756,-0.0139395405117481,-4.5257435280521925,19201.870806522573,-102.98391310228511,0.002,2.6526610762534046,-2.33734520938423,-0.9609613494550804,6.0,10.0,180.0,0.2280240106419331,-3.826975060162024,-0.1484210129109014,-2.888492461585693,-466.53615835903713,-429.192809291706,141.23593352248497,646.5359013178011,564.9750000000001,0.2280240106419331,0.23846805095672607,0.1309564709663391,-0.004675924777984619,0.2921811640262604,0.22789466381072998,0.23150072991847992,-0.06706773489713669,0.20811977982521057,-0.13058024644851685,0.19442138075828552,0.3064241409301758,0.2387600839138031,0.4007744789123535,0.4724142849445343,1.520061731338501,0.616543173789978,-1.2865915298461914,-0.6691357493400574,0.3278396427631378,0.079792320728302,0.11884266883134842,0.26112377643585205,0.2287743091583252,0.3351082503795624,0.32266363501548767,0.920097291469574,0.6279814839363098,-0.17991259694099426,0.30173876881599426,-0.11775268614292145,-4.666794300079346,0.25605472922325134,0.29325950145721436,-0.43160513043403625,1.2954400777816772,0.4972374141216278,0.2921353578567505,0.12391440570354462,2.0137550830841064,-1.3401365280151367
6221.0,124.41900000000004,26.33951434200325,214.3444686467652,386.5461534194196,689859.2694591499,26.3519826076996,214.245190254616,386.5459900000001,689954.7794840003,0.4155197642639625,-8.885669479346415,-0.0054504253188345,19200.000000000007,0.0124700601603735,0.021430224888868,-0.0001634194195164,0.0,0.562648190438669,-2.49957610735643,-9.167219823975229,-11.179069128291813,-0.0156505884464137,-0.7197435964211998,19199.27762572036,-29.9870964177857,0.002,3.14625799918262,-2.195873570643696,-1.0286178769437542,6.0,10.0,180.0,0.0717394142844799,-4.283201155840431,-0.1728577372409639,-2.77057566108168,-544.0830791795186,-413.952404645853,152.4519667612425,692.5224506589005,563.5500000000001,0.0717394142844799,0.5673542022705078,0.3492279350757599,0.4424721598625183,0.26521989703178406,0.28789299726486206,0.283875048160553,0.3893144726753235,0.5969630479812622,0.4775419235229492,0.26621943712234497,0.36019909381866455,0.3573983907699585,0.4407930374145508,0.4738941490650177,0.6303350925445557,0.4800463318824768,-1.7156171798706055,0.26651281118392944,0.38475483655929565,0.41501733660697937,0.5302829146385193,0.6450870633125305,0.4275735318660736,0.48152613639831543,0.5853725671768188,0.7468222379684448,0.597981870174408,0.6120262145996094,0.6428014636039734,0.5793123841285706,-0.3109551668167114,0.2760688364505768,0.34223297238349915,-0.05463053658604622,0.3172551989555359,0.21351894736289978,0.3085789084434509,0.08177678287029266,0.55880206823349,-0.9132956266403198
6222.0,124.43900000000004,26.347878364735493,214.1649084081189,386.54593185974977,690243.248505802,26.351979892367744,214.0531895912408,386.5459900000001,690338.7794840003,0.1366388890200321,-9.163974232710048,0.0019434029889284,19200.000000000007,0.0041033046477236,0.0130817795383471,5.814025034488821e-05,0.0,0.1839521279274842,-20.25793754338808,-9.097133535949943,-26.60704708601736,-0.0009400332942258,-3.237562199679881,19199.00225316213,-38.62809694059371,0.002,3.306151798049994,-1.9934176443526448,-1.0300536799114763,6.0,10.0,180.0,0.2880665352282656,-4.3311188651773005,-0.1543155238492093,-2.971571613019797,-589.7675395897593,-391.94570232292654,157.69248338062124,713.9072253294503,568.4250000000001,0.2880665352282656,0.6189896464347839,0.5208412408828735,0.6040073037147522,0.47984540462493896,0.49414944648742676,0.5273559093475342,0.4785870611667633,0.6980563402175903,0.6035207509994507,0.4658062756061554,0.5537811517715454,0.5263605117797852,0.6191737651824951,0.6564935445785522,0.9113054275512695,0.6727674603462219,-1.0756741762161255,0.3494642376899719,0.5705475211143494,0.5091539621353149,0.5718260407447815,0.7696672081947327,0.5953224301338196,0.5238833427429199,0.691280722618103,0.8687604069709778,0.6419399976730347,0.6683868765830994,0.797356903553009,0.6727415919303894,-0.29135239124298096,0.45553842186927795,0.5189099311828613,0.0699491798877716,0.4147239029407501,0.3763902485370636,0.4888938069343567,0.30834782123565674,0.9379425644874573,-0.9936679601669312
6223.0,124.45900000000005,26.35050564230612,213.97971348112304,386.5458027054768,690627.2266602713,26.351977196839066,213.8611888499094,386.5459900000001,690722.7794840003,0.0489849110413865,-9.39085442216356,0.0062451135814413,19200.000000000007,0.0014732934123009,0.0062759603569683,0.0001872945233126,0.0,0.1158222385653301,-3.8493660005146695,-9.353077074084066,-9.949161040306702,-0.0046471367713607,1.2818453197933768,19199.2259835266,55.7526583291225,0.002,3.3531270378004088,-1.8310796448345688,-1.0505015228808856,6.0,10.0,180.0,0.271468434281103,-4.383767677486324,-0.1357474397348061,-3.175629148725281,-617.0007697948797,-382.61285116146325,161.40424169031064,729.2356126647251,566.7750000000002,0.271468434281103,0.6263877153396606,0.5024188756942749,0.5705291628837585,0.4627336859703064,0.4708215296268463,0.47404900193214417,0.49042755365371704,0.7173107862472534,0.5998117327690125,0.4612826108932495,0.5180436968803406,0.5051758289337158,0.5794345140457153,0.6060002446174622,0.7579968571662903,0.5991827249526978,-1.4703669548034668,0.45846474170684814,0.5269110202789307,0.5222209692001343,0.6027100682258606,0.7383961081504822,0.5534564852714539,0.5383169651031494,0.684578537940979,0.8162475228309631,0.633238673210144,0.7340583801269531,0.7883341312408447,0.6666936278343201,0.12098254263401031,0.47088339924812317,0.505579948425293,0.10077382624149323,0.03583809733390808,0.35166576504707336,0.4826217293739319,0.2706219553947449,0.7679710984230042,-0.8174542188644409
6224.0,124.47900000000004,26.35141860453364,213.79069596044368,386.5458437318344,691011.2195638983,26.35197539220956,213.6691864542363,386.5459900000001,691106.7794840002,0.0185418603279919,-9.490419554408083,0.0048771346843765,19200.000000000007,0.0005577926775156,0.0032924401363847,0.0001462681657892,0.0,0.021660265695453,4.892617159608872,-9.526020990370876,-6.236055676929643,-0.0166052840568321,0.3684834043772061,19199.844561747614,-42.93675561428271,0.002,3.332093571326042,-1.7454003469078765,-1.0292526325410325,6.0,10.0,180.0,0.2787815355334536,-4.438442611503135,-0.119138089549031,-3.249989455733365,-634.4743848974399,-377.45642558073166,163.98812084515532,739.9988063323625,565.0500000000001,0.2787815355334536,0.6387506127357483,0.4989811182022095,0.555899977684021,0.45749324560165405,0.4642561078071594,0.4706161618232727,0.4764710068702698,0.7029468417167664,0.5815211534500122,0.4624548554420471,0.5035302042961121,0.494791716337204,0.5606667995452881,0.5818861722946167,0.6983748078346252,0.5653643012046814,-1.798438549041748,0.4775692820549011,0.5057544112205505,0.5211312770843506,0.6093840003013611,0.7169262766838074,0.5461432337760925,0.5566360950469971,0.685306966304779,0.7956230044364929,0.6358830332756042,0.7700434923171997,0.7847126126289368,0.670041024684906,0.15089888870716095,0.48708584904670715,0.496501624584198,0.11617074906826019,-0.16051948070526123,0.36048534512519836,0.4877282977104187,0.2600981593132019,0.7373875975608826,-0.7007794380187988
6225.0,124.49900000000004,26.35198545775283,213.6002199597144,386.5458848443346,691395.2197371088,26.351974999282067,213.47718354741465,386.5459900000001,691490.7794840003,-0.0003403761628152,-9.541243250755882,0.003509702839776,19200.000000000007,-1.0332603621891436e-05,0.0017655285190324,0.0001051556655752,0.0,0.0165773336399126,-2.025211549921851,-9.536012817123703,-4.697483849533092,0.001477153448991,-0.9814280457347824,19200.29135400584,-21.479224532208896,0.002,3.353458094609351,-1.7215742304704424,-1.0364810054463962,6.0,10.0,180.0,0.3281410871969915,-4.478044119686721,-0.103528261735192,-3.2474420665611845,-643.4231924487199,-374.8602127903658,165.32106042257766,745.5554031661812,562.2000000000002,0.3281410871969915,0.64361572265625,0.5533788204193115,0.603844165802002,0.5117917656898499,0.5296534895896912,0.532926619052887,0.5317888259887695,0.7520144581794739,0.6348609924316406,0.5249237418174744,0.5613735914230347,0.5448799133300781,0.6133209466934204,0.6345375180244446,0.7246341705322266,0.6167101860046387,-1.6205897331237793,0.5579689741134644,0.5623937845230103,0.574897050857544,0.6335488557815552,0.7617611885070801,0.5801408886909485,0.5694177150726318,0.7087975740432739,0.824924647808075,0.6455396413803101,0.7868548035621643,0.8263358473777771,0.6919129490852356,0.24804450571537018,0.5320958495140076,0.5499252676963806,0.17163421213626862,-0.160381019115448,0.3841361701488495,0.5362604260444641,0.32043516635894775,0.7779681086540222,-0.7601867914199829
6226.0,124.51900000000003,26.35200530090064,213.4089355047604,386.5458807941726,691779.2231313565,26.35197499986533,213.2851830007245,386.5459900000001,691874.7794840003,-0.0010092088527547,-9.565073684658923,0.0036419307110831,19200.000000000007,-3.030109602274795e-05,0.0010478266620967,0.0001092058275609,0.0,0.0170750713082868,0.5501978777113752,-9.59445668710384,-1.9506189974437864,0.0039028533422757,1.831637777259258,19200.01679657073,-60.06291013690234,0.002,3.1852416052683696,-1.688803472811388,-1.069389672742023,6.0,10.0,180.0,0.3330498028170554,-4.533692938851142,-0.0937605690127872,-3.225905593178356,-648.5635962243599,-374.52260639518295,166.23403021128885,749.3887015830906,560.5500000000001,0.3330498028170554,0.6435365676879883,0.5497630834579468,0.5968470573425293,0.5124587416648865,0.5244603157043457,0.5248987674713135,0.5293740630149841,0.7500460147857666,0.6336625218391418,0.5289605855941772,0.5536690950393677,0.5405579805374146,0.6056526899337769,0.6251892447471619,0.7011393308639526,0.603135347366333,-1.7583633661270142,0.5807623267173767,0.5540885925292969,0.5718162059783936,0.6370244026184082,0.7596545815467834,0.572143018245697,0.572690486907959,0.7068372964859009,0.8154650330543518,0.6433266401290894,0.7963954210281372,0.8189877271652222,0.6907888054847717,0.26326847076416016,0.5350728034973145,0.5492598414421082,0.1714499145746231,-0.26284852623939514,0.3772587478160858,0.5337759852409363,0.3115149140357971,0.7596052885055542,-0.7626279592514038
6227.0,124.53900000000002,26.352116136987167,213.2175780094668,386.5458973375139,692163.2216629504,26.351974999993708,213.09318300000683,386.5459900000001,692258.7794840003,-0.004706066842643,-9.586496824917798,0.0030553517764353,19200.000000000007,-0.0001411369573167,0.0004050929467399,9.266248617906204e-05,0.0,-0.0122071469503286,-4.754553389705427,-9.571288055860377,-1.6980890334712846,-0.0007562514849613,-1.518474371992763,19199.51766236943,-77.17394568813684,0.002,3.1306872635967338,-1.7956081193153723,-1.0151104606991637,6.0,10.0,180.0,0.3589011054285628,-4.471702268585139,-0.0864011233104439,-3.2361597227317334,-651.43729811218,-372.9813031975915,166.59401510564442,750.8893507915452,561.3000000000001,0.3589011054285628,0.6474072933197021,0.5858089923858643,0.63233482837677,0.5438023209571838,0.5696528553962708,0.5709447860717773,0.5618294477462769,0.7790805101394653,0.6646752953529358,0.5644384622573853,0.5945967435836792,0.5749274492263794,0.6424741744995117,0.6629390716552734,0.7247222661972046,0.6410661935806274,-1.6030256748199463,0.6205899715423584,0.5939614772796631,0.615351676940918,0.6487845182418823,0.7895933389663696,0.5948761105537415,0.5816918611526489,0.7255992293357849,0.838075578212738,0.6531941294670105,0.8044933080673218,0.8472325801849365,0.7050411105155945,0.3073469400405884,0.562411904335022,0.5826165676116943,0.21271394193172455,-0.2016795575618744,0.39528462290763855,0.5662636160850525,0.3556337356567383,0.7822175621986389,-0.7724514603614807
6228.0,124.55900000000004,26.3516788506506,213.02576220004104,386.54591419510336,692547.2117749981,26.351974999993224,212.901182999905,386.5459900000001,692642.7794840003,0.0098746932780116,-9.59263922516311,0.002527988673689,19200.000000000007,0.0002963495240482,0.0002208973585503,7.580489683202662e-05,0.0,-0.0005187579600275,0.299747594929704,-9.577647089827009,2.502891255914072,-0.0039076438746275,0.0557590105046324,19199.946008643565,77.22756483511027,0.002,3.2592312297063706,-1.8787128793429733,-1.0270701112296536,6.0,10.0,180.0,0.3158972742003589,-4.478981240722626,-0.0780913941650969,-3.329448831284256,-652.71864905609,-372.7106515987957,166.8000075528222,751.7516753957726,559.8750000000001,0.3158972742003589,0.6440430879592896,0.5637229681015015,0.6089306473731995,0.5209411978721619,0.543262243270874,0.5378037691116333,0.548996090888977,0.760098934173584,0.6462372541427612,0.5432537794113159,0.5687706470489502,0.5543853044509888,0.6175752878189087,0.6356402039527893,0.6718626618385315,0.6080614328384399,-1.8437392711639404,0.6298102736473083,0.5669927597045898,0.602453351020813,0.6478387117385864,0.7752740979194641,0.5704098343849182,0.5818246603012085,0.7120245099067688,0.8120909929275513,0.6469151973724365,0.8079066276550293,0.8279263973236084,0.6987566947937012,0.24276627600193024,0.5505486726760864,0.5639486312866211,0.20461328327655792,-0.2991081774234772,0.3772778809070587,0.5479347109794617,0.32788950204849243,0.7251583337783813,-0.7304052114486694
6229.0,124.57900000000004,26.35201379793806,212.8342765518963,386.5459309065809,692931.2204874039,26.351974999997672,212.7091829999605,386.5459900000001,693026.7794840003,-0.0012961166500779,-9.609779968801885,0.0019738839368616,19200.000000000007,-3.87979188559018e-05,-0.0002934546979958,5.909341925349414e-05,0.0,0.0124779157997033,-3.1765826380991515,-9.621636956331532,-3.0011485563928795,-0.0046179190066804,4.212181323526158,19200.10211324529,-73.0670972570681,0.002,3.3343902809964474,-1.817614466832956,-1.0615741142915227,6.0,10.0,180.0,0.3266454121539611,-4.468723398527573,-0.0800882425993927,-3.257123633918654,-653.6123245280451,-373.72782579939786,167.0875037764111,752.9738376978863,564.7500000000001,0.3266454121539611,0.6477574706077576,0.5785802006721497,0.6221826076507568,0.5456991195678711,0.5545661449432373,0.5563593506813049,0.5438612103462219,0.7748585939407349,0.6544524431228638,0.5624707937240601,0.5807768106460571,0.5659751296043396,0.6320772171020508,0.6531447172164917,0.7486892938613892,0.6336601376533508,-1.5337224006652832,0.6039071083068848,0.5826811790466309,0.5892776250839233,0.6440855860710144,0.7868592143058777,0.5923648476600647,0.576259970664978,0.7250207662582397,0.8365263342857361,0.6479300856590271,0.8029369115829468,0.8403112888336182,0.7004232406616211,0.34214115142822266,0.5576105117797852,0.577415406703949,0.18678726255893707,-0.2583342492580414,0.38953569531440735,0.5565525889396667,0.34062594175338745,0.7969335913658142,-0.8089344501495361
6230.0,124.59900000000005,26.352141505795885,212.6417405944117,386.545925684675,693315.2194826786,26.351975000000014,212.5171829999952,386.5459900000001,693410.7794840003,-0.00555391069507,-9.59191724091001,0.002144399641769,19200.000000000007,-0.0001665059175359,0.0002425026887804,6.43153251440925e-05,0.0,0.0088089389359836,-0.1743409339217891,-9.60937653007822,5.5610960810149,0.0017120050924354,1.7693029405319585,19199.60540259454,47.22652256593212,0.002,3.339493357982603,-1.734746805801911,-1.0598578679640136,6.0,10.0,180.0,0.349117231003947,-4.538051048460271,-0.0747453501747857,-3.25407446051472,-653.9921622640225,-373.91741289969895,167.18075188820555,753.3684188489432,563.1000000000001,0.349117231003947,0.6429648399353027,0.5702844262123108,0.6156930923461914,0.5269533395767212,0.5503263473510742,0.5400846600532532,0.5555365681648254,0.7693524360656738,0.6572333574295044,0.5529987215995789,0.5729473233222961,0.5602485537528992,0.6220040321350098,0.6398251056671143,0.6646718382835388,0.610264778137207,-1.8133039474487305,0.6591864228248596,0.5722411870956421,0.6169145703315735,0.6522353291511536,0.788565456867218,0.5689024329185486,0.584489107131958,0.7189064621925354,0.8120422959327698,0.646737813949585,0.8125205039978027,0.8313379287719727,0.7048220634460449,0.22314925491809845,0.5544692277908325,0.5717525482177734,0.21592186391353607,-0.3301469683647156,0.3668804466724396,0.5499352812767029,0.33091044425964355,0.6938839554786682,-0.7390179634094238
6231.0,124.61900000000006,26.352152261835982,212.4501377966648,386.5459392964114,693699.215114113,26.351975000000014,212.32518300000007,386.5459900000001,693794.7794840003,-0.0058801003620345,-9.605181607685116,0.0016917048632851,19200.000000000007,-0.0001772618882009,-0.0001544997279595,5.070358870924666e-05,0.0,-0.0144290161390711,-1.4686126906591697,-9.600557963906132,-3.174569718172604,0.0082951334249033,-0.1302882567177043,19199.947703756192,51.56924846598263,0.002,3.359646955497392,-1.7072346384733756,-1.0508151379739568,6.0,10.0,180.0,0.3676539024634894,-4.485573809616818,-0.0683707966304789,-3.3094610891801928,-654.5290811320112,-373.0727064498495,167.18937594410278,753.4017094244716,561.3750000000001,0.3676539024634894,0.6497617959976196,0.5726370811462402,0.6160041689872742,0.5337499380111694,0.5508151054382324,0.5548929572105408,0.5439239144325256,0.7658504247665405,0.6462469696998596,0.5524282455444336,0.5771583914756775,0.5598976612091064,0.6261969804763794,0.6458096504211426,0.7223288416862488,0.6245982646942139,-1.613020896911621,0.5945453643798828,0.5757867097854614,0.5909151434898376,0.6433773636817932,0.7726541757583618,0.5909437537193298,0.5814548134803772,0.7186998128890991,0.8296892642974854,0.6505290865898132,0.8060241937637329,0.8401755094528198,0.7003076076507568,0.297357439994812,0.5559850931167603,0.5685949325561523,0.19300919771194458,-0.2667277753353119,0.3951573669910431,0.5562010407447815,0.3390626311302185,0.7938166260719299,-0.7601065039634705
6232.0,124.63900000000004,26.35219730050992,212.25782012594016,386.5459110181061,694083.213585525,26.351975000000014,212.1331830000001,386.5459900000001,694178.7794840003,-0.0074084161082361,-9.594566702019096,0.0026283912626128,19200.000000000007,-0.0002223004837117,0.0001628744155654,7.898189408663723e-05,0.0,-0.0002474458910622,-0.7317655488104983,-9.598623093453098,4.094877617400133,0.0055849190986148,3.1191900485082016,19200.11831086998,90.16450209822445,0.002,3.3726944439091184,-1.7266786839593995,-1.0535096479190114,6.0,10.0,180.0,0.3867201679139216,-4.482139893426628,-0.0624748760445543,-3.3109763005107142,-654.4995405660056,-373.10285322492473,167.18518797205138,753.3833547122358,559.6500000000001,0.3867201679139216,0.6428645253181458,0.5733872652053833,0.6164779663085938,0.5347063541412354,0.5523967742919922,0.5433577299118042,0.5547138452529907,0.7702577114105225,0.6577076315879822,0.5588384866714478,0.5759169459342957,0.5628947019577026,0.6251248121261597,0.6433707475662231,0.677954912185669,0.614185631275177,-1.826054573059082,0.6565017700195312,0.5754033327102661,0.6099331378936768,0.6513552665710449,0.7874234318733215,0.5724189877510071,0.5825188159942627,0.7171710133552551,0.8159055113792419,0.6463980674743652,0.8119264245033264,0.8307791948318481,0.7010038495063782,0.2615143060684204,0.5579013824462891,0.5761460661888123,0.20912577211856842,-0.3347952663898468,0.3737822473049164,0.5534444451332092,0.33392733335494995,0.7262926697731018,-0.7708295583724976
6233.0,124.65900000000003,26.352112181101703,212.0650567270985,386.5459708770407,694467.2196229206,26.351975000000014,211.94118300000008,386.5459900000001,694562.7794840003,-0.0045726511939949,-9.569114195743833,0.0006339202386409,19200.000000000007,-0.0001371810996843,0.0009265761077438,1.9122959443161493e-05,0.0,-0.0072941093865246,1.7065936728199496,-9.645292953199268,-1.6559164017525076,0.0066190674109133,1.2807621492828438,19200.203995610627,-64.40165975239964,0.002,3.352199987233312,-1.6829935114991958,-1.0556151599960977,6.0,10.0,180.0,0.393621487309946,-4.539722647171016,-0.0624762498313866,-3.283309145621088,-655.1567702830027,-373.6294266124624,167.3785939860257,754.2111773561179,564.1500000000001,0.393621487309946,0.6494512557983398,0.5561074018478394,0.6017709970474243,0.5191167593002319,0.5323543548583984,0.5353590250015259,0.5318067073822021,0.7538604736328125,0.6364127993583679,0.5380045175552368,0.5585510730743408,0.545295000076294,0.609025239944458,0.6276405453681946,0.7029792070388794,0.6051024198532104,-1.6949331760406494,0.5869035720825195,0.5573796033859253,0.5789031982421875,0.6418994069099426,0.7642560601234436,0.5788115859031677,0.5810511112213135,0.7149873971939087,0.8172188401222229,0.6466952562332153,0.8068792819976807,0.8268246650695801,0.6993226408958435,0.2844235897064209,0.5462430715560913,0.5542606115341187,0.18273840844631195,-0.3123289942741394,0.38330891728401184,0.5423889756202698,0.31938469409942627,0.7594291567802429,-0.7312653064727783
6234.0,124.67900000000004,26.352036918942275,211.8728303898648,386.54597887617217,694851.2168640501,26.351975000000014,211.74918300000007,386.5459900000001,694946.7794840002,-0.0020643977800125,-9.561571490654416,0.0003737110386877,19200.000000000007,-6.19189459855775e-05,0.001152711227989,1.1123827983419704e-05,0.0,-0.0100289637329227,2.1381868644398927,-9.58008438394942,9.581254892186928,0.0097841385617843,-2.0698974484094537,19199.77560982309,77.20232251832061,0.002,3.368312050534544,-1.7295511139285054,-1.051963351731338,6.0,10.0,180.0,0.4013994727851653,-4.563895484069443,-0.0590893917361261,-3.287937661960273,-654.7913851415015,-372.7497133062312,167.20279699301284,753.456588678059,565.0500000000001,0.4013994727851653,0.6432895660400391,0.5636966228485107,0.6121832132339478,0.5120158791542053,0.5475703477859497,0.5335157513618469,0.5551669597625732,0.7600768804550171,0.6510374546051025,0.5414013266563416,0.5688033103942871,0.5561941862106323,0.6156575679779053,0.6315492391586304,0.61910480260849,0.5975608825683594,-1.8886933326721191,0.6759490966796875,0.5655324459075928,0.6347522139549255,0.6514777541160583,0.7849680781364441,0.5583217740058899,0.5912673473358154,0.7184166312217712,0.7978411316871643,0.6479727029800415,0.8170746564865112,0.8301478624343872,0.7105907201766968,0.13368822634220123,0.5540814399719238,0.5651736855506897,0.23723216354846954,-0.34640634059906006,0.3595191538333893,0.5479219555854797,0.3285861015319824,0.6327797770500183,-0.6553521752357483
6235.0,124.69900000000004,26.35208785161159,211.68158818173623,386.546006038901,695235.2145630162,26.351975000000014,211.55718300000007,386.5459900000001,695330.7794840003,-0.0037615267954839,-9.586834989331653,-0.0005297753950111,19200.000000000007,-0.0001128516123582,0.0003948168776124,-1.6038900846670688e-05,0.0,0.0029166752198928,-1.3437584005838028,-9.575415295487671,-0.7884526134574813,-0.000736814655012,-2.0875725647662726,19200.000030346047,-55.82669531282378,0.002,3.33176301088868,-1.771706557607353,-1.0404264042660636,6.0,10.0,180.0,0.4110767525351334,-4.49622783589258,-0.0639922082974895,-3.3242982518441115,-654.3031925707508,-372.6758566531156,167.0948984965064,752.9947943390296,563.6250000000001,0.4110767525351334,0.6488949656486511,0.5715265274047852,0.6178549528121948,0.5279887914657593,0.5533795356750488,0.5541532039642334,0.5514417886734009,0.7658931016921997,0.6521399021148682,0.5488580465316772,0.5791811943054199,0.5613687634468079,0.6272525787353516,0.6462585926055908,0.7028941512107849,0.6236165761947632,-1.654902696609497,0.6092116236686707,0.577070951461792,0.6046244502067566,0.6476301550865173,0.7765275835990906,0.5859426259994507,0.5836212635040283,0.7196187973022461,0.8250746726989746,0.6512302756309509,0.807736873626709,0.8381535410881042,0.7037158608436584,0.25979912281036377,0.5563700795173645,0.5686376690864563,0.20770658552646637,-0.257809042930603,0.3897148668766022,0.5566956400871277,0.34127479791641235,0.7560363411903381,-0.7231231927871704
6236.0,124.71900000000004,26.351854518279502,211.49000117898828,386.5460252438924,695619.2088186862,26.351975000000014,211.3651830000001,386.5459900000001,695714.7794840003,0.0040127662434578,-9.600593978952327,-0.0011745537424412,19200.000000000007,0.000120481720678,-1.777896927823009e-05,-3.524389234329347e-05,0.0,-0.0119841506786631,3.73130399662196,-9.55712778973136,-4.212301469345372,0.0085285891037812,-4.143293103388665,19199.98234233007,128.8245641134183,0.002,3.383653187377964,-1.765876840789678,-1.0505862098510672,6.0,10.0,180.0,0.3915502634757288,-4.4500819738353,-0.0620182584082683,-3.3776100308189347,-654.1370962853754,-371.8329283265578,166.9639492482532,752.4333971695148,568.5000000000001,0.3915502634757288,0.6534210443496704,0.538127064704895,0.5911127924919128,0.49764764308929443,0.5183840990066528,0.5269560217857361,0.5187264680862427,0.733756959438324,0.6177203059196472,0.5112281441688538,0.5492128133773804,0.5336193442344666,0.5987356901168823,0.6171908378601074,0.7017655372619629,0.5982905030250549,-1.6264708042144775,0.5397800207138062,0.5455294847488403,0.569797694683075,0.6335808038711548,0.7448298335075378,0.5747936367988586,0.5813434720039368,0.7107720971107483,0.8108462691307068,0.6478148102760315,0.8004323244094849,0.8235922455787659,0.6992589831352234,0.20124144852161407,0.538670003414154,0.5370025634765625,0.17983706295490265,-0.2542862296104431,0.3913460075855255,0.5364311337471008,0.31504499912261963,0.7544932961463928,-0.6396089792251587
6237.0,124.73900000000005,26.352081205295395,211.2979451664059,386.5460192887125,696003.2147743675,26.351975000000014,211.17318300000005,386.5459900000001,696098.7794840003,-0.0035420180924475,-9.598731502221666,-0.0009809818195526,19200.000000000007,-0.0001062052953226,3.8035406294202144e-05,-2.9288712363922843e-05,0.0,0.0076030378731848,-1.650769209805245,-9.633304178951812,4.026312390792506,-0.0075564144004094,-0.4875374264599799,19200.44419384801,-60.03165982871551,0.002,3.4701710947198467,-1.6832464926028303,-1.070002281215198,6.0,10.0,180.0,0.4086984189649189,-4.519947421288919,-0.071260521713142,-3.3207144452713147,-654.5480481426877,-373.3074641632789,167.2174746241266,753.5206985847574,559.4250000000002,0.4086984189649189,0.6444312334060669,0.5780364274978638,0.6227706670761108,0.5336350202560425,0.5620356798171997,0.5554346442222595,0.5646220445632935,0.7752856016159058,0.6625521779060364,0.5614487528800964,0.5831062197685242,0.5669971704483032,0.6305171251296997,0.6482393741607666,0.6681365966796875,0.6194437742233276,-1.8041741847991943,0.6587904691696167,0.5813420414924622,0.6234402656555176,0.6539275050163269,0.7891762852668762,0.5770429968833923,0.5866206288337708,0.7202010154724121,0.8197622299194336,0.6507807970046997,0.813582181930542,0.8362241387367249,0.7051833868026733,0.245340958237648,0.5598699450492859,0.5767606496810913,0.2231493443250656,-0.30199161171913147,0.3776176869869232,0.5587376356124878,0.3409293293952942,0.7176432013511658,-0.7478109002113342
6238.0,124.75900000000006,26.352069549548776,211.10579211010045,386.5460068792066,696387.2166292986,26.351975000000014,210.98118300000004,386.5459900000001,696482.7794840003,-0.0031471552379142,-9.593654057426246,-0.0005606481622963,19200.000000000007,-9.454954876486042e-05,0.0001908915470364,-1.6879206419657746e-05,0.0,0.0131864152251882,3.044271989355449,-9.570061873511383,-4.269216931544124,-0.0068515593072453,-1.4131590139177397,19199.89480695919,-8.620535229157303,0.002,3.432243190001468,-1.6166016698776555,-1.052707303995361,6.0,10.0,180.0,0.4160520959538354,-4.493673252371205,-0.0693079354873078,-3.302263524593775,-653.9210240713438,-373.2212320816394,167.0797373120633,752.9328492923787,557.7000000000002,0.4160520959538354,0.6484810709953308,0.5390445590019226,0.5863184332847595,0.503465473651886,0.5176065564155579,0.5247106552124023,0.517979621887207,0.7368208169937134,0.6147933006286621,0.5198972225189209,0.5482637882232666,0.5325601100921631,0.5981789231300354,0.6163568496704102,0.6909960508346558,0.5948108434677124,-1.7861659526824951,0.5557239055633545,0.5448901653289795,0.5601803660392761,0.6302604079246521,0.738597571849823,0.572517454624176,0.5783566236495972,0.6988043785095215,0.8100472092628479,0.6456557512283325,0.7993760108947754,0.8189501762390137,0.6907281279563904,0.2039492279291153,0.5368861556053162,0.5396538376808167,0.1685725599527359,-0.3104665279388428,0.3904139995574951,0.535139262676239,0.30980515480041504,0.7864500880241394,-0.7180941104888916
6239.0,124.77900000000002,26.352101535773624,210.91371596632644,386.54598032892073,696771.2164093249,26.351975000000014,210.78918300000004,386.5459900000001,696866.7794840002,-0.0042162748097572,-9.591095769479123,0.0002886153848183,19200.000000000007,-0.0001265357736173,0.0002671363267974,9.67107936195038e-06,0.0,-0.008799435311771,1.8940258720334788,-9.608896837699556,-0.907861147715542,-0.0077983294080417,0.2566598889495452,19200.136383329096,-42.96696224062244,0.002,3.339225516075449,-1.6385573372090176,-1.0543475857004063,6.0,10.0,180.0,0.4326635649271993,-4.513252873775618,-0.0673927736568321,-3.3099778529566253,-654.479012035672,-373.0501160408197,167.17386865603163,753.3329246461893,555.9750000000001,0.4326635649271993,0.6464577913284302,0.5542342066764832,0.5975908041000366,0.5162774920463562,0.5319649577140808,0.5332679152488708,0.5333605408668518,0.7503919005393982,0.6304871439933777,0.5369684100151062,0.5586985349655151,0.5440605878829956,0.6078654527664185,0.625693142414093,0.6789590120315552,0.5997689962387085,-1.8649506568908691,0.5983580350875854,0.5559203624725342,0.5792760848999023,0.6406059861183167,0.7563212513923645,0.573268711566925,0.5811984539031982,0.7042452096939087,0.8113999962806702,0.6465141177177429,0.806267261505127,0.8223176598548889,0.6937777400016785,0.25997495651245117,0.5458175539970398,0.5535081028938293,0.1847160905599594,-0.3301091492176056,0.38560065627098083,0.5430634021759033,0.31821179389953613,0.7671089768409729,-0.7417575716972351
6240.0,124.79900000000004,26.352010715513263,210.72211911499213,386.54598446665466,697155.2183666459,26.351975000000014,210.5971830000001,386.5459900000001,697250.7794840003,-0.0011575675945432,-9.604531075542956,0.0001888526132378,19200.000000000007,-3.571551325662286e-05,-0.0001358128531958,5.533345440099079e-06,0.0,-0.0007228423267823,-1.0942067614693225,-9.591307631551718,-7.575125447420987,-0.0112318430228779,0.2378913406255115,19200.05122396924,-38.644456811925046,0.002,3.336033511609402,-1.705029252993818,-1.0354094467398969,6.0,10.0,180.0,0.4306935797195484,-4.485829266003139,-0.0679024329518934,-3.289459267245158,-654.400006017836,-372.95755802040986,167.14693432801582,753.2179623230946,563.7750000000001,0.4306935797195484,0.6526041626930237,0.5633059144020081,0.6089260578155518,0.5300371050834656,0.5403746366500854,0.550740122795105,0.5254913568496704,0.7581332921981812,0.6308000683784485,0.5428616404533386,0.5701017379760742,0.5526416301727295,0.6206001043319702,0.6414088010787964,0.7542384266853333,0.6255227327346802,-1.4138977527618408,0.5499868392944336,0.5692663788795471,0.5681747198104858,0.6321737170219421,0.7614424824714661,0.5943945050239563,0.5777413845062256,0.7163868546485901,0.833476185798645,0.6497728824615479,0.7981544137001038,0.8377934098243713,0.6997994184494019,0.2661290168762207,0.5506871938705444,0.5599557161331177,0.17229723930358887,-0.24169358611106873,0.40349501371383667,0.5515481233596802,0.33359354734420776,0.8320993185043335,-0.7608927488327026
6241.0,124.81900000000005,26.351850352344663,210.52999090948703,386.5459992068958,697539.2201813898,26.351975000000014,210.405183,386.5459900000001,697634.7794840003,0.0041535513891727,-9.6002582864535,-0.0003036109361582,19200.000000000007,0.000124647655337,-7.61379706400926e-06,-9.206895679423577e-06,0.0,0.0141620333348524,1.287757239588193,-9.61450123866555,0.0574878378104484,0.0087961223029977,1.1621360478431952,19200.23978897835,-4.253687834907891,0.002,3.28326272694435,-1.7095393210330152,-1.053377513871917,6.0,10.0,180.0,0.4125882517066205,-4.529723043377364,-0.0664193217247984,-3.281222312692093,-654.337503008918,-373.7927790102049,167.2304671640079,753.5779811615473,568.8750000000001,0.4125882517066205,0.6484225988388062,0.5559718608856201,0.6048767566680908,0.5171751976013184,0.533734142780304,0.5332427620887756,0.5359417200088501,0.7559666633605957,0.6430272459983826,0.5360679626464844,0.560346782207489,0.5475996732711792,0.6111503839492798,0.6299988031387329,0.7012902498245239,0.6077899932861328,-1.6622779369354248,0.5966609716415405,0.5599064826965332,0.5878350138664246,0.6454241275787354,0.771616518497467,0.5759442448616028,0.5807524919509888,0.718827486038208,0.8160374164581299,0.6460192799568176,0.8068928718566895,0.8290399312973022,0.7025669813156128,0.2620283365249634,0.5459967851638794,0.5563457608222961,0.19072221219539642,-0.2980714440345764,0.37619519233703613,0.5416330695152283,0.32149142026901245,0.7292793393135071,-0.7134599089622498
6242.0,124.83900000000004,26.351927583324,210.33830462744123,386.5459873993371,697923.221463974,26.351975000000014,210.213183,386.5459900000001,698018.7794840003,0.0015858810378061,-9.610716391960157,8.641012413579399e-05,19200.000000000007,4.741667601008608e-05,-0.0003215359809354,2.600663074018363e-06,0.0,-0.0068320110832863,-1.3549429016761954,-9.57104098169967,0.6061747085458189,-0.0031962405937415,1.0371743522923844,19199.6890552331,-34.27171229676033,0.002,3.2632526534551065,-1.7466550232488496,-1.0479198310561053,6.0,10.0,180.0,0.4164810061995312,-4.473161414936775,-0.0698106959948478,-3.2674120602455483,-654.216251504459,-372.7953895051024,167.09073358200396,752.9784905807737,569.7,0.4164810061995312,0.6486656665802002,0.5734587907791138,0.6211374998092651,0.532703697681427,0.5526713132858276,0.5492286086082458,0.5506041049957275,0.7695561647415161,0.6586164236068726,0.5513836145401001,0.5786725878715515,0.5641683340072632,0.6283227205276489,0.6482099294662476,0.7174745798110962,0.625605583190918,-1.6159565448760986,0.617717981338501,0.5785739421844482,0.6066926121711731,0.6495569348335266,0.7872437834739685,0.5838415026664734,0.5809985399246216,0.726834774017334,0.825364351272583,0.6486798524856567,0.8084359169006348,0.8376724123954773,0.7060866355895996,0.2839397192001343,0.5580673217773438,0.5735020637512207,0.20673467218875885,-0.26242828369140625,0.3823321461677551,0.5553688406944275,0.3412032127380371,0.7384929060935974,-0.7256482839584351
6243.0,124.85900000000008,26.35186512539467,210.1463314006092,386.546000010801,698307.2196097823,26.351975000000014,210.0211830000001,386.5459900000001,698402.7794840003,0.0036582889846579,-9.611607591896489,-0.0003336584502669,19200.000000000007,0.0001098746053388,-0.0003482020881749,-1.001080089172344e-05,0.0,0.0097288557587411,-3.844379220822392,-9.635770526105398,1.5248606709460133,-0.0007230716819848,-1.5246459338143528,19200.06642160016,-47.263997786847234,0.002,3.319534084577436,-1.761192423176306,-1.0468622900094031,6.0,10.0,180.0,0.4003909784397512,-4.499493846747653,-0.0702961670075037,-3.281799539233004,-654.5771257522294,-373.9041947525512,167.29186679100198,753.8412452903868,577.2750000000001,0.4003909784397512,0.6515418887138367,0.5867827534675598,0.6395153403282166,0.5406237840652466,0.5726056098937988,0.5700971484184265,0.5646362900733948,0.7862547039985657,0.6765581965446472,0.563790500164032,0.5940754413604736,0.577155590057373,0.6425398588180542,0.662771463394165,0.7262791395187378,0.642530083656311,-1.4863629341125488,0.6315914392471313,0.5946292877197266,0.6343163251876831,0.657526433467865,0.8075047135353088,0.5943437218666077,0.5865528583526611,0.7425101399421692,0.8373335003852844,0.6542420387268066,0.8123414516448975,0.8499352931976318,0.7179579734802246,0.2828409671783447,0.5648220181465149,0.583395779132843,0.23051561415195465,-0.20743706822395325,0.38082385063171387,0.5650832056999207,0.3568769693374634,0.7096919417381287,-0.7038071751594543
6244.0,124.87900000000006,26.351895740172445,209.9542737614181,386.5459873093228,698691.2209648716,26.351975000000014,209.82918300000009,386.5459900000001,698786.7794840003,0.002638591512169,-9.609702508919042,8.94670596494113e-05,19200.000000000007,7.925982756476691e-05,-0.000290753741196,2.690677363016708e-06,0.0,0.0029196943520126,0.1236733694896472,-9.60179618195424,-2.614153324679313,-0.0068265887572683,1.1626454984126628,19199.776487979827,-47.30708301787103,0.002,3.418729127354786,-1.7063304922483096,-1.0645822862201808,6.0,10.0,180.0,0.3960078248487015,-4.478307186473136,-0.0722589881041524,-3.278704613036102,-654.5005628761147,-373.6805973762756,167.25043339550098,753.6636226451934,577.5000000000001,0.3960078248487015,0.6528240442276001,0.5602583289146423,0.6127035617828369,0.5228044986724854,0.5380618572235107,0.5408153533935547,0.5324220657348633,0.7599761486053467,0.643927812576294,0.5370217561721802,0.5660717487335205,0.5528639554977417,0.6176179647445679,0.6382854580879211,0.743079662322998,0.6212365627288818,-1.4259181022644043,0.572212815284729,0.5667650699615479,0.586691677570343,0.6439241766929626,0.778234601020813,0.5865098834037781,0.5789529085159302,0.7302467226982117,0.8266382813453674,0.6476489305496216,0.8044682741165161,0.8352559804916382,0.7073941826820374,0.2841392755508423,0.5493662357330322,0.559865415096283,0.18850578367710114,-0.24638941884040833,0.3829174339771271,0.5458778738975525,0.33046555519104004,0.7457934021949768,-0.6970986127853394
6245.0,124.89900000000004,26.35217418479583,209.7617678039032,386.5459414287057,699075.2185782809,26.351975000000014,209.63718300000005,386.5459900000001,699170.7794840003,-0.0066371115427348,-9.592813144308668,0.0016189149622008,19200.000000000007,-0.0001991847958281,0.0002154018472317,4.857129444856759e-05,0.0,0.0046845946701647,-4.150414451383415,-9.62280583367809,-0.5562363945755184,8.119699126372254e-07,2.987564666965004,19199.6227010576,64.4183395823886,0.002,3.419644047953911,-1.661926564822866,-1.0573907067070172,6.0,10.0,180.0,0.4169763600404799,-4.550127306083461,-0.0698150916555349,-3.291522560230677,-654.6707814380574,-373.96929868813777,167.31821669775047,753.9543113225967,577.5750000000002,0.4169763600404799,0.6512089371681213,0.5860346555709839,0.6373357772827148,0.5495926141738892,0.5673549175262451,0.5661281943321228,0.5549733638763428,0.7857946157455444,0.6718746423721313,0.5676150321960449,0.5913403630256653,0.5768605470657349,0.6420903205871582,0.6636865139007568,0.7589820623397827,0.6455479860305786,-1.4339747428894043,0.619321882724762,0.5940000414848328,0.6157180666923523,0.6531184315681458,0.807030975818634,0.5971847176551819,0.5803605318069458,0.7412278056144714,0.8415445685386658,0.6507269740104675,0.8089926242828369,0.8492754697799683,0.7134946584701538,0.33945250511169434,0.5650482773780823,0.5865041017532349,0.21051691472530365,-0.22319436073303223,0.3830552399158478,0.5632509589195251,0.3541080355644226,0.7472400069236755,-0.7540000677108765
6246.0,124.91900000000004,26.35205166910248,209.5694587467929,386.545965790812,699459.2188146517,26.351975000000014,209.4451830000001,386.5459900000001,699554.7794840003,-0.0025610439272939,-9.58252020612185,0.000806280679181,19200.000000000007,-7.666910246814448e-05,0.000524551760936,2.420918814961721e-05,0.0,-0.011241973548943,1.4126985863181154,-9.622294453989491,0.7387492571598774,0.0056033047657674,1.8312182075416328,19200.18755431245,34.42056906940995,0.002,3.3221563695795666,-1.6641464359624976,-1.0462352737271328,6.0,10.0,180.0,0.4208523438335693,-4.475179184410108,-0.0649267208734155,-3.3048298629452404,-655.0548907190287,-373.5566493440689,167.34910834887523,754.0836556612983,577.6500000000001,0.4208523438335693,0.6513855457305908,0.559299886226654,0.61116623878479,0.5197594165802002,0.5364241600036621,0.5346418023109436,0.5369453430175781,0.7591550350189209,0.649272620677948,0.5368587374687195,0.5624140501022339,0.5514744520187378,0.6137009859085083,0.6333020925521851,0.7176980376243591,0.6122808456420898,-1.5710468292236328,0.5956687927246094,0.5629435777664185,0.5951805114746094,0.6483893990516663,0.7822180390357971,0.5788910984992981,0.5816733837127686,0.7298468947410583,0.8184939026832581,0.6463242173194885,0.8091084957122803,0.8346911668777466,0.7097780704498291,0.2842952013015747,0.5495902299880981,0.5597092509269714,0.19663670659065247,-0.2806708812713623,0.3735314905643463,0.5433687567710876,0.3258633613586426,0.7087191343307495,-0.6814958453178406
6247.0,124.93900000000004,26.35204690488893,209.3775299688589,386.5459911047495,699843.2180520535,26.351975000000014,209.2531830000001,386.5459900000001,699938.7794840003,-0.0023926602141208,-9.58489734858396,-3.713642845206405e-05,19200.000000000007,-7.1904888919706e-05,0.0004530285809851,-1.104749360900239e-06,0.0,-0.0148942976387174,-1.406107611645,-9.572503442789538,7.569407302888121,0.0024538453746347,1.34416521569646,19200.08361369132,81.54968247761686,0.002,3.2662579362917192,-1.7224716827026865,-1.0561014720063298,6.0,10.0,180.0,0.4306455998348196,-4.485538347901487,-0.0669003369805509,-3.2935047899227508,-654.7454453595144,-372.4213246720344,167.1555541744376,753.2533278306491,577.7250000000001,0.4306455998348196,0.6469675898551941,0.5797945261001587,0.6333638429641724,0.5352540612220764,0.5643267631530762,0.5498851537704468,0.5641880035400391,0.780074954032898,0.6803375482559204,0.5585419535636902,0.5861452221870422,0.5744819641113281,0.6349482536315918,0.6540966629981995,0.6902288198471069,0.6265440583229065,-1.6565792560577393,0.6706647872924805,0.5868480205535889,0.6433900594711304,0.6551541686058044,0.8073366284370422,0.5750269293785095,0.5865674018859863,0.7356101274490356,0.8188517689704895,0.6491810083389282,0.815373420715332,0.8446311950683594,0.7179625034332275,0.20755518972873688,0.5656139850616455,0.5847871899604797,0.2390059381723404,-0.2699192464351654,0.36437323689460754,0.5594512820243835,0.34866398572921753,0.6513810753822327,-0.6789413690567017
6248.0,124.95900000000005,26.351835760766686,209.18596968199125,386.5460212882498,700227.2226473701,26.351975000000014,209.06118300000009,386.5459900000001,700322.7794840003,0.0046401543615723,-9.599549392804024,-0.0010449671368687,19200.000000000007,0.0001392392333218,1.3416900023182475e-05,-3.128824962277952e-05,0.0,-0.0009788160605619,1.825806666514008,-9.6015755762832,0.2934330416682151,0.0112232304842229,0.0569118091725275,19200.29014566265,-38.66538263793618,0.002,3.204393038526577,-1.7668043187522158,-1.045584826140598,6.0,10.0,180.0,0.4053042981987671,-4.511776310564104,-0.0698626035265578,-3.2791817053419203,-654.6552226797572,-372.7981623360172,167.18027708721883,753.3606639153245,577.7250000000001,0.4053042981987671,0.6517881155014038,0.5548136234283447,0.6082111597061157,0.5138197541236877,0.5334452390670776,0.5330446362495422,0.5354686379432678,0.7542225122451782,0.6453012824058533,0.5300686359405518,0.5604509115219116,0.5484765768051147,0.6113117933273315,0.6306047439575195,0.7125469446182251,0.6103825569152832,-1.5679655075073242,0.5863984823226929,0.5602084398269653,0.5938035249710083,0.6474394798278809,0.7769684195518494,0.5773589611053467,0.5820019841194153,0.7278963923454285,0.8163970112800598,0.6467267870903015,0.8076590299606323,0.832195520401001,0.7092064619064331,0.26174914836883545,0.5474778413772583,0.5551947951316833,0.19746778905391693,-0.263072669506073,0.37544968724250793,0.5419967770576477,0.3246326446533203,0.7044399976730347,-0.6592027544975281
6249.0,124.97900000000004,26.35172357414359,208.99396178208568,386.5459823172442,700611.2198116832,26.351975000000014,208.86918300000008,386.5459900000001,700706.7794840003,0.008379713116243,-9.599288975537045,0.0002521732613382,19200.000000000007,0.0002514258564163,2.1314986657262263e-05,7.682755865232942e-06,0.0,-0.0146323985567885,2.749738568773229,-9.576400667718946,5.250799513301622,0.0099944602824337,-0.5442031821311598,19199.741599971738,107.26795993104402,0.002,3.290377480131541,-1.8307901853342807,-1.0481959932638965,6.0,10.0,180.0,0.3887028701868379,-4.538025269646408,-0.0688846845483323,-3.2884609798808206,-654.5876113398785,-372.11708116800855,167.08813854360943,752.9653319576623,577.7250000000001,0.3887028701868379,0.6490669846534729,0.555404782295227,0.6095786094665527,0.5094815492630005,0.5359507203102112,0.5277327299118042,0.543759822845459,0.7543562650680542,0.6499522924423218,0.5293960571289062,0.5611070394515991,0.5506187677383423,0.6107445955276489,0.6288411021232605,0.6751588582992554,0.6029155850410461,-1.715684175491333,0.6232183575630188,0.560058057308197,0.6132991909980774,0.6501926183700562,0.7832726240158081,0.5668635964393616,0.5858933925628662,0.7282034158706665,0.8051908612251282,0.6461257338523865,0.8119955658912659,0.8329665660858154,0.7126333713531494,0.21617986261844635,0.5499402284622192,0.5580317378044128,0.21678520739078522,-0.2878754436969757,0.36460497975349426,0.5422329902648926,0.3248353600502014,0.6503420472145081,-0.6255158185958862
6250.0,124.99900000000004,26.351866445669124,208.8024063189107,386.5460243627962,700995.2202595982,26.351975000000014,208.67718300000007,386.5459900000001,701090.7794840003,0.0036249260071711,-9.614104783365237,-0.0011490005259212,19200.000000000007,0.000108554330887,-0.0004232222267154,-3.436279687048049e-05,0.0,0.0087740209786608,-0.7999318350818916,-9.577152245956592,2.325169862542181,0.0034289316092375,-2.263410186927266,19200.2055434464,-42.928087482825006,0.002,3.4072176757947057,-1.7896950949065198,-1.0631610586482478,6.0,10.0,180.0,0.3789143502560423,-4.4462945793079625,-0.0722685097777978,-3.293570772535668,-654.1063056699393,-372.5865405840043,167.04456927180473,752.7791659788311,570.3000000000001,0.3789143502560423,0.6486165523529053,0.5707131624221802,0.6206470727920532,0.5236719250679016,0.5537319779396057,0.5499125719070435,0.5560760498046875,0.7671350240707397,0.6606324315071106,0.545680046081543,0.5782719850540161,0.5623390674591064,0.626507580280304,0.6452090740203857,0.6911382079124451,0.6214508414268494,-1.6591989994049072,0.6249363422393799,0.576764702796936,0.6184907555580139,0.6525048017501831,0.7861816883087158,0.5798311829566956,0.5851585865020752,0.7269404530525208,0.820225715637207,0.6505826711654663,0.8104954361915588,0.8371284604072571,0.7091489434242249,0.23387278616428375,0.5563173890113831,0.5690717697143555,0.22037746012210846,-0.251584529876709,0.37877246737480164,0.5546316504478455,0.34073102474212646,0.7038565874099731,-0.6832334995269775
6251.0,125.01900000000003,26.35209190460292,208.61062123464845,386.5459930212746,701379.2196757484,26.351975000000014,208.4851830000001,386.5459900000001,701474.7794840002,-0.0038965841710885,-9.621266923365322,-0.0001028746430346,19200.000000000007,-0.0001169046029113,-0.0006378350641582,-3.021276524568751e-06,0.0,0.018299592678193,0.3122075164468361,-9.5783668198798,-3.7191538687322967,-0.0031695023856685,-3.1123481008341662,19200.03350571804,38.670965522562646,0.002,3.4202191168446867,-1.7235335376303225,-1.0580140277911525,6.0,10.0,180.0,0.3920723329489814,-4.433216341260305,-0.0722464333804621,-3.302778023941414,-653.6956528349697,-373.1687702920021,167.02828463590237,752.7110829894156,570.3000000000001,0.3920723329489814,0.652275025844574,0.5552682876586914,0.6072734594345093,0.5135529041290283,0.5368771553039551,0.5433249473571777,0.5331274271011353,0.7529573440551758,0.6359890103340149,0.5297982096672058,0.5655150413513184,0.5483672618865967,0.6151368021965027,0.634676992893219,0.7198038101196289,0.6171249151229858,-1.4864997863769531,0.5628962516784668,0.5636463165283203,0.5856480002403259,0.6410325169563293,0.7640902996063232,0.5852822661399841,0.5816205739974976,0.7198871970176697,0.8236104846000671,0.6499761343002319,0.8023160099983215,0.83504319190979,0.7035954594612122,0.22964967787265778,0.545884370803833,0.5526048541069031,0.19130423665046692,-0.23138651251792908,0.39012572169303894,0.5460411906242371,0.3296055793762207,0.7571351528167725,-0.682774543762207
6252.0,125.03900000000004,26.352127031624224,208.41822469688967,386.5460008306509,701763.2217154806,26.351975000000014,208.29318300000008,386.5459900000001,701858.7794840003,-0.0050663833479244,-9.608049156589008,-0.0003641214894671,19200.000000000007,-0.0001520316242144,-0.0002414964774414,-1.0830642871956417e-05,0.0,-0.0102410838419011,2.1372119382603723,-9.644283223720848,-2.081046415584372,-0.0024312033404051,-2.1934017100538803,19200.23864356298,-30.01836601108555,0.002,3.3808187561938703,-1.6797921207811146,-1.0486908928661784,6.0,10.0,180.0,0.4140237505548975,-4.520567847425616,-0.0703037520369109,-3.2853303739790705,-654.7998264174848,-373.5453851460011,167.2961423179512,753.8565414947077,577.7250000000001,0.4140237505548975,0.6549166440963745,0.5518425703048706,0.6061859130859375,0.5088037848472595,0.5316474437713623,0.5371138453483582,0.5314213037490845,0.7509530782699585,0.6374545097351074,0.5255533456802368,0.5580209493637085,0.5443082451820374,0.6083999872207642,0.6276567578315735,0.7168612480163574,0.6094712018966675,-1.4771792888641357,0.5622957944869995,0.5567924976348877,0.5883227586746216,0.6445392966270447,0.7696810364723206,0.5816709399223328,0.5834697484970093,0.7277712821960449,0.8194344639778137,0.6492608189582825,0.8062903881072998,0.832062840461731,0.7096123099327087,0.2595639228820801,0.5441670417785645,0.5479444265365601,0.1932383030653,-0.2446264922618866,0.3817848265171051,0.5410494208335876,0.32276320457458496,0.7203707098960876,-0.6431964039802551
6253.0,125.059,26.352107199950687,208.22594845930544,386.54601678123424,702147.2219111437,26.351975000000014,208.10118300000008,386.5459900000001,702242.7794840003,-0.0044074295194872,-9.598842156931402,-0.0008900208812019,19200.000000000007,-0.0001321999506754,3.45408505867165e-05,-2.678118965081156e-05,0.0,-0.0051155604008898,-0.3117147594132767,-9.560557386736493,0.7369225562494257,-0.0049057552917466,-2.388277648154813,19199.946761002742,-4.312382166546644,0.002,3.404323541683563,-1.662127794659502,-1.052220339413343,6.0,10.0,180.0,0.4267677544520055,-4.49415113109132,-0.0688511129169499,-3.281740731755203,-654.2919132087425,-372.5591925730005,167.07907115897558,752.9267707473539,577.7250000000001,0.4267677544520055,0.6521914005279541,0.5664001703262329,0.6204071044921875,0.5204312801361084,0.5491236448287964,0.5475153923034668,0.5489681959152222,0.7633544206619263,0.6563754081726074,0.5385336875915527,0.5754064321517944,0.5601818561553955,0.6244646310806274,0.6441807746887207,0.7141590118408203,0.6237174868583679,-1.531578540802002,0.6009085774421692,0.5743705630302429,0.612957775592804,0.6510925889015198,0.7861484885215759,0.5832997560501099,0.5839753746986389,0.7324873208999634,0.8226761817932129,0.6504594087600708,0.8087410926818848,0.8384577035903931,0.7124501466751099,0.24606181681156158,0.5550276041030884,0.5654480457305908,0.21533451974391937,-0.2272062599658966,0.3806319534778595,0.5527018904685974,0.34080082178115845,0.704797625541687,-0.6512502431869507
6254.0,125.07900000000002,26.35200480036296,208.0343673303996,386.5459794797759,702531.2218268826,26.351975000000014,207.90918300000007,386.5459900000001,702626.7794840003,-0.0009896676396412,-9.612826774088555,0.0003158687159296,19200.000000000007,-2.980036295141329e-05,-0.0003842276700199,1.0520155532219046e-05,0.0,0.0141672548751529,3.2383337520727777,-9.61816188592503,-5.001508548406022,-0.0082727225086151,1.349909341197812,19199.89579616868,-42.94092922308808,0.002,3.3482143313285224,-1.659971952297215,-1.0422007865977572,6.0,10.0,180.0,0.4214478384898334,-4.479008175853361,-0.06834862987512,-3.28538337907129,-654.3274566043713,-373.6555962865002,167.2125355794878,753.500885373677,577.7250000000001,0.4214478384898334,0.653766393661499,0.538029670715332,0.5928850769996643,0.5051307082176208,0.5136739015579224,0.5213789939880371,0.5094589591026306,0.7407525777816772,0.6205681562423706,0.5154473185539246,0.5445411801338196,0.5333125591278076,0.5976642370223999,0.6179417371749878,0.7413688898086548,0.6030687689781189,-1.397791862487793,0.530120849609375,0.5448624491691589,0.5584429502487183,0.6328274011611938,0.7562608122825623,0.5776581764221191,0.5763881206512451,0.7211339473724365,0.817573606967926,0.6445104479789734,0.79949951171875,0.8227563500404358,0.701508104801178,0.2432297021150589,0.5358895659446716,0.5390587449073792,0.16392117738723755,-0.26202648878097534,0.3822239339351654,0.5305539965629578,0.30912524461746216,0.7534779906272888,-0.6745419502258301
6255.0,125.09900000000005,26.35201874256956,207.84219514639364,386.5459883133777,702915.221318176,26.351975000000014,207.7171830000001,386.5459900000001,703010.7794840003,-0.0014532433459194,-9.607056491539154,5.721673726949601e-05,19200.000000000007,-4.374256955090018e-05,-0.000211942470243,1.686355804379835e-06,0.0,-0.0071117231715557,-0.2442778443979428,-9.592037047662446,-4.092714685744608,-0.0044237606364457,1.281687890340001,19200.37712458925,-4.319877861803176,0.002,3.333904660001581,-1.7016688979527896,-1.034326943529342,6.0,10.0,180.0,0.4316529262652976,-4.482261521319802,-0.0683348745128082,-3.289502386378933,-654.4542283021856,-373.0507981432502,167.1687677897439,753.3114426868385,577.7250000000001,0.4316529262652976,0.6539682745933533,0.5620743036270142,0.6140499114990234,0.5260924100875854,0.5390281677246094,0.5436425805091858,0.5296525955200195,0.7600845694541931,0.6420846581459045,0.5379599928855896,0.5679359436035156,0.5543020963668823,0.6196057796478271,0.6407850384712219,0.7574143409729004,0.625221848487854,-1.3630311489105225,0.5618389844894409,0.5687782764434814,0.5827047824859619,0.641758382320404,0.7772879004478455,0.5899695158004761,0.5778974294662476,0.7314395904541016,0.8300175666809082,0.6481183171272278,0.8029544353485107,0.8377212285995483,0.7068507671356201,0.294258713722229,0.5510101318359375,0.5611585378646851,0.18468528985977173,-0.22919711470603943,0.38842371106147766,0.5479603409767151,0.33332449197769165,0.7642938494682312,-0.7019180059432983
6256.0,125.11900000000004,26.35194742124997,207.6500585177556,386.5460048084804,703299.2264327706,26.351975000000014,207.5251830000001,386.5459900000001,703394.7794840003,0.0009204173143965,-9.602509994494454,-0.0004958896660487,19200.000000000007,2.757875003305337e-05,-7.541734311059057e-05,-1.4808169166647598e-05,0.0,0.0102500241065807,0.0624236284185284,-9.631597577208236,-1.655439158701349,0.0007265397398195,1.2748813149942386,19200.1366695508,-51.464111927331146,0.002,3.3800121478088143,-1.718287340371191,-1.0436571416766252,6.0,10.0,180.0,0.4252529584695648,-4.524201775829919,-0.0707887883208112,-3.2530420832792344,-654.6376141510927,-373.9818990716251,167.31338389487195,753.9322213434193,577.7250000000001,0.4252529584695648,0.6523609161376953,0.5621633529663086,0.6141232252120972,0.5234307050704956,0.539952278137207,0.5419355630874634,0.5360773801803589,0.7626239061355591,0.6474769711494446,0.5395230054855347,0.5664589405059814,0.5535921454429626,0.617970883846283,0.6382693648338318,0.7363112568855286,0.620582103729248,-1.4559731483459473,0.581060528755188,0.5674070119857788,0.5911123752593994,0.6463012099266052,0.781819760799408,0.586070716381073,0.5802119970321655,0.7314895987510681,0.8264886736869812,0.6478249430656433,0.8060822486877441,0.8358767628669739,0.708888053894043,0.2883119583129883,0.5494859218597412,0.5607218146324158,0.19224895536899567,-0.2514181137084961,0.3794901669025421,0.5457679629325867,0.3297971487045288,0.733092188835144,-0.6990955471992493
6257.0,125.13900000000004,26.352006845940384,207.45752151682183,386.5460047537894,703683.2275792335,26.351975000000014,207.33318300000005,386.5459900000001,703778.7794840002,-0.0010659781241331,-9.584619251147805,-0.0004943767872347,19200.000000000007,-3.18459403734354e-05,0.0004614807624544,-1.475240082088612e-05,0.0,0.0112231029290568,-1.5247768001140587,-9.61306582442776,5.986659650446112,-0.0046221307340641,-1.5251511412720882,19199.77488288893,-42.857927877777286,0.002,3.399729407822258,-1.72155812559004,-1.039837984370637,6.0,10.0,180.0,0.4252814451259577,-4.525463255302085,-0.0742292914306809,-3.239183288912906,-654.4998070755464,-374.1849495358125,167.308691947436,753.9131106717097,577.7250000000001,0.4252814451259577,0.6485102772712708,0.5776230692863464,0.6311534643173218,0.5274221897125244,0.5630419850349426,0.5536437034606934,0.564948558807373,0.7782789468765259,0.6761246919631958,0.5534929633140564,0.5840011835098267,0.5697983503341675,0.6323142051696777,0.6511342525482178,0.6853228807449341,0.6258722543716431,-1.621265172958374,0.654045820236206,0.5838321447372437,0.6414886116981506,0.6577573418617249,0.8027883172035217,0.5778048634529114,0.5884346961975098,0.7362626791000366,0.8211051821708679,0.651401698589325,0.8148313760757446,0.8450939059257507,0.718713641166687,0.19867391884326935,0.5598998069763184,0.5768089890480042,0.23831389844417572,-0.25588178634643555,0.3658015727996826,0.5568276047706604,0.34600943326950073,0.6536694765090942,-0.6664522886276245
6258.0,125.15900000000003,26.352047045619106,207.2658295465797,386.5459627256409,704067.2265479481,26.351975000000014,207.14118300000004,386.5459900000001,704162.7794840003,-0.00240389043063,-9.594877248057358,0.0009058727864813,19200.000000000007,-7.204561909619722e-05,0.0001536522806252,2.7275331424145143e-05,0.0,-0.0007267035672231,-3.175827186044038,-9.602298014586228,-4.638115344753484,-0.0041285818306085,2.144434178127644,19199.912030693227,-25.81095418036236,0.002,3.3919398090296884,-1.7207421199309518,-1.047564349530962,6.0,10.0,180.0,0.4345644967946664,-4.48754829856636,-0.0717959658961204,-3.2479130633025064,-654.5379035377732,-373.70347476790624,167.260845973718,753.7070553358549,577.7250000000001,0.4345644967946664,0.6539687514305115,0.5786510705947876,0.62823885679245,0.5425843000411987,0.5558044910430908,0.5609471797943115,0.5397584438323975,0.7756834626197815,0.6546660661697388,0.5556515455245972,0.5831869840621948,0.5678299069404602,0.6346156597137451,0.6567995548248291,0.7785627245903015,0.6425419449806213,-1.2791945934295654,0.5765202045440674,0.5852282047271729,0.5937131643295288,0.6450467705726624,0.7923904061317444,0.600760281085968,0.5783495903015137,0.7382352352142334,0.8422808051109314,0.650540828704834,0.8032922148704529,0.8489995002746582,0.7097340822219849,0.330135703086853,0.5593266487121582,0.5756917595863342,0.1920713484287262,-0.20849984884262085,0.3924873173236847,0.5584341287612915,0.3480501174926758,0.7844842076301575,-0.7444480061531067
6259.0,125.17900000000004,26.352046056418725,207.0740792229008,386.5459777267168,704451.225498274,26.351975000000014,206.9491830000001,386.5459900000001,704546.7794840003,-0.0023684149798214,-9.603206578546509,0.0004143363309446,19200.000000000007,-7.105641871809308e-05,-9.622311417921126e-05,1.2372470184335467e-05,0.0,-0.0024402112353057,-1.7696079180574196,-9.58958852327631,-0.0628289530450297,-0.001004492007188,0.6686857568716496,19199.69065324404,-34.429159955627746,0.002,3.4193786709514,-1.7125775538780792,-1.045944485779403,6.0,10.0,180.0,0.4399108045419278,-4.456602600107369,-0.073248610032038,-3.2622687882068897,-654.4449517688865,-373.2007373839531,167.183922986859,753.3770276679275,577.7250000000001,0.4399108045419278,0.6516851186752319,0.5750903487205505,0.6262465119361877,0.533234715461731,0.5547642707824707,0.5529393553733826,0.549484372138977,0.7725685834884644,0.6614843606948853,0.5505161881446838,0.5804340839385986,0.5661495923995972,0.6306588649749756,0.6512945294380188,0.7368592023849487,0.6320309042930603,-1.4837044477462769,0.6061357259750366,0.5812870264053345,0.6102964878082275,0.6511023044586182,0.794262707233429,0.589681088924408,0.5814667344093323,0.7364692687988281,0.8307642340660095,0.6497943997383118,0.8083571195602417,0.8424228429794312,0.711819589138031,0.2924027442932129,0.5585825443267822,0.5738347172737122,0.2093171328306198,-0.2307332158088684,0.38132771849632263,0.5559267401695251,0.3445884585380554,0.7268052697181702,-0.701387882232666
6260.0,125.19900000000004,26.35201662851949,206.88181521604207,386.5459717636176,704835.2242793762,26.351975000000014,206.75718300000008,386.5459900000001,704930.7794840003,-0.0013849782286715,-9.594404779514356,0.0006085172180937,19200.000000000007,-4.162851948278438e-05,0.0001677822977358,1.823494065850359e-05,0.0,-0.0009419362957419,-0.4244707527972274,-9.62083221771828,3.0499772140041825,0.0002519650984575,2.0749183855177904,19199.86311639194,30.08057615323925,0.002,3.4184277667880747,-1.688176806578786,-1.0473551368800038,6.0,10.0,180.0,0.4409074053877816,-4.556061378572472,-0.0717631078975915,-3.266913973273,-654.7274758844433,-373.50336869197656,167.2764614934295,753.7725138339638,577.7250000000001,0.4409074053877816,0.6494582891464233,0.5714753270149231,0.62232506275177,0.5290260314941406,0.5501682758331299,0.5438337326049805,0.5502274036407471,0.7711896896362305,0.6646595001220703,0.5490406155586243,0.5740368366241455,0.5625525712966919,0.6246188879013062,0.6443041563034058,0.7129559516906738,0.6215441226959229,-1.595935344696045,0.6262568235397339,0.5752066969871521,0.6142174601554871,0.6535589098930359,0.7958919405937195,0.5796523690223694,0.5829081535339355,0.7337300777435303,0.8220380544662476,0.6475973725318909,0.8113375306129456,0.8402262926101685,0.7129583954811096,0.2743229866027832,0.556315004825592,0.5716838836669922,0.21261988580226898,-0.2693057060241699,0.3701336085796356,0.5508044362068176,0.3362513780593872,0.691041886806488,-0.6952290534973145
6261.0,125.21900000000002,26.352094769201784,206.6900794804525,386.5459738114744,705219.2226575926,26.351975000000014,206.56518300000008,386.5459900000001,705314.7794840003,-0.0039894733919458,-9.603218032799678,0.0005454016203898,19200.000000000007,-0.0001197692017754,-9.648137941594182e-05,1.6188100927634205e-05,0.0,-0.0100252214773253,-1.774911652237804,-9.588839471305567,1.89500302565578,0.0046519725733087,1.8313239553871967,19200.08484847441,68.75232175809829,0.002,3.4083483493569937,-1.7077301934707043,-1.041599146530228,6.0,10.0,180.0,0.4531359539672476,-4.480871017089789,-0.0707829118584468,-3.2946149141249244,-654.6757379422216,-372.8256843459883,167.18773074671475,753.3922569169819,577.7250000000001,0.4531359539672476,0.6503157615661621,0.5787783265113831,0.6288338303565979,0.5367441177368164,0.5576753616333008,0.5521662831306458,0.5534777045249939,0.7758216857910156,0.6681563258171082,0.5550163388252258,0.582359790802002,0.5693827867507935,0.6325459480285645,0.6529525518417358,0.7295494675636292,0.6315159797668457,-1.5483248233795166,0.6249486207962036,0.583625316619873,0.6174958348274231,0.6537373065948486,0.8001980185508728,0.5861294865608215,0.582068920135498,0.7370614409446716,0.8285918235778809,0.6489771008491516,0.8107165098190308,0.8430954217910767,0.7130398750305176,0.29321444034576416,0.5615512132644653,0.5786479115486145,0.21512071788311005,-0.24460989236831665,0.37698349356651306,0.5573539137840271,0.3459564447402954,0.71138596534729,-0.7057828903198242
6262.0,125.23900000000006,26.351991038748064,206.4982078037132,386.5459785949897,705603.2233323969,26.351975000000014,206.37318300000007,386.5459900000001,705698.7794840003,-0.000503313178221,-9.60747168829742,0.0003829418813637,19200.000000000007,-1.6038748057716728e-05,-0.0002246010434845,1.1405269758295447e-05,0.0,-0.0046235091897994,-0.06881088389542,-9.58326939150915,4.764141887065774,0.0053498777881222,2.925581275532949,19200.11799048531,85.85782430683874,0.002,3.3891494950285046,-1.7014863621851282,-1.0523037833821078,6.0,10.0,180.0,0.4482515267238991,-4.465316648246752,-0.0737345857732648,-3.2694443345465465,-654.4808689711108,-372.5813421729941,167.11986537335736,753.1021284584909,570.3000000000001,0.4482515267238991,0.6455780267715454,0.5711978673934937,0.6185594797134399,0.5300155282020569,0.5492799878120422,0.5390579104423523,0.5515532493591309,0.7692029476165771,0.6620045304298401,0.5510784983634949,0.5736185312271118,0.5624688863754272,0.6236264705657959,0.6425176858901978,0.6910223960876465,0.6156063079833984,-1.727685570716858,0.6468283534049988,0.5740402936935425,0.6144838333129883,0.6521094441413879,0.7924160361289978,0.5725330710411072,0.5825610160827637,0.7255133390426636,0.8151845932006836,0.6458359956741333,0.8116520643234253,0.835549533367157,0.7077580690383911,0.2526986598968506,0.5575116872787476,0.5741056799888611,0.2136143296957016,-0.30380046367645264,0.36887630820274353,0.5510783195495605,0.33434349298477173,0.6930341124534607,-0.7179406881332397
6263.0,125.25900000000004,26.35194325856117,206.3060664685284,386.5459881888802,705987.2277251426,26.351975000000014,206.1811830000001,386.5459900000001,706082.7794840003,0.0010602379469748,-9.602781402914722,5.777961010171879e-05,19200.000000000007,3.1741438840172175e-05,-8.336515429758577e-05,1.8112104325810545e-06,0.0,-0.0107571765013763,0.6194772228066914,-9.614544131345417,-1.7699994501099272,0.0097780733603679,0.4374742580563303,19200.066688525265,-51.53361483640083,0.002,3.4130811642146512,-1.6856488471133777,-1.0633689940378184,6.0,10.0,180.0,0.4472825459162168,-4.483467499093057,-0.0742367105149372,-3.260698899609489,-654.8624344855555,-372.75517108649706,167.21743268667868,753.5190642292455,570.3000000000001,0.4472825459162168,0.6513708829879761,0.5619748830795288,0.6103620529174805,0.5231307148933411,0.5394818186759949,0.5420085191726685,0.5366577506065369,0.7584758400917053,0.6435187458992004,0.5397777557373047,0.5662250518798828,0.552334725856781,0.6165592670440674,0.6360142827033997,0.7205339670181274,0.6156864762306213,-1.5766773223876953,0.5852105021476746,0.5656037926673889,0.5885027647018433,0.6445764899253845,0.7734885811805725,0.5841111540794373,0.5810586214065552,0.7239288091659546,0.8227251172065735,0.6481207609176636,0.8067003488540649,0.8330671191215515,0.7042253017425537,0.28856003284454346,0.5509321689605713,0.5600660443305969,0.19170500338077545,-0.267129510641098,0.3854101300239563,0.5476121306419373,0.3293403387069702,0.7503497004508972,-0.7074612379074097
6264.0,125.27900000000004,26.35195615309281,206.1138791067583,386.54601176440485,706371.2257868799,26.351975000000014,205.98918300000005,386.5459900000001,706466.7794840003,0.0006609569637604,-9.596532861269528,-0.0007228466109722,19200.000000000007,1.8846907192946706e-05,0.0001039931256555,-2.1764453200918505e-05,0.0,0.0038901316107161,1.762394305944563,-9.605214119796132,2.561683935648722,0.0041515607220465,-3.3064940640604705,19199.981832478486,51.45163201894586,0.002,3.4475799832200344,-1.6512606116198976,-1.0601198924491932,6.0,10.0,180.0,0.4428860880381284,-4.516633267089788,-0.0732482121312234,-3.256598499767411,-654.6627172427777,-373.1925855432485,167.22721634333934,753.5625321146227,570.3000000000001,0.4428860880381284,0.6494990587234497,0.5569689273834229,0.6086544394493103,0.5090819001197815,0.5400416851043701,0.5380659103393555,0.5472404956817627,0.7551480531692505,0.645362913608551,0.5321778059005737,0.564508318901062,0.5497385263442993,0.6128351092338562,0.6304371953010559,0.6704999804496765,0.6057295799255371,-1.7178417444229126,0.6112143397331238,0.5618480443954468,0.6090070605278015,0.65069180727005,0.7741840481758118,0.5720742344856262,0.5872359871864319,0.7203298807144165,0.8105875849723816,0.6495315432548523,0.8113052845001221,0.8321397304534912,0.7086078524589539,0.21518553793430328,0.5482272505760193,0.5550814270973206,0.21391262114048004,-0.28210732340812683,0.3744446635246277,0.5451757311820984,0.3269262909889221,0.6875926852226257,-0.6501264572143555
6265.0,125.29900000000002,26.351942475504483,205.9221033791103,386.5460046809775,706755.2238302331,26.351975000000014,205.79718300000008,386.5459900000001,706850.7794840003,0.0010811495664403,-9.604008973512446,-0.0004956482650129,19200.000000000007,3.252449552132971e-05,-0.0001203821797666,-1.4680987822317685e-05,0.0,-0.001475816812589,2.5057204377556874,-9.58395522550583,-1.2245833277008018,0.0063231846568333,-3.3565746366657168,19200.068321062765,-4.283257889803368,0.002,3.394985288780317,-1.6576035886684992,-1.0577481237747506,6.0,10.0,180.0,0.4423802573164287,-4.480381188795346,-0.0722580189079361,-3.286870549711806,-654.4218586213889,-372.88429277162425,167.14260817166968,753.2002660573114,577.7250000000001,0.4423802573164287,0.6539008617401123,0.547741174697876,0.603811502456665,0.5035747289657593,0.5292730927467346,0.5329728722572327,0.5319547057151794,0.7465025186538696,0.6367865204811096,0.5197299122810364,0.5573046207427979,0.5430219769477844,0.6072095036506653,0.6261781454086304,0.7066251635551453,0.6073648929595947,-1.5208284854888916,0.5651522278785706,0.5553454756736755,0.5909561514854431,0.6449071168899536,0.7667140364646912,0.5769771933555603,0.5835475921630859,0.7247463464736938,0.8147715330123901,0.6486830711364746,0.8058674335479736,0.8294042348861694,0.7090528011322021,0.22663094103336334,0.5434208512306213,0.5464816689491272,0.19744379818439484,-0.2431603968143463,0.3803747594356537,0.5401265621185303,0.3231450915336609,0.7080619931221008,-0.6231345534324646
6266.0,125.31900000000005,26.35206639392741,205.7299088389196,386.54597750208086,707139.2218065739,26.351975000000014,205.60518300000007,386.5459900000001,707234.7794840003,-0.003049877151185,-9.597523249960178,0.0004151245090259,19200.000000000007,-9.139392740050751e-05,7.425788945716347e-05,1.249792111441498e-05,0.0,-0.0033927524164325,-3.412870415084187,-9.576646838534687,5.370353232115733,-0.0038760835978446,-0.4189188386724055,19199.861453878028,60.14820856406582,0.002,3.3477454998803817,-1.6869876503046586,-1.0495648062243403,6.0,10.0,180.0,0.4545884512457389,-4.510206518470782,-0.0712844239955296,-3.306407001021316,-654.2554293106945,-372.5481463858121,167.07030408583483,752.8891330286557,577.7250000000001,0.4545884512457389,0.6485511064529419,0.5860168933868408,0.6412667632102966,0.5413132309913635,0.5742225050926208,0.5635106563568115,0.569633960723877,0.7864652872085571,0.686031699180603,0.5645128488540649,0.5958694815635681,0.5810402035713196,0.6439911127090454,0.6638808250427246,0.707984209060669,0.6393536329269409,-1.5912202596664429,0.661761999130249,0.5965274572372437,0.6476582288742065,0.6589744091033936,0.8115077018737793,0.584596574306488,0.5862605571746826,0.7400911450386047,0.8291698694229126,0.6522047519683838,0.813990592956543,0.8488904237747192,0.7187845706939697,0.23485805094242096,0.5687158107757568,0.5894277691841125,0.24243532121181488,-0.22281357645988464,0.37299349904060364,0.5661966800689697,0.35889947414398193,0.6745942234992981,-0.6887673735618591
6267.0,125.33900000000004,26.351840795163543,205.53844221291507,386.5460322052953,707523.2232368635,26.351975000000014,205.4131830000001,386.5459900000001,707618.7794840003,0.0045077306662804,-9.615305713870706,-0.0014076775392771,19200.000000000007,0.0001342048364635,-0.0004590138498629,-4.22052942522832e-05,0.0,0.0002583532413182,4.213067708639435,-9.600119383258066,-8.6006718144295,0.0004759034881202,-3.6627956216847126,19200.44437546563,-25.758826369585307,0.002,3.339935217542882,-1.7065815023757929,-1.0449809391877762,6.0,10.0,180.0,0.4365380179852756,-4.505917624631567,-0.0722728846766224,-3.2966645907497507,-654.3682146553472,-372.8790731929061,167.13165204291744,753.1510665143278,577.7250000000001,0.4365380179852756,0.6585376858711243,0.529574990272522,0.5871610641479492,0.493177592754364,0.5081022381782532,0.5243542194366455,0.4992819130420685,0.7284812927246094,0.6028391122817993,0.5013771057128906,0.5406739115715027,0.5258639454841614,0.5924175977706909,0.612338662147522,0.744184136390686,0.6008267998695374,-1.2434018850326538,0.487913578748703,0.5384639501571655,0.550606369972229,0.624673068523407,0.7392924427986145,0.5801380276679993,0.5793917179107666,0.7167109251022339,0.8190075755119324,0.6491488218307495,0.7944517135620117,0.8237159252166748,0.701145350933075,0.15954913198947906,0.5317769646644592,0.5268028974533081,0.16031630337238312,-0.2174481749534607,0.39497220516204834,0.5296933650970459,0.3085871934890747,0.7749759554862976,-0.6237064599990845
6268.0,125.35900000000004,26.35188559231556,205.3461213403669,386.5460108014876,707907.2259043271,26.351975000000014,205.22118300000005,386.5459900000001,708002.7794840003,0.0029818289511188,-9.604606625968724,-0.0006914470918629,19200.000000000007,8.940768444018712e-05,-0.0001382380828047,-2.080148734982356e-05,0.0,-0.0043987706329881,0.8507479369750254,-9.572757511752808,1.1551979406046002,-0.0041510591813042,-1.04389402535366,19200.032927681736,-0.0382777549803222,0.002,3.2911641752917973,-1.7123500856290796,-1.063053092897228,6.0,10.0,180.0,0.4321345683081635,-4.513752176838482,-0.0717858502746582,-3.274042803130888,-654.2021073276735,-372.447036596453,167.04782602145872,752.7930332571639,577.7250000000001,0.4321345683081635,0.6513836979866028,0.5602512955665588,0.6142468452453613,0.5164778828620911,0.5411326885223389,0.5386879444122314,0.5438770055770874,0.7585742473602295,0.6520618796348572,0.5336734056472778,0.5678334832191467,0.5546119213104248,0.6177521347999573,0.6372244358062744,0.7095032930374146,0.6161068081855774,-1.5768545866012573,0.5981190204620361,0.5672012567520142,0.6051839590072632,0.6496397256851196,0.7823896408081055,0.5782703757286072,0.5827906131744385,0.7295660376548767,0.8178436756134033,0.6481576561927795,0.8081386089324951,0.8347780704498291,0.7107831239700317,0.24994100630283356,0.5513861179351807,0.5607258081436157,0.20817683637142181,-0.24519899487495422,0.37664368748664856,0.5471481680870056,0.332461416721344,0.6978337168693542,-0.6512444019317627
6269.0,125.37900000000006,26.35189840112156,205.1542854413175,386.5459864135073,708291.2292440014,26.351975000000014,205.02918300000005,386.5459900000001,708386.7794840003,0.0025550962486464,-9.610072088468645,0.0001219884556663,19200.000000000007,7.659887844764293e-05,-0.0003024393988857,3.5864929121497813e-06,0.0,0.0046408799832653,0.6689231376788622,-9.621085879500118,-4.456932348537009,-0.0149032893239265,0.6127913175504369,19199.98207420212,-120.1941612081581,0.002,3.329322741458515,-1.781971322287866,-1.030800162177857,6.0,10.0,180.0,0.4276983100806129,-4.482439385194832,-0.073235352995111,-3.246355794514676,-654.5005536638367,-373.3205182982265,167.20891301072936,753.4850166285819,577.7250000000001,0.4276983100806129,0.6544119715690613,0.5556021928787231,0.6086329221725464,0.5192444324493408,0.5330926179885864,0.5394532084465027,0.5249654650688171,0.7554495334625244,0.6361835598945618,0.5316867232322693,0.5617365837097168,0.5482947826385498,0.6135591268539429,0.6343239545822144,0.7502913475036621,0.6191403269767761,-1.359971284866333,0.551774799823761,0.5622188448905945,0.5772421956062317,0.6398074626922607,0.771314799785614,0.587265133857727,0.5784062743186951,0.729000449180603,0.8271746635437012,0.6479417681694031,0.802069902420044,0.8346747756004333,0.706256628036499,0.27753180265426636,0.546406626701355,0.553906261920929,0.18070462346076965,-0.2325480580329895,0.38721024990081787,0.5434245467185974,0.3264155387878418,0.7585390210151672,-0.6890966892242432
6270.0,125.39900000000004,26.35180568504627,204.96228414279773,386.5459913592115,708675.2252272384,26.351975000000014,204.83718300000004,386.5459900000001,708770.7794840003,0.005641526261414,-9.609997737216194,-4.247109761647697e-05,19200.000000000007,0.0001693149537416,-0.0003011454777387,-1.359211357396447e-06,0.0,0.0119432315419638,2.999748335862722,-9.593276959029478,-5.004967185722824,2.392223241969444e-05,0.9750037478485708,19200.154099112013,38.61501981753739,0.002,3.4007039050359635,-1.7994550249541537,-1.0540033614726432,6.0,10.0,180.0,0.4071763506947684,-4.450098782058957,-0.0707793030783279,-3.2751204965753344,-654.1872768319183,-373.5572591491133,167.17245650536466,753.3300083142909,577.7250000000001,0.4071763506947684,0.6536807417869568,0.5388615131378174,0.5939317941665649,0.505581796169281,0.5148808360099792,0.522315502166748,0.5103259682655334,0.7407702803611755,0.621548593044281,0.515533447265625,0.5463566780090332,0.5345881581306458,0.5992684364318848,0.619621992111206,0.7423073053359985,0.6048394441604614,-1.3906493186950684,0.5310637950897217,0.5464924573898315,0.5602051019668579,0.6331009268760681,0.7565883994102478,0.5780995488166809,0.5762969255447388,0.7211993932723999,0.817937433719635,0.6446704864501953,0.7989825010299683,0.8236801624298096,0.7016133069992065,0.23736204206943512,0.5368292331695557,0.5404294729232788,0.16567933559417725,-0.2584174871444702,0.3830663859844208,0.5317847728729248,0.31164443492889404,0.7551612257957458,-0.6730020642280579
6271.0,125.41900000000004,26.35203245805115,204.7702071667232,386.5459903278493,709059.228759054,26.351975000000014,204.64518300000003,386.5459900000001,709154.7794840003,-0.0019127217430252,-9.607472953755709,-8.034258458206175e-06,19200.000000000007,-5.745805114072863e-05,-0.0002240712442048,-3.278491984180234e-07,0.0,0.0068500815991005,-1.2874366740436811,-9.625497952110702,-2.3760892647441496,0.0012056275439742,1.2245389664398103,19199.94808529887,-34.31700336892335,0.002,3.4802485416124096,-1.7344467589728945,-1.0635480143304226,6.0,10.0,180.0,0.4204184055595816,-4.483809981287602,-0.0732299396672779,-3.252061169952156,-654.5011384159592,-374.02212957455663,167.2902282526823,753.8330041571455,577.7250000000001,0.4204184055595816,0.652854323387146,0.5694960951805115,0.620604395866394,0.5305323004722595,0.5475000143051147,0.5500506162643433,0.5398709177970886,0.7686307430267334,0.6520196199417114,0.5463885068893433,0.5738056898117065,0.5597590208053589,0.6250636577606201,0.6459311246871948,0.7485976219177246,0.6292074918746948,-1.4027907848358154,0.5831859111785889,0.5750669836997986,0.5954329967498779,0.6469022631645203,0.7869297862052917,0.591751754283905,0.5799528360366821,0.7347556352615356,0.8324804902076721,0.6492605805397034,0.8058478832244873,0.84120774269104,0.7097651958465576,0.3026134967803955,0.5534496903419495,0.5669364929199219,0.1951894611120224,-0.23348793387413025,0.3835056722164154,0.5510880351066589,0.337519109249115,0.7470348477363586,-0.7137974500656128
6272.0,125.43900000000004,26.35219947986774,204.57744282435127,386.5459539000358,709443.2237880224,26.351975000000014,204.45318300000008,386.5459900000001,709538.7794840003,-0.007479858404309,-9.58198634273622,0.0012000678733563,19200.000000000007,-0.0002244798677299,0.000540375413397,3.6099964351500375e-05,0.0,0.019276918481951,-2.381577149059261,-9.62473924469299,9.148913416982897,-0.0055963932941614,-0.5495859997585446,19199.500479740826,-21.383479700587227,0.002,3.4233306776919403,-1.694736703396826,-1.049291134061656,6.0,10.0,180.0,0.4385322287875075,-4.510351979405717,-0.0708156083637643,-3.302805918165391,-654.4110692079796,-374.6700647872783,167.34661412634114,754.0765020785727,577.7250000000001,0.4385322287875075,0.6459037065505981,0.5807610750198364,0.6379433870315552,0.5330265760421753,0.5714423656463623,0.5565051436424255,0.5714648962020874,0.7856169939041138,0.6860905289649963,0.5626662373542786,0.5898804664611816,0.5765867233276367,0.637880802154541,0.6563860774040222,0.6717138886451721,0.6282263994216919,-1.6363798379898071,0.6860736608505249,0.5904359817504883,0.6583572626113892,0.6581570506095886,0.8125337958335876,0.5738330483436584,0.5901803970336914,0.7361569404602051,0.8204665184020996,0.6522118449211121,0.8170793056488037,0.8466598987579346,0.722087025642395,0.1473623663187027,0.5637919902801514,0.5851612091064453,0.25142738223075867,-0.26836487650871277,0.3575333058834076,0.5599196553230286,0.3501875400543213,0.6257264614105225,-0.6781908273696899
6273.0,125.45900000000005,26.35208113411976,204.3858993065172,386.5459764269768,709827.2220696255,26.351975000000014,204.26118300000005,386.5459900000001,709922.7794840003,-0.003539913244397,-9.597206378850505,0.0004503624869844,19200.000000000007,-0.0001061341197431,8.399862138276239e-05,1.3573023253129367e-05,0.0,-0.010018704393558,-0.7944049175976442,-9.59397759719921,-5.793197873041099,0.0014666835791686,0.6694836391362438,19200.152064298272,-21.47212808690688,0.002,3.396147402448721,-1.7119551125808976,-1.0377812630382628,6.0,10.0,180.0,0.4502272646456878,-4.444947072055674,-0.0688799604915454,-3.3166183091454435,-654.5760346039898,-373.4915323936392,167.24430706317057,753.6357510392863,577.7250000000001,0.4502272646456878,0.6554313898086548,0.5637802481651306,0.6155716180801392,0.5280233025550842,0.5407954454421997,0.5484744310379028,0.5274852514266968,0.7609573602676392,0.6398196220397949,0.5392760038375854,0.5700299739837646,0.5550956726074219,0.6216205358505249,0.6431668996810913,0.7690668106079102,0.6294455528259277,-1.261551856994629,0.5502216219902039,0.5707473754882812,0.5798149108886719,0.6395108103752136,0.7763657569885254,0.5945462584495544,0.578373908996582,0.732096791267395,0.8344494104385376,0.6495403051376343,0.8020317554473877,0.8413628935813904,0.707087516784668,0.28891754150390625,0.5513829588890076,0.5612629055976868,0.18168401718139648,-0.2179490625858307,0.3932828903198242,0.5497444272041321,0.3362070322036743,0.783612072467804,-0.7087804079055786
6274.0,125.47900000000004,26.352031142522453,204.1940281339905,386.5459884363769,710211.2248770825,26.351975000000014,204.06918300000004,386.5459900000001,710306.7794840003,-0.001873195057231,-9.601497551485076,5.296977907455307e-05,19200.000000000007,-5.614252244614185e-05,-4.512837086572476e-05,1.5636232773905535e-06,0.0,-0.0058417294762698,-2.98758326066507,-9.58642948468876,1.4640236955952997,-0.0012586239702202,0.7871259009209858,19199.810031982262,-43.00653958439297,0.002,3.425520592183503,-1.7539145855215794,-1.04542270342975,6.0,10.0,180.0,0.4541129337800885,-4.455076663068533,-0.0717942660723533,-3.3001993122669533,-654.4930173019949,-372.9262661968196,167.1621535315853,753.2833755196432,577.7250000000001,0.4541129337800885,0.6508014798164368,0.5832521915435791,0.6347252726554871,0.5407589673995972,0.5651795268058777,0.560389518737793,0.5577400326728821,0.7809776067733765,0.672440230846405,0.5598366856575012,0.5893112421035767,0.5746198892593384,0.6388518810272217,0.6595582962036133,0.7348306775093079,0.6388939619064331,-1.512000322341919,0.6274197101593018,0.5904505252838135,0.62431401014328,0.6549341678619385,0.8043894171714783,0.5907509922981262,0.5827147960662842,0.7399886250495911,0.8335822224617004,0.650967538356781,0.8106575608253479,0.8462467193603516,0.714361310005188,0.29446375370025635,0.5645067691802979,0.5830195546150208,0.22110773622989655,-0.2229783535003662,0.38034191727638245,0.5621861219406128,0.35312801599502563,0.7173389792442322,-0.7089501619338989
6275.0,125.49900000000004,26.35199105601492,204.00192076578625,386.5459912716752,710595.2254590255,26.351975000000014,203.8771830000001,386.5459900000001,710690.7794840002,-0.0005354534306109,-9.597924513489668,-4.522712955344222e-05,19200.000000000007,-1.605601490764744e-05,6.233531996805523e-05,-1.2716750715108747e-06,0.0,0.0060984685660358,-1.5309496838975163,-9.630389511102148,2.143471855375202,-0.0051178644017894,1.8367739926555384,19199.91399416045,47.2129334608314,0.002,3.454009647700826,-1.6988809315744091,-1.0537989784364017,6.0,10.0,180.0,0.4506923364993856,-4.544418405034292,-0.073228296919885,-3.2853716870618626,-654.7250086509974,-373.7601330984098,167.30557676579264,753.8976877598216,570.3000000000001,0.4506923364993856,0.6478962302207947,0.5766260623931885,0.6237367987632751,0.5348559021949768,0.5559968948364258,0.5510627031326294,0.5544707775115967,0.7751199007034302,0.6646002531051636,0.5570096373558044,0.5792099237442017,0.5656282901763916,0.6290315985679626,0.6484842300415039,0.7088509798049927,0.6247720718383789,-1.6314213275909424,0.6327883005142212,0.579764723777771,0.6132193207740784,0.652836263179779,0.793762743473053,0.5822821259498596,0.5828659534454346,0.7296636700630188,0.8255064487457275,0.6489050388336182,0.8111488223075867,0.8397689461708069,0.7086792588233948,0.28519463539123535,0.5583036541938782,0.5754503607749939,0.21151690185070038,-0.2783629894256592,0.37601718306541443,0.5550669431686401,0.3396596908569336,0.7200210094451904,-0.7353562712669373
6276.0,125.51900000000003,26.35207981405847,203.8098546065408,386.5459530110194,710979.225628779,26.351975000000014,203.68518300000005,386.5459900000001,711074.7794840003,-0.0034997356826699,-9.595715788150216,0.0012329266941833,19200.000000000007,-0.0001048140584624,0.0001284914434184,3.698898071693151e-05,0.0,-0.0095264884677418,-1.762910095440161,-9.59790429757089,0.849917365922248,0.0027139914448564,3.2941846674445188,19199.964662436985,25.81044057965454,0.002,3.3834056405724464,-1.6882094618941648,-1.0629226654005914,6.0,10.0,180.0,0.4609237121640454,-4.493173157609219,-0.0712680295046448,-3.296154075845512,-654.7700043254988,-373.1185665492049,167.2407883828963,753.6188438799109,570.3000000000001,0.4609237121640454,0.6483561992645264,0.5779238939285278,0.6239330172538757,0.5398709177970886,0.5550086498260498,0.5505510568618774,0.5505649447441101,0.7742435932159424,0.6624565124511719,0.5585131645202637,0.5800957083702087,0.5670003294944763,0.63053297996521,0.6507446765899658,0.726830005645752,0.6280828714370728,-1.6043591499328613,0.6250742077827454,0.581199049949646,0.6060667037963867,0.6504603028297424,0.792921781539917,0.585104763507843,0.5802353620529175,0.7297956943511963,0.828241765499115,0.6478309631347656,0.8095988035202026,0.8397942781448364,0.7065604329109192,0.3127915859222412,0.560343861579895,0.5782343745231628,0.20406851172447205,-0.2760597765445709,0.3804077208042145,0.5564159154891968,0.34181106090545654,0.7431369423866272,-0.7513125538825989
6277.0,125.53900000000006,26.352004668161022,203.61765946100408,386.545972341932,711363.2242387048,26.351975000000014,203.49318300000007,386.5459900000001,711458.7794840003,-0.0009922149727887,-9.589207147317287,0.0005864389421473,19200.000000000007,-2.966816101228211e-05,0.0003237390672257,1.765806802541987e-05,0.0,-0.0055994328839872,-0.0058623580633305,-9.604972438676228,3.905637431527194,0.0070764271093406,1.7073708029872072,19200.187169943027,72.96670954125395,0.002,3.3422099729239005,-1.7014608401130562,-1.038846275481503,6.0,10.0,180.0,0.4594638786009223,-4.503889965673164,-0.0717720893087148,-3.295590453127179,-654.7965021627494,-373.0442832746024,167.23739419144815,753.6049219399554,577.7250000000001,0.4594638786009223,0.6491098999977112,0.570370078086853,0.6215107440948486,0.5270802974700928,0.5494033098220825,0.5418168306350708,0.5508198738098145,0.7693970799446106,0.6654379963874817,0.5472034215927124,0.5733867883682251,0.5621119737625122,0.6236568689346313,0.6430201530456543,0.7051335573196411,0.619239866733551,-1.6246023178100586,0.6310372352600098,0.5741796493530273,0.6169851422309875,0.6534860730171204,0.7947595715522766,0.5771438479423523,0.5836770534515381,0.7332109808921814,0.8189670443534851,0.6473791599273682,0.8120377659797668,0.8396314382553101,0.7133591175079346,0.26009178161621094,0.5566688179969788,0.5713476538658142,0.21595953404903412,-0.2737477123737335,0.36873504519462585,0.5505416989326477,0.33600789308547974,0.6809259057044983,-0.683409571647644
6278.0,125.55900000000004,26.35178915882049,203.42569233884595,386.546005655227,711747.2253932215,26.351975000000014,203.3011830000001,386.5459900000001,711842.7794840003,0.0062303868675543,-9.59032067917662,-0.0005238008913461,19200.000000000007,0.0001858411795073,0.0002906624865133,-1.5655226861288278e-05,0.0,-0.0173379033618269,2.200787558630448,-9.597879782449638,3.1748973759468084,0.0124416782844782,-0.7247955355770056,19200.03283377206,-4.307671634549293,0.002,3.4139955967584616,-1.744106895968905,-1.0505836812779117,6.0,10.0,180.0,0.4409345416988887,-4.490217255917791,-0.0693397812849045,-3.3104321043953298,-654.9562510813747,-372.4926416373012,167.20669709572408,753.4709609699777,577.7250000000001,0.4409345416988887,0.6509130001068115,0.5577154755592346,0.6111445426940918,0.5127129554748535,0.5377233028411865,0.533302903175354,0.5442596077919006,0.7559995651245117,0.6510529518127441,0.5319504737854004,0.5628979802131653,0.5513590574264526,0.6126736402511597,0.6311911344528198,0.6905667185783386,0.6074850559234619,-1.6561448574066162,0.6096906661987305,0.5619499087333679,0.6082851886749268,0.6510167717933655,0.7822338342666626,0.5727149248123169,0.5853597521781921,0.7291181087493896,0.8111862540245056,0.6473789215087891,0.8117228746414185,0.8336492776870728,0.7123945355415344,0.24471904337406158,0.5504393577575684,0.5581729412078857,0.21158500015735626,-0.2762205898761749,0.3703645169734955,0.5440465807914734,0.3270397186279297,0.6738694310188293,-0.6375993490219116
6279.0,125.57900000000004,26.35196213405583,203.23365682226992,386.5460108447447,712131.2281190134,26.351975000000014,203.1091830000001,386.5459900000001,712226.7794840002,0.0004283845960017,-9.589121088627966,-0.0006929873651076,19200.000000000007,1.286594417256002e-05,0.0003263752169621,-2.08447445809424e-05,0.0,0.0082669752189,0.7928058546978974,-9.595462552467442,-0.2484914099944244,0.0053686827125022,-1.5881311030685257,19200.11920962941,47.17761345469681,0.002,3.390729316366907,-1.7024268370254647,-1.0557756271166543,6.0,10.0,180.0,0.441399690726198,-4.547357415626135,-0.0722739686138973,-3.270456386742899,-654.5116255406874,-373.0528208186506,167.18084854786204,753.3624804849889,577.7250000000001,0.441399690726198,0.6524524092674255,0.5587558746337891,0.6127644777297974,0.5153345465660095,0.5396963357925415,0.5405693054199219,0.5405465960502625,0.7577977180480957,0.6479566693305969,0.5326852798461914,0.5663414001464844,0.5522534847259521,0.616439700126648,0.6358787417411804,0.7149152755737305,0.6166315078735352,-1.517479658126831,0.5860785245895386,0.5656573176383972,0.599944531917572,0.6483655571937561,0.7789362668991089,0.5812848210334778,0.5830507278442383,0.7293970584869385,0.8205358386039734,0.648923397064209,0.8074440956115723,0.8351031541824341,0.7105190753936768,0.24968387186527252,0.5492711663246155,0.5576122999191284,0.20351925492286682,-0.24257078766822815,0.3787495195865631,0.5459949970245361,0.33087098598480225,0.7087743878364563,-0.656215250492096
6280.0,125.59900000000005,26.35195529565493,203.0416899787205,386.54600791197447,712515.2287031914,26.351975000000014,202.91718300000008,386.5459900000001,712610.7794840003,0.0006579461809538,-9.590229716231391,-0.0005975602517852,19200.000000000007,1.970434507330159e-05,0.0002931164099904,-1.7911974318238613e-05,0.0,-0.0033896090129994,1.4558326885192034,-9.575439117024594,3.051112682796344,0.004875389218353,-2.6818085633802227,19200.10269591411,-4.303453680324745,0.002,3.383406759481455,-1.6930147919766556,-1.0515286196224407,6.0,10.0,180.0,0.441854973625773,-4.496557718051916,-0.0722884466237028,-3.269983249358593,-654.2848127703437,-372.6109104093253,167.08392427393102,752.9467402424943,570.3000000000001,0.441854973625773,0.648714005947113,0.5590684413909912,0.6105045080184937,0.5118695497512817,0.5416886806488037,0.5377044677734375,0.548103928565979,0.7562533617019653,0.6480022072792053,0.5337989926338196,0.5668726563453674,0.5524661540985107,0.6152419447898865,0.6331307291984558,0.6732134819030762,0.6078208684921265,-1.7318975925445557,0.6173690557479858,0.5644616484642029,0.6112982630729675,0.6508414149284363,0.776590883731842,0.5716516375541687,0.5861737728118896,0.7214432954788208,0.8104628920555115,0.6488697528839111,0.8109925985336304,0.8321809768676758,0.7081077694892883,0.21606887876987457,0.5503951907157898,0.5586972832679749,0.2155734747648239,-0.2784644365310669,0.37447407841682434,0.5468495488166809,0.32970666885375977,0.6875253319740295,-0.6537966728210449
6281.0,125.61900000000004,26.351932559233823,202.85002535598235,386.5460145728328,712899.2296277793,26.351975000000014,202.72518300000007,386.5459900000001,712994.7794840003,0.0014456290699729,-9.601407222569453,-0.0008239380274536,19200.000000000007,4.244076618627761e-05,-4.2256393749483976e-05,-2.457283255840429e-05,0.0,-0.0017169226700194,0.3755400791840507,-9.590112004412417,0.1243628217513393,-0.004898331974341,-2.325164690613104,19200.17088824184,60.143150852661776,0.002,3.379090012861088,-1.7085970071872545,-1.0535182740070017,6.0,10.0,180.0,0.4374765701233519,-4.498991688419317,-0.0732655800722228,-3.261805231588557,-654.3079063851719,-372.68395520466265,167.09696213696552,753.0023701212472,564.6750000000002,0.4374765701233519,0.6489399075508118,0.562870979309082,0.6107857823371887,0.5186554789543152,0.5445249080657959,0.5447667837142944,0.5470893383026123,0.7585940361022949,0.6466288566589355,0.5398209691047668,0.5702370405197144,0.553973376750946,0.6185446381568909,0.636898934841156,0.6883326768875122,0.6131148934364319,-1.7125775814056396,0.605087161064148,0.5677046775817871,0.6009248495101929,0.6472628116607666,0.7712860107421875,0.5794163942337036,0.5839654803276062,0.7169770002365112,0.8175848126411438,0.6498975157737732,0.8081547021865845,0.8318690061569214,0.703242838382721,0.24666716158390045,0.5515257120132446,0.5605556964874268,0.20542167127132416,-0.2728114128112793,0.38478097319602966,0.5502977967262268,0.3321564793586731,0.7354224324226379,-0.6966397762298584
6282.0,125.63900000000004,26.35192377096693,202.65802743681363,386.5460116581264,713283.232012868,26.351975000000014,202.5331830000001,386.5459900000001,713378.7794840003,0.0017414803841759,-9.601478463104405,-0.0007250571395805,19200.000000000007,5.12290330743709e-05,-4.433260690971899e-05,-2.1658126338053705e-05,0.0,0.0005012463458486,1.031597044188968,-9.60130427433108,-4.569470221265116,-0.0009756250941678,-1.8937610801887448,19200.22123623636,-60.0483368982148,0.002,3.262348278824207,-1.7116323796106756,-1.055286286901322,6.0,10.0,180.0,0.4350642178409171,-4.481376884960007,-0.0737165576059335,-3.239714992560816,-654.4049531925859,-372.9764776023313,167.14998106848276,753.2311850606236,559.4250000000002,0.4350642178409171,0.6502941250801086,0.5542197227478027,0.5998857021331787,0.5160690546035767,0.5332609415054321,0.5412354469299316,0.5295957326889038,0.7493689060211182,0.6280521154403687,0.5336584448814392,0.5615577697753906,0.5443279147148132,0.6107302308082581,0.629425585269928,0.7063645124435425,0.6088910102844238,-1.6742758750915527,0.5657249093055725,0.5586774945259094,0.5733736753463745,0.6355138421058655,0.7520658373832703,0.583189070224762,0.5810346603393555,0.7080041766166687,0.8204814791679382,0.649077832698822,0.8023785352706909,0.8304198980331421,0.695918619632721,0.24167419970035553,0.5453721284866333,0.5508880615234375,0.17996159195899963,-0.27882805466651917,0.39564624428749084,0.5454069375991821,0.3234766721725464,0.7938962578773499,-0.728626012802124
6283.0,125.65900000000003,26.35191687210754,202.4655951299613,386.5459863911569,713667.2294676149,26.351975000000014,202.3411830000001,386.5459900000001,713762.7794840003,0.0019376808368951,-9.58706111071129,0.0001194222141456,19200.000000000007,5.812789246663619e-05,0.000388172850186,3.608842181003312e-06,0.0,-0.010975708140616,-0.6684218873724397,-9.595482146793078,0.5435760219726283,-0.0092775355494342,-0.4877526854679003,19199.55164391293,-21.47790198786829,0.002,3.318786043448544,-1.74232709081787,-1.0560773274146305,6.0,10.0,180.0,0.4321529339950352,-4.554643628185698,-0.0722178295583001,-3.264794510946848,-654.6124765962929,-372.6412388011656,167.15349053424137,753.2455925303118,554.4750000000001,0.4321529339950352,0.6455113887786865,0.5716558694839478,0.6127655506134033,0.5299215912818909,0.5517187118530273,0.5500292778015137,0.5524159669876099,0.7650198936462402,0.6481267809867859,0.5536494851112366,0.5762882232666016,0.5593525171279907,0.6238961219787598,0.6419264078140259,0.6792280673980713,0.6145456433296204,-1.8468021154403687,0.6286628246307373,0.5734747052192688,0.6010521054267883,0.6469722390174866,0.7714782357215881,0.5786182284355164,0.5833808779716492,0.7098725438117981,0.8190392255783081,0.6497099995613098,0.8095693588256836,0.8311402201652527,0.6977055072784424,0.26896488666534424,0.5564010143280029,0.5693139433860779,0.20415575802326202,-0.3107588291168213,0.388510137796402,0.5557804703712463,0.3354703187942505,0.7660811543464661,-0.7601227164268494
6284.0,125.67900000000004,26.351768455746104,202.27405310744976,386.546021474183,714051.2265022411,26.351975000000014,202.14918300000005,386.5459900000001,714146.7794840003,0.0068831213589202,-9.602330687394536,-0.0010520196751276,19200.000000000007,0.0002065442539058,-7.00083992086664e-05,-3.147418449199125e-05,0.0,0.0192669683424909,5.2568366595938825,-9.601294628129446,-8.726216052934362,-0.0051225186742719,0.4248936973509748,19200.359322551765,-17.217198441567103,0.002,3.321117505193813,-1.73156817374038,-1.0499238522677634,6.0,10.0,180.0,0.4033461292748758,-4.495650563518329,-0.0741913561285288,-3.300729429881776,-654.1922382981465,-373.5956194005828,167.1782452671207,753.3537962651559,554.2500000000001,0.4033461292748758,0.6497526168823242,0.5242792367935181,0.5677236318588257,0.49469202756881714,0.4957222640514374,0.5144857168197632,0.493519127368927,0.7200232744216919,0.5858886241912842,0.506271481513977,0.5293118953704834,0.5151350498199463,0.5811939239501953,0.5995943546295166,0.7068513631820679,0.581335723400116,-1.7613894939422607,0.5071946382522583,0.5261995196342468,0.5250537991523743,0.6132028102874756,0.7143963575363159,0.5689477324485779,0.5734150409698486,0.6866973638534546,0.8083410859107971,0.6447654962539673,0.7912952303886414,0.8071736693382263,0.6822560429573059,0.1449993997812271,0.5255048274993896,0.5227627158164978,0.13411396741867065,-0.3316849172115326,0.3960127532482147,0.5225675702095032,0.2905912399291992,0.8340337872505188,-0.7410148978233337
6285.0,125.69900000000004,26.35194746568414,202.0820851404744,386.5459657763043,714435.227019866,26.351975000000014,201.95718300000004,386.5459900000001,714530.7794840003,0.0009189792730547,-9.603399226203493,0.0008067750657797,19200.000000000007,2.7534315870026923e-05,-0.0001019416617278,2.422370912124029e-05,0.0,-0.0051321272518252,-0.369533843659255,-9.58276476364089,-3.1811151716097528,-0.0004703801407073,1.1004631713408224,19199.879613436944,-8.632226761580398,0.002,3.340011847273183,-1.7358928533189462,-1.0432523051822322,6.0,10.0,180.0,0.4150452139523678,-4.468813165378808,-0.0727735879789043,-3.290000192319739,-654.2446191490733,-372.9428097002914,167.11362263356034,753.075898132578,555.2250000000001,0.4150452139523678,0.6469274759292603,0.5642969608306885,0.6057240962982178,0.5290929675102234,0.5412297248840332,0.5444223284721375,0.536435604095459,0.7585457563400269,0.6375932693481445,0.5474032759666443,0.5690762996673584,0.5526490211486816,0.6185001730918884,0.6376216411590576,0.7087244987487793,0.6144787073135376,-1.754542589187622,0.5937771797180176,0.5672714710235596,0.5782486796379089,0.6387472152709961,0.761403501033783,0.5833814144134521,0.5786733627319336,0.7078591585159302,0.8228495717048645,0.6476996541023254,0.8039799332618713,0.8310887813568115,0.6932996511459351,0.2802788019180298,0.5513553619384766,0.5631478428840637,0.18175621330738068,-0.3032529056072235,0.3941061794757843,0.5505642890930176,0.32933509349823,0.8056909441947937,-0.781708836555481
6286.0,125.71900000000004,26.352026414324865,201.8899443447809,386.54598534345865,714819.2291035283,26.351975000000014,201.7651830000001,386.5459900000001,714914.7794840003,-0.0016863366059991,-9.59870850171875,0.0001568423295977,19200.000000000007,-5.1414324855897736e-05,3.865645419048235e-05,4.65658060053777e-06,0.0,0.0227131494633292,-1.4693695092868304,-9.634777738172566,-1.3378569672324176,-0.0014757176676,0.7314068599273856,19200.188645501465,-60.03890854336667,0.002,3.3085941603446587,-1.7382831804881018,-1.036926189904022,6.0,10.0,180.0,0.4160138169439459,-4.513229664242246,-0.074242294925755,-3.2807562443081464,-654.3273095745367,-374.4039048501457,167.2988113167802,753.872949066289,550.5750000000002,0.4160138169439459,0.6441903710365295,0.571203887462616,0.6099368333816528,0.5326801538467407,0.5498874187469482,0.5513796210289001,0.5478140711784363,0.7666139602661133,0.6457890272140503,0.5574697256088257,0.5742731690406799,0.5565624237060547,0.6228522658348083,0.6410612463951111,0.6870428323745728,0.6155423521995544,-1.8188512325286865,0.620513916015625,0.572314977645874,0.5896042585372925,0.6438614726066589,0.767042875289917,0.5815702080726624,0.5814618468284607,0.7056804895401001,0.8240718841552734,0.64927077293396,0.8069900870323181,0.8328251838684082,0.6938180327415466,0.276546835899353,0.552233874797821,0.5676043033599854,0.1914493292570114,-0.32495319843292236,0.3891150653362274,0.5530702471733093,0.3309577703475952,0.7939802408218384,-0.8112796545028687
6287.0,125.73900000000005,26.351951037303703,201.69753425935843,386.5460067119585,715203.2310681508,26.351975000000014,201.57318300000043,386.5459900000001,715298.7794840003,0.0008306869190562,-9.585033787510852,-0.0005615134558112,19200.000000000007,2.3962696305020257e-05,0.0004489423888052,-1.6712073284062163e-05,0.0,0.000485786760523,-0.6055827267058866,-9.610347796867364,5.243882926125955,-0.003905002898787,-0.5440024920745777,19199.963786842607,-12.79261743333181,0.002,3.295867065633001,-1.78396533701366,-1.029989475488945,6.0,10.0,180.0,0.4135875579944398,-4.546945444184844,-0.0756783794133518,-3.2566631654962093,-654.5201547872683,-373.98395242507286,167.28940565839008,753.8314745331445,556.5750000000002,0.4135875579944398,0.6427986025810242,0.5734995007514954,0.6168900728225708,0.5276965498924255,0.5564850568771362,0.5480077266693115,0.560859739780426,0.7704556584358215,0.6553191542625427,0.5570493340492249,0.5779792070388794,0.5623326897621155,0.6251239776611328,0.6421698927879333,0.6489561200141907,0.6108361482620239,-1.8813319206237793,0.665505588054657,0.575342059135437,0.6219796538352966,0.652492105960846,0.7841225266456604,0.5705783367156982,0.587395191192627,0.7142219543457031,0.8125941157341003,0.6495539546012878,0.8144369125366211,0.831355631351471,0.7030094861984253,0.2132858783006668,0.5568146705627441,0.5729041695594788,0.22222785651683807,-0.33895111083984375,0.3733276426792145,0.5548361539840698,0.33548545837402344,0.7098858952522278,-0.7456857562065125
6288.0,125.75900000000006,26.35198220829726,201.50588955380064,386.5460088524218,715587.2345710642,26.35197499999992,201.3811830000157,386.5459900000001,715682.7794840003,-0.0002409144583291,-9.596882560977834,-0.0006281698073108,19200.000000000007,-7.208297248561822e-06,9.364673974834462e-05,-1.885266383024837e-05,0.0,-0.0046300016171151,-3.362171671799582,-9.603505315341817,-4.086645186000552,0.0007505665136089,0.4247738377726587,19200.11783443468,-34.3765164290554,0.002,3.304563817597448,-1.80449522246074,-1.0384653139688222,6.0,10.0,180.0,0.415536027328822,-4.491737243147143,-0.0771465851988064,-3.225372686534095,-654.6360773936342,-373.4869762125364,167.25570282919506,753.6857372665722,552.0750000000002,0.415536027328822,0.6472815871238708,0.5821756720542908,0.6201460361480713,0.5450526475906372,0.5607074499130249,0.5661055445671082,0.549908459186554,0.7728075981140137,0.6491152048110962,0.5662774443626404,0.5861843228340149,0.5664317607879639,0.634329080581665,0.6539945602416992,0.7216966152191162,0.6314734816551208,-1.6782463788986206,0.6086019277572632,0.5845165252685547,0.5911411643028259,0.6423946022987366,0.7734969258308411,0.5945314764976501,0.5814266204833984,0.712180495262146,0.8358939290046692,0.6518421769142151,0.8045409321784973,0.8447174429893494,0.6983956694602966,0.3100475072860718,0.5604285001754761,0.5771061778068542,0.19223128259181976,-0.2820761501789093,0.4021349251270294,0.5632238984107971,0.3457237482070923,0.8334385752677917,-0.8231041431427002
6289.0,125.77900000000004,26.35197369383758,201.3135860542218,386.5459951474644,715971.2340086417,26.35197499999224,201.189183000044,386.5459900000001,716066.7794840003,4.6115880705358686e-05,-9.58676549727704,-0.0001688101053174,19200.000000000007,1.3061615443540345e-06,0.0003971454197647,-5.146920482111895e-06,0.0,0.0026891179419029,-1.7068519115913847,-9.63236339225752,0.9812249967507548,-0.0034169243245246,-0.0623702066754171,19199.58724168518,-47.30289160723379,0.002,3.3138720430900914,-1.830473503135981,-1.0363995365541638,6.0,10.0,180.0,0.4135774576512759,-4.495606679244292,-0.0820582496441577,-3.238666750144266,-654.8870386968172,-373.9584881062682,167.36135141459755,754.1368686332861,547.6500000000001,0.4135774576512759,0.6431059241294861,0.5769988298416138,0.6149091124534607,0.5360047221183777,0.5582343339920044,0.5564254522323608,0.5589143633842468,0.7705942392349243,0.6504659652709961,0.5643150210380554,0.580548107624054,0.562251091003418,0.6275454759597778,0.6449915170669556,0.6670214533805847,0.6157190799713135,-1.9050328731536865,0.6465351581573486,0.5775343179702759,0.6042611598968506,0.6480684876441956,0.7731406092643738,0.578667938709259,0.5846295356750488,0.7052704095840454,0.8217407464981079,0.6507375836372375,0.8114875555038452,0.8322091698646545,0.6954290866851807,0.27079105377197266,0.5575790405273438,0.5737806558609009,0.2056892067193985,-0.3401796519756317,0.38809314370155334,0.5584869980812073,0.3367798924446106,0.7796801924705505,-0.8073160648345947
6290.0,125.79900000000002,26.35198353734588,201.1212110881952,386.5459919531893,716355.2317699409,26.351974999952297,200.99718300009133,386.5459900000001,716450.7794840002,-0.0002844946817227,-9.574266654480668,-6.822421327538882e-05,19200.000000000007,-8.537359113440444e-06,0.0007720100519584,-1.951712984171283e-06,0.0,-0.0014794719052636,-0.794149451661599,-9.613991144483624,1.154782918058959,-0.0034249358172331,0.8569106582091605,19199.862488303064,55.83041789377442,0.002,3.3435795672248427,-1.7809958973453308,-1.039845973054969,6.0,10.0,180.0,0.4155335705914703,-4.537588101454107,-0.0810756889342666,-3.2545808151745,-654.8805193484086,-373.7532440531341,167.33617570729876,754.0294343166431,561.2250000000001,0.4155335705914703,0.6464782953262329,0.572054922580719,0.6156494617462158,0.5308941006660461,0.551329493522644,0.5485234260559082,0.5516406297683716,0.7684060335159302,0.6544237732887268,0.5543075203895569,0.5754148364067078,0.5601895451545715,0.6242774724960327,0.6428648233413696,0.6913860440254211,0.6170979738235474,-1.7430870532989502,0.6289143562316895,0.5741138458251953,0.603598952293396,0.6491396427154541,0.7797889113426208,0.5795252919197083,0.583071231842041,0.7173750400543213,0.8210296034812927,0.6489458084106445,0.8106051683425903,0.8343936204910278,0.7020211219787598,0.2752799987792969,0.5557268857955933,0.5704612135887146,0.2045007199048996,-0.31031712889671326,0.3816364109516144,0.553680419921875,0.3350423574447632,0.7475956082344055,-0.7541524767875671
6291.0,125.81900000000005,26.35203132339564,200.9292077939015,386.54595895141176,716739.2318753405,26.35197499989359,200.80518300021976,386.5459900000001,716834.7794840003,-0.0018793391370387,-9.574155675542691,0.0010365718747749,19200.000000000007,-5.632344118072323e-05,0.000775304116141,3.114924743689545e-05,0.0,-0.0053691603814584,-1.5880383162343978,-9.574204295978316,7.326358529950414,0.00291673899932,4.450209197127188,19200.05021927256,55.83807941092741,0.002,3.357893364229523,-1.7877678183768726,-1.0393769680023828,6.0,10.0,180.0,0.4194172172111264,-4.483780629622883,-0.0800588858488805,-3.265876213558434,-654.4937596742043,-372.8741220265671,167.15608785364938,753.2582171583215,556.8000000000002,0.4194172172111264,0.6394234895706177,0.5770578980445862,0.6226966381072998,0.5424532890319824,0.5613031983375549,0.5455607771873474,0.5624526143074036,0.774543821811676,0.6662838459014893,0.5692927837371826,0.5833231210708618,0.5709547400474548,0.6318789720535278,0.6498278379440308,0.6624477505683899,0.6163969039916992,-1.8747206926345825,0.6931736469268799,0.5829894542694092,0.6252000331878662,0.6526784896850586,0.7960041761398315,0.5677762031555176,0.5835765600204468,0.7154532670974731,0.8135268092155457,0.6464927196502686,0.8143288493156433,0.8283977508544922,0.7018550038337708,0.22191233932971954,0.5638406276702881,0.5869009494781494,0.22168321907520294,-0.35938236117362976,0.3682200610637665,0.5584644079208374,0.33995187282562256,0.709394633769989,-0.7915114760398865
6292.0,125.83900000000004,26.35202054616446,200.73786115982648,386.5459824622114,717123.2317231102,26.35197500002871,200.61318294812088,386.5459900000001,717218.7794840003,-0.0015150398644779,-9.595949915278563,0.0002189854199368,19200.000000000007,-4.554623650140543e-05,0.0001220414614362,7.536680403609435e-06,0.0,-0.000217021034244,0.7942373950977992,-9.577136026406242,2.9320172737213244,0.0099993539617651,3.1810879589367245,19200.221532301788,68.66809955816471,0.002,3.2824249078202232,-1.8410432983968457,-1.0261734807242917,6.0,10.0,180.0,0.4223293395934129,-4.484260777380543,-0.0815081837749749,-3.2484153391558435,-654.2333798371021,-372.6570610132835,167.0780439268247,752.9241085791607,552.3750000000001,0.4223293395934129,0.641145646572113,0.563920795917511,0.6035566329956055,0.5270568132400513,0.5402951240539551,0.5331028699874878,0.5449644327163696,0.7593969106674194,0.6407290697097778,0.55009925365448,0.5659512281417847,0.5528197288513184,0.6151535511016846,0.6327032446861267,0.6641921997070312,0.6022875308990479,-1.9477012157440186,0.6440650224685669,0.5641988515853882,0.5924652814865112,0.6462766528129578,0.7722658514976501,0.5663092732429504,0.5808162689208984,0.7034757137298584,0.8088027834892273,0.6442859768867493,0.8097472786903381,0.8218820095062256,0.6925700902938843,0.25548744201660156,0.5519845485687256,0.5669378042221069,0.19488248229026794,-0.36608490347862244,0.3768886625766754,0.5472201704978943,0.32314014434814453,0.7487698197364807,-0.7839522957801819
6293.0,125.85900000000008,26.35190911116604,200.5460411530834,386.54602229309455,717507.2323934969,26.351975011055693,200.42118082116988,386.5459900000001,717602.7794840003,0.0021999307912311,-9.602163725369014,-0.0010812882903234,19200.000000000007,6.588876033149643e-05,-5.831595153338134e-05,-3.229441228925414e-05,0.0,-0.0188055080260246,1.2197185133825743,-9.593419965479043,-0.5658768249002349,0.016857419794662,-2.506544140035236,19199.74108866964,-25.755088371064662,0.002,3.3447083172659724,-1.79733060595911,-1.055147495133756,6.0,10.0,180.0,0.4174621671045485,-4.463876107474015,-0.0829922009938269,-3.2725209319903703,-654.6531899185511,-372.17903050664177,167.10852196341236,753.0530542895804,558.5250000000001,0.4174621671045485,0.6483640670776367,0.5604647397994995,0.6049822568893433,0.5173685550689697,0.5405423641204834,0.5426928400993347,0.542393684387207,0.7533667683601379,0.6379503011703491,0.5387351512908936,0.5664896368980408,0.5498284101486206,0.614264726638794,0.6318485736846924,0.6777865290641785,0.6065938472747803,-1.8218014240264893,0.601763904094696,0.5628780126571655,0.5930464863777161,0.6446859836578369,0.7618773579597473,0.577860414981842,0.5844008922576904,0.7097765803337097,0.8143903613090515,0.6496573686599731,0.8084816932678223,0.8295688629150391,0.6987922191619873,0.2518422603607178,0.5504984855651855,0.5572250485420227,0.19908149540424347,-0.29536038637161255,0.38902172446250916,0.5492129921913147,0.3279876112937927,0.7550470232963562,-0.7106450796127319
6294.0,125.87900000000006,26.35196137269948,200.3538302378208,386.5459987824436,717891.2319602573,26.35197577626952,200.2291764114695,386.5459900000001,717986.7794840003,0.0005471612087236,-9.595243895634596,-0.0002965603099062,19200.000000000007,1.3736348171090818e-05,0.0001492021958623,-8.782648682592918e-06,0.0,0.0088121084919935,1.2788051526185278,-9.634957506864865,-1.0318178452844962,-0.0075497713358285,-2.5619657532863345,19200.22198852208,51.47597649752584,0.002,3.3314112527991733,-1.7429453553313548,-1.0386248510077412,6.0,10.0,180.0,0.4135402965790627,-4.507925220589988,-0.0834957505186181,-3.258187783846656,-654.8030949592755,-373.5500152533209,167.2972609817062,753.8625271447902,554.1000000000001,0.4135402965790627,0.6470321416854858,0.5570303201675415,0.6003553867340088,0.5144855976104736,0.5380985736846924,0.5417728424072266,0.539959728717804,0.7530810832977295,0.6319156885147095,0.538917601108551,0.5630289316177368,0.5456256866455078,0.6107735633850098,0.6278702020645142,0.666741669178009,0.6021639108657837,-1.860816240310669,0.6008155941963196,0.5590763688087463,0.5871548652648926,0.6428797245025635,0.7556882500648499,0.576300859451294,0.5846757292747498,0.7032902240753174,0.8136804699897766,0.6497150659561157,0.8076012134552002,0.827475905418396,0.6960238218307495,0.23748470842838287,0.546207845211029,0.5528427362442017,0.19368533790111542,-0.3190353214740753,0.3880091905593872,0.5461753606796265,0.32184481620788574,0.7638381123542786,-0.733130693435669
6295.0,125.89900000000004,26.35197222058697,200.16159549649416,386.545989153544,718275.2351564218,26.351978987097134,200.03717352180152,386.5459900000001,718370.7794840003,0.0003550550139905,-9.587433112933358,2.694351365363015e-05,19200.000000000007,4.3704413610356255e-06,0.0003796919595342,8.467188339845684e-07,0.0,-0.0008216341356343,0.5679310543482906,-9.557472405301814,4.762165703117761,0.0058717060791183,-0.912726505519386,19200.3085196754,-4.306263605032815,0.002,3.288028440543883,-1.7843384303581986,-1.0380890278557189,6.0,10.0,180.0,0.4159630415270344,-4.496603498828221,-0.0820462523111918,-3.2361370862020364,-654.1725474796378,-372.6560076266604,167.06613049085308,752.8717635723951,549.6750000000001,0.4159630415270344,0.6407119631767273,0.5663335919380188,0.6068440675735474,0.5218484997749329,0.5478468537330627,0.539612889289856,0.5537949204444885,0.7604640126228333,0.6417430639266968,0.549592137336731,0.5718908309936523,0.5557383894920349,0.6185388565063477,0.6348719000816345,0.633799135684967,0.6018621921539307,-2.00534725189209,0.6603492498397827,0.5678145885467529,0.6102926731109619,0.6489742398262024,0.7717954516410828,0.5643746256828308,0.5859090089797974,0.7021903395652771,0.8059037327766418,0.6477131843566895,0.8125637769699097,0.8237322568893433,0.6956332921981812,0.19765318930149078,0.5538771748542786,0.5672617554664612,0.21415667235851288,-0.36074382066726685,0.37710627913475037,0.5515719056129456,0.32925963401794434,0.7264514565467834,-0.7512179017066956
6296.0,125.91900000000004,26.351958467592187,199.96994855979457,386.5460050032972,718659.2359460882,26.351983313545883,199.84517171632592,386.5459900000001,718754.7794840003,0.0009612449547903,-9.599260151063442,-0.0004962324082903,19200.000000000007,2.203455005665316e-05,2.442415544321873e-05,-1.5003251454366052e-05,0.0,-0.0105450486884046,-0.0694921095738779,-9.602913473409888,1.769926188451722,0.0004784502126371,-1.288560932614071,19199.930590226963,64.42721408437329,0.002,3.2878236654632054,-1.7699753546211028,-1.0417279098959815,6.0,10.0,180.0,0.4174754505545591,-4.4906541042914725,-0.0840204302708861,-3.229477419129463,-654.5712737398189,-372.61300381333024,167.14206524542652,753.1963817861975,555.825,0.4174754505545591,0.6454358100891113,0.5696889162063599,0.6118950843811035,0.525600790977478,0.5504286289215088,0.5477654933929443,0.5544329881668091,0.7633470892906189,0.6472502946853638,0.5504986643791199,0.5742619037628174,0.5577077865600586,0.6216030120849609,0.639071524143219,0.6672959923744202,0.6108501553535461,-1.8669897317886353,0.6334145069122314,0.5711404085159302,0.6058549880981445,0.64871746301651,0.7727630734443665,0.5754557847976685,0.5851999521255493,0.7106709480285645,0.8154293894767761,0.6498085856437683,0.811092734336853,0.8313114643096924,0.699438750743866,0.25330865383148193,0.555176854133606,0.5669669508934021,0.2092949002981186,-0.3123464584350586,0.38450077176094055,0.5540102124214172,0.3334515690803528,0.7444089651107788,-0.7394922971725464
6297.0,125.93900000000004,26.3519250302375,199.7781891926595,386.5460232920984,719043.2379211371,26.351987667457685,199.65494784250183,386.5459900000001,719138.7794840002,0.0022247524082646,-8.982988410851975,-0.0011107572812461,19200.000000000007,5.979801007212269e-05,-0.0002179967121132,-3.329209408577543e-05,0.0,0.0063111773626329,0.8015442964038876,-9.543327237233672,16.911121099707536,-0.0034213773725503,-1.7747075915007071,19200.35855469022,-68.6348268117296,0.002,2.814852349578342,-0.8170405522082459,-0.8274252101547278,6.0,10.0,180.0,0.4076959930626939,-4.561482814947225,-0.0849805222241992,-3.217177454220133,-653.7546368699095,-372.2035019066651,166.92853262271325,752.2841908930988,551.4000000000001,0.4076959930626939,0.633298397064209,0.5698667764663696,0.6182230710983276,0.5194960236549377,0.5635396838188171,0.5361824035644531,0.5652823448181152,0.7614156007766724,0.6588110327720642,0.558210015296936,0.5806726217269897,0.5674886703491211,0.6248128414154053,0.6385648846626282,0.5537026524543762,0.5935701131820679,-1.9999715089797974,0.7553215026855469,0.5760303735733032,0.6670630574226379,0.6502970457077026,0.7979274392127991,0.5424875617027283,0.5949037671089172,0.7054216265678406,0.7874308228492737,0.6515047550201416,0.8193602561950684,0.8219074606895447,0.70799720287323,-0.05109749734401703,0.5613868236541748,0.5801601409912109,0.26601549983024597,-0.40948522090911865,0.34745100140571594,0.5554397702217102,0.33486074209213257,0.5922902822494507,-0.6988291144371033
6298.0,125.95900000000002,26.35176523842612,199.6178949874489,386.54608864743966,719427.2412807716,26.351610982648182,199.5296059244893,386.5459900000001,719522.7794840003,-0.1661630590250982,-4.1512628889263805,-0.0032938676815565,19200.000000000007,0.0002239136408578,-0.0201599329002679,-9.864751483852334e-05,0.0,-0.0383690527035179,-4.637659247019158,-5.339856880837343,269.7344598366659,0.0178151366815711,2.0886148171738066,19200.753583275524,133.0030537829173,0.002,2.307565469211608,-0.2278626421552229,-0.6439602382864232,6.0,10.0,180.0,0.403776289615669,-5.968840192132577,-0.0873756146075429,-3.188459983925101,-596.1823184349548,-298.83775095333255,146.47276631135662,668.0915954465494,553.0500000000002,0.403776289615669,0.323508083820343,0.4827260673046112,0.9593818187713623,0.61085045337677,0.6804043054580688,0.48463770747184753,0.6928427219390869,0.5327256321907043,0.6361681222915649,0.3161793649196625,0.5985897779464722,0.7759101390838623,0.6875581741333008,0.6980963945388794,-0.3191981315612793,0.4852468967437744,-2.001105308532715,1.4863414764404297,0.7108703851699829,1.1874443292617798,1.0720974206924438,1.110903263092041,0.7248992919921875,0.9080073833465576,0.545028805732727,0.8204030990600586,1.3058356046676636,1.0562139749526978,0.9870612621307373,1.2675753831863403,-7.488831043243408,0.5917530059814453,0.606741189956665,0.7726843357086182,-1.1528806686401367,-0.13674499094486237,0.5529136657714844,0.3464582562446594,-1.2658828496932983,-0.3024747967720032
6299.0,125.97900000000008,26.342477931162403,199.5396526110661,386.5465952155755,719811.2822574594,26.32743592868749,199.47578713543265,386.5459900000001,719906.7794840003,-2.5989010460924167,-4.003381007975607,-0.0201646376644238,19200.000000000007,0.00600061884951,-0.0308367821192915,-0.000605215841904,0.0,-1.3719201658754476,-134.3523933005263,-3.4681608756398474,-6.77939925733908,0.0043915355044766,-5.3194033948123245,19202.831708681737,-60.11832057337613,0.002,3.20614721120064,-0.3155163672702158,-0.8795930532673774,6.0,10.0,180.0,1.27734718087527,-4.801320951924189,-0.1430314763759005,-2.814727085540913,-550.4801592174774,-140.77737547666626,126.23238315567832,586.5827977232747,554.0250000000001,1.27734718087527,0.772010862827301,1.1257389783859253,1.0185637474060059,1.2815144062042236,1.366689920425415,1.119128942489624,1.0480396747589111,0.7917981743812561,1.1194945573806763,1.276116132736206,1.426761507987976,1.3809771537780762,1.405388355255127,1.4875503778457642,1.5822253227233887,1.452162504196167,-3.45465087890625,1.1493513584136963,1.4827333688735962,1.1708229780197144,0.8442700505256653,1.4142669439315796,0.8402474522590637,0.7039285898208618,1.141918420791626,1.1718411445617676,0.8418592214584351,0.7542593479156494,1.0969263315200806,1.0757081508636475,-0.6053293943405151,1.278108835220337,1.442158818244934,0.8961197137832642,3.0339088439941406,0.9790410399436951,1.3216500282287598,1.4385360479354858,1.6467310190200806,-0.7426895499229431
6300.0,125.99900000000002,26.27586370122915,199.4457076920836,386.5464133425757,720195.3204732424,26.226741590687062,199.37475980111984,386.5459900000001,720290.7794840003,-5.807746341295467,-6.5350568708381545,-0.0141109661029148,19200.000000000007,0.0260245054053875,0.0041947240504474,-0.0004233422559843,0.0,-5.460363018003702,-175.42312485811024,-6.470612861978983,-118.04310134594505,-0.0310187066696567,0.4926851619096846,19200.274197215884,-266.10429213049576,0.002,3.5731202940393643,0.249067492607655,-0.9694241494217712,6.0,10.0,180.0,1.897481201204456,-4.180658959382165,-0.2036097400275667,-2.4388980143589665,-623.0095796087387,4.116312261666863,141.80069157783916,648.9518988616373,549.5250000000001,1.897481201204456,0.9639586210250854,1.512612223625183,1.578582525253296,1.76688814163208,1.994588851928711,1.7965867519378662,1.1789991855621338,1.265987515449524,1.384183645248413,1.7514021396636963,1.7697595357894897,1.8105114698410034,1.6734068393707275,1.7936863899230957,1.9235743284225464,1.7201611995697021,3.607388973236084,0.9528508186340332,1.7865513563156128,1.3012890815734863,1.2191557884216309,1.8248199224472046,1.2398511171340942,0.9752194881439209,1.7116872072219849,1.6932182312011719,1.2024649381637573,1.0772480964660645,1.5957114696502686,1.3711341619491577,0.7419426441192627,1.8167338371276855,1.7403184175491333,0.9698890447616577,3.027358293533325,1.6415349245071411,1.7263779640197754,1.8927479982376099,3.144035816192627,-0.5471513867378235
6301.0,126.01900000000003,26.15597456735019,199.31492414125216,386.5457674524927,720579.2931741814,26.091152981710707,199.23917708712125,386.5459900000001,720674.7794840003,-6.007506208189676,-6.37149510823518,0.0074158110182123,19200.000000000007,0.0234279637869609,0.0124986112640138,0.0002225489403413,0.0,-5.653208983614646,38.33273161337563,-6.293869139986215,-22.88998710160766,-0.0026879038795545,8.056913154498293,19198.059613641806,30.055615517452896,0.002,3.7467096692939097,0.6125732937130682,-1.011212128915388,6.0,10.0,180.0,0.890615490567247,-4.841323340927594,-0.1767678740138902,-2.694146769996044,-656.6977898043693,87.33115613083342,149.5593457889196,680.0454494308187,555.6750000000001,0.890615490567247,0.8213558197021484,0.9782436490058899,0.9594544172286987,1.0183887481689453,1.016672968864441,0.8840371370315552,0.6232985258102417,0.7568135261535645,0.7804654240608215,0.9536731243133545,0.9401012659072876,0.9875562787055969,0.9243056178092957,0.9672434329986572,1.2932181358337402,0.8153594136238098,6.291742324829102,0.6388400197029114,0.9288707971572876,0.8037499189376831,0.740546703338623,0.8070523142814636,0.767690122127533,0.7199868559837341,1.0058786869049072,0.8746770024299622,0.7707768082618713,0.9125287532806396,0.9636319279670715,0.7910886406898499,-0.06597016751766205,1.0466217994689941,0.9518894553184509,0.4611542522907257,2.7315475940704346,1.04534912109375,1.0668139457702637,0.861366331577301,1.209719181060791,0.938010573387146
6302.0,126.03900000000006,26.03587824882125,199.1852315613368,386.5459295357273,720963.2672585377,25.955384191304923,199.10341434844472,386.5459900000001,721058.7794840003,-6.529914496400258,-6.573867983237877,0.0020159224369127,19200.000000000007,0.0077556572367013,0.0064286802175881,6.046517631002814e-05,0.0,-6.700870639988933,-51.27772206984825,-6.611482361796567,-6.414661097164407,-0.0158288594934203,-3.849423921538672,19198.951251930088,-8.517179007579305,0.002,3.5412190781926425,0.7045960485412035,-0.9718273613309416,6.0,10.0,180.0,1.4746989981212133,-4.85597575279998,-0.1655354575311799,-2.9433237340263867,-686.9138949021847,146.9350780654167,157.5916728944598,713.1627247154094,558.6750000000001,1.4746989981212133,0.9054069519042969,1.4102489948272705,1.2480214834213257,1.5806305408477783,1.5336172580718994,1.514540433883667,1.1259058713912964,1.037177324295044,1.148595929145813,1.5671608448028564,1.4813976287841797,1.5335073471069336,1.4640412330627441,1.5005661249160767,1.670783519744873,1.3578810691833496,-1.1480108499526978,1.3648064136505127,1.4827570915222168,1.446969985961914,0.9386047720909119,1.3633264303207397,0.9931924939155579,0.8735188841819763,1.2504692077636719,1.1169706583023071,0.9393617510795593,1.0322847366333008,1.2292251586914062,1.028597354888916,2.320789098739624,1.5607788562774658,1.5524219274520874,1.08610200881958,3.5235209465026855,1.2756251096725464,1.5640429258346558,1.6005815267562866,1.6113407611846924,0.47624313831329346
6303.0,126.059,25.90348545555309,199.05250394779205,386.5459110789842,721347.2542767033,25.8196151889874,198.9676495338149,386.5459900000001,721442.7794840003,-6.642449151645854,-6.675226472483748,0.0026295031413778,19200.000000000007,0.0043797217869748,0.0033934230100451,7.901993623129339e-05,0.0,-6.3920468209102,-12.88098840759984,-6.66775110562627,-4.346835559758381,0.0172914453742297,-5.494051116260879,19199.585542276785,-4.292971080638495,0.002,3.633374211253303,0.8452417695419685,-1.0122294661289892,6.0,10.0,180.0,1.2290633099803323,-4.965763668023476,-0.1416070785173989,-3.06798065601532,-701.2684474510924,167.31853903270834,160.8533364472299,726.4958623577047,554.2500000000001,1.2290633099803323,0.8879261016845703,1.3292787075042725,1.1691793203353882,1.4248402118682861,1.3718881607055664,1.3905823230743408,0.9971280097961426,0.9854980111122131,1.009758710861206,1.4154173135757446,1.315782070159912,1.3550634384155273,1.2987449169158936,1.3269239664077759,1.5026676654815674,1.166102647781372,-1.8188369274139404,1.2310822010040283,1.3101104497909546,1.3622677326202393,0.9071077108383179,1.1803444623947144,0.9466447234153748,0.8695348501205444,1.1672286987304688,1.0232874155044556,0.8818091154098511,1.036706566810608,1.1585369110107422,0.9554584622383118,2.426121711730957,1.3930249214172363,1.3480701446533203,0.9173136949539185,3.071497917175293,1.1722074747085571,1.4052624702453613,1.3468445539474487,1.3229714632034302,0.7372510433197021
6304.0,126.07900000000004,25.769970849456023,198.9180408653825,386.5458104980075,721731.2509731202,25.68384731961029,198.8318824089468,386.5459900000001,721826.7794840003,-6.717513492618608,-6.718675349564668,0.005978461680715,19200.000000000007,0.0021252098966799,0.0020901136142499,0.0001795008617896,0.0,-6.826617879701843,11.366995711259088,-6.805263707315883,-0.3687319308929332,-0.0183049745720116,0.4932342123549976,19199.603894946064,-51.601943763027975,0.002,3.6170758353715695,0.9325226736551844,-1.0113806844438764,6.0,10.0,180.0,1.162565245658688,-5.035112600336073,-0.1318265730319083,-3.1043894250593143,-714.1342237255462,184.35576951635417,164.18866822361497,740.4379311788523,560.4000000000001,1.162565245658688,0.8953388929367065,1.2977335453033447,1.1423908472061157,1.3585398197174072,1.2958993911743164,1.3052668571472168,0.941659688949585,0.9666670560836792,0.9769383668899536,1.2944892644882202,1.2223186492919922,1.2649693489074707,1.2114202976226807,1.2399463653564453,1.39812171459198,1.0531127452850342,-1.8670133352279663,1.1779866218566895,1.2164069414138794,1.3081210851669312,0.8952565789222717,1.1060577630996704,0.9377318024635315,0.8860831260681152,1.1405154466629028,0.9941051602363586,0.8654522895812988,1.0623688697814941,1.1453559398651123,0.9615633487701416,2.1972084045410156,1.3036959171295166,1.238251805305481,0.8204935789108276,2.6350786685943604,1.0939205884933472,1.3165901899337769,1.207410454750061,1.147200584411621,0.9062578678131104
6305.0,126.09900000000005,25.636379378390195,198.7829025696468,386.5458418586635,722115.2492143891,25.54808170130692,198.6961168037348,386.5459900000001,722210.7794840003,-6.789907070774014,-6.73950938665804,0.0049380012557629,19200.000000000007,-5.026356247356111e-05,0.00146165168542,0.0001481423003874,0.0,-6.723417831207199,-22.646205905992645,-6.745594904021708,3.916951745151212,-0.0075672204799809,4.268440867877283,19199.983149041906,77.24032262956595,0.002,3.560152127635851,0.989680578577336,-1.021144950332597,6.0,10.0,180.0,1.3798686146832937,-5.09135576192104,-0.1210730870492037,-3.116694368538023,-718.637111862773,192.0798847581771,165.3718341118075,745.3364655894261,555.9750000000001,1.3798686146832937,0.9109730124473572,1.394681692123413,1.184259295463562,1.5333791971206665,1.431386113166809,1.4583622217178345,1.0686982870101929,1.0221127271652222,1.0846065282821655,1.50774347782135,1.387425184249878,1.4420229196548462,1.3810677528381348,1.4045796394348145,1.554718017578125,1.2382588386535645,-1.8546183109283447,1.3832052946090698,1.3847219944000244,1.4207072257995605,0.9371770620346069,1.2731364965438843,0.9724628329277039,0.9061726331710815,1.194836974143982,1.0544309616088867,0.9139348268508911,1.077595829963684,1.1958086490631104,1.0137068033218384,2.5018582344055176,1.471433401107788,1.4479032754898071,0.9993741512298584,2.9475951194763184,1.182233214378357,1.4705543518066406,1.4425528049468994,1.3474483489990234,0.6212572455406189
6306.0,126.11900000000006,25.50008105019956,198.64821906598223,386.5458349032312,722499.2486185747,25.4123169973858,198.5603522018147,386.5459900000001,722594.7794840003,-6.772123519465109,-6.775562774134552,0.0051712450204686,19200.000000000007,0.0004828511079468,0.0003803354108082,0.0001550980007517,0.0,-6.775182553012131,9.82415314716738,-6.723902900144175,2.3151896662920337,0.0029557339224654,4.401001967169821,19199.827880483328,17.2391181255652,0.002,3.576315995885848,1.069783089086627,-1.031747632071268,6.0,10.0,180.0,1.224673854970185,-5.030838850975389,-0.1069378869307598,-3.134137948238381,-720.7595559313866,197.8484423790885,166.05341705590376,748.173732794713,551.5500000000001,1.224673854970185,0.8976619243621826,1.3003897666931152,1.132088541984558,1.3720815181732178,1.296376347541809,1.3093783855438232,0.9514617919921875,0.9683721661567688,0.9828943610191345,1.3157345056533813,1.2338917255401611,1.279299020767212,1.2266144752502441,1.251010775566101,1.3933582305908203,1.0638154745101929,-1.865814447402954,1.2310254573822021,1.2282825708389282,1.3182663917541504,0.9024408459663391,1.117499589920044,0.9366752505302429,0.89638352394104,1.133122444152832,0.9912003874778748,0.8669835329055786,1.0739399194717407,1.1402496099472046,0.9650866985321045,2.2363200187683105,1.3160099983215332,1.2587395906448364,0.8280208110809326,2.47998309135437,1.0920932292938232,1.3240885734558105,1.2159461975097656,1.1550003290176392,0.8395423293113708
6307.0,126.13900000000004,25.36480782207225,198.51281590874044,386.54590134666967,722883.2444796864,25.27655269779749,198.42458780231647,386.5459900000001,722978.7794840003,-6.788507472275974,-6.787599787543215,0.0029561569295233,19200.000000000007,-8.41841276082083e-06,1.859185216371009e-05,8.875260864269415e-05,0.0,-6.826401602926817,-2.0733022891824566,-6.797884108926477,-1.2130781984934758,0.0043659117160499,3.051103735894688,19199.946550045508,98.77444645178647,0.002,3.345624025244921,0.9085943385870046,-1.0395445942431352,6.0,10.0,180.0,1.2470522424441757,-5.069799848589622,-0.1006157288380263,-3.1556407092238343,-723.7187779656933,199.83072118954425,166.76520852795187,751.1778663973565,557.7000000000002,1.2470522424441757,0.907687783241272,1.347501277923584,1.1718250513076782,1.441856861114502,1.3631187677383423,1.382125735282898,0.9930186867713928,0.999765157699585,1.0111439228057861,1.393627643585205,1.2953429222106934,1.340804934501648,1.2890641689300537,1.31308913230896,1.4747819900512695,1.137499451637268,-1.8625450134277344,1.2672407627105713,1.2919628620147705,1.3639321327209473,0.9262143969535828,1.1760996580123901,0.966166079044342,0.9059032201766968,1.1684532165527344,1.0266715288162231,0.8896439671516418,1.0808379650115967,1.175154447555542,0.9918437004089355,2.3625686168670654,1.3754267692565918,1.3283556699752808,0.8845028877258301,2.7759547233581543,1.1350988149642944,1.3823587894439697,1.3044980764389038,1.2538213729858398,0.7697708606719971
6308.0,126.15900000000006,25.22898559279201,198.3771150227815,386.5459328674573,723267.2426944758,25.14078809913213,198.2888233019732,386.5459900000001,723362.7794840003,-6.786576453524603,-6.789725053479993,0.0019070454660581,19200.000000000007,4.931128801323271e-05,-4.472148562974273e-05,5.713105321691259e-05,0.0,-6.771510467398249,-0.4937459249337646,-6.753176791824112,4.204944848349585,0.0102445197622627,-1.7070985053530188,19199.60287591852,-51.53670751866135,0.002,3.584302024527681,0.9244361566359444,-1.0034326049059543,6.0,10.0,180.0,1.254322627611151,-5.047259259549786,-0.0913239296188239,-3.195598022954605,-723.9018889828467,200.77936059477213,166.82660426397592,751.4189331986782,553.2750000000001,1.254322627611151,0.9028698205947876,1.340025782585144,1.156882405281067,1.433374285697937,1.3435897827148438,1.386313557624817,1.0049184560775757,0.997715950012207,1.0095067024230957,1.3889700174331665,1.2936737537384033,1.3369972705841064,1.2832005023956299,1.304685115814209,1.4309427738189697,1.1211035251617432,-1.8576486110687256,1.2953132390975952,1.288259744644165,1.3738670349121094,0.9225127100944519,1.180444598197937,0.9582048654556274,0.9130746126174927,1.1605085134506226,1.0142228603363037,0.8902078866958618,1.0833433866500854,1.1677453517913818,0.9873397946357727,2.415412664413452,1.370754599571228,1.3213751316070557,0.9126763939857483,2.619690418243408,1.1179043054580688,1.3784841299057007,1.3042054176330566,1.184931755065918,0.8206503391265869
6309.0,126.17900000000004,25.09303311217451,198.2418938465381,386.54594054217824,723651.2346500641,25.005023601733622,198.15305870010909,386.5459900000001,723746.7794840002,-6.780318759688842,-6.8078308056981545,0.0016508899513588,19200.000000000007,0.0002371910179597,-0.0005883464221013,4.945737671302289e-05,0.0,-6.7739169552856495,7.762828664381168,-6.828346974031928,-7.807111452075908,0.0154192413920619,2.2493083568135104,19200.32507691752,115.81867784936053,0.002,3.710955133852485,1.0850381379400964,-1.047645484310492,6.0,10.0,180.0,1.1557564435394547,-5.009275401764888,-0.0873950586854568,-3.2591854118076604,-725.5904444914233,199.12468029738608,167.08630213198796,752.5149665993391,548.8500000000001,1.1557564435394547,0.9039688110351562,1.3099242448806763,1.1678375005722046,1.3722554445266724,1.324514389038086,1.3258509635925293,0.9428967237472534,0.9855715036392212,0.9820146560668945,1.3108123540878296,1.2397868633270264,1.2778998613357544,1.2325706481933594,1.2565040588378906,1.4272644519805908,1.0810785293579102,-1.8967443704605103,1.1783642768859863,1.2371172904968262,1.3044180870056152,0.9173703789710999,1.1102532148361206,0.9579138159751892,0.90101158618927,1.1463136672973633,1.0081143379211426,0.8744927644729614,1.0756117105484009,1.1621553897857666,0.9744457006454468,2.105717658996582,1.3166807889938354,1.2577694654464722,0.8024193644523621,2.6908464431762695,1.1213330030441284,1.3302547931671143,1.2208322286605835,1.2633899450302124,0.78907310962677
6310.0,126.19900000000004,24.95836409017016,198.10488540725885,386.54591561635726,724035.2405186042,24.869259102606257,198.0172942976552,386.5459900000001,724130.7794840003,-6.816832267090059,-6.766366896556424,0.0024755715162461,19200.000000000007,-0.0008582881474282,0.0006556908584216,7.438387180855582e-05,0.0,-6.782979980534971,-7.574294595124424,-6.788306838959007,10.983254494528715,0.0053836864122771,1.1702920204978755,19200.154537204817,-17.190075287828936,0.002,3.632868747805957,1.2054046214238934,-1.0526716162273495,6.0,10.0,180.0,1.3164744503378614,-5.138761315710184,-0.0835000854744671,-3.212020677511908,-725.6502222457117,199.68484014869304,167.124151065994,752.6724832996696,555.0000000000001,1.3164744503378614,0.9057244062423706,1.3678302764892578,1.1520206928253174,1.4861207008361816,1.3663513660430908,1.4190170764923096,1.044342279434204,1.0068163871765137,1.0373704433441162,1.4526275396347046,1.3321435451507568,1.3839387893676758,1.3236680030822754,1.3441110849380493,1.4549353122711182,1.158522129058838,-1.8448385000228882,1.3742148876190186,1.3265266418457031,1.406484603881836,0.92681884765625,1.2302302122116089,0.9578559994697571,0.9187560081481934,1.168983817100525,1.0231013298034668,0.9002047181129456,1.0909041166305542,1.1708226203918457,1.0035995244979858,2.5219836235046387,1.4145967960357666,1.3756659030914307,0.9729264974594116,2.57395339012146,1.1228488683700562,1.415442705154419,1.3604522943496704,1.1771652698516846,0.767837405204773
6311.0,126.21900000000002,24.822146394508337,197.9695992485001,386.5459598735366,724419.2371104263,24.733494600653604,197.8815297977788,386.5459900000001,724514.7794840003,-6.801728785163968,-6.782308567244345,0.0010055311220755,19200.000000000007,-0.0004051945665992,0.0001775485496737,3.01266133699797e-05,0.0,-6.768306517091578,5.555998712808437,-6.754663612339165,-1.6486224566853047,0.0051052378680299,-6.050249718934124,19199.70753836498,34.402791541262324,0.002,3.6139015376385424,1.2255078833862605,-1.0574157429394886,6.0,10.0,180.0,1.268588141596803,-5.0668713883591465,-0.0786316730651145,-3.244333543354638,-724.8776111228558,200.58442007434653,167.000575532997,752.1432416498349,550.5750000000002,1.268588141596803,0.9008124470710754,1.319222092628479,1.1665033102035522,1.3871349096298218,1.32527756690979,1.3569494485855103,0.9758481383323669,0.9945334196090698,0.9874815940856934,1.3323930501937866,1.262690544128418,1.2973371744155884,1.2490397691726685,1.2709078788757324,1.4029923677444458,1.0879253149032593,-1.8794318437576294,1.2252678871154785,1.2575693130493164,1.343735694885254,0.9209575653076172,1.1408175230026245,0.9599255919456482,0.9129936099052429,1.1546719074249268,1.0071630477905273,0.8867583274841309,1.0799731016159058,1.169005274772644,0.9769547581672668,2.2686352729797363,1.3341001272201538,1.274237036705017,0.8684366941452026,2.6368892192840576,1.113974928855896,1.349226951599121,1.2597821950912476,1.1939549446105957,0.872626781463623
6312.0,126.23900000000006,24.686352585153774,197.83385460473704,386.5459826359394,724803.2330424638,24.597730199167152,197.745765200026,386.5459900000001,724898.7794840003,-6.800747095528111,-6.782971599433776,0.0002447110982029,19200.000000000007,-0.0003755881541163,0.0001576922733664,7.364200703395758e-06,0.0,-6.845947681237777,-1.831768329202485,-6.784426966898316,4.1562980198598565,-0.0014856980305497,-3.970354360115086,19199.99782977394,-47.159766569336064,0.002,3.588427960052156,1.1396298826420097,-1.0297273115610426,6.0,10.0,180.0,1.2485143875111575,-5.126361229707588,-0.0761773515817873,-3.284858799597943,-725.6183055614279,202.06721003717325,167.2572877664985,753.2421208249175,552.2250000000001,1.2485143875111575,0.905576229095459,1.3506317138671875,1.1667872667312622,1.4392396211624146,1.3536183834075928,1.400913119316101,1.018484354019165,1.006637692451477,1.0147345066070557,1.3983677625656128,1.3043386936187744,1.3460360765457153,1.2930092811584473,1.3139997720718384,1.4331881999969482,1.1289987564086914,-1.8588515520095825,1.3052679300308228,1.2993282079696655,1.385192632675171,0.9283379912376404,1.193433403968811,0.9660112261772156,0.9214296340942383,1.1681745052337646,1.0201729536056519,0.8980865478515625,1.0883405208587646,1.177484154701233,0.9944932460784912,2.440718650817871,1.378821611404419,1.32968270778656,0.9283350706100464,2.636204957962036,1.1213799715042114,1.3875924348831177,1.3204035758972168,1.1925270557403564,0.8243902325630188
6313.0,126.25900000000004,24.55021581672345,197.6985482956578,386.5459913966486,725187.2292651113,24.46196550001979,197.61000080077017,386.5459900000001,725282.7794840003,-6.788332839159034,-6.7982442125524845,-4.6318044631306e-05,19200.000000000007,-3.319638719477449e-06,-0.000300595749856,-1.396971832048552e-06,0.0,-6.743616480266178,3.913181493088252,-6.749273624688042,-10.927737681099297,0.0022101751134317,-1.94986549143414,19200.13540012706,55.73992048386896,0.002,3.55486687545742,1.144218054918495,-1.0473217661630057,6.0,10.0,180.0,1.2748723592179074,-5.0419965626874905,-0.0756755010595614,-3.3202242955611547,-724.5846527807139,201.32610501858665,166.97664388324927,752.0410604124588,553.2,1.2748723592179074,0.905236005783081,1.3187185525894165,1.187711477279663,1.3834538459777832,1.3453410863876343,1.3487906455993652,0.9512865543365479,0.9950190782546997,0.9851477146148682,1.3260000944137573,1.259951114654541,1.2935407161712646,1.2500331401824951,1.2741892337799072,1.4539107084274292,1.1045866012573242,-1.8955219984054565,1.1672918796539307,1.2573418617248535,1.3166841268539429,0.9276840090751648,1.1235798597335815,0.9675465226173401,0.901776909828186,1.1597338914871216,1.0201812982559204,0.8826149702072144,1.0733048915863037,1.1772435903549194,0.9814311265945435,2.159543037414551,1.3324025869369507,1.273970365524292,0.8230718970298767,2.850813627243042,1.1406065225601196,1.3490760326385498,1.252694010734558,1.2986760139465332,0.8083427548408508
6314.0,126.27900000000004,24.4147324309458,197.562724607506,386.5459560355594,725571.2354276795,24.32620110085837,197.47423619962373,386.5459900000001,725666.7794840003,-6.797706749231319,-6.796306324297174,0.0010995384410583,19200.000000000007,-0.0002846298665067,-0.0002416032234884,3.396320018972632e-05,0.0,-6.817406799581221,-1.0997975592721745,-6.797842709524995,-1.1628107955061715,-0.0166226424649446,2.625114091059121,19200.03346777209,-72.99099909692346,0.002,3.504578424749478,1.0903112793942786,-1.0642253483268465,6.0,10.0,180.0,1.2558449128151017,-5.087971509478341,-0.0786028433430756,-3.2689521569882465,-725.5718263903569,201.3510525092933,167.20032194162462,752.9955302062294,548.7,1.2558449128151017,0.9076690673828125,1.3405184745788574,1.1671985387802124,1.4345335960388184,1.3561955690383911,1.3730250597000122,0.9923722743988037,0.9984407424926758,1.008103847503662,1.3831787109375,1.2895941734313965,1.333280324935913,1.2832038402557373,1.3057670593261719,1.4561045169830322,1.128091812133789,-1.8672171831130981,1.2720732688903809,1.2861533164978027,1.3599853515625,0.925128161907196,1.1687283515930176,0.9639405012130737,0.9106013774871826,1.161279320716858,1.020448923110962,0.8887456059455872,1.0828267335891724,1.1694904565811157,0.9874184131622314,2.348829746246338,1.3682448863983154,1.3210725784301758,0.8760302066802979,2.6870815753936768,1.1318947076797485,1.3756654262542725,1.2937743663787842,1.2614195346832275,0.7462398409843445
6315.0,126.29900000000004,24.278557702209028,197.4267182044376,386.5459941972168,725955.2367680599,24.19043669980008,197.33847179924047,386.5459900000001,726050.7794840003,-6.7840279440427365,-6.788214306551472,-0.0001384181289783,19200.000000000007,0.0001258997825448,2.9888610527473244e-07,-3.9981197494873136e-06,0.0,-6.783456384237314,2.194111397263746,-6.804434208316198,-1.5868777119202997,-0.0094969615484839,-3.531911184402728,19200.06812466233,-94.421446973618,0.002,3.5655474707233425,1.090171551522003,-1.0270861994075928,6.0,10.0,180.0,1.1840923932855396,-5.127930366149528,-0.0722465368216871,-3.250534645011068,-725.9859131951785,200.34002625464663,167.23066097081232,753.1237651031147,562.2750000000002,1.1840923932855396,0.904261589050293,1.3380436897277832,1.1756336688995361,1.4144682884216309,1.346962809562683,1.3796770572662354,0.9844225645065308,1.0021319389343262,0.9986207485198975,1.3639496564865112,1.282188892364502,1.320928692817688,1.2702858448028564,1.2937803268432617,1.4433412551879883,1.1149768829345703,-1.8697543144226074,1.2381150722503662,1.2773776054382324,1.3577773571014404,0.926801860332489,1.1627575159072876,0.9681214690208435,0.910483717918396,1.1684041023254395,1.0215115547180176,0.8912923336029053,1.0817508697509766,1.1803178787231445,0.9902622699737549,2.318800687789917,1.3578697443008423,1.3005378246307373,0.8882856965065002,2.757903575897217,1.1249221563339233,1.3698740005493164,1.288051962852478,1.2039567232131958,0.8726223707199097
6316.0,126.31900000000005,24.142999126358145,197.2910198214055,386.545965763889,726339.2352227478,24.054671998259064,197.20270720046773,386.5459900000001,726434.7794840003,-6.790897767861236,-6.790422600244237,0.0008100903817671,19200.000000000007,-8.002866752244331e-05,-6.582441207759764e-05,2.43368007373541e-05,0.0,-6.748549630593564,2.137304598175915,-6.791256656533361,-5.612586953775964,0.0053813771137583,4.388330731413407,19200.22259388665,21.45319015231884,0.002,3.649583540759987,1.0887925596110677,-1.0205235488442796,6.0,10.0,180.0,1.2407512223132533,-5.086864204245545,-0.067361172245789,-3.269493615642838,-725.6884565975893,199.36001312732333,167.10283048540617,752.5763825515573,557.85,1.2407512223132533,0.9061698913574219,1.3294601440429688,1.171520709991455,1.416397213935852,1.3483011722564697,1.3553682565689087,0.9618285894393921,0.9921780824661255,0.9948742389678955,1.3570168018341064,1.2704691886901855,1.3132996559143066,1.2644133567810059,1.289034366607666,1.4678338766098022,1.1174185276031494,-1.8759263753890991,1.2174797058105469,1.267334222793579,1.332273006439209,0.922563910484314,1.1424881219863892,0.9622641205787659,0.8985926508903503,1.1582129001617432,1.0208988189697266,0.8799284100532532,1.0768280029296875,1.1697510480880737,0.9844294190406799,2.231020450592041,1.351278305053711,1.298876166343689,0.8401496410369873,2.7733070850372314,1.1342297792434692,1.3603044748306274,1.2661752700805664,1.2727868556976318,0.7749452590942383
6317.0,126.33900000000006,24.00774740427344,197.15542727819687,386.5460026441642,726723.2369789778,23.918907698477284,197.06694280203075,386.5459900000001,726818.7794840003,-6.807985372728373,-6.796148757651364,-0.0004257315315326,19200.000000000007,-0.0005927072519097,-0.0002377850597287,-1.2642808550003748e-05,0.0,-6.788553876678702,-2.993397889781229,-6.804437639919496,0.7942743792835282,0.0002446485890778,-0.6681483419092956,19199.827106735444,-25.69419744148073,0.002,3.577849071106547,1.0623917524714697,-1.0713692478614365,6.0,10.0,180.0,1.2758469468648193,-5.050209466903448,-0.0732464033932545,-3.2591941366424444,-726.0792282987946,199.46950656366167,167.19741524270307,752.9811912757787,553.4250000000001,1.2758469468648193,0.9065194129943848,1.350069284439087,1.170979380607605,1.442789077758789,1.362788438796997,1.3954811096191406,1.0067232847213745,1.005365014076233,1.0143712759017944,1.400435209274292,1.303962230682373,1.3468196392059326,1.2945795059204102,1.3166885375976562,1.4580405950546265,1.1384508609771729,-1.862311840057373,1.2880325317382812,1.299651026725769,1.3752377033233643,0.928368866443634,1.1861950159072876,0.9674603343009949,0.913799524307251,1.1683781147003174,1.0247918367385864,0.8946866989135742,1.084326982498169,1.176923155784607,0.9931052923202515,2.400430679321289,1.3814022541046143,1.3340641260147095,0.9086511731147766,2.710594654083252,1.1335837841033936,1.3892419338226318,1.3175667524337769,1.2401014566421509,0.7801374197006226
6318.0,126.359,23.87199537882419,197.01922748565897,386.5459844344174,727107.2378604423,23.783143100454783,196.9311783022741,386.5459900000001,727202.7794840003,-6.80840830000462,-6.7816213554647335,0.0001861586714204,19200.000000000007,-0.0006053763211559,0.0001978096165747,5.566074294585553e-06,0.0,-6.775402500024496,-5.064027748514363,-6.799578339368831,0.1820959656926067,-0.0092853780522651,-5.494392089024816,19199.517337885613,-145.92673203713548,0.002,3.677154697046036,1.059811308959026,-1.0278796029357984,6.0,10.0,180.0,1.2992337697372518,-5.095099997973809,-0.0727863612672822,-3.247376803373006,-726.0906141493973,199.34225328183084,167.19220762135154,752.9575956378893,559.5750000000002,1.2992337697372518,0.9065091609954834,1.3597426414489746,1.1847015619277954,1.4448496103286743,1.373551607131958,1.4190266132354736,1.0179040431976318,1.015516996383667,1.0185291767120361,1.4123016595840454,1.3188974857330322,1.3582406044006348,1.305707335472107,1.3280935287475586,1.4674525260925293,1.151348352432251,-1.860583782196045,1.285451889038086,1.3140960931777954,1.387179970741272,0.9352003335952759,1.2005029916763306,0.9754137396812439,0.9174063205718994,1.1803157329559326,1.0330153703689575,0.9029061794281006,1.0845592021942139,1.1905393600463867,1.0003702640533447,2.4308767318725586,1.3929688930511475,1.3433024883270264,0.9366949796676636,2.8098180294036865,1.1417579650878906,1.4033598899841309,1.3424899578094482,1.235668659210205,0.828955888748169
6319.0,126.37900000000006,23.7358448779305,196.88373694507573,386.5459337737543,727491.2254186086,23.64737850187597,196.7954137001838,386.5459900000001,727586.7794840003,-6.795541648480992,-6.79076688756456,0.0018740485996583,19200.000000000007,-0.0002196728475626,-7.634464445934495e-05,5.6226029977967455e-05,0.0,-6.800032678177571,2.9305183014121416,-6.795936434775737,-0.1875772719381886,-0.0046543421018405,5.493264791565029,19199.56971750752,60.0145154209884,0.002,3.675003934783193,1.1360405254067838,-1.0555776821205745,6.0,10.0,180.0,1.2724282622928258,-5.050279733735251,-0.0659345468771695,-3.3735119749056084,-726.1773070746987,199.9886266409154,167.25160381067576,753.2127978189446,555.1500000000002,1.2724282622928258,0.9055514931678772,1.3306770324707031,1.1560618877410889,1.4248528480529785,1.3387041091918945,1.3548645973205566,0.9738150835037231,0.9885216951370239,0.998852014541626,1.3639075756072998,1.2708759307861328,1.317300796508789,1.2655402421951294,1.2894169092178345,1.4469857215881348,1.1101535558700562,-1.8676371574401855,1.256516933441162,1.2668488025665283,1.344743251800537,0.9183593392372131,1.1521357297897339,0.956916332244873,0.9034067392349243,1.153350830078125,1.0140122175216675,0.8798916339874268,1.0816134214401245,1.16172194480896,0.9838269352912903,2.2887651920318604,1.353717565536499,1.3031023740768433,0.8561368584632874,2.6292474269866943,1.1188491582870483,1.359694242477417,1.2667256593704224,1.2259070873260498,0.7792805433273315
6320.0,126.39900000000004,23.600498813530944,196.7475957869617,386.5459473337809,727875.2262049813,23.511614101217027,196.659649297608,386.5459900000001,727970.7794840003,-6.809483884059446,-6.778212517124851,0.0013878380491708,19200.000000000007,-0.000637811295592,0.0003003169842042,4.2666106386032594e-05,0.0,-6.80590242759134,-8.362432273983348,-6.827902701552583,3.7164180595503113,-0.0055937777249201,-0.4876251326852163,19199.93126605885,51.50081904164973,0.002,3.6719402264173424,1.2471361820815696,-1.0532144756584063,6.0,10.0,180.0,1.3159934538268998,-5.137880872754148,-0.0644315828865867,-3.3576441927423395,-726.9291535373493,199.5268133204577,167.39280190533788,753.8153989094724,558.1500000000001,1.3159934538268998,0.9092682600021362,1.372652530670166,1.1761367321014404,1.476578950881958,1.3843812942504883,1.4288196563720703,1.03390371799469,1.0160868167877197,1.0333932638168335,1.4459023475646973,1.3342103958129883,1.3807414770126343,1.3249868154525757,1.3468873500823975,1.4830102920532227,1.1692736148834229,-1.8545985221862793,1.3311288356781006,1.3299100399017334,1.399594783782959,0.9347983002662659,1.222394585609436,0.9728321433067322,0.9182519912719727,1.1805925369262695,1.0361131429672241,0.904876708984375,1.0887484550476074,1.186874508857727,1.0067286491394043,2.4736390113830566,1.4134879112243652,1.3717602491378784,0.9533480405807495,2.757624626159668,1.1425734758377075,1.41818106174469,1.3627405166625977,1.241951584815979,0.7659615278244019
6321.0,126.41900000000004,23.46414195341716,196.61155307802724,386.5459502268472,728259.2309737022,23.375849599582885,196.5238847977875,386.5459900000001,728354.7794840003,-6.789743823544169,-6.768943610129696,0.0013295912493205,19200.000000000007,-4.555259382844938e-05,0.0005784240675823,3.977318836326512e-05,0.0,-6.780980841188883,4.514328064435532,-6.767050940818352,8.186960377741192,0.0048607135041385,4.088311448409297,19200.325209002072,30.10449497403936,0.002,3.6252932088520713,1.2034231732059797,-1.0727307648269206,6.0,10.0,180.0,1.2837728997200355,-5.121758021646209,-0.0649186977223675,-3.329446253453291,-725.8550767686746,200.45640666022885,167.20790095266892,753.0271994547362,569.9250000000001,1.2837728997200355,0.9025806188583374,1.3356611728668213,1.1389479637145996,1.4370781183242798,1.3268975019454956,1.3607269525527954,0.9861280918121338,0.9855650663375854,1.0051798820495605,1.3784161806106567,1.275557041168213,1.326528787612915,1.2674059867858887,1.2916624546051025,1.4281949996948242,1.1041998863220215,-1.84762704372406,1.292881965637207,1.269012689590454,1.3641743659973145,0.9158895611763,1.171378254890442,0.9467630982398987,0.9035694003105164,1.155104398727417,1.009055495262146,0.8794812560081482,1.0851449966430664,1.1603401899337769,0.9924488663673401,2.4205660820007324,1.3623234033584595,1.3084768056869507,0.9019473791122437,2.5411767959594727,1.096097469329834,1.364875316619873,1.2782880067825317,1.1081745624542236,0.8883432149887085
6322.0,126.43900000000004,23.32886890996504,196.47633062874127,386.54598229455706,728643.2302723641,23.24008519929151,196.38812020007109,386.5459900000001,728738.7794840003,-6.806126555335252,-6.787011396455602,0.0002564045867129,19200.000000000007,-0.0005372098723352,3.627059949675128e-05,7.705455607940904e-06,0.0,-6.804949322365909,-4.818911242220215,-6.762896494093523,-3.291760801592003,0.0073436204272189,3.113623882792342,19199.860681881302,90.15869648353971,0.002,3.4444304591614374,0.9933946254459954,-1.0703398177478085,6.0,10.0,180.0,1.3227606306768016,-5.0961965255048645,-0.0649464698435287,-3.313002552902143,-725.3885383843374,201.62870333011443,167.17545047633445,752.8910997273681,570.7500000000001,1.3227606306768016,0.9103901386260986,1.361330509185791,1.1877250671386719,1.4561740159988403,1.382082223892212,1.4034292697906494,0.9948728084564209,1.008155345916748,1.018614649772644,1.4142937660217285,1.3126697540283203,1.3584004640579224,1.3060121536254883,1.331311583518982,1.511899471282959,1.1623280048370361,-1.8591684103012085,1.259800672531128,1.309356689453125,1.3712761402130127,0.9354446530342102,1.1904155015945435,0.9753640294075012,0.903030276298523,1.182585597038269,1.0412707328796387,0.895030677318573,1.0816537141799927,1.1906942129135132,1.0049601793289185,2.3659865856170654,1.3938078880310059,1.3473219871520996,0.9000879526138306,2.9215986728668213,1.1494274139404297,1.4003233909606934,1.3310741186141968,1.2731727361679077,0.7958329916000366
6323.0,126.45900000000005,23.192223749268983,196.3407574255148,386.5458917313602,729027.2188669577,23.10432050050405,196.252355800626,386.5459900000001,729122.7794840003,-6.7767680744805245,-6.79338672095466,0.0032756954775683,19200.000000000007,0.0003437463953795,-0.0001548242808636,9.826863850786673e-05,0.0,-6.82841290836646,7.324570273100806,-6.793498456230241,3.846029376497351,0.0070390217751796,1.7058463594183144,19199.10550161325,25.72032633263125,0.002,3.6021379029773,1.0712808500807796,-1.02341340165509,6.0,10.0,180.0,1.180610032198398,-5.072226347316742,-0.0566493835681023,-3.4483823558966025,-725.9617691921687,201.8963516650572,167.32122523816724,753.5145498636841,571.2750000000001,1.180610032198398,0.9042725563049316,1.3304253816604614,1.1519057750701904,1.4120665788650513,1.3243756294250488,1.3523043394088745,0.9719419479370117,0.9876582026481628,0.9997880458831787,1.3515926599502563,1.261925458908081,1.3080863952636719,1.2528876066207886,1.2776696681976318,1.424095630645752,1.0916967391967773,-1.8596665859222412,1.2497256994247437,1.2561532258987427,1.3499128818511963,0.9170019030570984,1.1539407968521118,0.9540188908576965,0.9047709703445435,1.1581705808639526,1.011185646057129,0.8802578449249268,1.084380865097046,1.1673343181610107,0.9898707866668701,2.3238868713378906,1.344682216644287,1.2854026556015015,0.8780075907707214,2.6162455081939697,1.0975176095962524,1.3517675399780273,1.2588527202606201,1.1197000741958618,0.9208588600158691
6324.0,126.47900000000004,23.05699351077444,196.2053420248892,386.5460295429645,729411.2219402054,22.968556100536304,196.11659119937417,386.5459900000001,729506.7794840003,-6.794574233493913,-6.805009881336694,-0.0013148208326321,19200.000000000007,-0.0001906168832431,-0.0005039216282996,-3.954296536238792e-05,0.0,-6.725312936504416,-0.9759170649393696,-6.772223655093532,-2.9886883234032124,0.0061373458137371,1.6426728368013173,19201.114822418724,51.470424899249146,0.002,3.7126137828061294,1.146251616151416,-1.0407670476714406,6.0,10.0,180.0,1.2782764589927411,-5.024908612968927,-0.0624938103409045,-3.4120294425179325,-725.1163845960843,200.1216758325286,167.02061261908364,752.2267749318421,577.6500000000001,1.2782764589927411,0.9061501026153564,1.349244475364685,1.1812762022018433,1.4384303092956543,1.3647891283035278,1.3893473148345947,0.9782576560974121,1.0022637844085693,1.0074149370193481,1.3913406133651733,1.2957650423049927,1.3400352001190186,1.2867629528045654,1.3125672340393066,1.4952607154846191,1.1427700519561768,-1.8594008684158325,1.2338411808013916,1.2912487983703613,1.3586283922195435,0.9300171732902527,1.1736252307891846,0.9703280329704285,0.8976932764053345,1.1777582168579102,1.034867763519287,0.8887040019035339,1.0779660940170288,1.186518669128418,0.9997380971908569,2.316554307937622,1.3777774572372437,1.3242239952087402,0.891301691532135,2.9139246940612793,1.1388721466064453,1.385782241821289,1.307716727256775,1.2261662483215332,0.8637616634368896
6325.0,126.49900000000004,22.921646693656307,196.06913705664505,386.5460260875001,729795.2358501989,22.832791698386664,195.98082679992905,386.5459900000001,729890.7794840003,-6.808492179900854,-6.790343324040298,-0.0012051150171065,19200.000000000007,-0.000607994220915,-6.355484585868391e-05,-3.6087500062247526e-05,0.0,-6.798341297599182,0.4194301777976097,-6.805888371394455,0.9671604572143536,0.0129433389597237,-1.8304151850882928,19200.51439684255,-38.63031360139571,0.002,3.728016985618803,1.2188406686096165,-1.0505446875578413,6.0,10.0,180.0,1.2768506545030118,-5.103032110795115,-0.0673829746246928,-3.2869105267267704,-725.8801922980422,200.0488379162643,167.18830630954182,752.9428874659211,572.2500000000001,1.2768506545030118,0.9051201343536377,1.3507897853851318,1.1751564741134644,1.4350557327270508,1.3549984693527222,1.394514799118042,0.9935993552207947,1.004472017288208,1.0074753761291504,1.3883835077285767,1.2949895858764648,1.3380110263824463,1.2839274406433105,1.308351755142212,1.4627325534820557,1.1299487352371216,-1.8593251705169678,1.2587976455688477,1.2898030281066895,1.370877981185913,0.9286447167396545,1.1812678575515747,0.9697574973106384,0.9083033800125122,1.175715446472168,1.0282082557678223,0.8929810523986816,1.0836751461029053,1.1853601932525635,0.9993503093719482,2.370358467102051,1.3741049766540527,1.3192105293273926,0.9109193086624146,2.7951877117156982,1.1246789693832397,1.3830103874206543,1.3083518743515015,1.1809439659118652,0.8908017873764038
6326.0,126.51900000000003,22.78587590699329,195.9328856488009,386.5460513186042,730179.2362307179,22.697026997318435,195.84506220221232,386.5459900000001,730274.7794840003,-6.808288840735445,-6.774109932637384,-0.0020490407955389,19200.000000000007,-0.0006018027253271,0.0004235509713128,-6.13186041225743e-05,0.0,-6.780997793155263,0.7939828842775223,-6.790528773381621,4.400579870768699,0.0002400354291297,-4.936911023935855,19199.844516996945,38.66053282979014,0.002,3.6183157727320094,1.227808335857541,-1.065988236113523,6.0,10.0,180.0,1.3032696511151265,-5.157714001173375,-0.0698390992966799,-3.281754306794766,-725.8325961490211,200.03341895813213,167.17665315477092,752.8924437329606,578.5500000000002,1.3032696511151265,0.9027875065803528,1.3534605503082275,1.1714898347854614,1.436836838722229,1.352259635925293,1.403630018234253,1.002608060836792,1.0062965154647827,1.0103566646575928,1.3938897848129272,1.2999022006988525,1.3425016403198242,1.2857452630996704,1.3102262020111084,1.4507396221160889,1.1279265880584717,-1.8527969121932983,1.272714376449585,1.2932556867599487,1.3819317817687988,0.9283227920532227,1.1916216611862183,0.9670206308364868,0.9107179045677185,1.1785881519317627,1.0266321897506714,0.8954697847366333,1.0852633714675903,1.1879241466522217,1.00307035446167,2.424799919128418,1.3788330554962158,1.3207883834838867,0.9394261837005615,2.772021532058716,1.116430401802063,1.3877291679382324,1.318748116493225,1.1268318891525269,0.9576563835144043
6327.0,126.53900000000004,22.65004378721252,195.7975759007745,386.5459981247438,730563.2312683206,22.561262599295063,195.70929770239053,386.5459900000001,730658.7794840003,-6.806039208986848,-6.789286617505654,-0.0002688647953362,19200.000000000007,-0.0005343832169608,-3.140206903815771e-05,-8.12474368201939e-06,0.0,-6.809076748374534,-0.2936941600959251,-6.745130269240401,1.526556556469752,-0.00193982879336,-2.0824151560730435,19199.86094747356,-4.273482761863745,0.002,3.5674091133868453,1.2119315782440208,-1.0507609841028156,6.0,10.0,180.0,1.3052312767906635,-5.077121796934408,-0.0698272012315442,-3.331497597300768,-725.0257980745106,202.0362094790661,167.11982657738545,752.6527218664803,573.5250000000001,1.3052312767906635,0.9053292870521545,1.351521611213684,1.1753811836242676,1.4375203847885132,1.3561718463897705,1.396282434463501,0.9968365430831909,1.0041792392730713,1.0093849897384644,1.392822265625,1.2996301651000977,1.3427677154541016,1.2884917259216309,1.3131372928619385,1.4666390419006348,1.1344159841537476,-1.8582264184951782,1.2646539211273193,1.2942216396331787,1.374889850616455,0.9297187924385071,1.1855511665344238,0.9698885679244995,0.9081300497055054,1.1771193742752075,1.0287801027297974,0.8938838243484497,1.0835868120193481,1.186380386352539,1.0012577772140503,2.375767707824707,1.3782854080200195,1.3243329524993896,0.9180954694747925,2.8034651279449463,1.125604510307312,1.3869261741638184,1.3161331415176392,1.1779799461364746,0.9008921384811401
6328.0,126.55900000000004,22.513905188773748,195.6619355708537,386.54597481742127,730947.233385995,22.42549810164423,195.5735332998165,386.5459900000001,731042.7794840003,-6.79356376189187,-6.793405661048733,0.0005089866291352,19200.000000000007,-0.00016008680621,-0.0001551724695623,1.5182578830326756e-05,0.0,-6.804698778915773,0.3002670315186993,-6.801254056347256,-5.807898513671438,-0.0100226219320243,0.4872313086633615,19200.32466483806,-25.774293509170512,0.002,3.62965272930779,1.216612077718393,-1.033518328938654,6.0,10.0,180.0,1.2129255761876498,-5.092714781407667,-0.0693176195583368,-3.315590687463503,-725.7798990372553,201.29660473953305,167.24341328869272,753.1798609332402,573.5250000000001,1.2129255761876498,0.9083257913589478,1.3477741479873657,1.1904103755950928,1.4268860816955566,1.3660072088241577,1.3840320110321045,0.9741796255111694,1.0048985481262207,1.0040602684020996,1.3756738901138306,1.2889759540557861,1.3302998542785645,1.2802987098693848,1.3062458038330078,1.4910147190093994,1.1359505653381348,-1.8670426607131958,1.2132587432861328,1.2854232788085938,1.3520095348358154,0.932285726070404,1.1647230386734009,0.9747470021247864,0.9019162058830261,1.178756833076477,1.0361295938491821,0.890205979347229,1.0794703960418701,1.1908204555511475,1.0003459453582764,2.281597375869751,1.367988109588623,1.3123427629470825,0.8744794726371765,2.9308040142059326,1.140872597694397,1.378755807876587,1.2973006963729858,1.2496120929718018,0.8581628799438477
6329.0,126.57900000000004,22.377912096077043,195.52590123307948,386.5460352384538,731331.238308373,22.289733502279013,195.4377686977504,386.5459900000001,731426.7794840003,-6.785948243049552,-6.78441077396325,-0.0015067045154337,19200.000000000007,6.820235558314135e-05,0.0001143665267671,-4.52384537226091e-05,0.0,-6.772490530685158,6.0385897026250985,-6.771710703456757,-0.4874149939268172,0.0058527064300385,-2.493557501637409,19200.22225959771,-38.64748987290413,0.002,3.662522119586416,1.190510090476126,-1.0354710543171597,6.0,10.0,180.0,1.2553904984063844,-5.086387665180546,-0.0663821196472273,-3.269952177381657,-725.3259495186276,200.9968023697665,167.12220664434636,752.6614304666201,584.1000000000001,1.2553904984063844,0.904030442237854,1.3361186981201172,1.173473596572876,1.4097954034805298,1.3369126319885254,1.3672525882720947,0.9662526249885559,0.9962958097457886,1.0012390613555908,1.3526384830474854,1.2701693773269653,1.31145179271698,1.2577276229858398,1.2839441299438477,1.451457142829895,1.105475902557373,-1.8636455535888672,1.210361123085022,1.264068365097046,1.3493270874023438,0.9244516491889954,1.155454397201538,0.9653787016868591,0.9003297686576843,1.1725330352783203,1.0237597227096558,0.8854206800460815,1.0798614025115967,1.1843912601470947,0.9981015920639038,2.263728618621826,1.350081443786621,1.2863296270370483,0.8866497874259949,2.824172019958496,1.1129714250564575,1.3613557815551758,1.2746680974960327,1.13484787940979,0.9841327667236328
6330.0,126.59900000000002,22.242808809493404,195.3904011386205,386.5460282739647,731715.2403372332,22.1539691022086,195.30200419799803,386.5459900000001,731810.7794840003,-6.807989526405706,-6.793227605981537,-0.0012799867875067,19200.000000000007,-0.0005930140655708,-0.0001500367031893,-3.8273964544544615e-05,0.0,-6.763183938865472,-2.563575769461294,-6.790280265725035,-7.505778448503738,-0.005353868151848,0.1810296584247787,19200.08515299438,-55.7983266145656,0.002,3.677108012297987,1.2228156347863413,-1.035624202491207,6.0,10.0,180.0,1.312492817835269,-5.080041981628002,-0.0717661290692504,-3.247421044317258,-725.4334747593139,200.07690118488324,167.08960332217316,752.5197152333101,573.5250000000001,1.312492817835269,0.9089661240577698,1.3530442714691162,1.1978644132614136,1.4337224960327148,1.3787802457809448,1.3962271213531494,0.9783138036727905,1.0084367990493774,1.0068104267120361,1.389251947402954,1.3003365993499756,1.3409655094146729,1.2912695407867432,1.3173043727874756,1.5089917182922363,1.151484489440918,-1.863319754600525,1.2129597663879395,1.2969889640808105,1.355813980102539,0.9363252520561218,1.1726078987121582,0.9779155254364014,0.9002916812896729,1.1835440397262573,1.0420478582382202,0.8925902843475342,1.0773593187332153,1.1948412656784058,1.0017503499984741,2.313272476196289,1.3789429664611816,1.3256038427352905,0.8810495138168335,3.0008809566497803,1.1533948183059692,1.3898382186889648,1.3138173818588257,1.2835997343063354,0.8334968090057373
6331.0,126.61900000000006,22.106791145936043,195.25413100520643,386.5460040775132,732099.2400982522,22.018204601088847,195.1662397993304,386.5459900000001,732194.7794840003,-6.799551427198329,-6.776365259955671,-0.000466008366898,19200.000000000007,-0.0003397480946163,0.0003557968670581,-1.4077513007533492e-05,0.0,-6.805383811294289,1.5237483769671198,-6.825469741062852,0.0557481400066755,-0.0031976311235678,0.7311238911877703,19199.947787945963,8.586244756286803,0.002,3.674162016599651,1.2476028905724772,-1.044390200293031,6.0,10.0,180.0,1.259208145119633,-5.190871790925213,-0.0732588576812251,-3.25409391714374,-726.5022373796569,199.62895059244164,167.30280166108656,753.4313576166551,573.5250000000001,1.259208145119633,0.9058166742324829,1.3478848934173584,1.1732690334320068,1.434374213218689,1.3533954620361328,1.3842136859893799,0.9841126203536987,1.0010416507720947,1.0063962936401367,1.3815555572509766,1.2879592180252075,1.3325777053833008,1.278611183166504,1.3038384914398193,1.4673852920532227,1.126377820968628,-1.8605706691741943,1.2489051818847656,1.2831265926361084,1.362618088722229,0.9266349673271179,1.1733475923538208,0.9682376384735107,0.904807984828949,1.1734421253204346,1.0280505418777466,0.8892843723297119,1.0829713344573975,1.1825968027114868,0.9984663724899292,2.336513042449951,1.3696057796478271,1.3140469789505005,0.8947713375091553,2.793297052383423,1.1239757537841797,1.3775060176849365,1.2966572046279907,1.1885449886322021,0.8805644512176514
6332.0,126.63900000000004,21.971080769828443,195.11844917519107,386.5459939482501,732483.2395235529,21.88244009850306,195.03047520059383,386.5459900000001,732578.7794840003,-6.8013567120416125,-6.779135166595466,-0.0001354083118965,19200.000000000007,-0.000394067213375,0.0002728229951527,-3.948249916924294e-06,0.0,-6.759749443162468,-1.3304589225677663,-6.77612121881409,-3.526781779908988,-0.0029154681443319,-0.4248877189101751,19199.758271155828,-81.50132969751937,0.002,3.5679489312547648,1.2265885148196158,-1.052238327754439,6.0,10.0,180.0,1.320721573329148,-5.099617463037823,-0.0757240588238476,-3.2674246567156287,-725.7031186898284,199.72047529622083,167.1279008305433,752.6846788083276,584.1000000000001,1.320721573329148,0.9069609642028809,1.3562636375427246,1.190775990486145,1.4394747018814087,1.3708529472351074,1.3998820781707764,0.9819769263267517,1.0077300071716309,1.0103942155838013,1.3947786092758179,1.3017408847808838,1.3445472717285156,1.2911899089813232,1.317859411239624,1.5034863948822021,1.1485044956207275,-1.8570234775543213,1.2267749309539795,1.2968988418579102,1.3648027181625366,0.9340296387672424,1.1805046796798706,0.9760587811470032,0.8992364406585693,1.1863349676132202,1.041190266609192,0.8929610252380371,1.0791680812835693,1.1963528394699097,1.006089687347412,2.322092294692993,1.3827006816864014,1.3270035982131958,0.9030125141143799,2.972463846206665,1.141680121421814,1.39205002784729,1.3188347816467285,1.2203806638717651,0.902623176574707
6333.0,126.65900000000003,21.835110992595936,194.9828250407521,386.5459791915624,732867.2369714647,21.74667549731744,194.89471080135425,386.5459900000001,732962.7794840003,-6.794506619722812,-6.7838065009175965,0.0003572271723813,19200.000000000007,-0.0001883895349608,0.000132653646559,1.0808437723676005e-05,0.0,-6.831309020488075,-4.5300303856487805,-6.813705525506973,-0.5497210565832173,-0.0007205493169963,-2.1374452549511167,19199.809336605394,-47.23408100584584,0.002,3.5817377723466075,1.2246264000670162,-1.038913010173594,6.0,10.0,180.0,1.2670845904934018,-5.110902884168544,-0.0747348973412561,-3.2838363731238607,-726.5575593449142,200.42623764811043,167.36445041527165,753.6958394041637,573.5250000000001,1.2670845904934018,0.909140944480896,1.368436574935913,1.190614938735962,1.4555015563964844,1.3803279399871826,1.4222168922424316,1.0102375745773315,1.015808343887329,1.020219326019287,1.4184513092041016,1.3194539546966553,1.3625562191009521,1.308716058731079,1.3334345817565918,1.4945282936096191,1.1593223810195923,-1.8565037250518799,1.2731335163116455,1.315032720565796,1.385918378829956,0.9374514222145081,1.2038494348526,0.9796507954597473,0.9116666913032532,1.1885793209075928,1.0417413711547852,0.902215838432312,1.0856879949569702,1.1983064413070679,1.0097743272781372,2.411658763885498,1.3977606296539307,1.347377896308899,0.9319034814834595,2.9002673625946045,1.1425225734710693,1.4062211513519287,1.3440674543380737,1.22731351852417,0.8582355380058289
6334.0,126.67900000000004,21.698982308388,194.8468637702236,386.5459958838906,733251.2354415719,21.61091099910617,194.7589462009478,386.5459900000001,733346.7794840003,-6.782372685109912,-6.7772576190279805,-0.0001994099434719,19200.000000000007,0.0001756916594786,0.0003291269729394,-5.883890493298518e-06,0.0,-6.758094215236268,-0.0567972293154696,-6.800773024741673,2.989279023539531,-0.0139409473450628,-0.486673315389709,19199.896257166176,-8.644196927591617,0.002,3.585576000538405,1.216797185480606,-1.0351737422588652,6.0,10.0,180.0,1.2334389760663007,-5.075672415492699,-0.0756707942267379,-3.305863103879407,-726.2397796724572,199.3606188240552,167.22722520763585,753.1069197020819,573.5250000000001,1.2334389760663007,0.904167890548706,1.350390076637268,1.167314052581787,1.4429231882095337,1.3530421257019043,1.3947410583496094,0.9956148266792297,1.0020415782928467,1.0097317695617676,1.3958957195281982,1.2977863550186157,1.3431141376495361,1.2869133949279785,1.3114359378814697,1.4624989032745361,1.132190465927124,-1.854986548423767,1.27390718460083,1.2920129299163818,1.3739925622940063,0.9261732697486877,1.185487985610962,0.9653308987617493,0.9063386917114258,1.1731621026992798,1.0261048078536987,0.891213059425354,1.083302617073059,1.180749535560608,0.9997233152389526,2.39424991607666,1.379840612411499,1.325505256652832,0.9192145466804504,2.758244752883911,1.1222848892211914,1.3864614963531494,1.311890959739685,1.1670382022857666,0.8903824090957642
6335.0,126.69900000000004,21.56371420239345,194.7112312161471,386.5459747369276,733635.2377360283,21.4751467008012,194.6231816997534,386.5459900000001,733730.7794840003,-6.79891430244286,-6.781649611557491,0.0005050161545957,19200.000000000007,-0.0003206042307973,0.0001972866488896,1.5263072328866752e-05,0.0,-6.79295604304416,-3.969975232975522,-6.782501170048674,3.0510480687878263,-0.0044169595414178,3.04950663226965,19199.91402121244,51.52626423891269,0.002,3.592487894090231,1.1961837985481214,-1.035655733674862,6.0,10.0,180.0,1.3154383576305078,-5.0883268920686735,-0.0746709789774936,-3.278667750242433,-725.9188898362286,200.2163094120276,167.2076126038179,753.024459851041,584.1000000000001,1.3154383576305078,0.9078561663627625,1.3683866262435913,1.1754212379455566,1.4712786674499512,1.373744249343872,1.414065957069397,1.0043288469314575,1.0069233179092407,1.0233032703399658,1.4296597242355347,1.3179833889007568,1.3682160377502441,1.3095932006835938,1.335771083831787,1.5052225589752197,1.161365270614624,-1.8479421138763428,1.2885905504226685,1.3128516674041748,1.3857276439666748,0.9314491152763367,1.2074662446975708,0.9717326760292053,0.9019924998283386,1.185307264328003,1.0397626161575317,0.8957415819168091,1.0843737125396729,1.1905046701431274,1.0124412775039673,2.415783643722534,1.4039599895477295,1.3547114133834839,0.9357445240020752,2.8728084564208984,1.133750081062317,1.4071210622787476,1.3418880701065063,1.1865649223327637,0.875667929649353
6336.0,126.71900000000004,21.42790066629235,194.5754740821909,386.545985514358,734019.2404488872,21.339382000126747,194.48741719943465,386.5459900000001,734114.7794840003,-6.797256824133905,-6.781889130740706,0.0001444547795014,19200.000000000007,-0.0002715677033126,0.0001900197426673,4.4856407174503065e-06,0.0,-6.791493473045866,-0.1877604645858611,-6.803976755514896,2.3810942268371105,-0.0009648626402253,2.442893369830906,19200.050305414847,12.9388017572193,0.002,3.542742116875964,1.1152010962301664,-1.0516045862986303,6.0,10.0,180.0,1.250464526533965,-5.117220303873358,-0.0756634789197661,-3.269951788496359,-726.2014449181142,199.9831547060138,167.25680630190897,753.2347299255205,573.5250000000001,1.250464526533965,0.9059123992919922,1.3520143032073975,1.1669641733169556,1.4482905864715576,1.3559231758117676,1.3904576301574707,0.9922748804092407,1.0001169443130493,1.0111652612686157,1.3982734680175781,1.2964136600494385,1.3440909385681152,1.2880520820617676,1.313022494316101,1.4727225303649902,1.1349925994873047,-1.8551549911499023,1.273730754852295,1.2913670539855957,1.370774507522583,0.9259909987449646,1.184277892112732,0.9657484292984009,0.9041786193847656,1.1726655960083008,1.027760624885559,0.8894777297973633,1.083810567855835,1.1795613765716553,1.0005489587783813,2.3782262802124023,1.3802326917648315,1.3282734155654907,0.9078659415245056,2.76448392868042,1.1235706806182861,1.3854010105133057,1.3085888624191284,1.1826097965240479,0.862073540687561
6337.0,126.73900000000005,21.29216901875277,194.4394871547226,386.5459842694947,734403.2397520512,21.20361749917636,194.35165270034764,386.5459900000001,734498.7794840002,-6.798377247174919,-6.774474322880273,0.0001884672648657,19200.000000000007,-0.0003046200044907,0.0004126437803145,5.730504862983904e-06,0.0,-6.794668443274425,-0.4249054340096876,-6.758805075234197,4.761211062282808,0.0014944372830283,0.7943049389734818,19199.843294334467,38.6419815034312,0.002,3.617845283089797,1.162827477385734,-1.019040983963403,6.0,10.0,180.0,1.3110487804081177,-5.150971169154682,-0.0771516370475377,-3.2504644834439027,-725.4087224590571,201.2595773530069,167.15740315095448,752.8118649627602,573.5250000000001,1.3110487804081177,0.9047275185585022,1.3524532318115234,1.1629306077957153,1.4495922327041626,1.3524314165115356,1.394669532775879,1.0004949569702148,1.0000157356262207,1.013464331626892,1.4029455184936523,1.3004878759384155,1.3480253219604492,1.2908838987350464,1.3153269290924072,1.4632009267807007,1.1343132257461548,-1.8520327806472778,1.28904128074646,1.2947609424591064,1.3784993886947632,0.9256812334060669,1.1912157535552979,0.9630408883094788,0.9066664576530457,1.1723201274871826,1.0250797271728516,0.8908448219299316,1.0849305391311646,1.178865909576416,1.0012516975402832,2.4124369621276855,1.3831498622894287,1.3315482139587402,0.9243873357772827,2.727646589279175,1.1185883283615112,1.3882089853286743,1.316293478012085,1.156855583190918,0.8843412399291992
6338.0,126.75900000000006,21.15629007800901,194.3044108145014,386.54598147153786,734787.2360404131,21.067853099877965,194.21588820075405,386.5459900000001,734882.7794840003,-6.794541257331948,-6.797437115187067,0.0002927762722762,19200.000000000007,-0.000189880106641,-0.0002757144756516,8.528482035158287e-06,0.0,-6.799570131585654,2.144368211088053,-6.77415416877578,-2.5073280279646406,0.0097741590219381,5.9139530944004495,19200.204187588497,51.4632816535058,0.002,3.730341973996723,1.2299104940433043,-1.0515110211762453,6.0,10.0,180.0,1.2934966890112212,-5.047894640807969,-0.0776405725077689,-3.3207158716072085,-725.3663612295286,201.57128867650343,167.16720157547724,752.8534324813801,578.0250000000001,1.2934966890112212,0.9072772264480591,1.3432857990264893,1.1728160381317139,1.4353060722351074,1.3534655570983887,1.3670425415039062,0.9658499360084534,0.9938293695449829,1.005629539489746,1.3762813806533813,1.2798404693603516,1.3276573419570923,1.2742900848388672,1.300965666770935,1.4897727966308594,1.128629446029663,-1.8621423244476318,1.2276346683502197,1.2759678363800049,1.3465099334716797,0.9253165125846863,1.1607469320297241,0.9656708836555481,0.8947229981422424,1.1705471277236938,1.030372977256775,0.8821799755096436,1.0795462131500244,1.1793099641799927,0.9983987808227539,2.2606422901153564,1.364909291267395,1.3112465143203735,0.8654107451438904,2.8477885723114014,1.1280789375305176,1.3709721565246582,1.2830979824066162,1.2147324085235596,0.8550571799278259
6339.0,126.77900000000004,21.02077628486549,194.16818859010783,386.54597452079,735171.2382180287,20.932088501453546,194.0801236996769,386.5459900000001,735266.7794840003,-6.802951718918491,-6.782156711659478,0.0005154310897255,19200.000000000007,-0.0004411841048432,0.0001820120620486,1.5479238806276585e-05,0.0,-6.77562586156152,0.3001814974101616,-6.830776333818932,-0.8494048661652563,0.0077915579703208,0.3124047869807915,19199.93065440968,77.18649945976756,0.002,3.705564949222381,1.2573518032844695,-1.042260712161302,6.0,10.0,180.0,1.275877297911986,-5.117667851018934,-0.0795804041235748,-3.2766261909532632,-726.3886806147643,199.4916443382517,167.26960078773865,753.28821624069,572.6250000000001,1.275877297911986,0.906011164188385,1.3497657775878906,1.176653504371643,1.4363632202148438,1.3586313724517822,1.3901240825653076,0.9858514666557312,1.0034579038619995,1.0068670511245728,1.387037992477417,1.2923929691314697,1.336301565170288,1.2827836275100708,1.307624101638794,1.4734325408935547,1.1323940753936768,-1.8606992959976196,1.2482274770736694,1.2877525091171265,1.3636301755905151,0.9284735321998596,1.175783395767212,0.9699831604957581,0.9047867059707642,1.175107479095459,1.030258297920227,0.8906958699226379,1.0821610689163208,1.1844236850738525,0.9986996650695801,2.342782497406006,1.373319387435913,1.3187955617904663,0.8970466256141663,2.8259599208831787,1.1294916868209839,1.3815979957580566,1.302625298500061,1.2035599946975708,0.8667091131210327
6340.0,126.79900000000004,20.88483782092556,194.03230636540383,386.5459882893284,735555.237007674,20.796324102423807,193.94435919810263,386.5459900000001,735650.7794840002,-6.797122449265873,-6.7782344376012205,5.716321608854753e-05,19200.000000000007,-0.0002667155309012,0.0002998357916185,1.7105039352575878e-06,0.0,-6.798354273064632,4.218871820046148,-6.735579912575124,9.213570585285936,0.0119800991716314,-2.319572361915339,19200.18900140856,-17.154499883301614,0.002,3.6929033386723376,1.24126583333803,-1.0369851088617306,6.0,10.0,180.0,1.295368940319228,-5.04784589879698,-0.0771339367793906,-3.304819724746212,-725.0288403073821,201.78182216912583,167.1053003938693,752.590608120345,578.7750000000002,1.295368940319228,0.903293788433075,1.343205451965332,1.149794578552246,1.4342455863952637,1.3322232961654663,1.3779277801513672,0.997710645198822,0.9940330982208252,1.008607268333435,1.382981538772583,1.2854381799697876,1.3322629928588867,1.2726328372955322,1.297033667564392,1.424214482307434,1.1077795028686523,-1.8450793027877808,1.289947748184204,1.2779144048690796,1.3781917095184326,0.9222047924995422,1.1844197511672974,0.9527127146720886,0.9085286855697632,1.166575312614441,1.0138901472091675,0.8870322704315186,1.087005853652954,1.1740005016326904,0.9990274906158447,2.4671103954315186,1.3677784204483032,1.3093959093093872,0.9351044297218323,2.6158010959625244,1.094950556755066,1.3735014200210571,1.2981492280960083,1.0666775703430176,0.9799187183380127
6341.0,126.81900000000005,20.749241140639658,193.8972582230693,386.5460274090955,735939.237448764,20.66055960126204,193.8085947976552,386.5459900000001,736034.7794840003,-6.802714739226106,-6.802115717802055,-0.001273461744974,19200.000000000007,-0.0004347386631704,-0.0004169213741818,-3.7409268928161824e-05,0.0,-6.786625046684605,-2.506434944813654,-6.7843983918345625,-5.918157846790005,0.0061023171032013,-3.5498809708277497,19200.11905905924,60.17967704227874,0.002,3.66443587027051,1.248703487261156,-1.0397063448620152,6.0,10.0,180.0,1.2851599079087432,-5.054226175643792,-0.0771427999094787,-3.2986970354643903,-725.3109201536911,201.21691108456287,167.13315019693465,752.7078040601725,573.6000000000001,1.2851599079087432,0.9082573652267456,1.3562233448028564,1.200057864189148,1.430989146232605,1.3767263889312744,1.4063282012939453,0.9888086318969727,1.0135420560836792,1.0080472230911255,1.391046166419983,1.3047521114349365,1.3430557250976562,1.2931993007659912,1.3184677362442017,1.4964635372161865,1.1493759155273438,-1.863551139831543,1.2221729755401611,1.3007984161376953,1.3659013509750366,0.9383087158203125,1.1803356409072876,0.9806423187255859,0.9064798355102539,1.187319040298462,1.0414185523986816,0.8976103067398071,1.0799565315246582,1.1993138790130615,1.0031192302703857,2.3404417037963867,1.37997305393219,1.325379729270935,0.9002336263656616,2.988163471221924,1.1490854024887085,1.3926522731781006,1.3223850727081299,1.2568548917770386,0.8696756362915039
6342.0,126.83900000000004,20.61331235958972,193.761059316131,386.5459902888626,736323.2401894444,20.52479509847032,193.67283019953115,386.5459900000001,736418.7794840003,-6.797244484224566,-6.787631254069512,-7.006491887850616e-06,19200.000000000007,-0.000270664774212,1.7787288529387154e-05,-2.88074049535961e-07,0.0,-6.792477946478897,1.5255157480271444,-6.7832475415096924,4.513525543351397,-0.0017094906008381,-2.7998305039002407,19200.2205936479,-47.18751244702264,0.002,3.711099151736202,1.33041889162061,-1.0684780879135245,6.0,10.0,180.0,1.2720230988270504,-5.151432720564669,-0.0776462361771261,-3.2751393051078894,-725.4639600768455,201.11145554228148,167.16057509846732,752.8254020300863,573.5250000000001,1.2720230988270504,0.903087854385376,1.348096489906311,1.1651588678359985,1.4352259635925293,1.3465931415557861,1.392334222793579,0.9984482526779175,1.001570224761963,1.0079656839370728,1.388088583946228,1.293450951576233,1.337410807609558,1.281212329864502,1.305281400680542,1.4449174404144287,1.1220372915267944,-1.8542269468307495,1.2754592895507812,1.2872450351715088,1.3763684034347534,0.925637423992157,1.1848082542419434,0.9632840752601624,0.9099644422531128,1.172379970550537,1.0222848653793335,0.891873836517334,1.0849213600158691,1.1808807849884033,0.9989594221115112,2.412630558013916,1.3731858730316162,1.3167470693588257,0.925452470779419,2.722644090652466,1.1134307384490967,1.3810937404632568,1.3073738813400269,1.134141445159912,0.9270641803741455
6343.0,126.85900000000004,20.47776871183976,193.6255703397955,386.5460119305365,736707.2402595574,20.38903049730298,193.53706570221925,386.5459900000001,736802.7794840003,-6.804598077476482,-6.796822406122814,-0.0007279695288443,19200.000000000007,-0.0004912142494408,-0.0002581402372374,-2.192905457517239e-05,0.0,-6.767807570884611,0.4937367461845015,-6.767337495903478,-4.938940178488787,-0.0071039414196107,-0.5507286144336547,19200.04972280393,-12.96264873405308,0.002,3.668862147590483,1.3029474099815368,-1.0397470829036335,6.0,10.0,180.0,1.338895354387278,-5.079690447917062,-0.079614129491661,-3.273557799353905,-725.0469800384228,200.9167277711408,167.05428754923366,752.3707010150431,584.1000000000001,1.338895354387278,0.9066455960273743,1.349684238433838,1.1914525032043457,1.4281789064407349,1.3643954992294312,1.3880360126495361,0.9722210168838501,1.0043952465057373,1.0066523551940918,1.3794515132904053,1.2917015552520752,1.3332821130752563,1.2813618183135986,1.3082760572433472,1.49833083152771,1.1390312910079956,-1.8611056804656982,1.2073354721069336,1.2870715856552124,1.3550307750701904,0.932860791683197,1.1688042879104614,0.9750909209251404,0.8977205753326416,1.183687448501587,1.0389467477798462,0.8900258541107178,1.0776740312576294,1.1950207948684692,1.004516363143921,2.2793381214141846,1.3717708587646484,1.313773512840271,0.8875552415847778,2.982945442199707,1.1394456624984741,1.3825230598449707,1.3040868043899536,1.2193212509155273,0.9146697521209717
6344.0,126.87900000000003,20.34181560221241,193.4895842511512,386.54598168734896,737091.2378987853,20.25326599914841,193.4013012023868,386.5459900000001,737186.7794840003,-6.798315938358593,-6.789425744650025,0.0002823993844814,19200.000000000007,-0.000302797158165,-3.5758396105192224e-05,8.412945605715661e-06,0.0,-6.822053062727361,2.5059929651051323,-6.800286745919951,-4.157067599409544,0.0053824093115463,-2.562887788098008,19199.91374247405,-21.48153985627516,0.002,3.639178187487099,1.3220064458249738,-1.0525515482312031,6.0,10.0,180.0,1.2724467188448845,-5.133819604421596,-0.0737534349184149,-3.2991623605974234,-725.8854900192114,201.1888638855704,167.26014377461684,753.2513505075215,573.5250000000001,1.2724467188448845,0.9063000082969666,1.3440563678741455,1.1874717473983765,1.4156960248947144,1.354276180267334,1.3810434341430664,0.975678026676178,1.0044583082199097,1.0018013715744019,1.363698959350586,1.282325029373169,1.3215301036834717,1.271367073059082,1.296776294708252,1.468350887298584,1.122043251991272,-1.8696815967559814,1.2122211456298828,1.2780050039291382,1.3533704280853271,0.9307230114936829,1.1618489027023315,0.9738299250602722,0.9058142900466919,1.1770961284637451,1.0308895111083984,0.8912965059280396,1.0811519622802734,1.1905674934387207,0.9986610412597656,2.274411916732788,1.3589236736297607,1.3000684976577759,0.8808393478393555,2.877758502960205,1.1304001808166504,1.3715721368789673,1.2897993326187134,1.2116405963897705,0.9028506278991699
6345.0,126.89900000000004,20.20596411259113,193.3538534845143,386.545974564911,737475.2380672626,20.1175017007657,193.26553670013533,386.5459900000001,737570.7794840003,-6.7954128223813175,-6.790557658538717,0.0005139745747793,19200.000000000007,-0.0002157100134106,-6.999315773520488e-05,1.543376643225682e-05,0.0,-6.756812226189451,1.6994772027646068,-6.7868481495948245,-2.68132321909913,-0.0082963008855601,2.3251321685048154,19200.033811711502,-60.05343967988476,0.002,3.6583864996025337,1.29854128071964,-1.0363576771779806,6.0,10.0,180.0,1.3198193373063725,-5.067230795966543,-0.0727607044760317,-3.2966140613173787,-725.6002450096057,200.1164319427852,167.12957188730843,752.6906752537607,573.5250000000001,1.3198193373063725,0.9056079387664795,1.3408679962158203,1.1747251749038696,1.4279658794403076,1.3531780242919922,1.3731024265289307,0.9709264039993286,0.9971643090248108,1.0028576850891113,1.3731755018234253,1.2822160720825195,1.3264188766479492,1.273896336555481,1.2996327877044678,1.4774926900863647,1.1264984607696533,-1.8644152879714966,1.2277109622955322,1.2777904272079468,1.3496787548065186,0.9258365631103516,1.1610615253448486,0.9664940237998962,0.8985775709152222,1.1703228950500488,1.0280132293701172,0.8848499059677124,1.078643560409546,1.1799402236938477,0.9951313734054565,2.2806456089019775,1.364424467086792,1.3089417219161987,0.874848484992981,2.838810682296753,1.1301758289337158,1.3727096319198608,1.2871183156967163,1.2158395051956177,0.8632618188858032
6346.0,126.91900000000004,20.070495065808995,193.21805960356704,386.5459912173516,737859.238312741,19.981736999842443,193.1297721992916,386.5459900000001,737954.7794840003,-6.805259048377515,-6.789574344846988,-3.770429925664064e-05,19200.000000000007,-0.0005110707262353,-4.0505321420444255e-05,-1.2184850462130574e-06,0.0,-6.774638363627078,0.1882867234805164,-6.7908079634032585,-2.6876646589592026,-0.0024507025583474,-0.0059569619277008,19199.99889506066,0.020969424406627,0.002,3.632353631098395,1.164716760301229,-1.0299861342013632,6.0,10.0,180.0,1.329127905750158,-5.1136270203688685,-0.0712895796642954,-3.29766542306064,-725.6561225048029,199.9032159713926,167.1287859436542,752.6873376268803,584.1000000000001,1.329127905750158,0.9064157009124756,1.3531224727630615,1.1862207651138306,1.4360040426254272,1.3639709949493408,1.3926334381103516,0.9789080023765564,1.0049986839294434,1.0091840028762817,1.3876553773880005,1.295013427734375,1.338456392288208,1.2847737073898315,1.3114540576934814,1.4944323301315308,1.1400153636932373,-1.8579384088516235,1.2259161472320557,1.2901031970977783,1.3618645668029785,0.93147212266922,1.176067590713501,0.9738625884056091,0.8992830514907837,1.1833486557006836,1.0379018783569336,0.8909984827041626,1.0796821117401123,1.1931899785995483,1.0047320127487183,2.3121566772460938,1.376552700996399,1.3196104764938354,0.8981701135635376,2.9391696453094482,1.135179877281189,1.3856713771820068,1.3088830709457397,1.2028230428695679,0.9126025438308716
6347.0,126.93900000000004,19.934461694561705,193.08246595919104,386.546008714376,738243.23726454,19.845972499352104,192.99400770053083,386.5459900000001,738338.7794840003,-6.796302946296171,-6.795267686518765,-0.0006234396388596,19200.000000000007,-0.0002422981203579,-0.0002113511496866,-1.8714395167682536e-05,0.0,-6.812756459590443,-1.2931474083900585,-6.811246067980822,-2.075584135873485,-0.0046243697271027,-2.506251185977828,19199.792246943165,-47.1915352327765,0.002,3.6722241167961767,1.1722559306840612,-1.0200485974610385,6.0,10.0,180.0,1.2900871004965493,-5.1069908216061215,-0.0722765530437686,-3.3156526573236604,-726.3630612524014,200.1356079856963,167.3023929718271,753.4306688134402,573.5250000000001,1.2900871004965493,0.9073678255081177,1.3564786911010742,1.1883059740066528,1.4368281364440918,1.3680837154388428,1.403677225112915,0.9941232204437256,1.0103859901428223,1.0091187953948975,1.3929972648620605,1.3024085760116577,1.34356689453125,1.2912228107452393,1.3162797689437866,1.4815303087234497,1.1418757438659668,-1.861323356628418,1.245687484741211,1.2978365421295166,1.37160062789917,0.9338451027870178,1.184187889099121,0.976520836353302,0.9086516499519348,1.1830546855926514,1.0362287759780884,0.8966659307479858,1.0831226110458374,1.194056510925293,1.0033938884735107,2.3574464321136475,1.3801852464675903,1.3254773616790771,0.9094956517219543,2.886258125305176,1.1369638442993164,1.3905190229415894,1.3190951347351074,1.2184951305389404,0.880789041519165
6348.0,126.95900000000005,19.798681674810872,192.9464755495229,386.5460350063656,738627.2390407047,19.71020810136354,192.85824320026003,386.5459900000001,738722.7794840003,-6.795782044332823,-6.787739362626422,-0.0015019471076679,19200.000000000007,-0.0002267723641399,1.4659626049805236e-05,-4.500612634735442e-05,0.0,-6.754158032353919,-1.8254595573140824,-6.775138390928028,1.093532346769301,0.0046253623486482,-0.6688032732868692,19200.238580504265,-34.36728615064725,0.002,3.658188025155479,1.2253140896080912,-1.049821684630515,6.0,10.0,180.0,1.3613476039937047,-5.096251118273264,-0.0766780125036897,-3.2961755950663063,-725.5720306262007,199.86580399284816,167.10719648591356,752.5963344067201,573.5250000000001,1.3613476039937047,0.9053172469139099,1.3540904521942139,1.1750677824020386,1.44542396068573,1.3620250225067139,1.4016730785369873,0.9970377683639526,1.0050556659698486,1.0126817226409912,1.4028385877609253,1.3044590950012207,1.3488925695419312,1.2938342094421387,1.3184070587158203,1.47739839553833,1.142715334892273,-1.8564717769622803,1.2687201499938965,1.2991828918457031,1.3749576807022095,0.9296614527702332,1.1886725425720215,0.9696035981178284,0.9054733514785767,1.1773079633712769,1.0310720205307007,0.8935717344284058,1.0821967124938965,1.185434103012085,1.0013580322265625,2.3837225437164307,1.3850966691970825,1.332956075668335,0.9190695881843567,2.8236606121063232,1.131518006324768,1.3924554586410522,1.3217837810516357,1.195662498474121,0.8724997043609619
6349.0,126.979,19.66303229485177,192.8107663736964,386.5459580013239,739011.2421082776,19.574443502734447,192.7224786979721,386.5459900000001,739106.7794840003,-6.799622393357891,-6.789581144757001,0.0010665475540232,19200.000000000007,-0.0003419933694033,-4.067471168105688e-05,3.199867493545441e-05,0.0,-6.815202610625346,-5.800825546398223,-6.836201709706117,-1.1614801445788416,-0.0153858618036495,-0.0685957187673683,19199.70774562592,-51.57855980937652,0.002,3.6810287247406586,1.313047973208228,-1.0623635253109325,6.0,10.0,180.0,1.339796047707012,-5.063818645959147,-0.0776461242472721,-3.273548805527968,-726.8635153131004,199.45140199642407,167.3730982429568,753.7321672033601,584.1000000000001,1.339796047707012,0.9103625416755676,1.3766181468963623,1.195629358291626,1.468507170677185,1.3903954029083252,1.430772304534912,1.0077903270721436,1.0179462432861328,1.0243427753448486,1.4320635795593262,1.3266239166259766,1.3723400831222534,1.3166420459747314,1.3430153131484985,1.5200252532958984,1.1728458404541016,-1.8500112295150757,1.2683110237121582,1.3221750259399414,1.3878531455993652,0.9395291209220886,1.2112351655960083,0.9827580451965332,0.9060642719268799,1.1961272954940796,1.0502878427505493,0.902833104133606,1.08445405960083,1.2043004035949707,1.0169402360916138,2.4150922298431396,1.408772587776184,1.3580092191696167,0.9373008012771606,2.990628719329834,1.1487141847610474,1.4154307842254639,1.3546897172927856,1.2298692464828491,0.8727595806121826
6350.0,126.99900000000008,19.52693266997915,192.67441279013644,386.5459512539832,739395.2394525924,19.43867900097441,192.586714097461,386.5459900000001,739490.7794840003,-6.788453323195097,-6.769953176163798,0.0012889171696312,19200.000000000007,-6.873146855557264e-06,0.0005482020621433,3.874598532649747e-05,0.0,-6.775622507271511,1.8310263143079624,-6.803491108987535,3.857308638101874,-0.0061045370141173,3.368368031152221,19199.63956838307,38.66898001828942,0.002,3.589950972234635,1.3153728246724714,-1.0371627692047796,6.0,10.0,180.0,1.2880073383259063,-5.152719957084909,-0.0756726034376984,-3.291971072427992,-726.5652576565502,199.22470099821203,167.2920491214784,753.3845836016801,573.5250000000001,1.2880073383259063,0.904214084148407,1.345278024673462,1.1576284170150757,1.4435057640075684,1.34482741355896,1.3785722255706787,0.9862649440765381,0.994563639163971,1.0079063177108765,1.3883733749389648,1.2870211601257324,1.3358280658721924,1.2787312269210815,1.3037841320037842,1.4593182802200317,1.123274326324463,-1.8541194200515747,1.2742997407913208,1.2814408540725708,1.3655297756195068,0.921466052532196,1.1767057180404663,0.9593744874000549,0.902423620223999,1.1663882732391357,1.0215779542922974,0.8848386406898499,1.0836074352264404,1.1727747917175293,0.9969756603240967,2.373602867126465,1.3726352453231812,1.3190807104110718,0.9015436768531799,2.695390462875366,1.114655613899231,1.3769091367721558,1.2947160005569458,1.1591129302978516,0.8738653659820557
6351.0,127.01900000000003,19.391541036882025,192.53876759229507,386.5459552894773,739779.2365345161,19.302914598314857,192.4509497998961,386.5459900000001,739874.7794840003,-6.800878012578529,-6.773932706118674,0.0011619493651754,19200.000000000007,-0.0003794394214193,0.0004286050318149,3.47105203670998e-05,0.0,-6.798073777917016,-4.387808747630597,-6.75879313917298,6.162362144032528,-0.0016909198623066,1.7061796866876364,19199.92994329458,38.69543706509883,0.002,3.6067234468263294,1.2113291723988069,-1.0203924903163708,6.0,10.0,180.0,1.3637215844907409,-5.104590616882218,-0.0732158947563717,-3.3299383460507976,-725.6116288282751,200.964350499106,167.18502456073918,752.92929180084,573.5250000000001,1.3637215844907409,0.9065762162208557,1.3652242422103882,1.1651822328567505,1.4715057611465454,1.3664798736572266,1.4133267402648926,1.0171464681625366,1.0054967403411865,1.0260529518127441,1.432501196861267,1.3200044631958008,1.3700659275054932,1.311152696609497,1.3353514671325684,1.4813168048858643,1.155613899230957,-1.8481603860855103,1.3177030086517334,1.3145179748535156,1.392609715461731,0.9289752840995789,1.2125154733657837,0.9659821391105652,0.9085240364074707,1.1780848503112793,1.0314960479736328,0.8963381052017212,1.0867538452148438,1.182750940322876,1.0078620910644531,2.4542343616485596,1.4039334058761597,1.3574650287628174,0.9478865265846252,2.7509548664093018,1.126796841621399,1.406721830368042,1.3446930646896362,1.1737048625946045,0.8517211079597473
6352.0,127.03900000000004,19.255682574864103,192.4035766183548,386.5460195224711,740163.2397551846,19.16714999768236,192.31518520217097,386.5459900000001,740258.7794840003,-6.797749415867429,-6.793063220198003,-0.0010138322556344,19200.000000000007,-0.0002856727034948,-0.0001445144930317,-2.952246903942949e-05,0.0,-6.784696626977633,1.6441641210328464,-6.801746208558717,-6.78314533237828,0.0087808660382306,1.2197179071584436,19200.44412452587,107.30026971286787,0.002,3.647498163486397,1.2004901297941335,-1.0244429091495673,6.0,10.0,180.0,1.2997880047211186,-5.113893124780385,-0.0742020707781153,-3.285855042272405,-725.9533144141376,200.256175249553,167.21801228036958,753.0691459004199,578.0250000000001,1.2997880047211186,0.9076064825057983,1.3448790311813354,1.1908568143844604,1.4217562675476074,1.3622543811798096,1.37692391872406,0.9640892744064331,1.0015881061553955,1.0028541088104248,1.367613434791565,1.282055139541626,1.3236150741577148,1.2735291719436646,1.300102949142456,1.4941905736923218,1.1315243244171143,-1.8677114248275757,1.196023941040039,1.2784359455108643,1.3433616161346436,0.9313369393348694,1.15683913230896,0.9738653302192688,0.8976453542709351,1.177950382232666,1.0364699363708496,0.886808454990387,1.0779415369033813,1.1910662651062012,1.0009655952453613,2.237992286682129,1.3621761798858643,1.3048030138015747,0.8640276789665222,2.951038122177124,1.1396194696426392,1.3732171058654785,1.287786602973938,1.2455699443817139,0.8735141754150391
6353.0,127.05900000000004,19.119866062785214,192.2675136748496,386.5459871630134,740547.246202262,19.031385498776125,192.17942060212715,386.5459900000001,740642.7794840003,-6.796017265543736,-6.783100440359538,9.155330513813536e-05,19200.000000000007,-0.0002339587600678,0.0001538281916947,2.836987134179633e-06,0.0,-6.806627982366979,2.7503672481536285,-6.76340184837635,7.144381897871325,-8.194754368082147e-06,3.906905811880582,19200.0501050208,-12.934698309711743,0.002,3.689355935462052,1.1749867001290553,-1.023030848820281,6.0,10.0,180.0,1.3061336487917383,-5.115240886163945,-0.0776457026336585,-3.246888228092409,-725.4571572070688,201.55558762477648,167.1865061401848,752.93807295021,572.6250000000001,1.3061336487917383,0.9035154581069946,1.3430733680725098,1.147220253944397,1.445691466331482,1.3368985652923584,1.3717515468597412,0.9909974336624146,0.9901599884033203,1.0086452960968018,1.389207363128662,1.2847001552581787,1.335593342781067,1.2769038677215576,1.301585078239441,1.445045828819275,1.1163294315338135,-1.8482654094696045,1.2929476499557495,1.2786471843719482,1.3697729110717773,0.9192909598350525,1.1797317266464233,0.9527439475059509,0.9038882255554199,1.1620311737060547,1.0157241821289062,0.8831517100334167,1.0854638814926147,1.1671578884124756,0.9968898296356201,2.4160470962524414,1.370845079421997,1.3182429075241089,0.908805787563324,2.616314649581909,1.1036144495010376,1.373591661453247,1.2919849157333374,1.1238542795181274,0.8861920833587646
6354.0,127.07900000000004,18.98450885932004,192.13226653108296,386.5459873169261,740931.2447995322,18.89562100011006,192.04365620064613,386.5459900000001,741026.7794840003,-6.80958958821663,-6.800336804476859,8.650061815131064e-05,19200.000000000007,-0.0006410575304833,-0.0003632310948696,2.6830740430534416e-06,0.0,-6.765402429345116,-2.387600581895293,-6.783198419313253,-0.1109930906676488,0.0085457886390005,1.8371736697949204,19200.136973299195,85.81166922855826,0.002,3.7270596242234393,1.160815953784193,-1.0450284121269182,6.0,10.0,180.0,1.3505639958584952,-5.044394712989392,-0.0771620008731113,-3.2392007242799004,-725.3630786035344,200.61729381238823,167.10725307009238,752.5960364751049,578.7750000000002,1.3505639958584952,0.9070717096328735,1.3582690954208374,1.1787573099136353,1.4527956247329712,1.3687416315078735,1.4019207954406738,0.9923248291015625,1.0051205158233643,1.014758825302124,1.4088646173477173,1.306151270866394,1.352731466293335,1.2973856925964355,1.3229625225067139,1.4965084791183472,1.1504309177398682,-1.8545560836791992,1.2616462707519531,1.3014460802078247,1.372590184211731,0.9311471581459045,1.1898735761642456,0.9715728759765625,0.9013755321502686,1.1810743808746338,1.036617398262024,0.8928346633911133,1.0815458297729492,1.1883299350738525,1.0051019191741943,2.370619773864746,1.389070749282837,1.3378628492355347,0.9124880433082581,2.887472152709961,1.1359814405441284,1.3951679468154907,1.3234659433364868,1.2079335451126099,0.864926278591156
6355.0,127.09900000000002,18.84840148708229,191.9960762730139,386.5460021256405,741315.2455151655,18.759856701161503,191.90789169934948,386.5459900000001,741410.7794840003,-6.798180135706069,-6.78614552250824,-0.000402760280606,19200.000000000007,-0.000298188358493,6.242593167352054e-05,-1.2125640313019888e-05,0.0,-6.813200991519484,5.075006461908748,-6.801759088193154,5.4875937273362805,0.0105047421193449,-1.5880112451181998,19200.136893350824,-30.0066937332266,0.002,3.722378588337325,1.1938417139039237,-1.0425027229755774,6.0,10.0,180.0,1.2666002182308005,-5.09911136056771,-0.0810485824632573,-3.248943209175694,-726.0155393017671,200.7801469061941,167.2641265350462,753.2680182375525,573.6000000000001,1.2666002182308005,0.9033257961273193,1.339776873588562,1.156386375427246,1.4250037670135498,1.333105206489563,1.3740193843841553,0.9877859354019165,0.9949540495872498,1.0043002367019653,1.3690710067749023,1.2768820524215698,1.3218227624893188,1.2652626037597656,1.2895174026489258,1.4260884523391724,1.1028895378112793,-1.8544836044311523,1.266934871673584,1.2704472541809082,1.3664159774780273,0.9209029078483582,1.1712946891784668,0.9573144316673279,0.9088690280914307,1.1652413606643677,1.0151983499526978,0.8864050507545471,1.0857408046722412,1.1742639541625977,0.9945969581604004,2.3970324993133545,1.3580658435821533,1.2989146709442139,0.9089459180831909,2.644052743911743,1.1006108522415161,1.365635633468628,1.2829526662826538,1.1060501337051392,0.9439512491226196
6356.0,127.11900000000006,18.712725585283543,191.86048065326085,386.5459873596325,741699.2401329977,18.62409200125058,191.7721271994678,386.5459900000001,741794.7794840002,-6.8011152827405965,-6.79177455140415,8.742865022126553e-05,19200.000000000007,-0.0003864877405489,-0.0001065543985286,2.640367617416677e-06,0.0,-6.784452512279981,-1.405958509218885,-6.757321021474331,1.830738046829579,0.0117040511085025,-2.1439815993825824,19199.79236953388,73.02820052991544,0.002,3.7026168219975046,1.219602112392837,-1.034621625123778,6.0,10.0,180.0,1.362323676794328,-5.042976448468954,-0.0781074032527947,-3.2986985290764808,-725.2192696508836,201.45107345309708,167.12606326752308,752.6800091187763,573.5250000000001,1.362323676794328,0.9053009152412415,1.3547320365905762,1.1758036613464355,1.4428598880767822,1.3597036600112915,1.403278112411499,1.000867486000061,1.0061115026474,1.0126205682754517,1.401275873184204,1.3047544956207275,1.3482669591903687,1.2934200763702393,1.3176896572113037,1.4704824686050415,1.1399660110473633,-1.856675624847412,1.271665334701538,1.2993299961090088,1.378340244293213,0.9306319952011108,1.1909196376800537,0.9704026579856873,0.9084222912788391,1.1783390045166016,1.0303038358688354,0.8951870203018188,1.0837595462799072,1.1872732639312744,1.0023643970489502,2.392867088317871,1.3836169242858887,1.3309333324432373,0.9251360893249512,2.8126089572906494,1.1280828714370728,1.3917921781539917,1.3233550786972046,1.1813937425613403,0.8912458419799805
6357.0,127.13900000000004,18.577049942196503,191.7248615037935,386.5460163902336,742083.242053168,18.48832740022705,191.63636270043912,386.5459900000001,742178.7794840003,-6.804077750880198,-6.79661649301286,-0.0009179834045114,19200.000000000007,-0.000475643099979,-0.0002518037794562,-2.6390233446562608e-05,0.0,-6.777075925931909,-1.469237965046208,-6.774900767353384,-4.517887034360071,-0.0024215020613802,-4.269072334435076,19200.323764842346,-68.68637814907886,0.002,3.635104067784456,1.1881829053257678,-1.0487453750436304,6.0,10.0,180.0,1.3154265144199817,-5.083977519822411,-0.0786087310960216,-3.284353425376488,-725.1416348254418,201.09403672654847,167.08653163376152,752.5090045593881,584.1000000000001,1.3154265144199817,0.9069884419441223,1.3580958843231201,1.199510097503662,1.4320156574249268,1.3729228973388672,1.4077320098876953,0.9866457581520081,1.0131797790527344,1.0097780227661133,1.3916380405426025,1.3045063018798828,1.3435242176055908,1.2916736602783203,1.3180333375930786,1.4989023208618164,1.1482493877410889,-1.8585377931594849,1.2178187370300293,1.2995120286941528,1.3686127662658691,0.9379679560661316,1.1831409931182861,0.9808690547943115,0.903732419013977,1.1914761066436768,1.0433002710342407,0.8973286151885986,1.079596996307373,1.2033283710479736,1.007895827293396,2.3329246044158936,1.3813121318817139,1.3234158754348755,0.9115182161331177,3.0176422595977783,1.14387845993042,1.393723487854004,1.3244844675064087,1.2173999547958374,0.9314680099487305
6358.0,127.15900000000003,18.44107522840598,191.58887810006016,386.5459940952815,742467.2426649705,18.35256309939928,191.5005982004317,386.5459900000001,742562.7794840003,-6.797071045749386,-6.789326067598127,-0.0001339761266644,19200.000000000007,-0.000265427158697,-3.2897169554255924e-05,-4.095281380749104e-06,0.0,-6.814213121639922,3.4809016109316224,-6.800552745543968,0.1803680087745309,-0.0090479910513547,-1.6497304027340196,19199.89558675142,-21.53121403333504,0.002,3.645538116173197,1.1704999871511246,-1.0166455450002725,6.0,10.0,180.0,1.3076352904692674,-5.145506901897801,-0.0796038669139687,-3.279701849630277,-725.8883174127209,201.07801836327428,167.25376581688076,753.2240022796941,573.5250000000001,1.3076352904692674,0.9044166803359985,1.3417363166809082,1.1727193593978882,1.4212833642959595,1.3444459438323975,1.3770277500152588,0.9806849956512451,0.999656081199646,1.0029772520065308,1.366945505142212,1.2804006338119507,1.3225523233413696,1.2694296836853027,1.2944774627685547,1.4515056610107422,1.1145756244659424,-1.8634982109069824,1.2382550239562988,1.2751274108886719,1.3592731952667236,0.9257888793945312,1.1661102771759033,0.966682493686676,0.9064954519271851,1.1717844009399414,1.0239261388778687,0.8891118764877319,1.0827369689941406,1.1823055744171143,0.9959670305252075,2.3190863132476807,1.3596405982971191,1.3007506132125854,0.8929005861282349,2.776019811630249,1.117844581604004,1.3696200847625732,1.287031650543213,1.1663309335708618,0.918379545211792
6359.0,127.17900000000004,18.30530736721302,191.4532402183408,386.5460098526748,742851.2401608591,18.216798499923453,191.36483369927544,386.5459900000001,742946.7794840003,-6.796957667071642,-6.79354711897479,-0.0006563242270317,19200.000000000007,-0.0002619660895586,-0.0001597141743132,-1.9852674684562934e-05,0.0,-6.764892674052921,1.4699611224004454,-6.747064645526675,-0.4751705032493483,0.0034180323246196,0.54408594942328,19200.1028767551,-12.904573784469664,0.002,3.676966687616651,1.197852309263108,-1.0367956464408092,6.0,10.0,180.0,1.3433418058808697,-5.083058021468039,-0.0781348582810679,-3.3068640637802007,-724.8096587063604,201.41950918163712,167.03188290844037,752.276001139847,573.5250000000001,1.3433418058808697,0.9045825600624084,1.3420054912567139,1.1717195510864258,1.4290094375610352,1.3498443365097046,1.3781461715698242,0.9793591499328613,0.9976407289505005,1.0041513442993164,1.377893090248108,1.2863742113113403,1.3302204608917236,1.276808500289917,1.301947832107544,1.4684475660324097,1.1259987354278564,-1.8619102239608765,1.242592692375183,1.2813200950622559,1.3583807945251465,0.9261015057563782,1.1683259010314941,0.9658896327018738,0.901437520980835,1.1710995435714722,1.0257818698883057,0.8871124386787415,1.080025553703308,1.1800518035888672,0.9955365657806396,2.3151845932006836,1.3670562505722046,1.3121181726455688,0.8909524083137512,2.8082408905029297,1.1254302263259888,1.3754534721374512,1.2948945760726929,1.1909443140029907,0.8849813938140869
6360.0,127.19900000000004,18.16951534151972,191.31774125259,386.5460010062159,743235.2438248696,18.08103390072276,191.22906909861155,386.5459900000001,743330.7794840003,-6.796045847339789,-6.802396201707515,-0.0003695481587929,19200.000000000007,-0.0002346418292815,-0.0004251526079476,-1.1006215707646809e-05,0.0,-6.815414097501028,0.6069302267233851,-6.820803302372376,-9.900398179740629,-0.0029292810138587,0.793141043278953,19200.18861627738,-51.46647145961386,0.002,3.664734763560837,1.1871725625502974,-1.0353100611467625,6.0,10.0,180.0,1.2783643987606246,-5.050815709034907,-0.0785986732990194,-3.2679230380460806,-726.1543293531802,200.68175459081857,167.2894414542202,753.3755005699236,584.1000000000001,1.2783643987606246,0.9100847840309143,1.3522670269012451,1.2056820392608643,1.423766851425171,1.3749020099639893,1.3854060173034668,0.9617570042610168,1.005968689918518,1.0054597854614258,1.3711594343185425,1.2874374389648438,1.3278008699417114,1.279017686843872,1.3067233562469482,1.5158437490463257,1.1423313617706299,-1.8648101091384888,1.1748785972595215,1.2844114303588867,1.3427770137786865,0.937303364276886,1.1607805490493774,0.9813385009765625,0.8965096473693848,1.1876628398895264,1.0463405847549438,0.8899272680282593,1.0774017572402954,1.201881766319275,1.0086091756820679,2.231745719909668,1.3669872283935547,1.3082469701766968,0.8618620038032532,3.067047357559204,1.149935245513916,1.3794293403625488,1.2962496280670166,1.2710866928100586,0.8840351104736328
6361.0,127.21900000000002,18.03348343858133,191.18155662881807,386.5459921572959,743619.2452345688,17.94526960022174,191.09330469920155,386.5459900000001,743714.7794840003,-6.787129689987474,-6.788398216420154,-7.480268334792107e-05,19200.000000000007,3.286089131167052e-05,-5.132743196902933e-06,-2.1572956990502187e-06,0.0,-6.7510079069037,3.3555889193768715,-6.7815049695891245,-0.7881453884869771,-0.0056186597304106,-0.3565757355348193,19199.94728748589,-38.56577685902574,0.002,3.637591939949425,1.1909139412799217,-1.0416621582193115,6.0,10.0,180.0,1.2821644164992296,-5.068316927890857,-0.079082500398987,-3.2617762688981826,-725.58516467659,199.8753772954093,167.1112207271101,752.6122502849619,573.5250000000001,1.2821644164992296,0.9033180475234985,1.336918592453003,1.170238971710205,1.4194822311401367,1.3424592018127441,1.371042013168335,0.9730026721954346,0.9963140487670898,1.00094473361969,1.3646700382232666,1.27761709690094,1.3201878070831299,1.2670347690582275,1.2922375202178955,1.4567959308624268,1.1151814460754395,-1.864526391029358,1.2304306030273438,1.272279143333435,1.3519076108932495,0.9239185452461243,1.159559965133667,0.9640747308731079,0.9014548659324646,1.1682538986206055,1.0226796865463257,0.8854550123214722,1.0795015096664429,1.178396224975586,0.9929457306861877,2.2918264865875244,1.358236312866211,1.2998700141906738,0.8836855292320251,2.7865309715270996,1.1210840940475464,1.3677427768707275,1.282211422920227,1.1794626712799072,0.9034593105316162
6362.0,127.23900000000006,17.8981640817842,191.0460791154776,386.54600199877217,744003.2427530121,17.809504998883703,190.95754020041048,386.5459900000001,744098.7794840003,-6.801971219863572,-6.797959215915479,-0.0003950626572343,19200.000000000007,-0.0004125825788672,-0.0002921156862157,-1.1998772062872436e-05,0.0,-6.781244021287622,-3.2318273388308527,-6.8129720618209815,-5.068758666689937,-0.0028952056405618,-1.8993544486559923,19199.688690590985,-17.14647903331791,0.002,3.606203645743192,1.2141253806035046,-1.0312492741987245,6.0,10.0,180.0,1.323660227873368,-5.052172401446013,-0.0805717378058157,-3.2848647453636017,-726.161582338295,199.29918864770465,167.20561036355505,753.0151251424809,573.5250000000001,1.323660227873368,0.9085865616798401,1.3591303825378418,1.1969506740570068,1.439449429512024,1.379502534866333,1.4086297750473022,0.9912777543067932,1.0132755041122437,1.0110268592834473,1.3988014459609985,1.3078844547271729,1.3482801914215088,1.2971742153167725,1.3226292133331299,1.500934362411499,1.1535804271697998,-1.8607584238052368,1.2332160472869873,1.303938627243042,1.3684608936309814,0.9371228814125061,1.1843583583831787,0.9796417951583862,0.9057015776634216,1.1868215799331665,1.0421630144119263,0.8972432613372803,1.080478549003601,1.197533369064331,1.0040974617004395,2.3539648056030273,1.3855392932891846,1.332302451133728,0.903008759021759,2.9680259227752686,1.149692177772522,1.3963735103607178,1.3261401653289795,1.260664463043213,0.8512915372848511
6363.0,127.25900000000004,17.76223738230528,190.9098397731528,386.54598441777847,744387.2448133045,17.67374049775764,190.8217756017592,386.5459900000001,744482.7794840003,-6.796530073214764,-6.782127887224886,0.0001902691000716,19200.000000000007,-0.0002498841957774,0.0001828306978656,5.582221635031063e-06,0.0,-6.802214584006217,-2.6876217609632134,-6.823505355762171,2.318845685209265,-0.0014783626334867,0.1248372190991631,19200.3070407961,-34.40056607095771,0.002,3.631123238030229,1.1836730779549127,-1.0166795365214158,6.0,10.0,180.0,1.2788123661038564,-5.1718258166292,-0.0781381127602334,-3.2684642830040658,-726.8012911691476,199.22009432385232,167.34480518177753,753.6105625712405,584.1000000000001,1.2788123661038564,0.9072539806365967,1.3676375150680542,1.1802867650985718,1.4612022638320923,1.3713428974151611,1.4161251783370972,1.0037391185760498,1.0102481842041016,1.0188696384429932,1.4193522930145264,1.3140172958374023,1.3611292839050293,1.3035986423492432,1.329532265663147,1.494497299194336,1.1539591550827026,-1.8497496843338013,1.2766838073730469,1.3086318969726562,1.3849023580551147,0.9325547218322754,1.2038042545318604,0.9746611714363098,0.9056005477905273,1.1870752573013306,1.0396078824996948,0.8976716995239258,1.0852965116500854,1.1945457458496094,1.011991024017334,2.413428783416748,1.3975379467010498,1.344713807106018,0.936465322971344,2.87715744972229,1.1317609548568726,1.4031822681427002,1.337070107460022,1.1772124767303467,0.9034593105316162
6364.0,127.27900000000004,17.62633877433531,190.77401760528,386.54600107945134,744771.2484992803,17.53797599773828,190.6860112023738,386.5459900000001,744866.7794840003,-6.792085717340814,-6.780213774884136,-0.0003653650748268,19200.000000000007,-0.0001159753507055,0.0002403947687925,-1.1079451155104598e-05,0.0,-6.767598001003027,-1.0996781947706609,-6.760504992981387,3.17461376319278,-0.0036518370422907,-0.550594476069856,19199.81084322269,-68.74307336130019,0.002,3.6732954784587646,1.2273099419661957,-1.0398018252208163,6.0,10.0,180.0,1.3291449351028624,-5.104975771664535,-0.0795811565938468,-3.242787241870338,-725.5716455845738,200.16454716192612,167.12590259088876,752.6762812856202,573.5250000000001,1.3291449351028624,0.9045388698577881,1.3526828289031982,1.1686617136001587,1.4463661909103394,1.356033444404602,1.3987996578216553,0.9995828866958618,1.0026445388793945,1.0127003192901611,1.402251124382019,1.3029265403747559,1.3484443426132202,1.2922149896621704,1.316706657409668,1.4679770469665527,1.1379318237304688,-1.8544577360153198,1.2796931266784668,1.2971923351287842,1.377641201019287,0.9274391531944275,1.1902289390563965,0.9662107825279236,0.9063766002655029,1.1746894121170044,1.0274834632873535,0.8924917578697205,1.083399772644043,1.1821362972259521,1.0010666847229004,2.399202823638916,1.384326457977295,1.3319613933563232,0.9246266484260559,2.769062042236328,1.124678611755371,1.3907692432403564,1.3201638460159302,1.172850251197815,0.8852555751800537
6365.0,127.29900000000004,17.490907348355755,190.63870329111143,386.5459931463025,745155.2481748869,17.402211599841497,190.55024670074525,386.5459900000001,745250.7794840003,-6.803185724690238,-6.795211205686127,-0.0001035995073586,19200.000000000007,-0.0004488467836012,-0.0002095961507656,-3.146302397757239e-06,0.0,-6.803955963656359,-6.356879445691934,-6.8061363445259415,-0.5503227749955762,-0.0127252917453867,0.1815047419454934,19199.74271367427,68.70731753529057,0.002,3.6441031210221824,1.212096637305364,-1.0290942392169975,6.0,10.0,180.0,1.3266951042729913,-5.083066670142155,-0.0839683350871048,-3.237648119292662,-726.1568227922869,200.1992735809631,167.25995129544438,753.2491406428101,573.5250000000001,1.3266951042729913,0.9098312258720398,1.3708834648132324,1.1888819932937622,1.4662158489227295,1.3865485191345215,1.4236751794815063,1.011582851409912,1.015019416809082,1.025028944015503,1.4306687116622925,1.3256120681762695,1.3710570335388184,1.316342830657959,1.3413026332855225,1.5079773664474487,1.1695172786712646,-1.8541502952575684,1.2820823192596436,1.3214476108551025,1.3871997594833374,0.9373758435249329,1.208652377128601,0.9785575270652771,0.9084697365760803,1.188673973083496,1.0438710451126099,0.9016333818435669,1.0842514038085938,1.1962780952453613,1.0106920003890991,2.4214587211608887,1.4062891006469727,1.3587952852249146,0.9330228567123413,2.9191818237304688,1.148116946220398,1.4126958847045898,1.3517318964004517,1.2448481321334839,0.8278108835220337
6366.0,127.31900000000005,17.35452128624653,190.5025884601449,386.5459559867785,745539.2486856184,17.266446902284926,190.4144820979793,386.5459900000001,745634.7794840003,-6.782477285208704,-6.783543234478058,0.0011319967446053,19200.000000000007,0.0001724157538318,0.0001404344457691,3.401322163707948e-05,0.0,-6.80932876083506,4.893782294145366,-6.800541901156636,3.3576812608967628,0.0021949539581874,2.2004581214873613,19199.99894408129,0.0768335027295052,0.002,3.688756678957144,1.1952845814253252,-1.026038331204345,6.0,10.0,180.0,1.2436563740436566,-5.088925514095312,-0.0805729449631486,-3.248429731473905,-726.3634113961434,200.5116367904816,167.3259756477222,753.531070321405,578.0250000000001,1.2436563740436566,0.9047183990478516,1.340328574180603,1.1588950157165527,1.4300053119659424,1.3369439840316772,1.3674143552780151,0.976667046546936,0.9924525022506714,1.0053000450134277,1.3697750568389893,1.2748844623565674,1.322230339050293,1.265796422958374,1.291471004486084,1.4489002227783203,1.1092479228973389,-1.8563382625579834,1.2531359195709229,1.2691125869750977,1.3578343391418457,0.9205840229988098,1.1660586595535278,0.958918571472168,0.9020190238952637,1.1663684844970703,1.0197464227676392,0.8827648162841797,1.0838487148284912,1.1745487451553345,0.9963251352310181,2.338486909866333,1.3593980073928833,1.3013859987258911,0.8915221691131592,2.700852870941162,1.1068044900894165,1.365450143814087,1.2785121202468872,1.1323145627975464,0.9230597019195557
6367.0,127.33900000000006,17.219288089740765,190.3671373894149,386.54600388550494,745923.2464771188,17.13068240220827,190.27871769747867,386.5459900000001,746018.7794840003,-6.800182060630914,-6.793960623046648,-0.0004666208195533,19200.000000000007,-0.0003587893339584,-0.000172993404068,-1.3885504812238096e-05,0.0,-6.76244619240254,-4.63765063972054,-6.770738038116212,-2.011630087338226,0.0026976478075133,2.262827683931969,19200.08366114692,103.015205768098,0.002,3.684005535779723,1.2904781283764557,-1.0413929855312047,6.0,10.0,180.0,1.3442130846307463,-5.071820024029785,-0.0815598730253245,-3.247905788625076,-725.5337056980717,200.3858183952408,167.13098782386112,752.6980351607025,572.6250000000001,1.3442130846307463,0.9086750745773315,1.360351800918579,1.1840159893035889,1.4563859701156616,1.3786025047302246,1.4066505432128906,0.9960143566131592,1.0077629089355469,1.0183582305908203,1.4157065153121948,1.3131906986236572,1.358934760093689,1.3052222728729248,1.3303861618041992,1.506587028503418,1.160605549812317,-1.8570520877838135,1.2642879486083984,1.3091845512390137,1.3733197450637817,0.9338904023170471,1.1921087503433228,0.9736804366111755,0.9024406671524048,1.181771993637085,1.03948974609375,0.8947539329528809,1.0809907913208008,1.1893501281738281,1.0044775009155273,2.3747899532318115,1.3949676752090454,1.347175121307373,0.9089126586914062,2.906904458999634,1.1466017961502075,1.401262640953064,1.3323990106582642,1.2536839246749878,0.8150151968002319
6368.0,127.35900000000004,17.083478662105943,190.2309395382524,386.5459267951576,746307.2451689418,16.994918101119403,190.14295309964533,386.5459900000001,746402.7794840003,-6.798680291849176,-6.779545255368608,0.0021042978106216,19200.000000000007,-0.0003135622383192,0.0002604600102236,6.320484249393121e-05,0.0,-6.81127509161288,2.0691144077794057,-6.808144016131915,11.600278785992543,0.0029265295230869,5.856447808338102,19199.483075852368,-30.071974959584168,0.002,3.579614593551891,1.2032871923773658,-1.0361636231743294,6.0,10.0,180.0,1.292956082364063,-5.139715575622416,-0.0795868711990821,-3.2853345328239696,-726.2298528490359,200.4304091976204,167.29049391193055,753.3805175803512,578.7750000000002,1.292956082364063,0.9052530527114868,1.352136254310608,1.1379350423812866,1.4655181169509888,1.3387640714645386,1.3724312782287598,1.001519799232483,0.9902311563491821,1.0160043239593506,1.4095659255981445,1.2921626567840576,1.3482487201690674,1.2848516702651978,1.3099658489227295,1.4467236995697021,1.1216000318527222,-1.8375582695007324,1.322533369064331,1.2855526208877563,1.381474494934082,0.9200059771537781,1.1962381601333618,0.9481220841407776,0.9044179320335388,1.1635899543762207,1.0163334608078003,0.8838667869567871,1.0885542631149292,1.166155219078064,1.0045065879821777,2.5034451484680176,1.3831093311309814,1.3314992189407349,0.9318496584892273,2.571768283843994,1.09553062915802,1.3818998336791992,1.303267240524292,1.0825865268707275,0.8994584083557129
6369.0,127.37900000000003,16.94745120568466,190.09521530827064,386.54594527037534,746691.2358807328,16.859153501535786,190.0071887007497,386.5459900000001,746786.7794840002,-6.789963771369338,-6.780882690782231,0.0014561638243876,19200.000000000007,-5.080436795211014e-05,0.0002202946089419,4.4729624813124455e-05,0.0,-6.810308091674076,1.1064538763760503,-6.780036217789882,-5.075399697911202,0.0114758594542903,2.44426432685742,19200.102140546267,120.11899318471755,0.002,3.6560810120203353,1.1094765099563555,-1.0273822719328634,6.0,10.0,180.0,1.3179157886602106,-5.167519964571907,-0.0776212162703783,-3.3597058552311294,-725.9714264245179,201.24820459881025,167.2832469559653,753.3497587901757,573.6000000000001,1.3179157886602106,0.9081370234489441,1.3454184532165527,1.1849114894866943,1.4276947975158691,1.361525297164917,1.3765214681625366,0.9702708125114441,1.000719666481018,1.0037846565246582,1.3733723163604736,1.2845323085784912,1.327733039855957,1.277171015739441,1.3031938076019287,1.4896936416625977,1.1323864459991455,-1.867644190788269,1.2164101600646973,1.2810163497924805,1.3483537435531616,0.9299883246421814,1.1612210273742676,0.9716402292251587,0.8998017311096191,1.1748249530792236,1.0336309671401978,0.8869998455047607,1.0799669027328491,1.1866981983184814,0.9990160465240479,2.2607927322387695,1.3650859594345093,1.3108168840408325,0.86725914478302,2.889526844024658,1.1366993188858032,1.3745189905166626,1.2906103134155273,1.2451008558273315,0.8486213088035583
6370.0,127.39900000000004,16.81181370566455,189.95981298356173,386.5460400612862,747075.242505332,16.72338880073864,189.8714240995733,386.5459900000001,747170.7794840003,-6.794148935619573,-6.792956814518045,-0.0016695437025642,19200.000000000007,-0.0001777033474216,-0.0001421770535931,-5.0061286101196e-05,0.0,-6.757076353887894,3.355993406539489,-6.738037530968117,4.523956902366105,0.006354281382176,-3.056691894330924,19200.48041778999,-12.861639460639624,0.002,3.712551863306654,1.0023717772611136,-1.0569015047055328,6.0,10.0,180.0,1.2969185547310045,-5.066868189096023,-0.0825209410662563,-3.30690115387907,-724.6057132122589,201.57660229940512,166.99562347798263,752.1218793950878,573.5250000000001,1.2969185547310045,0.9011006355285645,1.3386342525482178,1.1598652601242065,1.4239470958709717,1.3365143537521362,1.3792061805725098,0.9892880916595459,0.9960926175117493,1.0037425756454468,1.3742294311523438,1.2836493253707886,1.326798915863037,1.2708652019500732,1.2948887348175049,1.4339566230773926,1.1111313104629517,-1.8557260036468506,1.264514684677124,1.276982307434082,1.3682136535644531,0.9225393533706665,1.1734286546707153,0.9584431052207947,0.9069358706474304,1.1669689416885376,1.01663339138031,0.8877162337303162,1.0826303958892822,1.1757488250732422,0.9938770532608032,2.386798620223999,1.3630664348602295,1.3049143552780151,0.9156951904296875,2.69486927986145,1.1082773208618164,1.3716533184051514,1.2936451435089111,1.1201659440994263,0.944756269454956
6371.0,127.41900000000004,16.676137760940122,189.8242255671028,386.5459618665258,747459.2402747914,16.587624597555266,189.73565969959736,386.5459900000001,747554.7794840003,-6.797104944524794,-6.798864373569496,0.0009378364123698,19200.000000000007,-0.0002662608188911,-0.0003193636766381,2.8133474335234512e-05,0.0,-6.805166225660568,0.4810753006269051,-6.804892162833963,-0.0630565215969248,0.0100323812818955,-1.2190862481634577,19199.689813759283,47.2703564900973,0.002,3.708166677490335,1.1888226038443477,-1.043813250618025,6.0,10.0,180.0,1.2851230963840603,-5.082001255229051,-0.0766716183192283,-3.3248382528687133,-725.6558566061294,200.97130114970253,167.19481173899132,752.9719396975439,584.1000000000001,1.2851230963840603,0.9061035513877869,1.3564178943634033,1.1824581623077393,1.4394348859786987,1.3610551357269287,1.3981523513793945,0.9881531000137329,1.0064064264297485,1.0114548206329346,1.3925113677978516,1.2973403930664062,1.3412809371948242,1.2863786220550537,1.3124428987503052,1.4827511310577393,1.1370621919631958,-1.8556249141693115,1.2434183359146118,1.2920632362365723,1.370556354522705,0.931459367275238,1.1840962171554565,0.9739218354225159,0.9038296937942505,1.1838544607162476,1.0358465909957886,0.8935450911521912,1.0828382968902588,1.1934072971343994,1.0062404870986938,2.353269577026367,1.3781942129135132,1.3211963176727295,0.9131594896316528,2.8965647220611572,1.127636432647705,1.386927843093872,1.3131128549575806,1.1713284254074097,0.931774377822876
6372.0,127.43900000000004,16.5404520213832,189.68798490304243,386.5460184673312,747843.2416359859,16.451859996987466,189.5998952018183,386.5459900000001,747938.7794840003,-6.799731413565749,-6.782983700281387,-0.0009473455311316,19200.000000000007,-0.0003453241319928,0.0001571931717875,-2.8467331069833342e-05,0.0,-6.783196054673785,-2.49960875095904,-6.790012305560741,0.2392035979417616,-0.0012483982886085,-6.900301799895655,19200.59885938928,-42.91083147291901,0.002,3.7154787644250336,1.2578711860238367,-1.0356741805698264,6.0,10.0,180.0,1.3910519345552017,-5.050261036393867,-0.0751916172431396,-3.318679531864885,-725.7164283030647,200.56465057485127,167.18340586949566,752.921469848772,573.5250000000001,1.3910519345552017,0.9054297208786011,1.3598484992980957,1.1885560750961304,1.4376437664031982,1.3678674697875977,1.4190716743469238,1.0085432529449463,1.0152111053466797,1.0129413604736328,1.4024909734725952,1.3123223781585693,1.3511404991149902,1.2976394891738892,1.321671724319458,1.4697797298431396,1.1446914672851562,-1.8582284450531006,1.262755036354065,1.3067235946655273,1.3845518827438354,0.9358775019645691,1.1967188119888306,0.9776104688644409,0.913891077041626,1.1861236095428467,1.0353978872299194,0.9020189642906189,1.08408522605896,1.1974503993988037,1.0051051378250122,2.409446954727173,1.3869729042053223,1.331447720527649,0.9393870830535889,2.876706838607788,1.135035753250122,1.3985860347747803,1.3360158205032349,1.1898325681686401,0.9167348146438599
6373.0,127.45900000000002,16.404294798653133,189.55236169963965,386.5459979819249,748227.2460214447,16.316095400066615,189.4641305026321,386.5459900000001,748322.7794840003,-6.786651867300283,-6.787701961489043,-0.0002645982820775,19200.000000000007,4.740017631105617e-05,1.559548124816379e-05,-7.981924825081866e-06,0.0,-6.798107652769569,4.825939535369196,-6.759279474387571,-0.550077232404707,-0.0063291737774542,0.3063942478728553,19200.050038222245,-25.79235910279188,0.002,3.6402067393573456,1.2175733958162664,-1.0462766906683416,6.0,10.0,180.0,1.3085932380582184,-5.071238850507178,-0.0786041744901203,-3.277653043785804,-725.1967141515324,201.62132528742563,167.13170293474784,752.7032349243859,573.5250000000001,1.3085932380582184,0.9037324786186218,1.3339293003082275,1.1681554317474365,1.4150800704956055,1.336756706237793,1.3619850873947144,0.9693028926849365,0.9933196902275085,0.9997707605361938,1.3561670780181885,1.2711913585662842,1.314191222190857,1.261474370956421,1.2869681119918823,1.4511802196502686,1.1079864501953125,-1.8662441968917847,1.2266523838043213,1.2660157680511475,1.3481881618499756,0.9227526783943176,1.1545193195343018,0.9624500870704651,0.9015929698944092,1.1661324501037598,1.0204253196716309,0.8837058544158936,1.0804232358932495,1.1767535209655762,0.992774248123169,2.2700085639953613,1.351633071899414,1.292768120765686,0.8754487633705139,2.7611963748931885,1.1157881021499634,1.3611804246902466,1.273068904876709,1.1700103282928467,0.9123208522796631
6374.0,127.47900000000008,16.26872573185809,189.41687948023608,386.5460038713504,748611.2448295221,16.180330901825,189.32836620040928,386.5459900000001,748706.7794840003,-6.793152193108041,-6.797111661795976,-0.0004630858417494,19200.000000000007,-0.0001479296751898,-0.0002664785508948,-1.3871350307809377e-05,0.0,-6.790309861080189,-0.5504218675923098,-6.784681714024664,-6.525153296843172,-0.0022037081361273,-1.9503532949824955,19199.77613338864,-55.821030176108046,0.002,3.6623654100245218,1.208538150691096,-1.0274578727184367,6.0,10.0,180.0,1.2871471603782845,-5.147903885560874,-0.0756869343900979,-3.290988317298952,-725.4278570757663,201.2181626437128,167.15885146737392,752.817617462193,584.1000000000001,1.2871471603782845,0.9081404209136963,1.3550057411193848,1.200846552848816,1.4287786483764648,1.3727868795394897,1.3973116874694824,0.9760361909866333,1.009596824645996,1.0079230070114136,1.3831491470336914,1.297163486480713,1.33697509765625,1.2862904071807861,1.3131740093231201,1.5055747032165527,1.145492434501648,-1.8611716032028198,1.201554536819458,1.2929164171218872,1.3581328392028809,0.9374820590019226,1.1735570430755615,0.9803721904754639,0.9003993272781372,1.1891964673995972,1.0440365076065063,0.8938726186752319,1.0786060094833374,1.2017507553100586,1.0078308582305908,2.291088104248047,1.375268578529358,1.3173015117645264,0.8907641172409058,3.033010721206665,1.1457473039627075,1.3874775171279907,1.312322735786438,1.2375808954238892,0.9118022918701172
6375.0,127.49900000000002,16.133011910608705,189.28136304530435,386.5460401206042,748995.2436272512,16.04456650099443,189.1926016979617,386.5459900000001,749090.7794840002,-6.7948448039427145,-6.805381670704458,-0.0016690778444078,19200.000000000007,-0.0001986087395697,-0.0005147394432868,-5.012060409847448e-05,0.0,-6.73924500848184,4.024517438616441,-6.775894795078654,-7.262945417911302,0.0002241259891914,-0.9815625254052712,19200.360081357525,-4.303272534439481,0.002,3.6816120591851313,1.2243277791873497,-1.04549260929416,6.0,10.0,180.0,1.3198113353869638,-5.070777942846441,-0.0776441402077673,-3.3002231797602803,-725.0234285378831,200.0180813218564,166.99342573368696,752.1088087310965,573.5250000000001,1.3198113353869638,0.904518723487854,1.3311773538589478,1.1858594417572021,1.4018476009368896,1.3473713397979736,1.3617920875549316,0.9549741744995117,0.9966133832931519,0.9951911568641663,1.3451746702194214,1.268646001815796,1.3070626258850098,1.258291244506836,1.2843034267425537,1.4715300798416138,1.1140061616897583,-1.8760594129562378,1.1791510581970215,1.2645330429077148,1.3314831256866455,0.9273064136505127,1.140629529953003,0.969169020652771,0.8970214128494263,1.1702098846435547,1.0276108980178833,0.8832857012748718,1.0748721361160278,1.184670090675354,0.9932308197021484,2.188796281814575,1.3464572429656982,1.2856067419052124,0.8522030115127563,2.9093692302703857,1.13394033908844,1.3599753379821777,1.2687536478042603,1.2333449125289917,0.8924636840820312
6376.0,127.51900000000003,15.9974220351915,189.14542991997524,386.5459913236465,749379.2470252331,15.908802000290535,189.05683699775864,386.5459900000001,749474.7794840003,-6.800660684301683,-6.799756403939021,-7.248829157058238e-05,19200.000000000007,-0.000373135698158,-0.0003460168533176,-1.32364634497704e-06,0.0,-6.838390014288959,-5.31261662625581,-6.828858583705253,-1.958194251262648,-0.0107270714550969,0.0624550620720552,19199.98207090697,-30.004654081876776,0.002,3.618087840823904,1.2608642501004832,-1.0252895656893708,6.0,10.0,180.0,1.283644251830759,-5.101121933421082,-0.0791024486642983,-3.271497431062867,-726.5817142689416,200.3080406609282,167.36271286684348,753.6874043655482,573.5250000000001,1.283644251830759,0.9107106924057007,1.3701748847961426,1.1929798126220703,1.460497498512268,1.3864719867706299,1.4195606708526611,1.0069659948349,1.0156302452087402,1.0216832160949707,1.4219601154327393,1.3205108642578125,1.3649775981903076,1.3115513324737549,1.3368114233016968,1.507521390914917,1.1652047634124756,-1.856184482574463,1.2689902782440186,1.3167493343353271,1.3829702138900757,0.9381094574928284,1.2029868364334106,0.9805812239646912,0.9091794490814209,1.189565658569336,1.0449371337890625,0.9014331102371216,1.0847877264022827,1.1983855962753296,1.0105665922164917,2.4054434299468994,1.400452733039856,1.351484775543213,0.9225884079933167,2.933753728866577,1.1480709314346313,1.4079580307006836,1.3440967798233032,1.2517296075820923,0.8305820226669312
6377.0,127.53900000000006,15.860819117800755,189.009324274478,386.5459580050037,749763.2479680214,15.773037400069004,188.92107269919217,386.5459900000001,749858.7794840003,-6.772717948566445,-6.788380508005159,0.0010667325732701,19200.000000000007,0.0004651799540274,-4.77550494935995e-06,3.199499638679475e-05,0.0,-6.767568703726735,4.581957822734475,-6.784872133485625,3.17510739074806,0.0012268036544755,2.6255794951678446,19199.96362440021,-42.85985878127456,0.002,3.637000611388379,1.2440247228014425,-1.023507316225993,6.0,10.0,180.0,1.2455873077044723,-5.0723226682282085,-0.0742140996230323,-3.2679260255969083,-725.9763571344708,199.9980203304641,167.20685643342173,753.0212021827741,584.1000000000001,1.2455873077044723,0.904686689376831,1.3410613536834717,1.1596298217773438,1.4326144456863403,1.338582992553711,1.3687660694122314,0.9729074239730835,0.9918966889381409,1.006734848022461,1.373562216758728,1.276710867881775,1.324756383895874,1.267230749130249,1.2936310768127441,1.459322452545166,1.1137661933898926,-1.8538620471954346,1.2472856044769287,1.270594596862793,1.356993317604065,0.9207227230072021,1.1669349670410156,0.9590072631835938,0.8975934982299805,1.1686848402023315,1.0222054719924927,0.8818368911743164,1.0817416906356812,1.1760903596878052,0.9981026649475098,2.3314459323883057,1.3627920150756836,1.304025650024414,0.8946064710617065,2.7473506927490234,1.109010100364685,1.368320107460022,1.2819246053695679,1.12638521194458,0.9416912794113159
6378.0,127.55900000000004,15.725715633727322,188.87377902266627,386.5460167928737,750147.2505773643,15.637273099166734,188.7853081005873,386.5459900000001,750242.7794840003,-6.794754397866392,-6.795689097469359,-0.0008852739869055,19200.000000000007,-0.0001960370655441,-0.0002239246171563,-2.679287358071658e-05,0.0,-6.770749769692671,-5.91904955366462,-6.798351430331604,-1.585565602705277,-0.0021986973160663,-1.2189874185806286,19200.049325389165,-47.26390608531675,0.002,3.681907689255696,1.2124425074630565,-1.026826507615712,6.0,10.0,180.0,1.3061788783366792,-5.0961123262788295,-0.0795873469920557,-3.2371852246756503,-725.9776785672354,199.52851016523203,167.17842821671087,752.898101091387,573.5250000000001,1.3061788783366792,0.9086928963661194,1.36754310131073,1.1910125017166138,1.4585785865783691,1.3846782445907593,1.4226679801940918,1.0076407194137573,1.015153408050537,1.0217671394348145,1.4240902662277222,1.322861909866333,1.3663053512573242,1.3123493194580078,1.3371849060058594,1.5051259994506836,1.1665396690368652,-1.855225682258606,1.2705929279327393,1.3184831142425537,1.383674144744873,0.9375908970832825,1.203431487083435,0.97871333360672,0.9076613783836365,1.1882948875427246,1.0431534051895142,0.9009431600570679,1.0825996398925781,1.1968741416931152,1.008429765701294,2.4103243350982666,1.4021419286727905,1.3531802892684937,0.9298888444900513,2.9353291988372803,1.1494264602661133,1.4100348949432373,1.3482037782669067,1.2471516132354736,0.8379562497138977
6379.0,127.57900000000004,15.589824984559908,188.7378799443115,386.54601264154894,750531.251724386,15.501508498680057,188.64954370060664,386.5459900000001,750626.7794840003,-6.790558239600266,-6.791207002878119,-0.0007576877215891,19200.000000000007,-6.968655443202351e-05,-8.944402203174326e-05,-2.2641548810138907e-05,0.0,-6.792455471777986,0.1812587269995376,-6.809113085249583,3.113207820367317,-0.0058563129378991,-0.1810466920087334,19199.742273897908,-64.47080893351621,0.002,3.698701995003705,1.2069376235450873,-1.0186863319415225,6.0,10.0,180.0,1.2363751011458133,-5.1214264700163845,-0.0830122895299211,-3.240240506549841,-726.3483392836177,199.513255082616,167.26121410835543,753.2515505456936,573.5250000000001,1.2363751011458133,0.9048694372177124,1.3521182537078857,1.168034315109253,1.4438039064407349,1.3536278009414673,1.3947360515594482,0.9966428875923157,1.0023515224456787,1.0100693702697754,1.3957710266113281,1.297245979309082,1.342997431755066,1.286881685256958,1.3115179538726807,1.4625358581542969,1.1315076351165771,-1.85498046875,1.2749334573745728,1.2916829586029053,1.3747425079345703,0.9264205098152161,1.1863685846328735,0.9660902619361877,0.9073396921157837,1.1738640069961548,1.0266962051391602,0.891626238822937,1.084524393081665,1.1816734075546265,1.0006704330444336,2.395613193511963,1.3792433738708496,1.3252407312393188,0.9180049896240234,2.7529079914093018,1.120944619178772,1.3857696056365967,1.3112688064575195,1.1662517786026,0.8887486457824707
6380.0,127.59900000000002,15.45433115294668,188.6018930352699,386.5459825146664,750915.2493382548,15.365743899602544,188.5137790996269,386.5459900000001,751010.7794840003,-6.799566966310293,-6.783794558971597,0.0002169900440685,19200.000000000007,-0.0003404514046596,0.0001327668622275,7.485333668811711e-06,0.0,-6.77713412884579,-4.337985920626255,-6.787130750409117,1.7664212037016225,-0.0046525898565601,0.6058647453304464,19199.65687532252,81.59997226600417,0.002,3.6764237697507056,1.2498515943228985,-1.049784137733209,6.0,10.0,180.0,1.342814232343633,-5.125962738582598,-0.0815477630608122,-3.2499726879865776,-725.9716696418088,199.769127541308,167.1921070541777,752.9562752728468,578.0250000000001,1.342814232343633,0.9074077010154724,1.3658032417297363,1.1792751550674438,1.4631798267364502,1.3745439052581787,1.4169397354125977,1.0065479278564453,1.0095648765563965,1.0215318202972412,1.424368977546692,1.318270206451416,1.3651964664459229,1.3085038661956787,1.3337392807006836,1.4972846508026123,1.1595253944396973,-1.8517787456512451,1.283978819847107,1.313206672668457,1.3851004838943481,0.9328635931015015,1.2045632600784302,0.9732828140258789,0.9054651856422424,1.184472918510437,1.0384827852249146,0.8976246118545532,1.0838189125061035,1.1912240982055664,1.009090781211853,2.4142963886260986,1.4009344577789307,1.3513737916946411,0.9348422884941101,2.8702497482299805,1.1375136375427246,1.4063221216201782,1.3421486616134644,1.2036212682724,0.8640947341918945
6381.0,127.61900000000006,15.318596865303292,188.4664972703789,386.5459502284022,751299.2485498827,15.229979500585092,188.3780146995213,386.5459900000001,751394.7794840003,-6.800576994111306,-6.796084248202422,0.0013253055352676,19200.000000000007,-0.0003706614526644,-0.0002357704408169,3.977159790499623e-05,0.0,-6.807851248883457,-2.688271622318321,-6.783165793824973,1.2250305482072623,-0.0065910754818021,2.7502462203509697,19199.912487928585,-21.37237020692048,0.002,3.6679767164031385,1.20149511184946,-1.0259903337542593,6.0,10.0,180.0,1.3227448424191928,-5.0713716166415175,-0.0849586364960229,-3.275607256893946,-725.8943348209044,200.766063770654,167.23605352708887,753.1476376364235,572.6250000000001,1.3227448424191928,0.9079126119613647,1.3584990501403809,1.173937201499939,1.4567588567733765,1.3677291870117188,1.4008768796920776,0.9986577033996582,1.0040733814239502,1.0170766115188599,1.411247730255127,1.3072768449783325,1.3549883365631104,1.2996289730072021,1.3246947526931763,1.4892410039901733,1.149242877960205,-1.8554097414016724,1.2790250778198242,1.3027756214141846,1.3761743307113647,0.9297533631324768,1.1928013563156128,0.9698031544685364,0.9048250913619995,1.1775354146957397,1.0335243940353394,0.8932441473007202,1.0839006900787354,1.1842633485794067,1.0040833950042725,2.385866641998291,1.3904248476028442,1.3415418863296509,0.9132634997367859,2.8164753913879395,1.1333191394805908,1.3954075574874878,1.324253797531128,1.2131016254425049,0.8361853361129761
6382.0,127.63900000000004,15.182312403981266,188.3305106962593,386.545983405501,751683.2429867813,15.094215000193111,188.2422502006064,386.5459900000001,751778.7794840003,-6.783256266067414,-6.788683941905208,0.0002226642858086,19200.000000000007,0.0001492993272904,-1.359840183097692e-05,6.594499065788696e-06,0.0,-6.802962562784162,4.037359106866442,-6.807627046727816,-0.9727150723952924,0.0058775217185418,2.200870191656699,19199.928918481222,145.90237477645843,0.002,3.606522743556872,1.258882668580045,-1.0581732107321846,6.0,10.0,180.0,1.2509384873265703,-5.133327515905059,-0.080564517999518,-3.3083908407692464,-726.3411674104523,200.433031885327,167.3160267635444,753.4893188182118,578.7750000000002,1.2509384873265703,0.9052932262420654,1.3415138721466064,1.1717417240142822,1.4256380796432495,1.3449411392211914,1.3687694072723389,0.9690282344818115,0.9958711862564087,1.0040264129638672,1.3663805723190308,1.275551438331604,1.3207414150238037,1.2669897079467773,1.2931628227233887,1.4677791595458984,1.1166284084320068,-1.8628360033035278,1.2267059087753296,1.2707347869873047,1.3499209880828857,0.9244968891143799,1.1602113246917725,0.9655860066413879,0.8996344208717346,1.1707310676574707,1.0266642570495605,0.8841468095779419,1.0814518928527832,1.1809585094451904,0.9980477094650269,2.2739832401275635,1.3585755825042725,1.300471305847168,0.8765661120414734,2.8052947521209717,1.119347333908081,1.3666493892669678,1.2787907123565674,1.1770262718200684,0.9050567150115967
6383.0,127.65900000000003,15.047023355793424,188.1945987566952,386.54593959743,752067.2466876843,14.958450299263609,188.10648550136943,386.5459900000001,752162.7794840003,-6.799088871205048,-6.783767926073196,0.0016849376447056,19200.000000000007,-0.0003260553940038,0.0001336442631594,5.0402570185919465e-05,0.0,-6.780767385240354,-3.9117805477163214,-6.7627251813948535,8.41912816614925,-0.0022345909647006,5.125181195881813,19199.96434724141,-47.271892641687074,0.002,3.65282903892749,1.2886613649134044,-1.0402002545396836,6.0,10.0,180.0,1.3422828720730295,-5.103543284947625,-0.0786163417011899,-3.30173123939244,-725.4715837052261,201.0300159426635,167.1570133817722,752.8101594091058,573.6000000000001,1.3422828720730295,0.9060308933258057,1.3628010749816895,1.1530424356460571,1.479392647743225,1.3606746196746826,1.401043176651001,1.0149599313735962,0.9994734525680542,1.0275475978851318,1.436476230621338,1.3163566589355469,1.3706183433532715,1.3095324039459229,1.333813190460205,1.4789636135101318,1.152601957321167,-1.8437336683273315,1.3316516876220703,1.3107662200927734,1.3909200429916382,0.9251004457473755,1.2121576070785522,0.9587821364402771,0.90535569190979,1.1721417903900146,1.027191162109375,0.8916753530502319,1.08674955368042,1.1741938591003418,1.0063430070877075,2.4685943126678467,1.4042835235595703,1.359568476676941,0.9445140957832336,2.68959379196167,1.120126724243164,1.4039416313171387,1.3378037214279175,1.1576789617538452,0.8340426683425903
6384.0,127.67900000000004,14.910982260924252,188.0590297755548,386.54596608098296,752451.2426747079,14.82268599963055,187.9707211008973,386.5459900000001,752546.7794840003,-6.789869916790252,-6.790287029037595,0.0008035582467528,19200.000000000007,-4.93631376785503e-05,-6.187097831346136e-05,2.391901719700894e-05,0.0,-6.785882207082818,6.294571403741903,-6.813948789581909,-2.627254455740929,0.0132036864846774,-0.0005524491399672,19200.239967250825,120.15838445494862,0.002,3.602799380843401,1.2569331298339064,-1.0318009717751777,6.0,10.0,180.0,1.2690761020199162,-5.1372750321646725,-0.0781232926438923,-3.323813960146097,-726.150291852613,199.96250797133172,167.2440066908861,753.1805797045529,573.5250000000001,1.2690761020199162,0.9035813808441162,1.3310452699661255,1.171911597251892,1.4058761596679688,1.3345400094985962,1.3566133975982666,0.9602063894271851,0.9937842488288879,0.9968634843826294,1.3438262939453125,1.2624765634536743,1.3040064573287964,1.2525312900543213,1.2780349254608154,1.4482877254486084,1.1006460189819336,-1.872015357017517,1.2049999237060547,1.2577035427093506,1.337633490562439,0.9224801659584045,1.1441816091537476,0.9637232422828674,0.900884211063385,1.165041446685791,1.0206462144851685,0.8821690678596497,1.0797581672668457,1.1778826713562012,0.9921725988388062,2.2201101779937744,1.3424290418624878,1.2811259031295776,0.860439121723175,2.7802693843841553,1.1161742210388184,1.3535897731781006,1.2597826719284058,1.178865909576416,0.9123662710189819
6385.0,127.69900000000004,14.775366290382305,187.9230420065546,386.5459813083685,752835.2470298386,14.686921501133405,187.8349566997227,386.5459900000001,752930.7794840003,-6.794820371911486,-6.7828404828512205,0.0002889446284539,19200.000000000007,-0.000197992102472,0.0001614968041338,8.691631604916556e-06,0.0,-6.820839052436891,-1.1003135411847942,-6.748511964719318,5.250293481772167,0.0153878140451156,-1.0997680972791624,19200.23997931103,-8.55821001903388,0.002,3.654378794487074,1.2736471599363877,-1.02711450582034,6.0,10.0,180.0,1.305677642774445,-5.165051272183574,-0.0761634220142892,-3.2879086626456457,-725.3286459263065,202.1897539856659,167.19750334544307,752.9867898522764,584.1000000000001,1.305677642774445,0.9053701758384705,1.3624695539474487,1.1715422868728638,1.4556682109832764,1.3607097864151,1.4079692363739014,1.0063798427581787,1.005751609802246,1.0171890258789062,1.4136097431182861,1.3095321655273438,1.3567562103271484,1.2983455657958984,1.3237533569335938,1.4757318496704102,1.1434061527252197,-1.8482273817062378,1.287528395652771,1.3033993244171143,1.3874858617782593,0.9301659464836121,1.2034152746200562,0.968571126461029,0.907246470451355,1.182792067527771,1.0324350595474243,0.8957966566085815,1.0866742134094238,1.1901642084121704,1.010145902633667,2.4309706687927246,1.3917144536972046,1.3384644985198975,0.9444389343261719,2.80790114402771,1.119753360748291,1.3973093032836914,1.3325968980789185,1.134413719177246,0.9385484457015991
6386.0,127.71900000000002,14.63955178888826,187.78785499929228,386.5460468353601,753219.2496086142,14.551157002366162,187.6991919983589,386.5459900000001,753314.7794840003,-6.79316053850364,-6.80209179664867,-0.0018905164938031,19200.000000000007,-0.0001480897938756,-0.0004158994407373,-5.683535987135913e-05,0.0,-6.74289820031594,2.1937266252237784,-6.779541075836764,-1.891810095235003,0.005396657757496,-4.212370461275567,19200.20469613677,25.816040753104733,0.002,3.6878405215221415,1.280155713886869,-1.05357366429405,6.0,10.0,180.0,1.2963573082771052,-5.067888195189695,-0.0786029963779871,-3.2740423430268466,-725.0763229631532,200.4873769928329,167.03475167272154,752.2873949261382,573.5250000000001,1.2963573082771052,0.9032250046730042,1.3407411575317383,1.179931402206421,1.4155611991882324,1.3482167720794678,1.3839585781097412,0.979851245880127,1.0030148029327393,1.0013117790222168,1.367799162864685,1.2846746444702148,1.3235745429992676,1.2716526985168457,1.2962896823883057,1.4571508169174194,1.12025785446167,-1.8655790090560913,1.2249946594238281,1.2792415618896484,1.3580868244171143,0.9284848570823669,1.1651525497436523,0.9699373841285706,0.9053750038146973,1.174551010131836,1.0262302160263062,0.8908812999725342,1.0794401168823242,1.186229944229126,0.9948129653930664,2.310068368911743,1.3612735271453857,1.3018087148666382,0.896423876285553,2.846449136734009,1.1266435384750366,1.3735706806182861,1.2940419912338257,1.1841809749603271,0.9224845170974731
6387.0,127.73900000000006,14.503976717843866,187.65170472751416,386.5460108186488,753603.248090529,14.415392401695591,187.5634276976054,386.5459900000001,753698.7794840003,-6.799468535072959,-6.789236257763683,-0.0006912018882117,19200.000000000007,-0.0003373205252187,-3.043071421108741e-05,-2.081864702889222e-05,0.0,-6.814200966979553,0.6188702408458109,-6.800330179563143,-3.0491127657692787,-0.0058873624025268,-4.394157019855267,19199.928994540507,-38.6168904713269,0.002,3.6789647548470152,1.3246818494969388,-1.0449541450128186,6.0,10.0,180.0,1.263137851107023,-5.133930142314296,-0.079581860353816,-3.2817543749153755,-725.8506614815766,200.78068849641647,167.22737583636075,753.1101974630691,573.5250000000001,1.263137851107023,0.9062278270721436,1.3500531911849976,1.1897969245910645,1.4227482080459595,1.360600471496582,1.3953142166137695,0.9873228073120117,1.009078025817871,1.0047447681427002,1.3767993450164795,1.2935227155685425,1.3320996761322021,1.281080722808838,1.3061718940734863,1.4704370498657227,1.130899429321289,-1.865544319152832,1.2275009155273438,1.2887773513793945,1.3649799823760986,0.9330243468284607,1.174073338508606,0.9762263298034668,0.9089381694793701,1.181675910949707,1.0333056449890137,0.8957825303077698,1.0819751024246216,1.1941856145858765,1.0003693103790283,2.325765371322632,1.3691606521606445,1.311102032661438,0.90116286277771,2.8897805213928223,1.133551001548767,1.3818163871765137,1.3070611953735352,1.2084366083145142,0.9087972640991211
6388.0,127.75900000000004,14.368395777150027,187.5155696383925,386.5459875716476,753987.2441062522,14.279627999023749,187.42766309900767,386.5459900000001,754082.7794840003,-6.805588677681205,-6.776877611828108,8.417479120802883e-05,19200.000000000007,-0.0005209790186697,0.0003405562874786,2.4283563557242e-06,0.0,-6.762228376266056,-1.224841594006873,-6.819563668572259,-3.734026550887853,0.0014722093686041,0.3057140763397107,19199.98106548753,25.67916572813025,0.002,3.609718056283704,1.3059848847339162,-1.0285990534345382,6.0,10.0,180.0,1.3505382747575876,-5.08406860120071,-0.0791021090135558,-3.3217695405235035,-726.3078307407883,199.09284424820825,167.22668791818035,753.1040987315346,584.1000000000001,1.3505382747575876,0.9075074791908264,1.3578495979309082,1.1909929513931274,1.4416898488998413,1.3724318742752075,1.4005098342895508,0.9812222123146057,1.0084965229034424,1.0109875202178955,1.3957022428512573,1.3007500171661377,1.3442355394363403,1.290752649307251,1.317378044128418,1.5047314167022705,1.148366093635559,-1.8563841581344604,1.2262282371520996,1.2961976528167725,1.3637464046478271,0.9339489340782166,1.1804333925247192,0.9766280055046082,0.8994486331939697,1.1864733695983887,1.0421637296676636,0.8928717970848083,1.0797863006591797,1.1964432001113892,1.0067247152328491,2.3244316577911377,1.3825700283050537,1.3267391920089722,0.9000391960144043,2.9745795726776123,1.1416869163513184,1.3915135860443115,1.3163992166519165,1.2228864431381226,0.8933701515197754
6389.0,127.77900000000008,14.232283222310912,187.3796572857817,386.5459943633342,754371.2474454028,14.143863497264617,187.2918986017838,386.5459900000001,754466.7794840002,-6.793994421346666,-6.771955127208284,-0.0001435192716965,19200.000000000007,-0.0001731182195237,0.000488110679005,-4.36335031870085e-06,0.0,-6.820550984877388,3.9055398762276106,-6.7375263594350425,1.5375028033838831,-0.0026965861071635,-1.9565293324898512,19200.222880188536,-60.13803374718695,0.002,3.657062189510857,1.2003067207666098,-1.0131415807976314,6.0,10.0,180.0,1.293429254602879,-5.124357931492506,-0.0756958289225672,-3.299216595485052,-725.1714153703941,202.06842212410413,167.1558439590902,752.8065493657673,573.5250000000001,1.293429254602879,0.9034227132797241,1.3389548063278198,1.168368935585022,1.4192962646484375,1.340079426765442,1.3733665943145752,0.9818452596664429,0.9967184662818909,1.002468228340149,1.3652501106262207,1.2796353101730347,1.3219757080078125,1.2683627605438232,1.2933402061462402,1.445197343826294,1.1115789413452148,-1.862429141998291,1.2447125911712646,1.2738834619522095,1.360921859741211,0.9244979023933411,1.1661492586135864,0.9636130928993225,0.9062355756759644,1.1694390773773193,1.020630955696106,0.8879802227020264,1.0828948020935059,1.179887056350708,0.9950282573699951,2.3237545490264893,1.3584365844726562,1.3001495599746704,0.8968448638916016,2.7375800609588623,1.113453984260559,1.368155837059021,1.2873327732086182,1.151734709739685,0.9314572811126709
6390.0,127.79900000000004,14.09644542192314,187.24433297917275,386.54604383481006,754755.2515186759,14.0080988986364,187.15613410261471,386.5459900000001,754850.7794840002,-6.791550464903564,-6.786620390511352,-0.0017993687886051,19200.000000000007,-9.95152438949352e-05,4.812235080549081e-05,-5.383489865838129e-05,0.0,-6.760956411899032,1.0313202806735258,-6.787848595574343,-5.618270548189729,-0.0056153758323433,0.5432629086004651,19200.291929159805,-42.89720626118186,0.002,3.659577308632031,1.2266624360863432,-1.0312435379689415,6.0,10.0,180.0,1.244654329902213,-5.148744123802024,-0.0805904224362723,-3.2525569671043635,-725.288207685197,200.6292110620521,167.09192197954508,752.5312746828836,573.5250000000001,1.244654329902213,0.9066221714019775,1.3423854112625122,1.186064600944519,1.4221646785736084,1.3600718975067139,1.3777345418930054,0.9691212177276611,1.0015236139297485,1.0017859935760498,1.3701705932617188,1.2842215299606323,1.3254539966583252,1.275132417678833,1.3009817600250244,1.485858678817749,1.130896806716919,-1.8676578998565674,1.2087843418121338,1.2803144454956055,1.3470206260681152,0.9298703074455261,1.1589164733886719,0.9714652299880981,0.8992894887924194,1.1750280857086182,1.032711148262024,0.8873109817504883,1.0774236917495728,1.1867873668670654,0.9971317052841187,2.2655270099639893,1.36368989944458,1.3072365522384644,0.8704423308372498,2.9167392253875732,1.138647198677063,1.3744816780090332,1.290414810180664,1.2417991161346436,0.8636600971221924
6391.0,127.81900000000005,13.96107689369908,187.10876957816225,386.5459948800846,755139.2534039544,13.872334500647906,187.020369600608,386.5459900000001,755234.7794840003,-6.804747188067256,-6.793326669005107,-0.0001632839961023,19200.000000000007,-0.0004956919528459,-0.0001531764651037,-4.879956463719768e-06,0.0,-6.770995204166626,-1.8240775890702163,-6.776355084515471,-1.4697459001923954,-0.0026647815662419,2.444586474693339,19199.8616195485,-51.4294910525821,0.002,3.711643782301888,1.2407169958966215,-1.025237607909082,6.0,10.0,180.0,1.3169737393403662,-5.09380431196572,-0.0825525350966373,-3.2402297405533185,-725.1721038425985,200.49060553102603,167.05646098977252,752.3796373414418,573.5250000000001,1.3169737393403662,0.9072164297103882,1.3525047302246094,1.1780301332473755,1.4458719491958618,1.366443157196045,1.3927280902862549,0.9869567155838013,1.0025522708892822,1.0112173557281494,1.3990237712860107,1.3001627922058105,1.345918893814087,1.2921876907348633,1.3176500797271729,1.4926185607910156,1.1453819274902344,-1.858699917793274,1.2534832954406738,1.2958753108978271,1.365464210510254,0.929689347743988,1.1806737184524536,0.9698914885520935,0.9009323120117188,1.1769630908966064,1.033922553062439,0.8905658721923828,1.0802831649780273,1.1845165491104126,1.0005526542663574,2.3460874557495117,1.3824572563171387,1.3315001726150513,0.8972813487052917,2.8687212467193604,1.137291431427002,1.389164686203003,1.3135885000228882,1.2280147075653076,0.8405194878578186
6392.0,127.83900000000004,13.825121892642652,186.9734930077828,386.5460006348011,755523.2513335941,13.736570000157569,186.8846051992346,386.5459900000001,755618.7794840003,-6.7984176845026765,-6.809595236819024,-0.0003561145379716,19200.000000000007,-0.0003052959521874,-0.0006412114817612,-1.0634276806471894e-05,0.0,-6.801790687205869,0.7946521988021682,-6.804462661236509,-4.331243701972755,-0.005133761747001,-2.198767141792293,19199.89459275292,-42.883794408429885,0.002,3.652815438541214,1.2230222847291408,-1.0305608529872938,6.0,10.0,180.0,1.265673784957981,-5.034297749383047,-0.0844902293818505,-3.260235853681226,-725.9060519212992,200.35830276551303,167.21373049488625,753.0508186707209,562.95,1.265673784957981,0.906521201133728,1.342193841934204,1.1845427751541138,1.4181026220321655,1.3580458164215088,1.3829295635223389,0.9817196130752563,1.0045561790466309,0.9998027086257935,1.3684457540512085,1.2862004041671753,1.324974536895752,1.2757325172424316,1.2999602556228638,1.463985562324524,1.1253528594970703,-1.871589183807373,1.2266209125518799,1.2823090553283691,1.3549362421035767,0.9299383759498596,1.1627994775772095,0.9719997048377991,0.9083071947097778,1.172438621520996,1.027777910232544,0.8918336629867554,1.080754280090332,1.1851155757904053,0.9927431344985962,2.3019964694976807,1.3619588613510132,1.306477665901184,0.8790144920349121,2.8326046466827393,1.1352471113204956,1.3741683959960938,1.2932034730911255,1.242844581604004,0.844819188117981
6393.0,127.85900000000004,13.689216148842556,186.837251883736,386.5459884816846,755907.2505122671,13.600805299234306,186.74884050028624,386.5459900000001,756002.7794840003,-6.793684680308681,-6.793699485519798,5.4621627466195766e-05,19200.000000000007,-0.000163752628397,-0.0001642873109496,1.5176862818423158e-06,0.0,-6.789563263149333,-3.1138087498534905,-6.792956628953091,3.1703985576295475,0.0034057827228065,0.0054691283956689,19199.877723140416,-25.81762677788481,0.002,3.662565717902693,1.196400664709898,-1.0176621054260908,6.0,10.0,180.0,1.3212725409907562,-5.095665084456222,-0.0824980485106949,-3.269482870679675,-725.9515259606496,200.32765138275653,167.22186524744313,753.0854093353605,559.2000000000002,1.3212725409907562,0.9062113761901855,1.3540767431259155,1.1667345762252808,1.451643705368042,1.3614614009857178,1.4017982482910156,1.0108115673065186,1.0048060417175293,1.0179476737976074,1.4100277423858643,1.307971477508545,1.3533321619033813,1.2987642288208008,1.3211917877197266,1.4605393409729004,1.1414567232131958,-1.8571686744689941,1.3012466430664062,1.3031573295593262,1.38141667842865,0.9279781579971313,1.1947060823440552,0.9660165905952454,0.9128796458244324,1.1701380014419556,1.0253748893737793,0.8947794437408447,1.085650086402893,1.17735755443573,0.9972562789916992,2.4230833053588867,1.3874276876449585,1.3403459787368774,0.9224652647972107,2.7027809619903564,1.1287764310836792,1.3934822082519531,1.3244582414627075,1.2104462385177612,0.8050852417945862
6394.0,127.87900000000006,13.553441808650115,186.701665151499,386.5460081150735,756291.2496666003,13.465041000851594,186.6130761005474,386.5459900000001,756386.7794840003,-6.79335595328727,-6.799638043892074,-0.0006040829744771,19200.000000000007,-0.0001540111190972,-0.000342348124672,-1.811783310382883e-05,0.0,-6.770967124728673,-0.0634391536206337,-6.800333817925717,-1.4503899540559098,-0.0044265244979587,-1.4637993112416336,19199.79376221427,-30.138715188629355,0.002,3.7026276120338513,1.2250859457112169,-1.0295506923743456,6.0,10.0,180.0,1.331528985090742,-5.072666990503508,-0.0844338386367438,-3.28585341154116,-726.0112629803248,199.64082569137827,167.19293262372156,752.9607046676803,556.4250000000001,1.331528985090742,0.9052782654762268,1.3406150341033936,1.1731553077697754,1.4249160289764404,1.3540467023849487,1.3829379081726074,0.9902302026748657,1.0020365715026855,1.003804326057434,1.376880168914795,1.2893626689910889,1.3298282623291016,1.2791308164596558,1.3020133972167969,1.451549768447876,1.124721884727478,-1.8680665493011475,1.255361557006836,1.2849957942962646,1.3610656261444092,0.9267618656158447,1.1682831048965454,0.9668392539024353,0.9104036092758179,1.1663379669189453,1.0221035480499268,0.8911688327789307,1.0817456245422363,1.1767023801803589,0.9892923831939697,2.342372179031372,1.3660770654678345,1.3136839866638184,0.8885699510574341,2.7367756366729736,1.130787968635559,1.3762059211730957,1.2966059446334839,1.2338513135910034,0.8146404027938843
6395.0,127.89900000000004,13.417843818264515,186.5653649315264,386.54596200678486,756675.2516059915,13.32927650269703,186.47731169841165,386.5459900000001,756770.7794840003,-6.798909342453149,-6.781767466933253,0.0009323070409304,19200.000000000007,-0.0003205190845945,0.0001936737468718,2.809129384374828e-05,0.0,-6.808591241454249,-6.106447654571109,-6.839602235555644,3.954756246907504,-0.0148603925859006,1.0311835475510704,19199.81148397125,34.382623628502856,0.002,3.7001675942012735,1.2229221921182656,-1.0335723603520883,6.0,10.0,180.0,1.2978835168449856,-5.183123267940656,-0.0864063334968613,-3.260712026376113,-727.1106314901624,199.07841284568912,167.40646631186078,753.8723523338401,554.5500000000002,1.2978835168449856,0.9083670973777771,1.363760232925415,1.1680495738983154,1.4684232473373413,1.3738205432891846,1.4127469062805176,1.024933099746704,1.0098826885223389,1.0272876024246216,1.4306391477584839,1.32136869430542,1.368478536605835,1.313233494758606,1.3350491523742676,1.4695394039154053,1.1554780006408691,-1.8554054498672485,1.3258119821548462,1.3170082569122314,1.3913644552230835,0.9299620985984802,1.2096076011657715,0.9680220484733582,0.9168462753295898,1.1727702617645264,1.0294842720031738,0.8994193077087402,1.0881567001342773,1.1787041425704956,1.00091552734375,2.4578185081481934,1.401848554611206,1.358946442604065,0.9355236887931824,2.690446615219116,1.1353508234024048,1.4061295986175537,1.342555046081543,1.2352533340454102,0.7563577890396118
6396.0,127.91900000000004,13.281899334786264,186.4294052488915,386.5459588057379,757059.250536902,13.1935119015297,186.3415469972869,386.5459900000001,757154.7794840003,-6.792911753708229,-6.775245316182127,0.0010402477810125,19200.000000000007,-0.0001405330758662,0.000388352096106,3.129589347311739e-05,0.0,-6.768067530384917,2.081490064975166,-6.759744467963975,4.643917037784585,0.0004859640948194,2.8134711600998465,19199.96444067333,43.015348931724354,0.002,3.7027603516458383,1.2297691355164868,-1.0223203661781015,6.0,10.0,180.0,1.3247251691261357,-5.149934041387124,-0.0835054015134013,-3.2858761645991805,-725.7118157450811,200.1277064228445,167.1557331559304,752.80217616692,558.45,1.3247251691261357,0.902908444404602,1.3347358703613281,1.1481291055679321,1.4341366291046143,1.3354347944259644,1.3682570457458496,0.9894814491271973,0.9898871183395386,1.004649043083191,1.3789304494857788,1.2812731266021729,1.3284685611724854,1.2732675075531006,1.2961955070495605,1.4337871074676514,1.1124837398529053,-1.8571515083312988,1.2876648902893066,1.2756736278533936,1.3623781204223633,0.9178347587585449,1.1689966917037964,0.952896773815155,0.9066712260246277,1.1549429893493652,1.0113025903701782,0.8827020525932312,1.0835282802581787,1.161484718322754,0.9869396090507507,2.3772072792053223,1.363887071609497,1.3133647441864014,0.8926971554756165,2.5729501247406006,1.1106115579605103,1.368819236755371,1.2847193479537964,1.172623872756958,0.8241549134254456
6397.0,127.93900000000004,13.146432532266225,186.294204868866,386.5459850600387,757443.2488838834,13.057747398738169,186.20578259929044,386.5459900000001,757538.7794840003,-6.802828578762481,-6.794072505284928,0.0001629673909052,19200.000000000007,-0.0004382293033789,-0.0001754688462794,4.942826064576524e-06,0.0,-6.813946803196751,-4.156392079181108,-6.788792368445456,-3.855094015676458,0.0068458902405983,2.56990926411697,19200.06611734816,90.14820393402778,0.002,3.651175803411235,1.2851104611927302,-1.038791336350879,6.0,10.0,180.0,1.3657165689809974,-5.094693206954382,-0.0810780676919035,-3.2797359381639404,-725.9214078725406,200.9308532114223,167.25236657796518,753.21758808346,551.9250000000001,1.3657165689809974,0.9100531339645386,1.3509986400604248,1.1812328100204468,1.4438869953155518,1.3741157054901123,1.3873350620269775,0.996476411819458,1.0055780410766602,1.0145012140274048,1.399314522743225,1.3033711910247803,1.3464508056640625,1.297170877456665,1.3202717304229736,1.4846062660217285,1.1483827829360962,-1.8675206899642944,1.266510248184204,1.300682544708252,1.3646652698516846,0.9317363500595093,1.1786030530929565,0.971245527267456,0.9095489382743835,1.1706817150115967,1.0310815572738647,0.8932585120201111,1.0825226306915283,1.1796188354492188,0.9936425685882568,2.362684726715088,1.3812892436981201,1.3369208574295044,0.8816942572593689,2.7984416484832764,1.1471731662750244,1.38912034034729,1.314394235610962,1.3037137985229492,0.7253655195236206
6398.0,127.95900000000005,13.010121865046075,186.15797830881576,386.5459237693552,757827.2521146045,12.921982897577664,186.07001810189672,386.5459900000001,757922.7794840003,-6.784626712334815,-6.7786684938588895,0.00220681568151,19200.000000000007,0.0001081347287665,0.000286792842838,6.623149965340107e-05,0.0,-6.80812815655526,4.338351447942928,-6.803487023985367,6.2318310179305545,-0.0007635182691852,5.181399378956436,19200.032241931985,-17.22158234191342,0.002,3.649401625782254,1.202099745658612,-1.0093670662794718,6.0,10.0,180.0,1.2714956181433643,-5.122000660853882,-0.0791125796561559,-3.2791905471084632,-726.2997039362704,200.7624266057112,167.32718328898258,753.53679404173,556.1250000000001,1.2714956181433643,0.903143048286438,1.3307414054870605,1.1385314464569092,1.4289593696594238,1.3256572484970093,1.3552744388580322,0.9853026270866394,0.9848923683166504,1.0017125606536865,1.3701961040496826,1.270135521888733,1.3198163509368896,1.2639495134353638,1.2868094444274902,1.4191405773162842,1.0993292331695557,-1.8539397716522217,1.2929472923278809,1.2646105289459229,1.3571159839630127,0.9136158227920532,1.162544846534729,0.9475051760673523,0.9076708555221558,1.1485599279403687,1.0057258605957031,0.8792145848274231,1.0857433080673218,1.1544017791748047,0.9852913022041321,2.387017011642456,1.354949951171875,1.3038915395736694,0.8805561661720276,2.487680196762085,1.0994845628738403,1.3582723140716553,1.2666467428207397,1.152457594871521,0.8154653310775757
6399.0,127.979,12.874608326903488,186.0222979101078,386.5459931688685,758211.2507916788,12.786218498547855,185.9342535023016,386.5459900000001,758306.7794840003,-6.792993226396602,-6.781497347811801,-0.0001108578520134,19200.000000000007,-0.0001430315987839,0.0002026887830122,-3.169377064752132e-06,0.0,-6.768809152614514,1.6375647636760768,-6.768556690148796,2.5063440068330207,0.0136711975449389,0.0681578637850822,19200.153928702664,115.80158548416487,0.002,3.683770823983559,1.1666147078397338,-1.0257013439270846,6.0,10.0,180.0,1.303698216205106,-5.083454572334287,-0.0785972598921333,-3.2724940434136265,-725.4958519681352,200.7312133028556,167.1440916444913,752.753897020865,560.325,1.303698216205106,0.903408944606781,1.3377150297164917,1.159285068511963,1.4285218715667725,1.3412835597991943,1.376212239265442,0.990041971206665,0.9955226182937622,1.0037716627120972,1.377333402633667,1.2843308448791504,1.3282966613769531,1.2747149467468262,1.2975456714630127,1.43901526927948,1.1160643100738525,-1.8614572286605835,1.272370457649231,1.2790534496307373,1.3631378412246704,0.9222222566604614,1.1697592735290527,0.9595319628715515,0.9085055589675903,1.161162257194519,1.0160905122756958,0.8866755366325378,1.0831187963485718,1.1697113513946533,0.9890264272689819,2.3627099990844727,1.3637666702270508,1.3114837408065796,0.8955295085906982,2.6533138751983643,1.1166913509368896,1.3713700771331787,1.2902082204818726,1.1827095746994019,0.8429663777351379
6400.0,127.99900000000004,12.73894524301922,185.88694738084808,386.546021812307,758595.255001637,12.650453900118206,185.79848910097508,386.5459900000001,758690.7794840003,-6.796353732632964,-6.7952715877308805,-0.001053290465865,19200.000000000007,-0.0002445455913356,-0.0002113868068824,-3.1812490990270766e-05,0.0,-6.800777168413086,-0.6630331771284018,-6.763667500430897,-0.3688934448164236,0.0137119005559734,-1.2879211417439476,19200.3953531537,-38.64045248879657,0.002,3.69690812156545,1.141383159614356,-1.0143542786075352,6.0,10.0,180.0,1.2665124609116185,-5.073794692603352,-0.0839636243706118,-3.242250375311587,-725.1934259840675,201.6426066514278,167.13254582224567,752.7059485104326,546.6750000000001,1.2665124609116185,0.9056636691093445,1.3382353782653809,1.1679179668426514,1.4250375032424927,1.3514140844345093,1.378244400024414,0.9975699782371521,1.0003178119659424,1.0062761306762695,1.3783726692199707,1.2899644374847412,1.3303401470184326,1.2806726694107056,1.3019673824310303,1.439338207244873,1.1223539113998413,-1.86845862865448,1.2732810974121094,1.2858994007110596,1.3639096021652222,0.92600017786026,1.1695979833602905,0.9642099738121033,0.9146264791488647,1.1608638763427734,1.0172737836837769,0.8914302587509155,1.0834696292877197,1.1710851192474365,0.9854699373245239,2.3587851524353027,1.3645542860031128,1.3161367177963257,0.8875201940536499,2.6602585315704346,1.1282966136932373,1.3743773698806763,1.2964296340942383,1.2432879209518433,0.7737510204315186
6401.0,128.01900000000003,12.602968682432053,185.75088378819623,386.54602929043966,758979.2548149971,12.51468950082828,185.66272459954027,386.5459900000001,759074.7794840003,-6.789308137462963,-6.78530229513797,-0.0013061993534737,19200.000000000007,-3.247770787038745e-05,8.78065905246762e-05,-3.929035803937004e-05,0.0,-6.798571802647402,2.500321183072335,-6.800044407499142,2.4998641999688687,0.0068352299827529,-3.718738189697656,19199.93077102035,47.3255248721114,0.002,3.6862874778596257,1.1407505362974573,-1.0245092413837735,6.0,10.0,180.0,1.2909731025474154,-5.162218999928006,-0.0839887346770803,-3.2484651029145626,-725.8022129920337,200.98430332571388,167.22877291112283,753.1169742552163,551.0250000000001,1.2909731025474154,0.9028699398040771,1.3340930938720703,1.1606202125549316,1.416089653968811,1.3363407850265503,1.376943588256836,0.9964535236358643,0.9985657930374146,1.0003196001052856,1.3658013343811035,1.280564785003662,1.320387363433838,1.2688164710998535,1.2899560928344727,1.4126343727111816,1.1047110557556152,-1.865173578262329,1.2731937170028687,1.2753299474716187,1.3647876977920532,0.9225140810012817,1.1666297912597656,0.9601964950561523,0.9171521663665771,1.15859055519104,1.0113741159439087,0.8905518054962158,1.0850763320922852,1.1692858934402466,0.9846705794334412,2.377652645111084,1.3552696704864502,1.3009412288665771,0.8970214128494263,2.595353841781616,1.1128489971160889,1.3658061027526855,1.28457772731781,1.1804600954055786,0.8424152135848999
6402.0,128.03900000000004,12.467445274767083,185.6151944344196,386.5460379300863,759363.2566578328,12.37892500008346,185.5269601994127,386.5459900000001,759458.7794840003,-6.797339779580602,-6.787804046532922,-0.0015968045325076,19200.000000000007,-0.0002732687701644,1.276601962998256e-05,-4.793006096919957e-05,0.0,-6.763926001518286,-0.3683131021973976,-6.767327339087037,1.3381197568107954,-0.0056300452244031,-4.699975012641412,19200.237596533865,-38.558041547753234,0.002,3.675129152809753,1.1325319935988043,-1.025838437696061,6.0,10.0,180.0,1.340892870238212,-5.088836709571518,-0.0874244970036245,-3.2356755426769688,-725.1891064960168,200.75815166285696,167.07638645556142,752.4649871276081,555.3750000000001,1.340892870238212,0.9034441709518433,1.3410927057266235,1.1694307327270508,1.424298644065857,1.348901391029358,1.3919036388397217,1.0018796920776367,1.0036367177963257,1.0060547590255737,1.3815208673477173,1.2946813106536865,1.3338291645050049,1.2819926738739014,1.3037850856781006,1.43514883518219,1.1226016283035278,-1.8642377853393555,1.2733619213104248,1.28939950466156,1.371875286102295,0.9269354343414307,1.1771734952926636,0.9656268358230591,0.9151086807250977,1.1663804054260254,1.0188730955123901,0.8943613767623901,1.083061933517456,1.1766694784164429,0.9895659685134888,2.3876163959503174,1.3689508438110352,1.3159575462341309,0.9116194248199463,2.6931803226470947,1.124940037727356,1.3797478675842285,1.3063846826553345,1.200435996055603,0.8463148474693298
6403.0,128.05900000000003,12.331589765647095,185.4795829542428,386.5459950577544,759747.2548850129,12.243160299432246,185.39119550063424,386.5459900000001,759842.7794840003,-6.794311664569977,-6.792906465292478,-0.0001688397949263,19200.000000000007,-0.0001825665093692,-0.0001403495890891,-5.057722012872197e-06,0.0,-6.810329553670668,2.6874538493667863,-6.794169235705807,-4.201213140179929,-0.0085577184055848,0.3623320990250821,19199.980288014187,8.501557497049571,0.002,3.6304499337866543,1.0739476107851984,-1.0145076505195627,6.0,10.0,180.0,1.2856986000369897,-5.07703874920931,-0.0903490828920498,-3.250481691331289,-725.7515532480083,201.00107583142847,167.21819322778072,753.0714935638041,549.1500000000001,1.2856986000369897,0.9060102105140686,1.328287124633789,1.171510934829712,1.4079421758651733,1.3449547290802002,1.3576574325561523,0.9741560220718384,0.9955340623855591,0.9940351247787476,1.3504209518432617,1.2706453800201416,1.3098931312561035,1.2624640464782715,1.2854619026184082,1.4408711194992065,1.1081387996673584,-1.8789966106414795,1.2302364110946655,1.267303705215454,1.3412457704544067,0.9235484004020691,1.1455280780792236,0.9638012647628784,0.9088971018791199,1.1571781635284424,1.0160800218582153,0.8854118585586548,1.0804686546325684,1.170038104057312,0.9814237952232361,2.2627899646759033,1.3464957475662231,1.293055772781372,0.8509243726730347,2.6994636058807373,1.1280243396759033,1.3579624891281128,1.2670434713363647,1.2586681842803955,0.7843350768089294
6404.0,128.07900000000004,12.19582632786111,185.34361707969373,386.5460009436746,760131.2567912221,12.107395889768044,185.2554309906862,386.5459900000001,760226.7794840003,-6.794373808975976,-6.786221424195142,-0.0003993305095266,19200.000000000007,-0.000183632202723,6.112455225275781e-05,-1.0943699068199998e-05,0.0,-6.775104286516163,-0.6700817732743559,-6.75073102026889,-1.1017921121618628,-0.0012005098829729,1.2249202644048185,19199.982511386603,-64.48593308327536,0.002,3.7135843571144393,1.0672835972659496,-1.0112661637785167,6.0,10.0,180.0,1.3007388472379304,-5.049283506875431,-0.0893643992811372,-3.2350688796833693,-724.8857766240042,201.52453791571423,167.05559661389037,752.377746781902,553.575,1.3007388472379304,0.9059010148048401,1.338226318359375,1.167769193649292,1.4296793937683105,1.3534573316574097,1.3755005598068237,0.9889453649520874,0.9975793361663818,1.0060454607009888,1.3805729150772095,1.2892231941223145,1.3319039344787598,1.281275749206543,1.3040735721588135,1.4564770460128784,1.1273002624511719,-1.8671748638153076,1.2640390396118164,1.285173773765564,1.3589738607406616,0.925297737121582,1.1671823263168335,0.9634059071540833,0.9079063534736633,1.1623661518096924,1.020133376121521,0.888142466545105,1.0810136795043945,1.1711088418960571,0.9874922037124634,2.337151288986206,1.3671979904174805,1.3184722661972046,0.8811204433441162,2.7134134769439697,1.1312183141708374,1.3754980564117432,1.2951387166976929,1.2457257509231567,0.7814320921897888
6405.0,128.09900000000005,12.060208075658318,185.2083547318674,386.5460402228893,760515.2574260362,11.971629413517077,185.1196644929061,386.5459900000001,760610.7794840003,-6.799379796025917,-6.803137185754454,-0.001669202996311,19200.000000000007,-0.0003302903696914,-0.0004418453260269,-5.022314439301341e-05,0.0,-6.761868910965869,4.143698275477003,-6.796035932395808,-10.497862566759428,-0.001474925859082,-1.962752901513212,19200.257915131417,-34.30824225267669,0.002,3.775586183715418,1.1019824426311609,-1.0282763538820874,6.0,10.0,180.0,1.309072300710533,-4.998001358145409,-0.0908268763871134,-3.2269176050206143,-725.3243883120022,200.1412689578571,167.06879830694518,752.4323733909509,558.0000000000001,1.309072300710533,0.9056666493415833,1.3236777782440186,1.189860463142395,1.387615442276001,1.347790241241455,1.3539464473724365,0.9527408480644226,0.9972534775733948,0.9877752065658569,1.329393982887268,1.2614219188690186,1.2958974838256836,1.2513813972473145,1.2761073112487793,1.4579999446868896,1.106102705001831,-1.8915565013885498,1.1667675971984863,1.2587013244628906,1.3202234506607056,0.9280936121940613,1.127752661705017,0.9697185158729553,0.9020082950592041,1.1637561321258545,1.0229194164276123,0.8836565613746643,1.0745466947555542,1.1810166835784912,0.9854553937911987,2.16498064994812,1.3350809812545776,1.2751669883728027,0.8287169933319092,2.872849702835083,1.1393816471099854,1.3514152765274048,1.2554552555084229,1.285986304283142,0.8280082941055298
6406.0,128.11900000000006,11.924465149563783,185.0719584119928,386.5459881792456,760899.2580696864,11.835862504635216,184.9838957822219,386.5459900000001,760994.7794840003,-6.800092306916605,-6.782219649274504,5.787040220341889e-05,19200.000000000007,-0.0003544919959519,0.0001870953493376,1.82086122826038e-06,0.0,-6.8137891626735065,-1.8234551348433143,-6.838600773685078,1.7668441682556313,-0.0039009503087463,0.375632288770991,19199.878654355507,-17.074162103284046,0.002,3.717153619542252,1.15012063164075,-1.0251306024296123,6.0,10.0,180.0,1.278815390134079,-5.140631974783007,-0.0922876260422326,-3.223872814048594,-726.779194156001,199.48513447892856,167.35639915347258,753.6606866954755,551.325,1.278815390134079,0.9067448973655701,1.3484644889831543,1.1659232378005981,1.442613124847412,1.3580381870269775,1.3896539211273193,1.0058917999267578,1.0033957958221436,1.0130114555358887,1.3959909677505493,1.2984875440597534,1.3424816131591797,1.2900185585021973,1.3118653297424316,1.4486255645751953,1.1312466859817505,-1.86182701587677,1.2929128408432007,1.2942389249801636,1.37363862991333,0.9261979460716248,1.1835309267044067,0.9655153155326843,0.9152898788452148,1.1649219989776611,1.021774411201477,0.8930180072784424,1.0860811471939087,1.1731927394866943,0.991870641708374,2.4026966094970703,1.3769804239273071,1.3293043375015259,0.9033400416374207,2.6571195125579834,1.1274827718734741,1.3840205669403076,1.3084989786148071,1.229745864868164,0.7732256650924683
6407.0,128.13900000000004,11.788609655265438,184.9361243151404,386.5459512630286,761283.2559316853,11.70009894095494,184.8481270597624,386.5459900000001,761378.7794840002,-6.796932192034133,-6.780002877760725,0.0012919448162065,19200.000000000007,-0.0002648027012595,0.0002523555603395,3.8738203574770127e-05,0.0,-6.751133087606526,-0.8457212192415359,-6.760490252836999,-0.0652678585374502,0.0021706057462871,1.4564629426464455,19199.791615433125,-51.47688360209384,0.002,3.7280170647578528,1.1238023183780832,-1.0162521815305023,6.0,10.0,180.0,1.345785131683544,-5.053300281482364,-0.0883723158004844,-3.2474458812220712,-725.4545970780005,199.89256723946428,167.08269957673627,752.4913433477377,552.1500000000001,1.345785131683544,0.9050359725952148,1.337780237197876,1.163540005683899,1.4319652318954468,1.351834774017334,1.376124382019043,0.9909775257110596,0.9967494010925293,1.0068917274475098,1.3832052946090698,1.2899185419082642,1.3332314491271973,1.2817360162734985,1.3041794300079346,1.4521605968475342,1.126722812652588,-1.8657009601593018,1.2726364135742188,1.2855198383331299,1.3604871034622192,0.923681378364563,1.16864013671875,0.9613491892814636,0.9079490900039673,1.1599748134613037,1.0182429552078247,0.8873078227043152,1.0811960697174072,1.168229103088379,0.9862698316574097,2.348003387451172,1.3687644004821777,1.3206888437271118,0.8848444819450378,2.6756796836853027,1.1295740604400635,1.3763048648834229,1.295974850654602,1.241686224937439,0.7731913328170776
6408.0,128.15900000000005,11.652842880416973,184.80087231882845,386.54600509946073,761667.2564120392,11.56433622351248,184.71235824560893,386.5459900000001,761762.7794840003,-6.796766753417285,-6.797176545476555,-0.000503104584125,19200.000000000007,-0.0002607154147972,-0.0002645678541315,-1.5098234872841038e-05,0.0,-6.807076258236961,-1.476618400822988,-6.801699778647928,-4.095738861106104,-0.0004791649720697,-2.319757956217731,19199.9982499962,-38.695912382956,0.002,3.661711301460176,1.1320712291134054,-1.0142002392053984,6.0,10.0,180.0,1.3130343211131872,-5.063332346999695,-0.0883590808634011,-3.244354454310333,-726.0222985390003,200.2692836197321,167.23384978836813,753.1381716738688,545.4000000000001,1.3130343211131872,0.9073205590248108,1.3405094146728516,1.1805744171142578,1.4204708337783813,1.3615853786468506,1.3803623914718628,0.9943129420280457,1.0055426359176636,1.0046464204788208,1.3746860027313232,1.2915985584259033,1.329120397567749,1.281751036643982,1.303603172302246,1.4512202739715576,1.1277896165847778,-1.8744319677352905,1.252227783203125,1.2883667945861816,1.3595597743988037,0.9296490550041199,1.1658731698989868,0.970142126083374,0.9151170253753662,1.1655982732772827,1.0229524374008179,0.8941545486450195,1.0823112726211548,1.1776795387268066,0.9861998558044434,2.3432135581970215,1.364530086517334,1.3148589134216309,0.8779120445251465,2.7396042346954346,1.1394890546798706,1.3765628337860107,1.2981666326522827,1.2844303846359253,0.7580870389938354
6409.0,128.17900000000003,11.517072468342066,184.6649644953781,386.5459894711843,762051.2559092877,11.432207340884217,184.58022335819936,386.5459900000001,762146.7794840003,-5.770104223521928,-5.766112413473852,-1.290181588756178e-05,19200.000000000007,-0.0002531120523612,-0.0001251662740224,6.283475607362163e-07,0.0,-6.705722655795389,35.77175391997706,-6.705254857077246,56.09064066329152,-0.0097434902067542,-1.6444493162861833,19199.638886243592,-64.4091809998412,0.002,2.358721231255582,1.434250782241285,-0.7510600020005678,6.0,10.0,180.0,1.1175952267942375,-5.28872180225618,-0.0883546521408089,-3.254595439019264,-723.6131492695001,200.77764180986603,166.72192489418407,750.9520858369344,538.2750000000001,1.1175952267942375,0.8869476914405823,1.222766637802124,0.9551330804824829,1.2236956357955933,1.1654772758483887,1.1604251861572266,0.9855966567993164,0.8814653754234314,0.9598339796066284,1.223130702972412,1.1439344882965088,1.2111562490463257,1.1210379600524902,1.1368069648742676,0.975871741771698,0.8717124462127686,-1.8619252443313599,1.4272074699401855,1.123179316520691,1.345457911491394,0.9114546179771423,1.1192108392715454,0.8139713406562805,0.9401946067810059,1.0476593971252441,0.8711274862289429,0.8676694631576538,1.1094883680343628,1.1208702325820923,0.9714670777320862,3.272028923034668,1.24494469165802,1.1600075960159302,0.9525959491729736,0.7653418779373169,0.8821344971656799,1.235854148864746,1.0984591245651245,0.5068838000297546,1.1787126064300537
6410.0,128.199,11.414042945422542,184.5661972674532,386.5461182452996,762435.2580036292,11.358244679656682,184.5101073046092,386.5459900000001,762530.7794840003,-2.947340275198983,-2.154900274254936,-0.0042697457602811,19200.000000000007,-0.0166636591504789,-0.0208029283309908,-0.0001282467893816,0.0,-2.8671037003625104,192.4009584844344,-2.8212005338748565,177.19944136665413,0.0249159712271839,2.375381616809978,19200.87486815,218.905618259354,0.002,1.9638546305981803,1.550094622812341,-0.6645651834324992,6.0,10.0,180.0,0.0726125507406678,-5.933100820206149,-0.0927639472980769,-3.2325304469037888,-597.3385746347501,211.34532090493303,138.32546244709204,635.8345429184672,535.8000000000002,0.0726125507406678,-0.1415291726589203,-0.1765773892402649,0.5608332753181458,-0.08615908026695251,-0.06401821970939636,-0.22787794470787048,-0.7066330909729004,-0.25981593132019043,-0.43601590394973755,-0.23790669441223145,0.12870875000953674,0.28128787875175476,0.11367714405059814,0.04548686742782593,-0.279343843460083,-0.1108308658003807,-2.058651924133301,0.7791315317153931,0.06134801357984543,-0.0026840269565582275,0.24161648750305176,-0.10242562741041183,-0.06624401360750198,0.6251189708709717,0.4274929463863373,-0.2714212238788605,0.4451732039451599,0.7696601152420044,0.12552565336227417,-0.010896882973611355,0.2464497834444046,0.41466641426086426,0.33054041862487793,0.4625183045864105,-0.6158630847930908,0.12102343142032623,0.40315163135528564,-0.03221102058887482,-1.347099781036377,2.3474597930908203
6411.0,128.21900000000002,11.35593368726208,184.5314624578482,386.5466803681062,762819.3088573152,11.291638787452817,184.49999467012807,386.5459900000001,762914.7794840003,-5.904491950702551,-0.9538698068694836,-0.0230139287053657,19200.000000000007,-0.0152104719528968,-0.0286088106400523,-0.0006903687719129,0.0,-4.564250107428014,-243.9791256742816,-1.0467348629939732,66.53693097930116,-0.0109967539374901,-5.368268751015192,19203.00339771896,-34.33811977937044,0.002,2.646874957671998,2.2800503900350475,-0.8957350101515043,6.0,10.0,180.0,2.2510636063952005,-5.47004190171255,-0.1635885887563192,-2.7797927456200493,-455.9552873173751,333.8981604524665,128.30223122354602,595.0917714592335,521.8500000000001,2.2510636063952005,1.0660755634307861,1.8312453031539917,1.4854100942611694,2.061039924621582,2.0399653911590576,1.7410955429077148,2.213305950164795,1.2647687196731567,1.9421050548553467,2.083662509918213,2.050008773803711,2.243377447128296,2.0094990730285645,2.0280961990356445,1.7203128337860107,1.921800136566162,-1.715917944908142,1.895101547241211,2.127044677734375,1.3414276838302612,1.479568362236023,2.1015827655792236,1.2662676572799683,1.295714020729065,1.7307813167572021,1.596152901649475,1.2602862119674683,1.1180267333984375,1.720861554145813,1.813547134399414,1.9445064067840576,2.4427151679992676,2.405616283416748,2.3052656650543213,2.298011541366577,1.7416479587554932,2.576352119445801,2.7129762172698975,1.8115042448043823,-0.18659467995166779
6412.0,128.23900000000006,11.2175386410882,184.51447564966247,386.5461873577857,763203.3379446648,11.130000025777852,184.499998895764,386.5459900000001,763298.7794840003,-8.62849330577382,-0.4824663827041779,-0.0065785653380797,19200.000000000007,0.0282566686683273,-0.0144794587760665,-0.0001973575718873,0.0,-8.868413728847736,-117.49500456858205,-0.6863812293757054,28.37831487830598,-0.0178430791540021,7.1448086965645015,19199.67290199628,-94.40090677225017,0.002,2.3158832781632204,2.872027399256818,-0.947038939440914,6.0,10.0,180.0,1.6958640537133605,-5.432306892807238,-0.1909424831636188,-2.4726960707199286,-426.6176436586875,472.5155802262333,144.730615611773,662.0023857296168,517.8750000000001,1.6958640537133605,0.9656809568405151,1.333420991897583,1.206820011138916,1.6917152404785156,1.5213083028793335,1.498266577720642,1.540305733680725,1.0362792015075684,1.4490690231323242,1.603083610534668,1.6262273788452148,1.7437788248062134,1.6835124492645264,1.6906604766845703,1.7539501190185547,1.5280683040618896,-1.7851052284240723,1.6952860355377197,1.6539390087127686,1.4457643032073975,1.1316083669662476,1.6406809091567993,1.0058441162109375,1.0568909645080566,1.380446434020996,1.174965500831604,1.0299338102340698,1.0621857643127441,1.3170268535614014,1.2606315612792969,0.3654523491859436,1.7422435283660889,1.79242742061615,1.393905520439148,2.729872703552246,1.2774969339370728,1.7267413139343262,1.9656294584274292,1.5132499933242798,0.45697396993637085
6413.0,128.25900000000004,11.03935393135033,184.5048695016679,386.5457775549279,763587.3068836763,10.9380276287967,184.5000032301633,386.5459900000001,763682.7794840003,-8.81760250728677,-0.1620822533576318,0.0070829231501456,19200.000000000007,0.0234748665852815,-0.0048690810917434,0.0002124452129524,0.0,-8.398456896562504,28.927384131980432,-0.2420039805422282,20.45703479393275,-0.0009875263074368,11.231597036359371,19198.14444168155,47.248392034846674,0.002,2.230784762479791,3.096908506696334,-0.9783062716303936,6.0,10.0,180.0,0.9086636827941864,-5.538994464230979,-0.1738412286951831,-2.784458187739128,-388.74332182934376,545.2622901131167,150.76330780588648,686.3336928648084,510.45000000000016,0.9086636827941864,0.8788185119628906,0.8470628261566162,0.8906430006027222,0.7632961273193359,0.7836775183677673,0.8624061346054077,0.7871711254119873,0.6469472050666809,0.8673359155654907,0.9158955812454224,0.9005234241485596,0.9411845207214355,0.9548949003219604,0.9675943851470947,1.0041286945343018,0.7072446346282959,-1.8493279218673706,1.0490138530731201,0.9143368601799011,1.0047931671142578,0.8963462710380554,0.9179940819740295,0.7514351010322571,0.8370300531387329,0.981548547744751,0.7809755206108093,0.8060839176177979,0.9646250605583191,0.9535367488861084,0.8524158000946045,0.26352453231811523,0.8728697299957275,0.8634857535362244,0.4935109317302704,1.2642796039581299,0.7335339784622192,0.903452455997467,0.8070803880691528,0.4040864408016205,1.295964241027832
6414.0,128.27900000000005,10.861343281022908,184.50164757988583,386.5460343962296,763971.2855849494,10.746025729964424,184.50000744901973,386.5459900000001,764066.7794840003,-9.28400857204081,-0.0545689976612453,-0.001479673020972,19200.000000000007,0.0094835263199639,-0.0016428335702034,-4.439627246071377e-05,0.0,-9.64393249896568,-24.35180100377792,-0.1262720700158632,-1.534175196614221,-0.016339545053741,-2.6945387220863046,19199.53487354101,124.43046661585392,0.002,2.011518480233135,3.1073632448435005,-0.9528745046212852,6.0,10.0,180.0,1.2201910457192846,-5.567853221213339,-0.1747955296788078,-2.9730943492145485,-385.3256609146719,599.0466450565584,159.16715390294326,721.3343464324042,494.92500000000007,1.2201910457192846,0.9579002857208252,1.0869126319885254,1.1360821723937988,1.0847527980804443,1.0509817600250244,1.0696234703063965,1.0152374505996704,0.8329182863235474,1.0655205249786377,1.1126444339752197,1.1558399200439453,1.1831507682800293,1.2358510494232178,1.224367618560791,1.3516924381256104,1.0127390623092651,-1.7974847555160522,1.2415977716445923,1.1853039264678955,1.323974847793579,1.0223637819290161,1.2409160137176514,0.9128408432006836,0.9417529106140137,1.1736669540405273,0.9470632672309875,0.9352306127548218,1.0419012308120728,1.1581830978393555,1.0015568733215332,1.200261116027832,1.1006853580474854,1.1321654319763184,0.7037957310676575,2.4022879600524902,0.8870267868041992,1.1128126382827759,1.1772173643112183,0.9532628655433655,0.8556063771247864
6415.0,128.29900000000006,10.673749242026965,184.5005030431039,386.545936313836,764355.2761543858,10.554021967747294,184.50000968166665,386.5459900000001,764450.7794840003,-9.431050905378951,-0.0164369591475565,0.0017852575992018,19200.000000000007,0.0050753605093231,-0.0004944842290931,5.3686148965336845e-05,0.0,-9.176425482922776,-21.739658152419388,-0.0081990258650146,1.3939954492652784,0.020264440824977,-2.4374710069825776,19199.982152776363,4.264184666588344,0.002,1.945485776116852,3.1713142536094305,-0.9776259269226268,6.0,10.0,180.0,1.034708446440168,-5.588455399728102,-0.1479233386212818,-3.070983911143167,-372.0708304573359,622.7793225282792,161.38157695147163,730.3716732162021,489.5250000000001,1.034708446440168,0.950660228729248,1.0424585342407227,1.0820406675338745,1.0450925827026367,1.0005097389221191,1.0343859195709229,0.9867507219314575,0.8158869743347168,1.0582987070083618,1.0864962339401245,1.123295545578003,1.1478862762451172,1.202280044555664,1.1804122924804688,1.2812235355377197,0.9717657566070557,-1.802950143814087,1.2459332942962646,1.1509013175964355,1.2850311994552612,1.0208046436309814,1.2139660120010376,0.891221821308136,0.9346387386322021,1.1356738805770874,0.9183462262153625,0.9203410744667053,1.0404108762741089,1.1298705339431763,0.9876799583435059,1.1614221334457397,1.0636228322982788,1.0921343564987183,0.6868367791175842,2.2555363178253174,0.8517097234725952,1.0741362571716309,1.1171914339065552,0.849932849407196,0.8546186685562134
6416.0,128.31900000000005,10.483479658297153,184.4999236922393,386.54583362520606,764739.2756404255,10.36201796068946,184.5000099998053,386.5459900000001,764834.7794840003,-9.488774887528743,0.0028692903086774,0.0051781664141326,19200.000000000007,0.0033406213153966,8.621919456808098e-05,0.000156374822756,0.0,-9.63713712389468,22.35257112219229,-0.0141109109152897,4.461281466997268,0.0149030720512351,1.1006409355158868,19199.99879293724,68.72939563590084,0.002,1.921708497230158,3.170946634723585,-0.9579578211689652,6.0,10.0,180.0,0.8398299789831143,-5.62067460861517,-0.1396330578694064,-3.078232450724585,-373.067415228668,639.9211612641395,164.4432884757358,743.2253366081011,483.60000000000014,0.8398299789831143,0.922261655330658,0.8805108070373535,0.9943450689315796,0.7517449259757996,0.833408772945404,0.915836751461029,0.850074291229248,0.7321265339851379,0.9053301811218262,0.8778711557388306,0.9027358293533325,0.9176450371742249,0.9844566583633423,0.9661358594894409,0.9586629867553711,0.7064434885978699,-1.8261138200759888,1.0625967979431152,0.9388253092765808,1.1044772863388062,0.9708089232444763,1.0551773309707642,0.8570006489753723,0.9385677576065063,1.034908652305603,0.8429766893386841,0.8972049355506897,1.0626025199890137,1.0562264919281006,0.9402039051055908,0.11875082552433014,0.8381413221359253,0.8230965733528137,0.4623807370662689,1.4127426147460938,0.6857725977897644,0.8671956658363342,0.7901846170425415,0.5329896211624146,1.129607081413269
6417.0,128.33900000000006,10.294056912983669,184.4999937183325,386.545987021216,765123.2760412393,10.170017000084956,184.5000100000475,386.5459900000001,765218.7794840003,-9.574661722215245,0.0005504529797675,9.618350023743743e-05,19200.000000000007,0.0007602643605848,1.6280660712196973e-05,2.9787945810202702e-06,0.0,-9.511731985390036,-20.01666456663236,0.0036927068521881,-0.6691641483295914,0.0131928183011883,-3.168774524743585,19200.32395261876,-60.06856469732945,0.002,1.906954675936425,3.2490195662187795,-0.989185921431114,6.0,10.0,180.0,1.061497010408329,-5.637190592263784,-0.1362392317949324,-3.078773177291529,-370.939707614334,647.3865806320698,165.4461442378679,747.3961683040505,466.7250000000001,1.061497010408329,0.9647034406661987,1.045161247253418,1.0904138088226318,1.0132402181625366,0.9865649938583374,1.023615837097168,1.0054874420166016,0.8248019814491272,1.0656462907791138,1.0544111728668213,1.1001183986663818,1.1170721054077148,1.1857500076293945,1.1526155471801758,1.2201995849609375,0.9404077529907227,-1.7960541248321533,1.2578661441802979,1.133127212524414,1.289161205291748,1.04171884059906,1.2190719842910767,0.9058859944343567,0.965548038482666,1.1312692165374756,0.9194992780685425,0.9392980337142944,1.0704175233840942,1.152247428894043,1.0007259845733643,1.1040418148040771,1.0323560237884521,1.0586216449737549,0.6512433290481567,2.107280969619751,0.8205048441886902,1.0415030717849731,1.0736340284347534,0.872247040271759,0.7539043426513672
6418.0,128.35900000000004,10.101759259128109,184.4997959399799,386.54597074539095,765507.275691016,9.978016999938395,184.5000100000705,386.5459900000001,765602.7794840003,-9.564749110360804,0.0071389494648045,0.00064182497377,19200.000000000007,0.001057641024042,0.0002140587958527,1.925439109169742e-05,0.0,-9.561294156265609,13.43123332281867,0.0009802523328917,-1.101688687573648,-1.0359828702236407e-05,-5.494830090464949,19199.84437737533,-4.382365163175512,0.002,1.908127617468813,3.153058714378339,-0.9897988312669632,6.0,10.0,180.0,0.8680964323283602,-5.658140251241205,-0.132338058527458,-3.084339202635139,-370.770353807167,651.6437903160349,166.15757211893396,750.3780841520253,459.9750000000001,0.8680964323283602,0.9374218583106995,0.9078051447868347,1.0154626369476318,0.7773733139038086,0.8593476414680481,0.9252849817276001,0.8775681257247925,0.7591004967689514,0.9247878789901733,0.883104681968689,0.9318987131118774,0.9346665143966675,1.0120408535003662,0.9806967377662659,0.9648303389549255,0.7348089218139648,-1.8140090703964233,1.0851702690124512,0.9698307514190674,1.1388942003250122,0.9910878539085388,1.079013466835022,0.8703795671463013,0.9583384990692139,1.0469926595687866,0.8557940125465393,0.9156930446624756,1.0713353157043457,1.0829732418060303,0.9446464776992798,0.34682905673980713,0.8558028340339661,0.8467567563056946,0.48159655928611755,1.4472472667694092,0.7102349400520325,0.8862828612327576,0.8241267204284668,0.6422552466392517,0.9870998859405518
6419.0,128.37900000000005,9.91071005613129,184.4999678780821,386.54592315584495,765891.2694051258,9.786016999938514,184.5000100000254,386.5459900000001,765986.7794840003,-9.596434685651634,0.0014118942022274,0.0022327794672175,19200.000000000007,0.0001069467492477,4.222225537564564e-05,6.684409816648515e-05,0.0,-9.613548512084831,-5.498415913454589,0.0170975050853981,-4.763381087810042,-0.0100263506006834,-1.2881289597998389,19199.62244835284,-51.52584335783816,0.002,1.9283021937295937,3.288346143719131,-0.972296440301659,6.0,10.0,180.0,0.9804650345263972,-5.673801978217895,-0.1289113806061313,-3.1433164726723186,-370.9791769035835,654.6898951580174,166.733286059467,752.8125420760126,453.0000000000001,0.9804650345263972,0.961866557598114,0.9962843656539917,1.066994071006775,0.8923249840736389,0.9252392053604126,0.9628358483314514,0.9385883808135986,0.797371506690979,1.007914423942566,0.9623920321464539,1.0166164636611938,1.024479866027832,1.1036980152130127,1.0695924758911133,1.1072065830230713,0.8481700420379639,-1.7966264486312866,1.1712238788604736,1.0532876253128052,1.2176997661590576,1.022589087486267,1.1469794511795044,0.8940022587776184,0.9643768072128296,1.0884976387023926,0.8908510804176331,0.9312518239021301,1.0746389627456665,1.1231203079223633,0.969646155834198,0.8166000843048096,0.9424546957015991,0.9572194218635559,0.5406779050827026,1.7978549003601074,0.7737331986427307,0.9612850546836853,0.9427051544189453,0.830255925655365,0.770592451095581
6420.0,128.39900000000006,9.718373094674105,184.49984420253747,386.5460078859053,766275.2665452992,9.59401699995876,184.5000100000028,386.5459900000001,766370.7794840003,-9.585205801912798,0.0055222307674839,-0.000596665816809,19200.000000000007,0.0004437059478847,0.0001657989547511,-1.7884880175571072e-05,0.0,-9.576654552747296,2.870133190814024,-0.0102485924344687,0.3083086202685024,-0.004643879394503,-2.562429427204953,19200.22265490983,-47.14285887120233,0.002,1.847041469918914,3.389658658218447,-0.9864643402052848,6.0,10.0,180.0,0.9180508021365132,-5.685064722175484,-0.1279313251971907,-3.168496958904787,-371.4175884517917,655.2524475790087,166.8646430297335,753.3577710380064,435.07500000000016,0.9180508021365132,0.9489560127258301,0.9482073783874512,1.0251730680465698,0.830551028251648,0.8825922012329102,0.9315951466560364,0.9257224202156067,0.7801735401153564,0.9786205291748047,0.9210343360900879,0.9704375267028809,0.9762542247772217,1.0559439659118652,1.016289472579956,0.9974954724311829,0.7815327644348145,-1.8038134574890137,1.1721724271774292,1.0073387622833252,1.186172604560852,1.0123416185379028,1.1080988645553589,0.87208491563797,0.9737706184387207,1.0523486137390137,0.861024796962738,0.9251254796981812,1.0752053260803223,1.0995218753814697,0.9515611529350281,0.484649658203125,0.8950872421264648,0.9024206399917603,0.5090567469596863,1.4519243240356445,0.7316127419471741,0.9163011908531189,0.8739867210388184,0.7427223920822144,0.7829448580741882
6421.0,128.41900000000004,9.52665452493693,184.49966307578453,386.5459285847168,766659.267277274,9.402016999991794,184.50001,386.5459900000001,766754.7794840003,-9.594588592989242,0.0115645611227242,0.0020436106272291,19200.000000000007,0.000162272419659,0.0003469250045725,6.141668043088152e-05,0.0,-9.59889924752896,-2.564406463011996,-0.0066342929729029,-3.0563780972644765,-0.0080486719181895,3.844419055972136,19199.84375377559,-64.34172257609472,0.002,1.7968981191844833,3.410858109605769,-0.9865458098280756,6.0,10.0,180.0,0.9561071852147164,-5.726081444240352,-0.1230439267075789,-3.168984369690538,-371.87379422589584,655.8632237895044,167.02482151486674,754.0338855190032,427.5000000000001,0.9561071852147164,0.9553948640823364,0.9653531312942505,1.0382024049758911,0.8607687950134277,0.8970324993133545,0.9287062883377075,0.9296936988830566,0.7824102640151978,1.0033187866210938,0.9384523034095764,0.985730767250061,0.9949424266815186,1.0771006345748901,1.0385292768478394,1.0497714281082153,0.8160496354103088,-1.7986336946487427,1.187112808227539,1.02249276638031,1.1875500679016113,1.018223762512207,1.115968108177185,0.8755281567573547,0.9709079265594482,1.057265281677246,0.8730683922767639,0.9249738454818726,1.0744364261627197,1.1041878461837769,0.9547098875045776,0.6003952026367188,0.9142098426818848,0.9330853223800659,0.494397908449173,1.5291106700897217,0.7555295825004578,0.9308361411094666,0.8901759386062622,0.8423796892166138,0.6539467573165894
6422.0,128.43900000000002,9.334407189639212,184.49968502920504,386.5459776098978,767043.2624650074,9.210017000000004,184.50001,386.5459900000001,767138.7794840003,-9.58634492355356,0.0108297668677365,0.0004149321650306,19200.000000000007,0.0004097086260948,0.0003249706214529,1.249001057347146e-05,0.0,-9.593964865582958,1.707427197022544,-0.0139417255001333,-0.6708847026263214,0.0012209922658931,0.4309104387620202,19199.740190755543,-12.875335534658598,0.002,1.6855742435570211,3.3162471021049,-0.9585520346463068,6.0,10.0,180.0,0.8793644144992981,-5.752923306224135,-0.1176688187865427,-3.2105226627252987,-372.272397112948,655.9701118947522,167.08441075743335,754.2834427595017,413.47500000000014,0.8793644144992981,0.9482396841049194,0.9390783309936523,1.0185165405273438,0.8247864842414856,0.8761463165283203,0.9138840436935425,0.927815318107605,0.7784717679023743,0.9886939525604248,0.9128750562667847,0.9621325731277466,0.9668335318565369,1.0505974292755127,1.00679612159729,0.9796717166900635,0.7765682935714722,-1.802250862121582,1.1865285634994507,0.999129593372345,1.1758373975753784,1.0156854391098022,1.0951144695281982,0.8652288317680359,0.9804482460021973,1.0386954545974731,0.8586032390594482,0.9251827001571655,1.0769052505493164,1.0953099727630615,0.9459595680236816,0.4355964660644531,0.8869457840919495,0.9007967114448547,0.4822457730770111,1.3141233921051025,0.7329040169715881,0.9066359400749207,0.8559633493423462,0.8004768490791321,0.6583163738250732
6423.0,128.45900000000006,9.142676741776228,184.49981091634984,386.5459608971636,767427.2612922351,9.018017000000004,184.50001,386.5459900000001,767522.7794840003,-9.595347077736426,0.0066344171020372,0.0009689075657592,19200.000000000007,0.0001401587767531,0.0001990834824177,2.9101399886861435e-05,0.0,-9.5923057397636,-2.931899273189258,0.0122428720916121,-0.3058334127968312,0.0090522416301517,2.20045139899178,19199.895292484325,-0.0566669422393943,0.002,1.6260934428849492,3.178906248181109,-0.939993649744988,6.0,10.0,180.0,0.90721506858596,-5.774915413116364,-0.1162141560670053,-3.22390357389418,-371.551198556474,656.5125559473761,167.1067053787167,754.3802213797508,399.9000000000001,0.90721506858596,0.9521987438201904,0.9523726105690002,1.0201307535171509,0.848863959312439,0.8830525875091553,0.9149780869483948,0.9468660950660706,0.7822796702384949,1.011460304260254,0.9272555708885193,0.9757363796234131,0.9813361763954163,1.0665655136108398,1.0192766189575195,0.9921074509620667,0.7948364019393921,-1.8004388809204102,1.220468521118164,1.0118982791900635,1.1897618770599365,1.0240823030471802,1.1019617319107056,0.8628576397895813,0.9861993789672852,1.039870023727417,0.8629798889160156,0.9279089570045471,1.077980637550354,1.0991454124450684,0.9478801488876343,0.47736799716949463,0.9012755155563354,0.9238387942314148,0.4880175292491913,1.2845025062561035,0.7433878183364868,0.9173802733421326,0.8737704753875732,0.8533143401145935,0.5544764399528503
6424.0,128.479,8.950519470731571,184.5000665506009,386.54601568458094,767811.2629102904,8.826017000000004,184.50001,386.5459900000001,767906.7794840003,-9.590087273593753,-0.0018793327162434,-0.000850139238459,19200.000000000007,0.0002975302147894,-5.655057220596164e-05,-2.5685449673433654e-05,0.0,-9.593502836959567,0.9810397087780434,0.0097887228686086,4.212982975490471,0.0034103106944797,-0.4872802834878748,19199.96569570537,-68.74774611239533,0.002,1.39195835815009,2.890465337568108,-0.8840248256246467,6.0,10.0,180.0,0.87453898620389,-5.758908472581142,-0.1220850532398499,-3.2151354393744684,-371.292599278237,656.7492779736881,167.12285268935835,754.4491106898754,391.50000000000006,0.87453898620389,0.9463095664978027,0.9311330318450928,0.9981541633605957,0.822895348072052,0.8629159927368164,0.9067121148109436,0.9517232179641724,0.7782285213470459,0.9982452392578125,0.9127086997032166,0.9572497606277466,0.9618946313858032,1.0461063385009766,0.994594931602478,0.9289436340332031,0.7603262662887573,-1.8059324026107788,1.2328112125396729,0.9929192066192627,1.1858524084091187,1.0211859941482544,1.0865933895111084,0.8517968058586121,0.9944697618484497,1.0247045755386353,0.8464528322219849,0.9262744188308716,1.0793724060058594,1.0893921852111816,0.9422183036804199,0.2990560531616211,0.8813960552215576,0.8988787531852722,0.4890737235546112,1.1069663763046265,0.7179062366485596,0.8986179232597351,0.849410355091095,0.78755784034729,0.5825930833816528
6425.0,128.49900000000005,8.75871878658372,184.5003984787515,386.5460594591009,768195.2680751228,8.634017000000004,184.50001,386.5459900000001,768290.7794840003,-9.596755224319775,-0.0129468645980373,-0.002314100575753,19200.000000000007,9.821331432843228e-05,-0.0003884787316085,-6.945911066648315e-05,0.0,-9.625727052678362,-11.656444278568712,0.0080648394636352,-0.244932240689193,-0.0083034786919715,-3.175364785771348,19200.12036717801,68.7275204306758,0.002,1.0302148131574558,2.5224147453833567,-0.8061417178256813,6.0,10.0,180.0,0.8945732019288558,-5.713480367960075,-0.1254861516570251,-3.163308519907813,-371.7397996391185,657.2051389868441,167.26592634467917,755.0605553449377,371.4000000000001,0.8945732019288558,0.9608575701713562,0.9749341011047363,1.0351901054382324,0.8920908570289612,0.9072224497795105,0.9318315386772156,0.9976212382316589,0.8047659397125244,1.053159236907959,0.9491671919822693,1.0079412460327148,1.0063035488128662,1.0961008071899414,1.0379762649536133,0.9905250072479248,0.8198974132537842,-1.7981623411178589,1.2749419212341309,1.0438207387924194,1.2345445156097412,1.0469204187393188,1.1224092245101929,0.8669559359550476,1.007843017578125,1.053229570388794,0.8793705105781555,0.9439001083374023,1.0839920043945312,1.1183350086212158,0.965045690536499,0.6404049396514893,0.9284722805023193,0.9580488801002502,0.523926854133606,1.2174540758132935,0.7631339430809021,0.942756712436676,0.9193445444107056,0.9382360577583313,0.4084622859954834
6426.0,128.51900000000006,8.56565651304413,184.5008131709229,386.5462343811749,768579.2810903512,8.442017000000003,184.50001,386.5459900000001,768674.7794840003,-9.561316536104616,-0.0267714268259044,-0.0081488515440601,19200.000000000007,0.0011603860128367,-0.0008031709234205,-0.000244381263972,0.0,-9.633570444235223,3.0445044362252496,0.012213521707992,3.907040558045524,0.0007058193401905,-3.3628428567494053,19200.82221259346,43.02231464195612,0.002,0.6824942023585644,2.0746775715976105,-0.694691994913573,6.0,10.0,180.0,0.735809329226903,-5.623891134982868,-0.1474303305919119,-3.059296722202548,-371.9428998195592,657.599569493422,167.3689631723396,755.5012776724689,362.6250000000001,0.735809329226903,0.9410256743431091,0.9114701151847839,0.984553337097168,0.7898290753364563,0.8465151190757751,0.884395182132721,0.9545620679855347,0.7772066593170166,0.9948920011520386,0.8859089612960815,0.9342573881149292,0.9306749701499939,1.021069049835205,0.9611155390739441,0.8595470786094666,0.7250845432281494,-1.8071833848953247,1.2326512336730957,0.9702737331390381,1.1731306314468384,1.0242246389389038,1.057181477546692,0.842714786529541,1.0084919929504395,1.0123096704483032,0.83661949634552,0.9287126064300537,1.084694504737854,1.082032322883606,0.9348036050796509,0.18657661974430084,0.8530011177062988,0.8692821860313416,0.461784690618515,0.8488729000091553,0.7041082978248596,0.8734352588653564,0.812525749206543,0.8108733296394348,0.4963187575340271
6427.0,128.53900000000004,8.373714438858803,184.5011391084372,386.5462686104031,768963.3003188026,8.250017000000003,184.50001,386.5459900000001,769058.7794840002,-9.56325090063756,-0.0376352365694205,-0.0092959533599031,19200.000000000007,0.001102461134205,-0.0011291084386181,-0.0002786097447283,0.0,-9.620870346332207,-3.3510278554912296,0.0322413613812448,-0.5492994370558051,-0.0105050624880034,3.724585060438973,19201.33661425206,137.30317116143289,0.002,0.6056360665504867,1.814964291227776,-0.6214983003321346,6.0,10.0,180.0,0.7137560613605963,-5.523240742517557,-0.1821018934430311,-2.8639725863344,-371.1539499097796,658.035784746711,167.3659815861698,755.4926388362344,353.70000000000005,0.7137560613605963,0.9474249482154846,0.9344685077667236,0.9977049827575684,0.8207519054412842,0.8614761829376221,0.878699541091919,0.9546416997909546,0.7764677405357361,1.0222489833831787,0.8961466550827026,0.95051109790802,0.9490770101547241,1.0430982112884521,0.9851795434951782,0.9200385212898254,0.7642691731452942,-1.8006184101104736,1.2432632446289062,0.985698938369751,1.1706821918487549,1.0296858549118042,1.0611276626586914,0.8452562093734741,1.0029945373535156,1.01316237449646,0.8536795973777771,0.9285818338394165,1.0802009105682373,1.0885590314865112,0.9416022300720215,0.32659101486206055,0.8732320070266724,0.9030338525772095,0.44270431995391846,0.9271566867828369,0.73426753282547,0.8892500996589661,0.8290053606033325,0.9278685450553894,0.3492653965950012
6428.0,128.55900000000003,8.181831528867008,184.5013038853117,386.5463865915441,769347.3336825368,8.058017000000003,184.50001,386.5459900000001,769442.7794840003,-9.567160042377187,-0.0431290542425591,-0.0132589695729294,19200.000000000007,0.0009854720037604,-0.0012938853118433,-0.0003965898776046,0.0,-9.573489361869232,6.04303542775539,-0.0046112743882111,0.4879923996102935,0.0076013004479549,2.1998898196497074,19201.69834699333,-42.98185287011746,0.002,0.5711446241440357,1.6009204217564628,-0.5982653027535593,6.0,10.0,180.0,0.7245484354522234,-5.402838159520299,-0.2187621300641689,-2.576280793819545,-371.2499749548898,656.9898923733555,167.16499079308488,754.6283194181171,334.05000000000007,0.7245484354522234,0.9304662942886353,0.8885382413864136,0.9617316722869873,0.7508589625358582,0.8182970881462097,0.8381810188293457,0.9249446988105774,0.7589556574821472,0.9824251532554626,0.8415932059288025,0.8955572247505188,0.888190746307373,0.985136866569519,0.9224944710731506,0.8150172233581543,0.6927889585494995,-1.8067892789840698,1.2079691886901855,0.9303687810897827,1.114609718322754,1.0160011053085327,1.0038479566574097,0.8249915838241577,1.0037106275558472,0.9794231653213501,0.8266798853874207,0.9208064079284668,1.0793505907058716,1.0535533428192139,0.9178631901741028,0.03868032991886139,0.8148738145828247,0.8359163403511047,0.3899691104888916,0.5927165746688843,0.6990088820457458,0.8370127081871033,0.7459858655929565,0.8742071986198425,0.3535401225090027
6429.0,128.579,7.990441693917242,184.50111142052648,386.5463785874152,769731.3600214688,7.866017000000002,184.50001,386.5459900000001,769826.7794840003,-9.587493941498115,-0.0367177247869451,-0.0129526525527127,19200.000000000007,0.0003752056962626,-0.0011014205264391,-0.0003884874220367,0.0,-9.590797966770763,0.6679572513258691,-0.0007736795859276,1.038822158679201,-0.0073149493968074,5.126681219597044,19201.046527176684,42.92941279130652,0.002,0.4683966986075593,1.4841048352893698,-0.5624355073967076,6.0,10.0,180.0,0.7168460343654031,-5.342372084979203,-0.2549229584167753,-2.3070788103816047,-371.4504874774449,656.7454461866778,167.13849539654245,754.5136597090586,324.8250000000001,0.7168460343654031,0.9378974437713623,0.9060183763504028,0.9677658081054688,0.7796580791473389,0.8308119773864746,0.8441694974899292,0.9456458687782288,0.7637827396392822,1.0092343091964722,0.8562486171722412,0.9149792194366455,0.9102404117584229,1.0080090761184692,0.9439127445220947,0.8429957032203674,0.7203872203826904,-1.8048380613327026,1.2454060316085815,0.9484758377075195,1.136650800704956,1.0243757963180542,1.0169159173965454,0.8252823948860168,1.0086889266967773,0.9833977222442627,0.8341208100318909,0.9244771003723145,1.0792131423950195,1.0625516176223755,0.927675187587738,0.10609652101993561,0.8365849852561951,0.8674260973930359,0.4005754590034485,0.6173831224441528,0.714017927646637,0.854280948638916,0.7725386619567871,0.9283441305160522,0.25565212965011597
6430.0,128.59900000000005,7.798410727608912,184.50093561139136,386.5462566863288,770115.3764699621,7.674017000000002,184.50001,386.5459900000001,770210.7794840003,-9.58645078680609,-0.0308519776597809,-0.0088870374221459,19200.000000000007,0.0004061709226554,-0.0009256113913089,-0.0002666889242655,0.0,-9.6002997263959,4.094998585791311,-0.0227329576144695,0.1879754293788391,0.0099820177410709,7.813519225828431,19200.960572445685,-8.577772476616275,0.002,0.3398325076736015,1.328463409355022,-0.5199554223458746,6.0,10.0,180.0,0.699269959532759,-5.290526858283768,-0.2802970986017133,-2.1661120302700683,-372.45274373872246,656.3062230933389,167.16524769827123,754.6258298545293,315.4500000000001,0.699269959532759,0.9312609434127808,0.8906519412994385,0.9559338092803955,0.7544364333152771,0.8142855763435364,0.8224849700927734,0.9285334348678589,0.753531813621521,0.9947249889373779,0.8341351747512817,0.8910380601882935,0.8854329586029053,0.9855552315711975,0.921360969543457,0.8152150511741638,0.6975071430206299,-1.8055962324142456,1.2288748025894165,0.9241202473640442,1.1054606437683105,1.0185770988464355,0.9904634356498718,0.8178254961967468,1.0063518285751343,0.9665515422821045,0.8256007432937622,0.9215578436851501,1.0783964395523071,1.0460511445999146,0.9180135130882263,-0.01713775098323822,0.813183069229126,0.8441184759140015,0.3647981584072113,0.4902251064777374,0.7043454051017761,0.8320918679237366,0.7340948581695557,0.934690535068512,0.22199149429798126
6431.0,128.61900000000006,7.6061949359058785,184.50067953552048,386.5462822627016,770499.389488643,7.482017000000002,184.50001,386.5459900000001,770594.7794840003,-9.579262899611592,-0.0223147881922095,-0.0097430287469179,19200.000000000007,0.0006220632708172,-0.0006695355203865,-0.0002921644853667,0.0,-9.625001345370627,2.620874552116648,0.0087633968572391,1.0291951798722605,0.0192955708965409,-0.1816068193782982,19200.582647588275,90.14519426638832,0.002,0.2922524390423082,1.1945044828780014,-0.4866250888057258,6.0,10.0,180.0,0.6040108002416047,-5.266619576392916,-0.3036985225406651,-2.0369552304369725,-372.2808718693613,656.9861115466695,167.28312384913562,755.1324149272647,306.07500000000005,0.6040108002416047,0.9330142736434937,0.8980510234832764,0.961514949798584,0.7558155059814453,0.8213829398155212,0.8343464732170105,0.9509421586990356,0.7674075365066528,1.0043855905532837,0.8320055603981018,0.9007357358932495,0.8874297142028809,0.9894287586212158,0.9178428649902344,0.7868924140930176,0.6915327310562134,-1.8066378831863403,1.2401559352874756,0.9344081282615662,1.134093999862671,1.0296012163162231,0.9994766116142273,0.8220687508583069,1.02199387550354,0.9787274599075317,0.8288294076919556,0.929713249206543,1.0836129188537598,1.0596377849578857,0.9246355891227722,0.04576505720615387,0.8154504299163818,0.8423836827278137,0.39244240522384644,0.4350622594356537,0.7019525766372681,0.8370279669761658,0.7515256404876709,0.9290154576301575,0.22586901485919952
6432.0,128.63900000000004,7.4142488780904,184.50059921995427,386.54629907476414,770883.4031992437,7.2900170000000015,184.50001,386.5459900000001,770978.7794840003,-9.581060977747658,-0.0196416784198037,-0.0102967409233355,19200.000000000007,0.0005681216349173,-0.0005892199542306,-0.0003090737531869,0.0,-9.566663270691269,-2.0182814866794,-0.0056093172158394,-1.4625678065141463,0.0197806412546107,-5.494443001346471,19200.856969254364,-102.98913691207903,0.002,0.2272715607924746,1.1056875593004245,-0.4734654345207711,6.0,10.0,180.0,0.6123081601585934,-5.234420124483445,-0.3183345741262698,-1.911335497356684,-371.7449359346806,656.3720557733348,167.09656192456782,754.3332074636323,296.4750000000001,0.6123081601585934,0.9370776414871216,0.9191688299179077,0.9759354591369629,0.7723853588104248,0.8387426137924194,0.8443648219108582,0.9679653644561768,0.7816275954246521,1.0241084098815918,0.8369650840759277,0.9203606843948364,0.8994197845458984,1.0039920806884766,0.9274753332138062,0.7947641611099243,0.7071954011917114,-1.8034720420837402,1.244720697402954,0.9542593955993652,1.1560689210891724,1.041785478591919,1.0123289823532104,0.8277829885482788,1.0304853916168213,0.9924334287643433,0.8408383131027222,0.9378986954689026,1.0837171077728271,1.074265480041504,0.9326910376548767,0.2464749962091446,0.8294638395309448,0.8568090796470642,0.4133632481098175,0.4586872160434723,0.7202982306480408,0.8528669476509094,0.778288722038269,0.9775592684745789,0.17758528888225555
6433.0,128.65900000000005,7.222244037662671,184.5004742319473,386.5462637958638,771267.4130021805,7.098017000000003,184.50001,386.5459900000001,771362.7794840003,-9.580910154926718,-0.0154723607861384,-0.0091254074746914,19200.000000000007,0.0005728620346552,-0.0004642319472547,-0.0002737944154783,0.0,-9.610140095397933,1.961127464808197,0.0004692042402483,-0.9752343042727304,-0.0019562410357637,-7.144291013116242,19200.51325291972,21.479078664081825,0.002,0.1413121249816777,1.000572373663115,-0.4525404079805483,6.0,10.0,180.0,0.5610182156319891,-5.213388067690794,-0.3349515161036592,-1.8236248349741004,-371.9704679673403,656.6870278866674,167.18628096228392,754.7186037318162,290.62500000000006,0.5610182156319891,0.9297668933868408,0.9025875329971313,0.9653688669204712,0.7458714842796326,0.8241583108901978,0.8314757347106934,0.9585937261581421,0.7771327495574951,1.0072239637374878,0.8161593079566956,0.8999631404876709,0.8761858940124512,0.9821231365203857,0.9040870666503906,0.7544800043106079,0.6782680749893188,-1.8062745332717896,1.2289304733276367,0.9342507123947144,1.140653371810913,1.0384795665740967,0.9921398758888245,0.8236899971961975,1.0333960056304932,0.9838711023330688,0.8310278654098511,0.9370309114456177,1.0849913358688354,1.0644193887710571,0.9264334440231323,0.12604095041751862,0.8074333667755127,0.8286848664283752,0.3970077633857727,0.3403383493423462,0.7043672204017639,0.8332155346870422,0.7492004036903381,0.9519739747047424,0.1998608261346817
6434.0,128.67900000000003,7.0305215932628045,184.5003577237321,386.5461964398619,771651.422259132,6.906017000000003,184.50001,386.5459900000001,771746.7794840003,-9.590145179629603,-0.0115915391071445,-0.0068808156882996,19200.000000000007,0.000295306947928,-0.0003477237320974,-0.0002064396270141,0.0,-9.571020606612729,-0.1881533057834044,-0.0009424924574976,0.8472416877966411,-0.0085475525990811,-4.576075978012364,19200.44484182037,-55.82444679104748,0.002,0.1134135451753259,0.8893468121300793,-0.4237538183073624,6.0,10.0,180.0,0.6044705045537657,-5.197774158037385,-0.3486292591983192,-1.740588883620718,-371.50323398367016,656.3655139433337,167.06714048114196,754.2088018659081,277.5750000000001,0.6044705045537657,0.9317561388015747,0.9009177088737488,0.9551706314086914,0.7535094022750854,0.819916844367981,0.8237996101379395,0.9677771329879761,0.7746381759643555,1.0197484493255615,0.8148006796836853,0.9015103578567505,0.8795459866523743,0.9860324859619141,0.9050061106681824,0.7468690872192383,0.682137131690979,-1.8081492185592651,1.2576754093170166,0.9336071014404297,1.142141580581665,1.0410730838775635,0.9878833889961243,0.8168400526046753,1.0365691184997559,0.975345253944397,0.8278601765632629,0.9360448718070984,1.084442138671875,1.0588579177856445,0.9279217720031738,0.09562458097934723,0.8107215166091919,0.8388770222663879,0.39474913477897644,0.2620210349559784,0.7059966921806335,0.8338037729263306,0.7493654489517212,0.9726362824440002,0.11743168532848358
6435.0,128.69900000000004,6.838266512584849,184.5004427235665,386.5461542773982,772035.4290335684,6.714017000000001,184.50001,386.5459900000001,772130.7794840003,-9.581654838375105,-0.0144262077859822,-0.0054758960075379,19200.000000000007,0.0005503885716657,-0.0004327235664227,-0.0001642774339539,0.0,-9.617439600322184,1.281773476770272,0.005668384258678,-5.059585445959401,-0.006589957913362,-0.0625284820185228,19200.30827013829,-34.38656716178342,0.002,0.0757173603379217,0.8251283052940441,-0.3971502813801043,6.0,10.0,180.0,0.5175786936546185,-5.177714111910492,-0.359855907917041,-1.677024171306082,-371.7916169918351,656.8697569716669,167.202570240571,754.789900932954,264.30000000000007,0.5175786936546185,0.9233319759368896,0.89793860912323,0.9566092491149902,0.7304721474647522,0.8116267919540405,0.7972461581230164,0.9414025545120239,0.7650991082191467,1.010457158088684,0.7887538075447083,0.8798105716705322,0.8530097007751465,0.9666043519973755,0.8877426385879517,0.7487038373947144,0.6723046898841858,-1.8018009662628174,1.2186450958251953,0.911819338798523,1.1017042398452759,1.0398577451705933,0.9630511403083801,0.8143091797828674,1.0310311317443848,0.960116982460022,0.833253026008606,0.9367762804031372,1.082761526107788,1.0444347858428955,0.9198204874992371,0.073197141289711,0.7889276742935181,0.819757878780365,0.3395358920097351,0.17181947827339172,0.7130599021911621,0.8134828805923462,0.7099846005439758,1.0499017238616943,0.029234856367111206
6436.0,128.71900000000002,6.646496787625026,184.5003743025029,386.5461757240141,772419.4357929126,6.522017000000003,184.50001,386.5459900000001,772514.7794840003,-9.58933281930416,-0.0121467175546357,-0.0061902249601425,19200.000000000007,0.0003201144780396,-0.0003643025028646,-0.0001857244673052,0.0,-9.563216677935069,-2.925009728669959,-0.0061384627243556,-4.510662843323203,-0.0141320457118804,-1.7682462158661654,19200.411699017604,-55.78166828180822,0.002,-0.0053584299263515,0.8015423727222724,-0.3818097195930201,6.0,10.0,180.0,0.5810839294401389,-5.16645351166291,-0.3662188831124404,-1.6164704473117957,-371.4663084959176,656.2658784858335,167.0427851202855,754.103950466477,250.57500000000007,0.5810839294401389,0.9289366602897644,0.91407310962677,0.957737922668457,0.7473502159118652,0.8194882869720459,0.8020392656326294,0.9615418314933777,0.7726567983627319,1.0314218997955322,0.792950451374054,0.8939081430435181,0.864240288734436,0.9791185855865479,0.8951583504676819,0.7465612292289734,0.684218168258667,-1.8015172481536865,1.245773434638977,0.9244370460510254,1.1212599277496338,1.0491105318069458,0.9718864560127258,0.8127806782722473,1.0394608974456787,0.9631105065345764,0.837453305721283,0.9410170316696167,1.084330439567566,1.0517640113830566,0.9266583919525146,0.1733577400445938,0.8010377287864685,0.8364129662513733,0.355567067861557,0.13539010286331177,0.7234676480293274,0.8244775533676147,0.7286593914031982,1.0833770036697388,-0.04771962761878967
6437.0,128.73900000000003,6.454526375051614,184.5002034974308,386.5461105715325,772803.4423536833,6.330017000000002,184.50001,386.5459900000001,772898.7794840003,-9.590312152312242,-0.006447339570628,-0.0040140735203836,19200.000000000007,0.0002905276786021,-0.0001934974306683,-0.0001205729362639,0.0,-9.625744263597928,-3.4243276639554,-0.0303111664499653,1.0219906349831536,-0.0097823794416447,2.868267913318652,19200.13586573305,-42.83475591279944,0.002,-0.0700243146617544,0.7541407989836986,-0.3636266244558933,6.0,10.0,180.0,0.5654506330349156,-5.1528855473293325,-0.3706206858428232,-1.5534370453721145,-373.1326542479588,656.2169392429167,167.22589256014274,754.8844752332385,236.62500000000003,0.5654506330349156,0.9314975738525391,0.9114780426025391,0.9409041404724121,0.7535862922668457,0.8094733357429504,0.7994914650917053,0.9786578416824341,0.7678138613700867,1.0426499843597412,0.7935962080955505,0.8893569707870483,0.866493821144104,0.9809044003486633,0.8934367895126343,0.7234747409820557,0.6799482703208923,-1.8082677125930786,1.2959483861923218,0.9172468185424805,1.129853367805481,1.0505424737930298,0.9684200882911682,0.8049836158752441,1.0481932163238525,0.9505885243415833,0.8278188109397888,0.9396371841430664,1.0872695446014404,1.0475950241088867,0.9298264980316162,0.0017947107553482056,0.8006185293197632,0.8449976444244385,0.3536311686038971,0.012280583381652832,0.7110028266906738,0.8195206522941589,0.7226841449737549,1.0718129873275757,-0.12677784264087677
6438.0,128.75900000000004,6.262559725014178,184.50014280355305,386.54605878051694,773187.4503808372,6.138017000000003,184.50001,386.5459900000001,773282.7794840002,-9.591436600922911,-0.0044294504135981,-0.0022858016756054,19200.000000000007,0.000257177043345,-0.0001328035529972,-6.868132537839849e-05,0.0,-9.571537798179374,-2.557238015314588,-0.0038760972330501,1.7808848928900562,-0.0092644683131427,3.2880725062563245,19200.32402472846,-25.771889433278,0.002,-0.0741176023120125,0.6780693491450173,-0.3441977315477678,6.0,10.0,180.0,0.5664175600873715,-5.150937480536935,-0.3793893715702797,-1.4796873235228651,-372.1938271239794,656.0799696214583,167.08944628007137,754.3017376166192,222.1500000000001,0.5664175600873715,0.9252374172210693,0.9036544561386108,0.9248766899108887,0.7388103604316711,0.7949052453041077,0.7820981740951538,0.9741003513336182,0.7617084383964539,1.039914608001709,0.7757827639579773,0.8761851191520691,0.8511889576911926,0.9674626588821411,0.8764738440513611,0.6920455694198608,0.6637791395187378,-1.8115663528442383,1.2991628646850586,0.9019980430603027,1.1135984659194946,1.0500739812850952,0.9520954489707947,0.796806275844574,1.0499062538146973,0.9351806640625,0.8193983435630798,0.9370440244674683,1.0862712860107422,1.0345942974090576,0.9247525334358215,-0.07428835332393646,0.7862023711204529,0.8327155709266663,0.3385984003543854,-0.13391029834747314,0.7050305008888245,0.8058765530586243,0.7018482685089111,1.078049659729004,-0.17859625816345215
6439.0,128.77900000000005,6.0705979996028905,184.50014248670303,386.5460662345544,773571.4564789056,5.946017000000001,184.50001,386.5459900000001,773666.7794840003,-9.592702950707451,-0.0044151487577211,-0.0025413577964644,19200.000000000007,0.0002188997451133,-0.0001324867029896,-7.623358401808349e-05,0.0,-9.628668213224223,1.1551066691181922,0.0024604475311395,4.451664951459746,0.0036518060790649,2.082503681322502,19199.998993461333,-42.98617698575696,0.002,-0.1041927647624441,0.6424026115645792,-0.3241535016399882,6.0,10.0,180.0,0.5263848889530494,-5.152761257915538,-0.3847575352036287,-1.428398063228426,-372.4294135619897,656.7959848107291,167.26172314003568,755.0403688083096,207.9000000000001,0.5263848889530494,0.9162337183952332,0.8851906061172485,0.9071482419967651,0.7119289040565491,0.7753274440765381,0.7637540698051453,0.9735299944877625,0.7572075128555298,1.0285413265228271,0.7527163028717041,0.8535780906677246,0.8269240260124207,0.9448004961013794,0.8489349484443665,0.6366545557975769,0.6303107142448425,-1.8176422119140625,1.3027012348175049,0.8780925869941711,1.1010133028030396,1.0490316152572632,0.9312518239021301,0.7883323431015015,1.0586414337158203,0.9200612306594849,0.8057807683944702,0.9358280897140503,1.0898561477661133,1.0201412439346313,0.9201012849807739,-0.24415849149227142,0.7610795497894287,0.8053346276283264,0.3241933286190033,-0.3169569969177246,0.6827946305274963,0.7823432087898254,0.6704488396644592,1.0474730730056763,-0.1934659332036972
6440.0,128.79900000000004,5.878764708767816,184.50020411705745,386.5461024939,773955.4612506342,5.754017000000002,184.50001,386.5459900000001,774050.7794840003,-9.59828515882876,-0.0064704730167712,-0.0037511920581981,19200.000000000007,5.218767499773148e-05,-0.0001941170573898,-0.0001124925117366,0.0,-9.596192616360998,-5.737476966380793,-0.0122414829091882,-2.924956189152888,0.0029133930203349,-1.7066936272114184,19200.13687630594,77.26486736967698,0.002,-0.1560236187403197,0.6209577528917898,-0.3159853924652116,6.0,10.0,180.0,0.5225031826093524,-5.136153753379295,-0.38722177368673,-1.379665989976293,-372.5252067809949,656.4929924053646,167.21136157001786,754.8236844041548,200.85000000000005,0.5225031826093524,0.9258376359939575,0.9282987117767334,0.9399914741516113,0.7380130290985107,0.809715986251831,0.7886086106300354,0.9850250482559204,0.7741917371749878,1.0547966957092285,0.7626239061355591,0.881732702255249,0.8438819646835327,0.9674921035766602,0.8702382445335388,0.6829516887664795,0.6650363802909851,-1.8059660196304321,1.2867118120193481,0.9075264930725098,1.122408151626587,1.064796805381775,0.9567030072212219,0.801796555519104,1.062958002090454,0.9413102865219116,0.8333227038383484,0.9484797120094299,1.092137336730957,1.0485475063323975,0.9301954507827759,0.10680963099002838,0.7840982675552368,0.8292369842529297,0.3346708118915558,-0.20703324675559998,0.7201679348945618,0.8060907125473022,0.7044015526771545,1.155274748802185,-0.2721449136734009
6441.0,128.81900000000005,5.686387833052387,184.5000939437765,386.5460547753502,774339.4685666428,5.562017000000002,184.50001,386.5459900000001,774434.7794840003,-9.585694947423036,-0.00279989429532,-0.0021622610138239,19200.000000000007,0.0004291640573034,-8.394377647184628e-05,-6.47750374823793e-05,0.0,-9.618656379109058,5.982114830475321,0.0007114780792875,4.632130162860102,-0.0066066492848923,0.6059342175572523,19200.27360620232,-12.851470987256825,0.002,-0.1880968375105144,0.5920427161182952,-0.3043883827271169,6.0,10.0,180.0,0.4579893109606887,-5.128904521585543,-0.3921047970835097,-1.3319893914614522,-372.4916033904974,656.8514962026823,167.28018078500892,755.1188422020774,186.30000000000004,0.4579893109606887,0.9005492925643921,0.8703151941299438,0.8842637538909912,0.6698821187019348,0.7485758066177368,0.7336141467094421,0.9585753679275513,0.7514861822128296,1.0033715963363647,0.7127285003662109,0.8200138807296753,0.7875404357910156,0.9092581272125244,0.8082798719406128,0.5721012353897095,0.5864415168762207,-1.8235074281692505,1.2840793132781982,0.8424854874610901,1.0647119283676147,1.0465261936187744,0.8973397612571716,0.7752310633659363,1.0640158653259277,0.9021074771881104,0.7904009222984314,0.9319095611572266,1.09157133102417,0.9943802952766418,0.9085413217544556,-0.39729464054107666,0.7238161563873291,0.763306200504303,0.29105445742607117,-0.5677545070648193,0.6635084748268127,0.7483788132667542,0.6194181442260742,1.0384550094604492,-0.22867396473884583
6442.0,128.83900000000003,5.4948937959207695,184.5000659404992,386.5460392097592,774723.4715662531,5.370017000000002,184.50001,386.5459900000001,774818.7794840003,-9.6025590485452,-0.0018659062189678,-0.0016425499886662,19200.000000000007,-7.689616080773338e-05,-5.59404990979276e-05,-4.921002586209048e-05,0.0,-9.580793259960664,-1.1628374309933946,0.0058632861570423,3.975269826479448,0.0036763350867822,1.406166348164268,19200.307680592705,133.06281032102487,0.002,-0.2015769452138099,0.5519161574191467,-0.2871216132688092,6.0,10.0,180.0,0.5013692818415352,-5.127949618056215,-0.3984287897540316,-1.279651779795178,-371.6898016952487,656.693748101341,167.15559039250445,754.5864211010387,171.75000000000006,0.5013692818415352,0.9120132923126221,0.8957254886627197,0.8935127258300781,0.7022287249565125,0.7675827145576477,0.7473888397216797,0.9830638766288757,0.7599703073501587,1.0414512157440186,0.7266609072685242,0.8440508842468262,0.8094875812530518,0.9342896938323975,0.8292394876480103,0.5946019887924194,0.6172008514404297,-1.8222318887710571,1.3180240392684937,0.8646403551101685,1.0922911167144775,1.059238314628601,0.9181414246559143,0.7757048606872559,1.072782039642334,0.904336154460907,0.8045100569725037,0.9390733242034912,1.0929838418960571,1.0129975080490112,0.9196220636367798,-0.2373410314321518,0.7468587160110474,0.7974475026130676,0.30610302090644836,-0.5571588277816772,0.6866999268531799,0.7687168717384338,0.6510184407234192,1.1101782321929932,-0.35542935132980347
6443.0,128.85900000000004,5.302832917220795,184.50011688526155,386.5460627702288,775107.4776595619,5.178017000000001,184.50001,386.5459900000001,775202.7794840003,-9.600535127250549,-0.0035575370331312,-0.0024216300238796,19200.000000000007,-1.6118206892739378e-05,-0.0001068852614755,-7.277032096079505e-05,0.0,-9.600816681042026,5.556714545131445,0.0136851936708751,-1.0459410409464285,0.0031811777235107,0.4248439178144448,19200.170133777552,-17.153141157508948,0.002,-0.2317642664421698,0.5284054205982716,-0.2757527058509327,6.0,10.0,180.0,0.4774663355383236,-5.125044278584985,-0.4042827110080201,-1.2437707702211185,-371.3454008476243,656.9988740506706,167.17779519625222,754.6822105505194,157.12500000000006,0.4774663355383236,0.8913408517837524,0.8806472420692444,0.8819856643676758,0.6457443833351135,0.7467372417449951,0.7039412260055542,0.9449542760848999,0.7515411376953125,1.0026096105575562,0.6779448986053467,0.802305281162262,0.7582076787948608,0.8895432353019714,0.7842845916748047,0.5515525937080383,0.571599006652832,-1.8219472169876099,1.253580927848816,0.8224496841430664,1.0311082601547241,1.0513368844985962,0.8769585490226746,0.7689917683601379,1.0691096782684326,0.8930869698524475,0.7947198748588562,0.9336935877799988,1.09188711643219,0.9851179122924805,0.9019141793251038,-0.3697776794433594,0.7008915543556213,0.7416335940361023,0.24971787631511688,-0.7620446681976318,0.6739632487297058,0.7272104024887085,0.5850828289985657,1.127760410308838,-0.36054134368896484
6444.0,128.87900000000005,5.1108650690487245,184.50012027027992,386.5460801102801,775491.4813519616,4.986017000000001,184.50001,386.5459900000001,775586.7794840003,-9.601604388660755,-0.003676138748089,-0.0030030235500295,19200.000000000007,-4.807172721185811e-05,-0.0001102702798741,-9.011026224634388e-05,0.0,-9.620369577908985,0.6062412346725743,-0.0019420889071216,-2.500806181949704,0.0056097127002087,-0.2440541544305285,19200.32489035713,120.12621297573006,0.002,-0.2652388555831634,0.5175664869931204,-0.269828668602198,6.0,10.0,180.0,0.4829217184283153,-5.118712701593436,-0.4072308685363863,-1.1966527108764593,-372.01870042381216,657.0724370253353,167.27039759812612,755.0781052752598,142.35000000000005,0.4829217184283153,0.8990172147750854,0.9005541801452637,0.8933658599853516,0.665630042552948,0.762640655040741,0.7166532278060913,0.9645736217498779,0.7609896659851074,1.0303914546966553,0.6833859086036682,0.8182759284973145,0.7695121169090271,0.9049586057662964,0.7958342432975769,0.562744677066803,0.5902695059776306,-1.8176466226577759,1.2725927829742432,0.8371917009353638,1.0547480583190918,1.0622867345809937,0.8939948678016663,0.7720705270767212,1.0811039209365845,0.8981499671936035,0.8079670071601868,0.9421888589859009,1.0958610773086548,0.9994508028030396,0.9109763503074646,-0.22067485749721527,0.7141706943511963,0.760845959186554,0.25820192694664,-0.7727124691009521,0.690968930721283,0.7389881014823914,0.6045125126838684,1.190247893333435,-0.4617002606391907
6445.0,128.89900000000006,4.918647999496914,184.5000660955144,386.5460526832764,775875.4870879163,4.794017000000002,184.50001,386.5459900000001,775970.7794840003,-9.594375406718946,-0.0018700229190303,-0.0020870786294468,19200.000000000007,0.0001687995383473,-5.609551425363161e-05,-6.268307424330409e-05,0.0,-9.56105159351252,5.014386534639928,0.0017306696823833,-0.7282615434313147,-0.0048532259736149,0.9765368877705908,19200.411921299,-64.41677811569305,0.002,-0.2850402382150291,0.5016934517606154,-0.2602190545128884,6.0,10.0,180.0,0.4351106860883457,-5.110856896059838,-0.4101750978402008,-1.158175662417571,-371.2758502119061,656.4952185126676,167.06719879906308,754.2095526376299,127.57500000000005,0.4351106860883457,0.88548743724823,0.8844588398933411,0.8652687072753906,0.63184654712677,0.7421064972877502,0.6786897778511047,0.9482280015945435,0.7505496740341187,1.0012915134429932,0.6558727025985718,0.7885790467262268,0.7396234273910522,0.8760741353034973,0.7643787860870361,0.5136169791221619,0.5553994178771973,-1.8273149728775024,1.264453649520874,0.8045443296432495,1.015066385269165,1.0549514293670654,0.8633673191070557,0.7576619982719421,1.080782175064087,0.8756130933761597,0.7898356318473816,0.9336866736412048,1.093332290649414,0.9715210199356079,0.8997645974159241,-0.4122096300125122,0.6841995716094971,0.729743480682373,0.2304985672235489,-0.9825015068054199,0.6732520461082458,0.7106351256370544,0.5607972145080566,1.1664948463439941,-0.483540415763855
6446.0,128.91900000000004,4.726985377096222,184.5000830444053,386.54604213907066,776259.4903415439,4.602017000000002,184.50001,386.5459900000001,776354.7794840002,-9.60561831510616,-0.0024317737985587,-0.0017378311358098,19200.000000000007,-0.0001684768162475,-7.304440527000918e-05,-5.213895120093527e-05,0.0,-9.62233058567192,-4.274798103410859,0.0051060389763046,0.6059201251329835,0.0073069039414366,1.6566336398497712,19200.18810507319,64.46598070066688,0.002,-0.29881844220398,0.445789985225449,-0.2488043595073491,6.0,10.0,180.0,0.4790517848264773,-5.110353442464974,-0.4165101376265892,-1.1227978370573075,-371.776925105953,656.9811092563339,167.22359939953154,754.878776318815,113.32500000000005,0.4790517848264773,0.9049009084701538,0.9167659878730774,0.8826916217803955,0.6821578741073608,0.7657648324966431,0.7156336307525635,0.9932302236557007,0.7653822898864746,1.054667353630066,0.6821757555007935,0.8251703977584839,0.775875449180603,0.9151222705841064,0.7983839511871338,0.5426899194717407,0.5979946851730347,-1.8248831033706665,1.324037790298462,0.8396972417831421,1.0746347904205322,1.0736123323440552,0.9019255042076111,0.7616580128669739,1.1027812957763672,0.8857135772705078,0.811151921749115,0.9471694827079773,1.0999631881713867,1.0021027326583862,0.9218674302101135,-0.202024444937706,0.7202023267745972,0.7799775004386902,0.26355651021003723,-0.9211736917495728,0.6977667212486267,0.7422596216201782,0.6129523515701294,1.2371559143066406,-0.6228744387626648
6447.0,128.93900000000002,4.534557237991501,184.5001262607449,386.5460572286684,776643.495273012,4.410017000000002,184.50001,386.5459900000001,776738.7794840003,-9.59134328042824,-0.003874712902157,-0.0022359478258798,19200.000000000007,0.0002596620492769,-0.0001162607448453,-6.722957817916027e-05,0.0,-9.576658280282114,1.4040336084431793,0.0031688671067258,-1.895285446089992,0.0068242172455045,0.6668277209590343,19200.495301867904,-60.031535972020514,0.002,-0.2142346036549941,0.3451189648434406,-0.2607691896474039,6.0,10.0,180.0,0.4579718551254883,-5.104536363411732,-0.4203916414048474,-1.0777354652727127,-371.3564625529765,656.657554628167,167.10929969976576,754.3898881594075,102.15000000000003,0.4579718551254883,0.8876059651374817,0.9008800387382507,0.8661513328552246,0.6368402242660522,0.7482039928436279,0.676695704460144,0.9630838632583618,0.7568474411964417,1.01999831199646,0.6579779982566833,0.7919551134109497,0.7366381883621216,0.8792599439620972,0.7617535591125488,0.502779483795166,0.5596331357955933,-1.8245738744735718,1.2798163890838623,0.8049493432044983,1.0235600471496582,1.064810037612915,0.8715283274650574,0.7543309330940247,1.0973514318466187,0.8713650703430176,0.7978928685188293,0.9402302503585815,1.097548484802246,0.9760978817939758,0.9077845811843872,-0.328194260597229,0.6836001873016357,0.7357015013694763,0.22543130815029144,-1.1029348373413086,0.6847744584083557,0.709031879901886,0.5613019466400146,1.2319337129592896,-0.6161185503005981
6448.0,128.95900000000003,4.343047159246463,184.5002374538593,386.5460832342813,777027.4971343726,4.2180170000000015,184.50001,386.5459900000001,777122.7794840003,-9.60767523155288,-0.0075853553319277,-0.0031045359269086,19200.000000000007,-0.0002303564874215,-0.000227453859278,-9.323573246790924e-05,0.0,-9.598337681613357,-2.4390040719267447,0.0083026061044995,-0.8564940517342514,0.0027023670817519,-6.538758513510679,19200.014815980267,-25.81528190929014,0.002,-0.250505394134707,0.3657607854370425,-0.2416353354271985,6.0,10.0,180.0,0.4691516879613535,-5.086967736840857,-0.4223470457630413,-1.062844055104355,-371.3237312764883,656.8487773140835,167.1441498498829,754.5404440797038,92.40000000000002,0.4691516879613535,0.8940600156784058,0.9176230430603027,0.8768061399459839,0.6536770462989807,0.756242036819458,0.6992191672325134,0.994173526763916,0.7724927067756653,1.0400842428207397,0.6749205589294434,0.8117121458053589,0.7500447034835815,0.8930672407150269,0.7685431241989136,0.4892593026161194,0.5662807822227478,-1.8261289596557617,1.3018383979797363,0.8249136209487915,1.0657154321670532,1.0771883726119995,0.8984993100166321,0.7583174109458923,1.1169652938842773,0.8825237154960632,0.8060724139213562,0.9519882202148438,1.1030371189117432,0.9938875436782837,0.9239858388900757,-0.16249476373195648,0.6978409290313721,0.7459244728088379,0.26095399260520935,-1.1065425872802734,0.6899682879447937,0.7233855128288269,0.5918294191360474,1.2407870292663574,-0.6413472294807434
6449.0,128.97900000000004,4.150883325050596,184.5002061110165,386.545996696309,777411.4958835843,4.026017000000001,184.50001,386.5459900000001,777506.7794840002,-9.602233019883492,-0.0065354068622351,-0.0002217777972401,19200.000000000007,-6.632026544548643e-05,-0.0001961110164476,-6.596399116454545e-06,0.0,-9.595701378662415,-0.6167783443633026,-0.0185298404311766,1.5931371067829532,-0.0033836841561191,0.6203617139130906,19200.01637267466,-25.81803570976148,0.002,-0.3131691918234718,0.4179366800483751,-0.2267502505646847,6.0,10.0,180.0,0.4892589181192395,-5.060076378317675,-0.4218785671304002,-1.078174175336017,-372.1798656382441,656.3918886570417,167.15057492494145,754.565222039852,83.62500000000001,0.4892589181192395,0.8884105682373047,0.9068961143493652,0.8564525842666626,0.644257664680481,0.7450323700904846,0.6761183142662048,0.9851641654968262,0.7607553005218506,1.0296902656555176,0.6681253910064697,0.7939662933349609,0.7391074895858765,0.8829845190048218,0.7596430778503418,0.4770025610923767,0.5573236346244812,-1.8339701890945435,1.3167712688446045,0.8042212724685669,1.0408927202224731,1.0718096494674683,0.8802412152290344,0.7489058971405029,1.1149930953979492,0.863385796546936,0.7960952520370483,0.9439855813980103,1.1016144752502441,0.9764317870140076,0.9169464111328125,-0.34446966648101807,0.6843469142913818,0.7424730658531189,0.23418943583965302,-1.2129477262496948,0.6823481917381287,0.7087130546569824,0.5649311542510986,1.2390111684799194,-0.6983288526535034
6450.0,128.99900000000002,3.9587073262728416,184.50002698378643,386.54604747573273,777795.5005140683,3.8340170000000007,184.50001,386.5459900000001,777890.7794840003,-9.596355566368755,-0.0005606060824889,-0.0019459933507479,19200.000000000007,0.0001092746632775,-1.6983786366862987e-05,-5.7474334450595086e-05,0.0,-9.62014627907551,-1.5804260132035008,-0.0036228102765743,-1.280399991164133,-0.0036866571082063,-3.118090089751206,19200.36037129375,-47.21749275737053,0.002,-0.3135534272629457,0.40393796918607,-0.21598035316385,6.0,10.0,180.0,0.4644093224280787,-5.071258000543505,-0.4238339278710945,-1.0356149788782048,-372.4894328191221,656.7334443285208,167.25578746247072,755.015111019926,75.67500000000001,0.4644093224280787,0.8877407312393188,0.9168740510940552,0.8662279844284058,0.6403955817222595,0.7522754669189453,0.6787497997283936,0.9878620505332947,0.7676836252212524,1.0350341796875,0.6660634875297546,0.7967464327812195,0.7339518070220947,0.8812775015830994,0.7555986642837524,0.4741019606590271,0.5558574199676514,-1.8240153789520264,1.3015506267547607,0.8070666193962097,1.0452790260314941,1.07677161693573,0.8876211643218994,0.7523097991943359,1.1221410036087036,0.8676477074623108,0.8032788634300232,0.9499413371086121,1.1037156581878662,0.9820350408554077,0.9211391806602478,-0.24386261403560638,0.6827799081802368,0.7360172867774963,0.2346934825181961,-1.2423083782196045,0.6891810894012451,0.7077566981315613,0.5664033889770508,1.2712786197662354,-0.7199047207832336
6451.0,129.01900000000006,3.766845716309984,184.4999875193394,386.5460457819457,778179.5071327282,3.6420170000000014,184.50001,386.5459900000001,778274.7794840003,-9.60095862005034,0.0007499990869267,-0.0018602813589579,19200.000000000007,-2.881907127422656e-05,2.24806606396083e-05,-5.578092039335195e-05,0.0,-9.566408797728718,-1.4137315780569462,0.000222483451719,-0.9054813647403452,-0.0012371086746301,0.5553161644165069,19200.342969346853,-17.134748302289278,0.002,-0.3053071664621173,0.3882721607641083,-0.2117248599750836,6.0,10.0,180.0,0.4956244414308933,-5.085394065835031,-0.4277326268309013,-0.971518435828728,-371.64921640956106,656.3587221642604,167.08289373123534,754.2750555099631,68.55000000000001,0.4956244414308933,0.8836787343025208,0.9127357006072998,0.8541717529296875,0.63531893491745,0.7496269941329956,0.6636620163917542,0.9802970886230469,0.7608026266098022,1.0318999290466309,0.659834623336792,0.7882200479507446,0.7274373769760132,0.8759453296661377,0.7505671977996826,0.469516396522522,0.5532764196395874,-1.8262665271759033,1.3056659698486328,0.7964414358139038,1.0269591808319092,1.0737569332122803,0.87948077917099,0.7451844215393066,1.1200233697891235,0.8555989265441895,0.7995986342430115,0.945136547088623,1.1008301973342896,0.9721397757530212,0.91689133644104,-0.30085670948028564,0.6759092807769775,0.7354090809822083,0.2190009504556656,-1.3103704452514648,0.6902506947517395,0.7004947662353516,0.5522826910018921,1.2835170030593872,-0.7670174837112427
6452.0,129.03900000000004,3.574921989831348,184.49998204573944,386.5460333643314,778563.5106049845,3.4500170000000003,184.50001,386.5459900000001,778658.7794840003,-9.603499701828182,0.0009432258779908,-0.0014397817731151,19200.000000000007,-0.0001049909854381,2.795426062362665e-05,-4.336438819536264e-05,0.0,-9.63280361544131,-2.312157375254792,-0.0051426444071894,-0.73735143827131,-0.0078253143612349,-0.1878169603837559,19199.93000414847,-17.122907866169037,0.002,-0.291427079070122,0.3652407538950928,-0.211932582985745,6.0,10.0,180.0,0.471711421320783,-5.087359812470375,-0.4296867650226585,-0.9407739095504144,-372.4826082047805,656.8358610821301,167.27594686561767,755.1010277549815,62.02500000000002,0.471711421320783,0.885456383228302,0.9189141392707825,0.8580697774887085,0.6384527087211609,0.7536655068397522,0.6679767370223999,0.9900631904602051,0.7651875019073486,1.0383110046386719,0.6641461253166199,0.7906399965286255,0.7281899452209473,0.8784434199333191,0.7512555122375488,0.46538758277893066,0.554038405418396,-1.8247979879379272,1.3131887912750244,0.7985585331916809,1.038413166999817,1.0783793926239014,0.8863844275474548,0.7471322417259216,1.1286951303482056,0.8575180172920227,0.8028382062911987,0.9496333599090576,1.1040632724761963,0.9768146872520447,0.9219844341278076,-0.2834019660949707,0.6770596504211426,0.7369539141654968,0.22172202169895172,-1.33113694190979,0.6910505890846252,0.7010599970817566,0.555658221244812,1.2965596914291382,-0.7947648167610168
6453.0,129.05900000000003,3.382828302434353,184.50000863939528,386.5460105630863,778947.5140255532,3.258017000000001,184.50001,386.5459900000001,779042.7794840003,-9.600378278837283,5.450801273934121e-05,-0.000720750888314,19200.000000000007,-1.1301427950553396e-05,1.3606047714100112e-06,-2.0563304409952225e-05,0.0,-9.596434302267408,-2.5627586683950176,-1.5816598077288136e-05,-0.1931161549331848,-0.0061051691596447,1.6511566554828625,19200.135483939725,-34.33930709313409,0.002,-0.2681706414195476,0.3400980119339356,-0.2051382124082596,6.0,10.0,180.0,0.4985922369056134,-5.085904521622726,-0.4321254489529075,-0.91005129904047,-372.1388041023903,656.7534305410651,167.21947343280883,754.8595138774908,58.95000000000001,0.4985922369056134,0.8840605020523071,0.9170990586280823,0.851688027381897,0.638503909111023,0.7520701885223389,0.6619997024536133,0.9880905151367188,0.7619943618774414,1.0385619401931763,0.6624336838722229,0.7882842421531677,0.7272748947143555,0.8777672052383423,0.7504948377609253,0.4636937379837036,0.5546132922172546,-1.8269915580749512,1.3190968036651611,0.7951284646987915,1.03206467628479,1.077329158782959,0.8836190700531006,0.743467390537262,1.1279009580612183,0.8522350788116455,0.8010231256484985,0.9472272396087646,1.1026341915130615,0.9728471040725708,0.9207286834716797,-0.30636274814605713,0.6756305694580078,0.7393439412117004,0.21686683595180511,-1.3599286079406738,0.6919950842857361,0.6993774771690369,0.5516024827957153,1.3009748458862305,-0.8185964822769165
6454.0,129.07900000000004,3.19070541366611,184.5000528129248,386.5459922830749,779331.5154544036,3.0660170000000013,184.50001,386.5459900000001,779426.7794840003,-9.596280262388056,-0.0014283893115687,-7.496734401588081e-05,19200.000000000007,0.0001115867784832,-4.28129246927979e-05,-2.2830656324467697e-06,0.0,-9.60304991763267,4.574359888324311,0.0012063321927514,1.5310897382419928,-0.0007284242263936,2.38085047944994,19199.79269483553,-51.543349772958095,0.002,-0.2546393786737051,0.3223826901188621,-0.198173042457655,6.0,10.0,180.0,0.4472301036095733,-5.083005356317946,-0.4355348357063641,-0.9003074913353112,-372.0344020511951,656.8142152705325,167.21973671640444,754.8607569387455,53.40000000000001,0.4472301036095733,0.863890528678894,0.8943356275558472,0.8264830112457275,0.5948275923728943,0.7363101243972778,0.6234287023544312,0.9645006656646729,0.7497977018356323,0.9974733591079712,0.6457481384277344,0.7525972723960876,0.6932870149612427,0.8435193300247192,0.7159267663955688,0.41797465085983276,0.5124547481536865,-1.839855670928955,1.2970542907714844,0.7578600645065308,0.9863611459732056,1.0655503273010254,0.8584079742431641,0.7345533967018127,1.1243256330490112,0.8296982049942017,0.778304398059845,0.9390684366226196,1.1024699211120605,0.9428775906562805,0.9073669910430908,-0.5636775493621826,0.6393782496452332,0.6979652643203735,0.18671871721744537,-1.532417893409729,0.6651852130889893,0.6656576991081238,0.5020832419395447,1.250874400138855,-0.7778908610343933
6455.0,129.09900000000002,2.999029581020089,184.50008156295843,386.5460117535269,779715.5172130378,2.874017000000001,184.50001,386.5459900000001,779810.7794840003,-9.607083418738924,-0.0023839148531278,-0.0007260516448966,19200.000000000007,-0.0002125810556917,-7.156295836087859e-05,-2.175349916680349e-05,0.0,-9.602263133983625,-3.6000396555206344,0.0016910716564858,-0.8575084666282258,0.0029575401267614,1.2810794945420212,19199.999287385886,90.11650160736696,0.002,-0.2430077569219741,0.3057705267680473,-0.1965059584311201,6.0,10.0,180.0,0.5502153236717077,-5.076202414029361,-0.4370051072975053,-0.8833796169511132,-186.0172010255976,328.40710763526624,83.60986835820222,377.4303784693727,48.30000000000001,0.5502153236717077,0.6360507011413574,0.8322255611419678,0.7112720608711243,0.7202691435813904,0.6771335005760193,0.6941285729408264,0.771133303642273,0.5863308906555176,0.7465079426765442,0.753194272518158,0.7598775625228882,0.7316781878471375,0.7647261619567871,0.802979052066803,0.7177152037620544,0.5019460320472717,-1.9434103965759277,0.8956430554389954,0.7381267547607422,0.6973990201950073,0.7591761350631714,0.7503554224967957,0.5741574168205261,1.0095360279083252,0.8295774459838867,0.8082724213600159,0.7805899381637573,0.8820925951004028,0.8424463272094727,0.7078546285629272,-0.4611905813217163,0.7741888761520386,0.7877734303474426,0.20249229669570923,-0.2850090563297272,0.9788813591003418,0.7926256060600281,0.7528188824653625,1.5332585573196411,-0.8143900632858276
6456.0,129.11900000000006,2.8065498376670264,184.5000598938979,386.5460156439873,780099.5205433719,2.682017000000001,184.50001,386.5459900000001,780194.7794840003,-9.59109550088714,-0.0016656227188047,-0.0008532915603065,19200.000000000007,0.0002671626112237,-4.989389783170545e-05,-2.564398589675353e-05,0.0,-9.60890419910481,6.476094106067909,-0.0068126156516046,2.9369092963703145,0.0019257134136519,-0.2495493343765796,19200.08530057488,-51.49448696925133,0.002,-0.2335383445794207,0.2866034912012793,-0.1954627627994406,6.0,10.0,180.0,0.4662812570556943,-5.067403095237701,-0.4355519234349952,-0.8710796460358392,-93.00860051279878,164.20355381763312,41.80493417910111,188.7151892346864,43.72500000000001,0.4662812570556943,0.44772976636886597,0.7142956256866455,0.5035127401351929,0.733001172542572,0.6268848180770874,0.6375781297683716,0.5945007801055908,0.5303506851196289,0.6076011657714844,0.6568628549575806,0.6768876314163208,0.630800187587738,0.6226505041122437,0.7326229810714722,0.7517393827438354,0.3790901303291321,-1.9614415168762207,0.5983844995498657,0.616396427154541,0.5435729026794434,0.6798295378684998,0.6816778779029846,0.523902952671051,0.9525611400604248,0.7283018231391907,0.8205764889717102,0.6967883706092834,0.8417786359786987,0.7378848791122437,0.6368299722671509,-1.0274051427841187,0.7290663719177246,0.7137086987495422,0.16169436275959015,0.02107226848602295,1.0440119504928589,0.7473233342170715,0.7309622764587402,1.5236018896102905,-0.6668875217437744
6457.0,129.13900000000004,2.615048031262914,184.5000792240856,386.545999009796,780483.5201692947,2.490017000000001,184.50001,386.5459900000001,780578.7794840003,-9.607700218397293,-0.0022981870180364,-0.0003323350942188,19200.000000000007,-0.0002310318200178,-6.922408548811931e-05,-9.009797731347432e-06,0.0,-9.593498944035968,-4.763103783074614,0.0048952808794696,0.4818496162671291,0.0016946826146872,-0.1188110918937873,19200.18762235248,124.51868968548584,0.002,-0.218229629391557,0.2662577680750444,-0.1908621074050955,6.0,10.0,180.0,0.5234736207442104,-5.061533992588904,-0.4379900395300686,-0.8556881357510022,-46.50430025639939,82.10177690881656,20.902467089550555,94.35759461734318,39.52500000000001,0.5234736207442104,0.43198859691619873,0.705316960811615,0.4739750325679779,0.7600893974304199,0.6699044704437256,0.6371700763702393,0.6272552609443665,0.5210936069488525,0.6152471303939819,0.6134818196296692,0.6978645324707031,0.6456137895584106,0.6302452087402344,0.7639132738113403,0.8570145964622498,0.4105972647666931,-1.9656968116760254,0.49247050285339355,0.6285364031791687,0.5520180463790894,0.6843927502632141,0.7237330079078674,0.5372370481491089,0.9499387741088867,0.7672817707061768,0.8682652711868286,0.6879197955131531,0.8388829827308655,0.7686452269554138,0.6478949189186096,-1.3115562200546265,0.7454206943511963,0.7498816847801208,0.16886691749095917,0.2004762589931488,1.113300085067749,0.7656320929527283,0.7928586006164551,1.633683443069458,-0.7077645659446716
6458.0,129.15900000000005,2.422354522729928,184.50007115596227,386.5459971370086,780867.5229052706,2.2980170000000006,184.50001,386.5459900000001,780962.7794840002,-9.584584580631583,-0.0020344380165806,-0.0002678703383776,19200.000000000007,0.0004624744894368,-6.115596218984822e-05,-7.137008824914911e-06,0.0,-9.62159803965798,8.782353884564339,0.008333376503265,1.7069824114654988,0.0005047863638349,-0.606731779488477,19199.99777577508,-34.30853851998229,0.002,-0.2026844364618031,0.2452451544267814,-0.1860022564392232,6.0,10.0,180.0,0.4561274103643211,-5.0561548734210975,-0.4399351389940727,-0.8459487438701536,-23.25215012819969,41.05088845440828,10.451233544775278,47.17879730867159,35.70000000000001,0.4561274103643211,0.370517760515213,0.5912917852401733,0.4251343905925751,0.6855233311653137,0.6339153051376343,0.6213154196739197,0.5809575319290161,0.5000455975532532,0.5243070721626282,0.5774322152137756,0.6072277426719666,0.5482785701751709,0.5236981511116028,0.6732650995254517,0.8012832403182983,0.3027535378932953,-1.9719692468643188,0.353658527135849,0.5192382335662842,0.4840020537376404,0.6566138863563538,0.6344779133796692,0.5099798440933228,0.9157569408416748,0.6928994655609131,0.8535605072975159,0.6800054907798767,0.7937527894973755,0.7149732112884521,0.6084287166595459,-1.6788886785507202,0.6569806933403015,0.6566293835639954,0.10104341804981232,0.14314639568328857,1.0802749395370483,0.6796521544456482,0.6913321018218994,1.557145595550537,-0.6076889038085938
6459.0,129.17900000000003,2.230992286632066,184.50012572891552,386.546016547023,781251.5233828906,2.1060170000000005,184.50001,386.5459900000001,781346.7794840003,-9.605843148286088,-0.0038565884972974,-0.0008834024366471,19200.000000000007,-0.0001753898710156,-0.0001157289154549,-2.654702289984313e-05,0.0,-9.56492698441466,-3.906969454909873,0.0024219557238328,-1.887667665551649,0.0029519563965642,-0.5558632739784387,19200.1699766291,107.22652059424516,0.002,-0.1948348042607656,0.2322860626942868,-0.1856677209214161,6.0,10.0,180.0,0.5376584055568026,-5.04880406985857,-0.4404289534960092,-0.8285132457209382,-11.626075064099847,20.52544422720414,5.225616772387639,23.589398654335795,32.10000000000001,0.5376584055568026,0.3925768733024597,0.6466772556304932,0.4471457004547119,0.709259569644928,0.6826310753822327,0.6376544833183289,0.627244770526886,0.507763147354126,0.578566312789917,0.5760055780410767,0.6556777358055115,0.5970903635025024,0.5770801305770874,0.7274848222732544,0.8799282908439636,0.3695141673088074,-1.9700267314910889,0.3606760799884796,0.5741180777549744,0.5190414786338806,0.6722567677497864,0.6906434893608093,0.5299898386001587,0.9325613975524902,0.7477126121520996,0.8936833143234253,0.6838639378547668,0.8124513626098633,0.7557790279388428,0.6371692419052124,-1.7902168035507202,0.6903848648071289,0.7130106091499329,0.12212918698787689,0.27009522914886475,1.1252678632736206,0.7195958495140076,0.7595815062522888,1.6580206155776978,-0.6878383755683899
6460.0,129.19900000000004,2.038628768932615,184.5001102229413,386.5460117307399,781635.5264472684,1.9140170000000007,184.50001,386.5459900000001,781730.7794840003,-9.593758413801773,-0.0033660136882898,-0.0007245388079427,19200.000000000007,0.0001881318586797,-0.0001002229412065,-2.1730739774650223e-05,0.0,-9.617696933125597,4.093906790177288,-0.0014821913019895,-1.8247616315374244,-0.0024588701740755,0.0624647182929678,19200.205588720408,-60.12179598032177,0.002,-0.1880059871965927,0.2205093638184634,-0.1850011064590572,6.0,10.0,180.0,0.49848285274097,-5.0395278423649446,-0.4409252725746083,-0.813621573530176,-5.813037532049924,10.26272211360207,2.6128083861938194,11.794699327167898,28.875000000000007,0.49848285274097,0.3683972954750061,0.5942013263702393,0.42276838421821594,0.6733170747756958,0.6509130001068115,0.6267907023429871,0.6052278280258179,0.4993162751197815,0.5289903283119202,0.5644432902336121,0.6079059839248657,0.5470765233039856,0.5237586498260498,0.679892361164093,0.846932590007782,0.31314659118652344,-1.9741151332855225,0.30395105481147766,0.5180848836898804,0.48531708121299744,0.6557846665382385,0.6441766023635864,0.5172877907752991,0.9172654151916504,0.7047604322433472,0.8775336146354675,0.6823038458824158,0.7947701215744019,0.7340053915977478,0.6130477786064148,-1.9634648561477661,0.6466513872146606,0.6657238602638245,0.08267179131507874,0.22655537724494934,1.1043602228164673,0.6762686967849731,0.7043980360031128,1.621810793876648,-0.6517361402511597
6461.0,129.21900000000002,1.846866237407956,184.50006634284983,386.5459941134628,782019.5273703893,1.7220170000000006,184.50001,386.5459900000001,782114.7794840003,-9.6016428363038,-0.0018728152261489,-0.00017268955614,19200.000000000007,-4.933245724800238e-05,-5.634284978121596e-05,-4.1134626090376e-06,0.0,-9.590575310481936,-4.093480097387938,-0.0002300881736801,-0.8626773505853949,-0.0002480364464421,0.4932347131660665,19200.10242972605,55.8303002409383,0.002,-0.1729491821108806,0.2047522659960938,-0.1808239340129373,6.0,10.0,180.0,0.5477654164283953,-5.038082182520701,-0.4414063614506429,-0.8049226279042074,-2.906518766024962,5.131361056801035,1.3064041930969097,5.897349663583949,25.875000000000004,0.5477654164283953,0.3832743465900421,0.637518048286438,0.43800756335258484,0.6993246078491211,0.686270534992218,0.6348515748977661,0.6342601776123047,0.49879634380340576,0.5738076567649841,0.5656712651252747,0.6475463509559631,0.5881046056747437,0.5662790536880493,0.7199710607528687,0.8759753704071045,0.35979926586151123,-1.9708267450332642,0.34645015001296997,0.5625506639480591,0.5145745277404785,0.6692129969596863,0.685473620891571,0.5287169814109802,0.9333938360214233,0.747478723526001,0.9016629457473755,0.6839238405227661,0.8147389888763428,0.7552018165588379,0.6354183554649353,-1.8859411478042603,0.6776950359344482,0.7075479626655579,0.11364267766475677,0.24293845891952515,1.1248000860214233,0.7079872488975525,0.7514846324920654,1.6650217771530151,-0.7113758325576782
6462.0,129.23900000000003,1.654666950140271,184.5000810825328,386.5459971921581,782403.5294024015,1.5300170000000004,184.50001,386.5459900000001,782498.7794840003,-9.595005719860517,-0.0023711851481527,-0.0002359406977086,19200.000000000007,0.0001497533352235,-7.10825327162717e-05,-7.192157982361961e-06,0.0,-9.58788303666144,2.4503879923021605,-0.0039321344839982,0.4936753942709607,0.0019571470096888,0.6066460722121871,19200.22200649832,-64.35418740285162,0.002,-0.1570822130191206,0.1878918112265948,-0.1763560299745639,6.0,10.0,180.0,0.5180307262645479,-5.034655539631252,-0.4418844108324561,-0.7829005582962112,-1.453259383012481,2.565680528400517,0.6532020965484548,2.9486748317919744,23.250000000000007,0.5180307262645479,0.3641010522842407,0.597697377204895,0.4195653200149536,0.6737561821937561,0.6581265330314636,0.624040961265564,0.6155146956443787,0.48960602283477783,0.5348930358886719,0.5567772388458252,0.6121667623519897,0.5513555407524109,0.5264380574226379,0.6824610233306885,0.8360508680343628,0.31562569737434387,-1.9734796285629272,0.31835946440696716,0.5212055444717407,0.48933717608451843,0.6564368009567261,0.6471467018127441,0.516909122467041,0.922232985496521,0.7128859162330627,0.8851363658905029,0.6807045340538025,0.8020976781845093,0.733650803565979,0.6162993311882019,-1.9354854822158813,0.6478112936019897,0.6707533597946167,0.09119653701782227,0.18517309427261353,1.1041947603225708,0.6759412288665771,0.7073351740837097,1.6227082014083862,-0.6823024153709412
6463.0,129.25900000000007,1.4630409961277266,184.5000842154533,386.5460058612928,782787.5302073713,1.338017000000001,184.50001,386.5459900000001,782882.7794840003,-9.607477883215443,-0.0025001812758326,-0.0005280870022658,19200.000000000007,-0.0002245964890554,-7.42154532888858e-05,-1.5861292597406224e-05,0.0,-9.603271818445894,-5.432899353099925,0.0024447753165709,-1.0444056220180675,0.0019475278130097,-0.3623696846544197,19200.170138766985,25.77693293444738,0.002,-0.1478135951444935,0.1760689369324852,-0.1748756138165737,6.0,10.0,180.0,0.5536853781185573,-5.032230086319605,-0.4418899288597592,-0.7782706280475795,-0.7266296915062405,1.2828402642002588,0.3266010482742274,1.4743374158959872,20.850000000000005,0.5536853781185573,0.38244473934173584,0.6443573236465454,0.43733853101730347,0.7016846537590027,0.6922999620437622,0.6357070207595825,0.6394055485725403,0.49965688586235046,0.5793198347091675,0.5649290680885315,0.6518598794937134,0.591076135635376,0.5701941251754761,0.7239912748336792,0.8749958276748657,0.36337292194366455,-1.971064805984497,0.3508785367012024,0.5674088597297668,0.519177258014679,0.6703096032142639,0.6893623471260071,0.5314285159111023,0.9385738372802734,0.7515519857406616,0.9081512093544006,0.6847759485244751,0.8179101943969727,0.7630693912506104,0.6404281258583069,-1.9021592140197754,0.6796616315841675,0.7119401693344116,0.11693647503852844,0.24308761954307556,1.1301147937774658,0.7112611532211304,0.7587082982063293,1.6805118322372437,-0.7305518388748169
6464.0,129.27900000000005,1.2708984448962375,184.5000605750961,386.5460077900568,783171.5327353007,1.1460170000000005,184.50001,386.5459900000001,783266.7794840003,-9.602716901417285,-0.0016914083718779,-0.0006241120877813,19200.000000000007,-8.154479297231814e-05,-5.057509601442556e-05,-1.779005665674117e-05,0.0,-9.577387485611718,5.244592144251667,-0.0068443595131555,1.4124474966026397,-0.0012238537383215,-0.9754903541254286,19200.03262714037,-64.39556035253833,0.002,-0.1373716846067971,0.1633564332777411,-0.1731548332076925,6.0,10.0,180.0,0.5912815747938018,-5.024936497810359,-0.4414170557773673,-0.7634033389265292,-0.3633148457531202,0.6414201321001294,0.1633005241371137,0.7371687079479936,18.750000000000004,0.5912815747938018,0.3535662293434143,0.5811516642570496,0.409408837556839,0.6622124314308167,0.6476818919181824,0.6153713464736938,0.6068283319473267,0.4866497814655304,0.5186055302619934,0.5524989366531372,0.5967326164245605,0.5338804721832275,0.5080841779708862,0.6645069122314453,0.8071109056472778,0.2935559153556824,-1.9755359888076782,0.31010037660598755,0.5032387971878052,0.4806642234325409,0.6498329639434814,0.6291240453720093,0.5107869505882263,0.9202864170074463,0.6959371566772461,0.8796504139900208,0.6784061193466187,0.7960109710693359,0.7273556590080261,0.6107959151268005,-1.9331730604171753,0.6344037055969238,0.6524245142936707,0.08656162023544312,0.15226727724075317,1.0956255197525024,0.661871612071991,0.6886950731277466,1.602878212928772,-0.6689683198928833
6465.0,129.29900000000004,1.0790049001750217,184.50007524298093,386.5459979131592,783555.5336107553,0.9540170000000622,184.50001,386.5459900000001,783650.7794840003,-9.606263562630184,-0.0021754719549034,-0.0002643560675952,19200.000000000007,-0.0001880980269835,-6.524298087706761e-05,-7.913159119942849e-06,0.0,-9.639407614026291,-4.337147591329403,0.0017053708334339,-0.6805458296692789,-0.0016971496226439,-0.4933348681926618,19200.067676341907,-21.511497915925325,0.002,-0.1213882089821552,0.1477702010315049,-0.1685575707283068,6.0,10.0,180.0,0.5884097724224497,-5.022950168744885,-0.4433676302724089,-0.7521274096494677,-0.1816574228765601,0.3207100660500647,0.0816502620685568,0.3685843539739968,17.700000000000003,0.5884097724224497,0.37832921743392944,0.6395670175552368,0.4347617030143738,0.6994444131851196,0.6881476640701294,0.6336924433708191,0.6384621858596802,0.4985578656196594,0.5757629871368408,0.5642241835594177,0.6465481519699097,0.5848069190979004,0.5636855363845825,0.7181535959243774,0.8648920059204102,0.35489457845687866,-1.9713460206985474,0.35027042031288147,0.5609514117240906,0.5165889859199524,0.668134868144989,0.6835772395133972,0.5303385853767395,0.9394478797912598,0.7463101744651794,0.9061718583106995,0.6855273246765137,0.8177728652954102,0.7624298334121704,0.6387113332748413,-1.9093574285507202,0.6753860116004944,0.7065799832344055,0.11378355324268341,0.22073060274124146,1.1275240182876587,0.7067426443099976,0.7528613805770874,1.6786057949066162,-0.7357999086380005
6466.0,129.31900000000005,0.8867754609210461,184.50004682197093,386.545998959652,783939.5350873701,0.7620170000119806,184.50001,386.5459900000001,784034.7794840003,-9.59861911958084,-0.0012779023791655,-0.0003291755840796,19200.000000000007,4.143826655657199e-05,-3.682197089387583e-05,-8.95965188557121e-06,0.0,-9.566879224515551,0.0620187417895785,0.0024762491332659,1.3495933791447008,-0.0009808863685763,-0.2999248129292516,19200.13696049021,-21.45891288775484,0.002,-0.104992986791125,0.1337433729656862,-0.164376136898415,6.0,10.0,180.0,0.5610984973548947,-5.02341642928455,-0.4452990346753067,-0.7397921677512225,-0.09082871143828,0.1603550330250323,0.0408251310342784,0.1842921769869984,15.900000000000002,0.5610984973548947,0.3633258044719696,0.6107836961746216,0.4198598563671112,0.6819585561752319,0.6667552590370178,0.6235783100128174,0.6249216794967651,0.48717498779296875,0.5490425825119019,0.5549436807632446,0.6226405501365662,0.5605368614196777,0.53650963306427,0.6912140250205994,0.827913761138916,0.324537456035614,-1.9729162454605103,0.3393958806991577,0.5329189896583557,0.4975266456604004,0.6589146256446838,0.6557730436325073,0.5203611850738525,0.9304832220077515,0.7214322686195374,0.8924108743667603,0.680479109287262,0.8094121813774109,0.7430882453918457,0.6256158351898193,-1.903183102607727,0.6560477614402771,0.6808043122291565,0.10307677090167999,0.16635927557945251,1.1102300882339478,0.6840875744819641,0.719788670539856,1.638851523399353,-0.7161358594894409
6467.0,129.33900000000003,0.6945400540383526,184.5000576296125,386.5460001455908,784323.5356732195,0.5700170000509468,184.50000999999745,386.5459900000001,784418.7794840003,-9.590773850838156,-0.0015843302744187,-0.000334774625814,19200.000000000007,0.0002768407024536,-4.762961257711789e-05,-1.0145590616589876e-05,0.0,-9.655526831661213,-2.0752750966419726,-0.0024428858172812,-0.6753064682208655,-0.0012252634256662,-0.1319428156050321,19199.75848441148,-38.58099043036746,0.002,-0.0953939428787314,0.1233541207800873,-0.1617514971062988,6.0,10.0,180.0,0.5176356913942749,-5.018555493178104,-0.4443183539137235,-0.7387789228532127,-0.04541435571914,0.0801775165125161,0.0204125655171392,0.0921460884934992,14.250000000000004,0.5176356913942749,0.37145498394966125,0.6274690628051758,0.4283086657524109,0.6925913095474243,0.6770585179328918,0.6288471817970276,0.6330083012580872,0.49562960863113403,0.5643734335899353,0.5617194771766663,0.6340779662132263,0.5713878870010376,0.5498191118240356,0.7052419185638428,0.8511953353881836,0.3391985297203064,-1.972396969795227,0.34247884154319763,0.546606719493866,0.5068402290344238,0.6637279987335205,0.669287383556366,0.5274884104728699,0.9366500377655029,0.7328936457633972,0.8991449475288391,0.6857267618179321,0.8139311075210571,0.7577431201934814,0.6327144503593445,-1.9420362710952759,0.6656221151351929,0.6949173212051392,0.10287116467952728,0.198716402053833,1.1221004724502563,0.6965404152870178,0.738050103187561,1.6733771562576294,-0.7398849129676819
6468.0,129.3590000000001,0.5025761195913534,184.5000535210068,386.5460008658648,784707.536618085,0.3780170001013647,184.5000099999805,386.5459900000001,784802.7794840002,-9.591977267423625,-0.0014507186844865,-0.0003973817641202,19200.000000000007,0.0002407771273817,-4.352101423483705e-05,-1.086586468789868e-05,0.0,-9.555422727719089,-1.2184910660423942,0.000974563478643,-0.8554955971225464,-0.0014460650986866,0.250395575234884,19200.135772241567,12.868993698622386,0.002,-0.0820033975040298,0.1139313285797201,-0.1602042029512803,6.0,10.0,180.0,0.5732884804164959,-5.01756553805118,-0.4448304401023056,-0.7219057270977762,-0.02270717785957,0.040088758256258,0.0102062827585696,0.0460730442467496,12.750000000000004,0.5732884804164959,0.36654403805732727,0.6177193522453308,0.41971859335899353,0.6850929260253906,0.668166995048523,0.6233144402503967,0.6277967691421509,0.4897036552429199,0.5550470352172852,0.5557107329368591,0.6254581212997437,0.5628141164779663,0.5408684015274048,0.6958448886871338,0.8422305583953857,0.3312007784843445,-1.973801612854004,0.335276335477829,0.5372748970985413,0.4960479736328125,0.6596749424934387,0.6567121744155884,0.5243877172470093,0.9309309720993042,0.7213138937950134,0.8936173319816589,0.6825098395347595,0.8081979155540466,0.7517337799072266,0.628257691860199,-1.9791834354400635,0.6584798097610474,0.6868684887886047,0.09506784379482269,0.20171687006950378,1.1189624071121216,0.6888146996498108,0.7259273529052734,1.668258547782898,-0.7410674095153809
6469.0,129.37900000000002,0.3108301749243443,184.5000272833167,386.5459941657364,785091.5379721222,0.1860170001379364,184.5000099999424,386.5459900000001,785186.7794840002,-9.600443177942491,-0.0006012290391586,-0.0001684008138515,19200.000000000007,-1.3272798954862908e-05,-1.7283356736491472e-05,-4.165736183198417e-06,0.0,-9.619878267544683,1.1557355766102833,0.0014489464416604,0.8558157534774166,-0.0012294148843792,1.1629961483863944,19199.758528898987,-25.759717580671897,0.002,-0.069635656238702,0.1039811908745931,-0.1577392707889769,6.0,10.0,180.0,0.5634503457158129,-5.017072513585264,-0.4472904181497939,-0.7198628205098488,-0.011353588929785,0.020044379128129,0.0051031413792848,0.0230365221233748,11.400000000000002,0.5634503457158129,0.36161789298057556,0.6068457365036011,0.41750359535217285,0.6798602342605591,0.6596225500106812,0.619589626789093,0.6232516169548035,0.48483702540397644,0.5449252128601074,0.5543034076690674,0.6162220239639282,0.5536124110221863,0.5297037363052368,0.6857101917266846,0.8256375789642334,0.3169676661491394,-1.973799705505371,0.3374089002609253,0.525463342666626,0.49117612838745117,0.6573229432106018,0.6488057971000671,0.5209097266197205,0.9301613569259644,0.7147966623306274,0.8892685174942017,0.683129608631134,0.8081244230270386,0.7426469326019287,0.6211439371109009,-1.9472312927246094,0.6518053412437439,0.6778015494346619,0.09150095283985138,0.1482263207435608,1.109552264213562,0.679830014705658,0.7131431102752686,1.650711178779602,-0.7403870224952698
6470.0,129.39900000000006,0.1187246123515391,184.500066225614,386.5459954556992,785475.5384988714,-0.0059830085226158,184.50000999980475,386.5459900000001,785570.7794840003,-9.596952369756131,-0.0019014756551169,-0.0001715068759687,19200.000000000007,9.218950320752488e-05,-5.62257042445944e-05,-5.455699018505639e-06,0.0,-9.60594403644569,-0.1186356502316037,-0.003393586496394,-1.1624908231007751,0.0009741030683068,0.6620609017257448,19200.06742997881,60.09617076437426,0.002,-0.0594627206547479,0.0959263188647779,-0.1555976649970198,6.0,10.0,180.0,0.612737441495274,-5.013667174638376,-0.4497239983484505,-0.7116358968009029,-0.0056767944648925,0.0100221895640645,0.0025515706896424,0.0115182610616874,10.2,0.612737441495274,0.3649587035179138,0.6140124797821045,0.4184417724609375,0.6830214858055115,0.6634770631790161,0.621632993221283,0.6255296468734741,0.48996755480766296,0.550911009311676,0.5563138723373413,0.6201668977737427,0.5568403005599976,0.5350173711776733,0.6909358501434326,0.8386713266372681,0.3241438865661621,-1.9744105339050293,0.33216410875320435,0.5311558246612549,0.49265462160110474,0.6582984328269958,0.6513399481773376,0.5243036150932312,0.9311115741729736,0.7160851955413818,0.891427218914032,0.6844030022621155,0.8069552183151245,0.7516742944717407,0.6256461143493652,-2.002206325531006,0.6546584367752075,0.6828669905662537,0.08822666108608246,0.18949589133262634,1.1176637411117554,0.6851945519447327,0.7207782864570618,1.6722463369369507,-0.7497929334640503
6471.0,129.41900000000004,-0.0735357112644792,184.50004074062,386.5460010093376,785859.5406722722,-0.1979845446360791,184.50000999941352,386.5459900000001,785954.7794840003,-9.588431292279523,-0.0010281693000196,-0.0003969511825898,19200.000000000007,0.000352561025061,-3.0740801142353284e-05,-1.1009337466437304e-05,0.0,-9.618019810533616,1.7567374302642509,-3.634179356415846e-05,1.7198273269680748,0.003179044801872,0.1313401384655065,19200.033515241303,-30.08177874377501,0.002,-0.0529959281518019,0.0911487402992863,-0.1541144644662812,6.0,10.0,180.0,0.5430307892797972,-5.01217913604552,-0.449213974882842,-0.710056612855478,-0.0028383972324462,0.0050110947820322,0.0012757853448212,0.0057591305308437,9.000000000000002,0.5430307892797972,0.3579666018486023,0.6045206785202026,0.41527771949768066,0.6787810921669006,0.657793402671814,0.6184712052345276,0.621688961982727,0.483972430229187,0.5427951812744141,0.5534303784370422,0.6139956712722778,0.5504474639892578,0.5262711644172668,0.681720495223999,0.811255931854248,0.31130698323249817,-1.9739775657653809,0.3421940505504608,0.5227225422859192,0.4914216101169586,0.6563559770584106,0.6451876759529114,0.5193023681640625,0.93196702003479,0.7116525769233704,0.8886616826057434,0.6821492910385132,0.8085408210754395,0.7419149279594421,0.6217595338821411,-1.9138624668121338,0.6500949263572693,0.6736320853233337,0.09545521438121796,0.1278536021709442,1.1065828800201416,0.6774007678031921,0.7098991870880127,1.642076849937439,-0.7386945486068726
6472.0,129.43900000000005,-0.265203856459166,184.5000394097773,386.54600679910266,786243.5401586805,-0.389989491746627,184.50001041159965,386.5459900000001,786338.7794840003,-9.59970383431614,-0.0009138402201709,-0.0005609556453702,19200.000000000007,1.7628239080814883e-05,-2.93864020788406e-05,-1.6799102571584018e-05,0.0,-9.5622499326155,0.4321165706648306,0.0017341384909525,0.7972677578664812,0.0012208927248838,-0.187188578431676,19200.119520487857,111.6167952197862,0.002,-0.0477359362676374,0.0867788439530053,-0.1531062236990971,6.0,10.0,180.0,0.5947592980878037,-5.010743757203409,-0.4501744377689901,-0.697729123079043,-0.0014191986162231,0.0025055473910161,0.0006378926724106,0.0028795652654218,8.025000000000002,0.5947592980878037,0.3594835698604584,0.609836757183075,0.4145500659942627,0.6811381578445435,0.6606488227844238,0.6186805963516235,0.624003529548645,0.4846801161766052,0.5479239225387573,0.5526671409606934,0.6180723309516907,0.5543417930603027,0.5313003063201904,0.6859913468360901,0.8172016143798828,0.3179910480976105,-1.9742827415466309,0.3425375819206238,0.5281574130058289,0.49209678173065186,0.656873881816864,0.6476914882659912,0.521038293838501,0.9321079254150391,0.7131348848342896,0.8902489542961121,0.6813613772392273,0.8081615567207336,0.7465978264808655,0.6252742409706116,-1.9426363706588745,0.6531955003738403,0.6781082153320312,0.09606030583381653,0.15320253372192383,1.1118327379226685,0.6815396547317505,0.7153337597846985,1.6541563272476196,-0.7467328310012817
6473.0,129.45900000000003,-0.4574032014179606,184.5000236118137,386.5460030811087,786627.5418518304,-0.5819955583035832,184.5000134434464,386.5459900000001,786722.7794840002,-9.59326204519299,-0.0001660174696608,-0.0004328152617097,19200.000000000007,0.0002114222809873,-1.260318095619817e-05,-1.308110854150992e-05,0.0,-9.632845960537583,4.816145634508215,0.0006658311445724,0.2474087402807198,-0.0002509000117554,-0.5504550150840896,19200.015537009964,-55.75274311206872,0.002,-0.0482403538779262,0.0869384367844399,-0.1515842422863624,6.0,10.0,180.0,0.5673929959847802,-5.010334562942164,-0.4521322884582669,-0.6988031684579052,-0.0007095993081115,0.001252773695508,0.0003189463362053,0.0014397826327109,7.050000000000002,0.5673929959847802,0.35182642936706543,0.5876697301864624,0.40667858719825745,0.6665393114089966,0.6476717591285706,0.6136208772659302,0.6101866960525513,0.4860803484916687,0.5247612595558167,0.5525946617126465,0.5964392423629761,0.5311746597290039,0.5074824094772339,0.6644918918609619,0.8016901612281799,0.29123321175575256,-1.9770137071609497,0.3190969228744507,0.5034312605857849,0.4787730574607849,0.6495023369789124,0.6264238953590393,0.5158456563949585,0.9261207580566406,0.6915136575698853,0.88046795129776,0.6823891997337341,0.7977197170257568,0.7383267879486084,0.6134622693061829,-1.9958906173706055,0.6354143619537354,0.6559265851974487,0.07841840386390686,0.13503727316856384,1.1022098064422607,0.6641480326652527,0.6916090250015259,1.6381834745407104,-0.7231135368347168
6474.0,129.47900000000004,-0.6490551910067307,184.50005273664783,386.5460049184115,787011.5410852561,-0.7740016742508598,184.5000193704604,386.5459900000001,787106.7794840003,-9.605062865636755,-0.0009355982381724,-0.0004952713420315,19200.000000000007,-0.0001426969837125,-3.732354588151729e-05,-1.4918411326738153e-05,0.0,-9.56477355325749,-3.411555111811869,0.0019922405442866,-1.7634179062587236,0.0009818560015068,-0.4875679220241913,19200.08429291241,98.671165643566,0.002,-0.0606048578461146,0.0994626353397099,-0.1526189268287852,6.0,10.0,180.0,0.6411378420787723,-5.011731863374585,-0.452647912661649,-0.691145042237796,-0.0003547996540557,0.000626386847754,0.0001594731681026,0.0007198913163554,6.225000000000001,0.6411378420787723,0.3690590560436249,0.6326601505279541,0.42210063338279724,0.6946438550949097,0.6750451922416687,0.6241827011108398,0.6350967884063721,0.49262702465057373,0.5695582628250122,0.5577007532119751,0.6353052854537964,0.5711745023727417,0.5514187812805176,0.7055173516273499,0.8454026579856873,0.3414914608001709,-1.9738441705703735,0.3486768901348114,0.5492398738861084,0.5028325319290161,0.6622770428657532,0.6643742918968201,0.5294484496116638,0.9381828308105469,0.7277042865753174,0.8997294306755066,0.6845479607582092,0.8128412961959839,0.7643823027610779,0.6362563371658325,-1.9829494953155518,0.6670438051223755,0.697693407535553,0.09980140626430511,0.21188589930534363,1.1285414695739746,0.6988779902458191,0.7400588989257812,1.6966155767440796,-0.7753534913063049
6475.0,129.49900000000002,-0.8413780480972417,184.5000073492565,386.5460010509247,787395.5427077118,-0.9656696525482033,184.50002547520856,386.5459900000001,787490.7794840003,-9.413856093099325,0.0007359986062184,-0.0003947704155925,19200.000000000007,0.0001740402789308,1.4161879390287642e-05,-1.1050924547839325e-05,0.0,-9.615532004324464,4.572948382734102,-0.0026518536760216,0.7263065713590187,-0.0014519388182225,-0.2433619029858976,19200.136786443607,-51.52485373144,0.002,-0.0519828097688923,0.1178292475046309,-0.1582422428146223,6.0,10.0,180.0,0.5855364086948072,-5.012202984133569,-0.4541325154637684,-0.6880293753391703,-0.0001773998270278,0.000313193423877,7.973658405132505e-05,0.0003599456581777,5.400000000000001,0.5855364086948072,0.3509747385978699,0.5885978937149048,0.4059261679649353,0.6674549579620361,0.6468672752380371,0.6124669909477234,0.6113378405570984,0.4833742678165436,0.5261040329933167,0.5510172843933105,0.5972239971160889,0.5320125818252563,0.5080757141113281,0.6646695137023926,0.797467827796936,0.29158109426498413,-1.97693932056427,0.3248823583126068,0.5041443109512329,0.478444367647171,0.6496657729148865,0.6258236765861511,0.5157989859580994,0.9268956184387207,0.691907525062561,0.880547821521759,0.6819258332252502,0.7989861965179443,0.7376424074172974,0.6138440370559692,-1.9828519821166992,0.6364540457725525,0.6570647954940796,0.07986471056938171,0.12423336505889893,1.101843237876892,0.6644908785820007,0.6913666725158691,1.6385005712509155,-0.732901394367218
6476.0,129.51900000000006,-1.0185065408237357,184.49969871847009,386.54597172488286,787779.5415081932,-1.1093040788165134,184.5000250875013,386.5459900000001,787874.7794840003,-4.311574354296779,0.001868755668701,0.0005782535834666,19200.000000000007,-0.009873282866806,0.0003289058783119,1.8275117274425777e-05,0.0,-6.673188752823298,379.72338006207264,-0.0228968204780894,3.83682968073936,-0.0039293739876823,0.4309854286963244,19199.895912254706,73.01355987890777,0.002,-0.0456985041451741,0.0687897806078003,-0.1509552631972571,6.0,10.0,180.0,-1.2998764204291473,-5.027318680608038,-0.4531433236163894,-0.6972422572675503,-8.869991351394537e-05,0.0001565967119385,3.986829202566253e-05,0.0001799728290888,4.725000000000001,-1.2998764204291473,-0.7934998869895935,-1.3759721517562866,-0.6746681332588196,-1.1282612085342407,-0.9830937385559082,-1.233215093612671,-1.2895522117614746,-1.0276261568069458,-0.6225107908248901,-0.8641241192817688,-1.5682628154754639,-1.5375088453292847,-1.5406596660614014,-1.5288524627685547,-0.26828956604003906,-1.751094102859497,-1.8992465734481812,-1.2776405811309814,-1.7370851039886475,-1.0028657913208008,-1.0145596265792847,-0.7539610266685486,-0.9741466641426086,-1.2744574546813965,-1.8003875017166138,-1.4310731887817383,-0.513322114944458,-1.185302495956421,-2.1225273609161377,-1.7122763395309448,1.4017597436904907,-1.8552054166793823,-1.7060372829437256,-1.5663228034973145,-0.09620112180709839,-0.4152359962463379,-1.7117729187011719,-2.177938222885132,-1.1859413385391235,1.222486972808838
6477.0,129.53900000000004,-1.0841161964645405,184.49638376064743,386.5459922199552,788163.5423864449,-1.146267939334945,184.48696778813343,386.5459900000001,788258.7794840003,-2.037075165799727,-1.748282543992137,-0.0001374976896124,19200.000000000007,-0.0461126018766431,0.0028424297351889,-2.2199550878488072e-06,0.0,-1.5288017298780925,-21.18125336757355,-0.8559410388222144,-127.7382687852831,0.0107551681558494,0.8560448302355839,19200.169776375675,-90.119987774756,0.002,0.0035001469662537,0.0312263219483539,-0.1547911057671955,6.0,10.0,180.0,0.3778762351011938,-4.453545331392475,-0.4477486518566814,-0.6947052688353571,-4.434995675697269e-05,7.829835596925407e-05,1.9934146012831264e-05,8.998641454443281e-05,4.050000000000001,0.3778762351011938,0.19795604050159454,0.20722340047359467,-0.0016245096921920776,0.3056507706642151,0.22965873777866364,0.28324514627456665,0.350685179233551,0.20009145140647888,0.4861493408679962,0.26945334672927856,0.19622433185577393,0.17707562446594238,0.23530980944633484,0.3540586829185486,1.1568773984909058,0.3171027898788452,3.9015183448791504,-0.48544842004776,0.19951558113098145,0.03491273522377014,0.24573743343353271,0.12271671742200851,0.3899870216846466,0.16757047176361084,0.1822466254234314,0.1746906042098999,0.4859805703163147,-0.021781954914331436,0.41747337579727173,0.3317355513572693,-2.5992631912231445,0.23948535323143005,0.33555886149406433,-0.4915695786476135,1.4196527004241943,1.1352280378341675,0.3456563353538513,0.210859015583992,1.9652379751205444,-0.8639423847198486
6478.0,129.55900000000003,-1.1194579712338892,184.4406109422192,386.5459550262952,788547.5441624554,-1.1480430584500414,184.39188306314685,386.5459900000001,788642.7794840003,-0.9493281428099994,-7.130920851913517,0.0011661449277015,19200.000000000007,-0.0284892361553298,0.0275253892365068,3.497370490992979e-05,0.0,-1.2769063726413123,115.91415742462712,-5.743473908932407,-341.70224931652655,-0.0100229343489189,-0.3121774378684347,19200.221540566366,25.728871093216423,0.002,0.0065409108787268,0.0319173807330741,-0.1533949085204226,6.0,10.0,180.0,-0.0611375610032018,-3.306591079356646,-0.4511634801365861,-0.6767705925934084,-2.2174978378486346e-05,3.914917798462704e-05,9.967073006415632e-06,4.499320727221641e-05,3.75,-0.0611375610032018,-0.47857412695884705,-0.301658034324646,-0.49116969108581543,-0.34510061144828796,-0.3298625946044922,-0.18820098042488098,-0.31781014800071716,-0.5947672724723816,0.18337887525558472,-0.23604518175125122,-0.6058350801467896,-0.6897081136703491,-0.5294069051742554,-0.5085335373878479,0.8459968566894531,-0.33460140228271484,1.2195237874984741,-1.5275850296020508,-0.7325975894927979,-0.6426128149032593,-1.1569315195083618,-0.4009062349796295,-0.37408000230789185,-1.1270463466644287,-1.487818717956543,-0.5420027375221252,0.3107043504714966,-1.5656805038452148,-1.0895538330078125,-0.615708589553833,-1.4595361948013306,-0.4653676450252533,-0.3856680989265442,-0.9285581111907959,-0.9590048789978027,0.845066249370575,-0.5710407495498657,-0.8220890760421753,2.3113198280334473,-0.40788668394088745
6479.0,129.57900000000004,-1.131967270682639,184.28569226654648,386.5460350453236,788931.5475757968,-1.1480369347649544,184.2060132335186,386.5459900000001,789026.7794840003,-0.5354810736177915,-8.116455582429941,-0.001502995043851,19200.000000000007,-0.0160736236358363,0.0445160975575513,-4.504532345081407e-05,0.0,-0.6582032900459185,-33.8772642270916,-8.135246125486566,45.114887544605104,-0.0175795421829469,-2.3750256172753774,19200.15356276536,-72.99264647272574,0.002,-0.0033738008672662,0.0307644135591102,-0.1484433881165139,6.0,10.0,180.0,0.6240061048295586,-5.005514568544638,-0.4492218397353213,-0.6506198862576669,-1.1087489189243173e-05,1.957458899231352e-05,4.983536503207816e-06,2.2496603636108203e-05,3.2250000000000005,0.6240061048295586,0.3035691976547241,0.5831314325332642,0.424204021692276,0.40258482098579407,0.6340763568878174,0.53165203332901,0.62262362241745,0.27635884284973145,0.48731228709220886,0.3397957980632782,0.42385685443878174,0.40347182750701904,0.36739620566368103,0.3999815285205841,0.03895525634288788,0.2166270911693573,-2.066676139831543,0.6336177587509155,0.4134105443954468,0.3492663502693176,0.6717010140419006,0.5802929997444153,0.40150466561317444,0.8301344513893127,0.6803421974182129,0.8384373784065247,0.5873011946678162,0.699325680732727,0.404651939868927,0.679961085319519,1.2338721752166748,0.3846057057380676,0.37140583992004395,0.2308744639158249,0.692551851272583,0.7347899079322815,0.40045589208602905,0.06335100531578064,0.10163935273885727,-1.1358392238616943
6480.0,129.59900000000005,-1.142103064446106,184.1188889594718,386.5459933028737,789315.5478175848,-1.1480308112604252,184.0140071043457,386.5459900000001,789410.7794840003,-0.1974246331646482,-8.936250916755565,-0.0001058961766446,19200.000000000007,-0.0059317142419454,0.0199220253042932,-3.3028735523523885e-06,0.0,-0.0844019572822073,28.31954384430976,-8.780752200495902,-34.3707697650046,0.0153988283584361,0.6062785604716968,19199.930984459803,-21.48828603026998,0.002,0.0092535071542205,0.0321925139961675,-0.1503543234173819,6.0,10.0,180.0,0.2734443492916346,-4.622544085782186,-0.4365276221187233,-0.6470249702923707,-5.5437445946215855e-06,9.78729449615676e-06,2.491768251603908e-06,1.1248301818054102e-05,2.775000000000001,0.2734443492916346,0.3895397484302521,0.11453120410442352,0.14396674931049347,0.05997967720031738,0.10291188955307007,0.16107752919197083,0.35750389099121094,0.26588714122772217,0.26963725686073303,0.1900455355644226,-0.05787694454193115,-0.05708910524845123,-0.08291442692279816,-0.036022335290908813,0.19007790088653564,-0.14315810799598694,-1.9158183336257935,-0.22188201546669006,-0.10050661861896515,0.06322332471609116,0.48640531301498413,0.03769315034151077,0.28246793150901794,0.4649620056152344,0.045414239168167114,0.28771016001701355,0.35012662410736084,0.2955879271030426,0.13832935690879822,0.4046102464199066,-3.9479193687438965,0.12048206478357315,-0.00984175968915224,-0.31265419721603394,1.9880881309509277,0.7975367903709412,0.13277938961982727,-0.31537818908691406,0.45204585790634155,-0.6974868774414062
6481.0,129.61900000000003,-1.1447615822878336,183.93741885132565,386.54595224929744,789699.5475728135,-1.1480262237972627,183.8220009851441,386.5459900000001,789794.7794840003,-0.1087781871131722,-9.287434823230278,0.0012599380259883,19200.000000000007,-0.0032672270147583,0.0093860120270441,3.775070264096423e-05,0.0,-0.2612678926684689,5.9130463893011385,-9.255412507064303,-7.813081798735157,0.0053724554836332,1.6501770341881012,19200.136735962653,4.343895537485923,0.002,0.005141310788933,0.03188715964565,-0.1511463466496203,6.0,10.0,180.0,0.4605407777004253,-4.778206099838287,-0.4404172396867175,-0.642923638769084,-2.7718722973107928e-06,4.89364724807838e-06,1.245884125801954e-06,5.624150909027051e-06,2.400000000000001,0.4605407777004253,0.36911529302597046,0.28071704506874084,0.24171176552772522,0.23765620589256287,0.2849695086479187,0.33097392320632935,0.4518026113510132,0.33178746700286865,0.27820807695388794,0.28621602058410645,0.11496618390083313,0.1069474145770073,0.07606442272663116,0.11731122434139252,0.127647265791893,-0.017609035596251488,-1.9936271905899048,0.08113979548215866,0.08210813999176025,0.17682653665542603,0.5661599636077881,0.23157107830047607,0.32098567485809326,0.639968752861023,0.33495810627937317,0.5432570576667786,0.4470181167125702,0.47038328647613525,0.3392127454280853,0.5211466550827026,-1.5342769622802734,0.22806218266487122,0.12605345249176025,-0.1199323832988739,1.8274142742156982,0.7897405028343201,0.2455214262008667,-0.1926247626543045,0.317049503326416,-0.8970404863357544
6482.0,129.63900000000004,-1.1464843559334423,183.7505927111277,386.5459864203585,790083.5487181833,-1.1480250542948505,183.629995281266,386.5459900000001,790178.7794840003,-0.0513534298143538,-9.460045476018898,8.804198854090698e-05,19200.000000000007,-0.001541207159653,0.0042059545217032,3.5796416566789582e-06,0.0,0.0029745563616224,-8.98028261197457,-9.422164034182844,-10.859936946920625,-0.0015031033660974,-0.3065599786131617,19199.723536305894,-30.011937527193066,0.002,0.004895845307182,0.0314760111142306,-0.1515622549929866,6.0,10.0,180.0,0.4350687493508128,-4.779311445646642,-0.4399181896704138,-0.6480698960167864,-1.3859361486553964e-06,2.44682362403919e-06,6.22942062900977e-07,2.812075454513525e-06,2.0250000000000004,0.4350687493508128,0.3622584640979767,0.3670417070388794,0.25747811794281006,0.2953566312789917,0.36388903856277466,0.3894038796424866,0.4957084357738495,0.3818851113319397,0.3308181166648865,0.33111846446990967,0.1804375797510147,0.16670465469360352,0.14957588911056519,0.1898937076330185,0.18837541341781616,0.06682708114385605,-1.9729390144348145,0.14108461141586304,0.1649068295955658,0.21048742532730103,0.6199769377708435,0.30681276321411133,0.36021682620048523,0.6606523990631104,0.44743600487709045,0.6283698678016663,0.4715941548347473,0.5040542483329773,0.4028705954551697,0.5666897892951965,-1.1381512880325317,0.2568841874599457,0.17505955696105957,-0.09106770157814026,1.937351942062378,0.8099345564842224,0.28744953870773315,-0.1340503692626953,0.3411196172237396,-1.0045565366744995
6483.0,129.65900000000005,-1.147682619605455,183.56042337755204,386.5459737050972,790467.5487798102,-1.1480250002031078,183.4379921879568,386.5459900000001,790562.7794840003,-0.0114146100253078,-9.521037757271907,0.0005103093403414,19200.000000000007,-0.0003423824518815,0.0023702532024807,1.6294903027812002e-05,0.0,-0.0277917652427573,10.19668564635202,-9.512781809925176,0.9803452618423,-0.0009702970994455,0.4247111205462648,19200.06686715402,12.842717264046511,0.002,0.006786595093579,0.0318841904823131,-0.1514498477229048,6.0,10.0,180.0,0.3837629867858687,-4.87024273882537,-0.4394514493110601,-0.6398464001133968,-6.929680743276982e-07,1.223411812019595e-06,3.114710314504885e-07,1.4060377272567627e-06,1.7250000000000003,0.3837629867858687,0.3711833953857422,0.2472662329673767,0.24626384675502777,0.21035589277744293,0.24516460299491882,0.304861843585968,0.42910027503967285,0.3100067675113678,0.2548106014728546,0.26309308409690857,0.0869341567158699,0.08038000762462616,0.04488782957196236,0.08051797747612,0.03302844613790512,-0.057898104190826416,-2.0082573890686035,0.11193497478961945,0.04993122071027756,0.170211523771286,0.5331740975379944,0.21646231412887573,0.2963092029094696,0.6420844793319702,0.3032919466495514,0.5274788737297058,0.44886550307273865,0.46464261412620544,0.3029431104660034,0.5150524973869324,-1.03985595703125,0.20461276173591614,0.09304315596818924,-0.10337229073047638,1.7019118070602417,0.7462629675865173,0.21424484252929688,-0.24511370062828064,0.18087711930274963,-0.868709921836853
6484.0,129.67900000000003,-1.1477289913660464,183.37013514124453,386.5459910711901,790851.5488975642,-1.1480249999089402,183.2459919998408,386.5459900000001,790946.7794840003,-0.0098665583907907,-9.578104869741066,-0.0001327967757889,19200.000000000007,-0.0002960084730117,0.0006567764499369,-1.0711899223988768e-06,0.0,-0.031478028724403,-1.643107100506994,-9.555471265874903,-5.976466122149799,0.0005075285879907,-0.3059884772399079,19199.72438376864,-47.237671012356046,0.002,0.0044621273141529,0.0316448541227896,-0.1512047603931946,6.0,10.0,180.0,0.4188882205116503,-4.779315014507615,-0.4375250474342956,-0.6480027406757365,-3.464840371638491e-07,6.117059060097975e-07,1.5573551572524425e-07,7.030188636283814e-07,1.5000000000000002,0.4188882205116503,0.36751723289489746,0.331454873085022,0.2557090222835541,0.2663360834121704,0.32221877574920654,0.3624773621559143,0.4735245108604431,0.355061411857605,0.2973898947238922,0.3083139657974243,0.1466037482023239,0.13556233048439026,0.11067719757556915,0.14856581389904022,0.12285365164279938,0.018408415839076042,-1.9907279014587402,0.13435259461402893,0.12270665168762207,0.1984466016292572,0.5920103192329407,0.27938348054885864,0.3381750285625458,0.658760666847229,0.3953573703765869,0.5946759581565857,0.4657961428165436,0.49259352684020996,0.37646719813346863,0.5487840175628662,-1.1607640981674194,0.24006107449531555,0.14492195844650269,-0.09039410948753357,1.8517978191375732,0.7868891954421997,0.26271525025367737,-0.17641325294971466,0.27461153268814087,-0.9554582238197327
6485.0,129.69900000000004,-1.1479142328062506,183.17851516611265,386.5459900971038,791235.5482490088,-1.1480249999302936,183.05399199984976,386.5459900000001,791330.7794840003,-0.0036911725291345,-9.590777681000114,-3.1804429644303413e-05,19200.000000000007,-0.0001107671152781,0.000276638514297,-9.710369716236636e-08,0.0,0.0087774111743838,-1.531802568906959,-9.563754776583174,2.070137807113512,-0.0002254598746248,-0.1809165215574769,19199.982122529484,90.13644404781274,0.002,0.0061789182392426,0.0316750540968035,-0.1511446028970188,6.0,10.0,180.0,0.3964939718144931,-4.786658702061233,-0.4375160275182362,-0.6444245587054688,-1.7324201858192457e-07,3.058529530048988e-07,7.786775786262212e-08,3.515094318141907e-07,1.275,0.3964939718144931,0.3633260726928711,0.33157387375831604,0.26845675706863403,0.26976320147514343,0.32221031188964844,0.3669450283050537,0.4742875099182129,0.3311653137207031,0.2879555821418762,0.30423054099082947,0.15333181619644165,0.1420789659023285,0.11339889466762543,0.14897073805332184,0.07057881355285645,0.011816868558526039,-2.008286476135254,0.1859467625617981,0.12723097205162048,0.20553328096866608,0.5806520581245422,0.29300442337989807,0.32996034622192383,0.6723297834396362,0.40203842520713806,0.6104965806007385,0.4823848605155945,0.5088868141174316,0.37024277448654175,0.5542556643486023,-0.707499086856842,0.24029263854026794,0.1466214805841446,-0.061340559273958206,1.722842812538147,0.7629501223564148,0.25779545307159424,-0.1844019889831543,0.20235270261764526,-0.9599664211273193
6486.0,129.719,-1.1480274769322332,182.98681575075065,386.54598335077145,791619.5496596801,-1.148024999986439,182.861991999924,386.5459900000001,791714.7794840003,8.0940131140776e-05,-9.600796609752166,0.0002249146380249,19200.000000000007,2.476960346834648e-06,-2.384901351181383e-05,6.649228679809418e-06,0.0,-0.0036466183218293,1.9497608170089271,-9.621340561257634,-2.2002974610274344,0.0019458582565771,0.062474354676897,19199.999294063764,-25.75867189338569,0.002,0.0063333083093276,0.0314828889011043,-0.1514131733370853,6.0,10.0,180.0,0.4004379285543214,-4.835919799028313,-0.4370055431984946,-0.6490719526528245,-8.662100929096227e-08,1.5292647650244936e-07,3.893387893131106e-08,1.7575471590709536e-07,1.0500000000000005,0.4004379285543214,0.3687583804130554,0.30680733919143677,0.25596702098846436,0.2503194808959961,0.2982556223869324,0.3476189374923706,0.4622095823287964,0.33545005321502686,0.27875006198883057,0.294525682926178,0.1287609338760376,0.119203582406044,0.09012287855148315,0.12649847567081451,0.08138963580131531,-0.007374917156994343,-2.000295639038086,0.13939283788204193,0.10080799460411072,0.19177472591400146,0.5756767392158508,0.26326024532318115,0.3240385949611664,0.6582165360450745,0.370217889547348,0.5781447291374207,0.4646156132221222,0.48784562945365906,0.355709969997406,0.5397931337356567,-1.0418568849563599,0.22901013493537903,0.1283542513847351,-0.08814080059528351,1.7853105068206787,0.7687403559684753,0.24670624732971191,-0.20197245478630066,0.22565746307373047,-0.9361441731452942
6487.0,129.73900000000003,-1.1480108056819736,182.7946329617285,386.5459814146536,792003.5481881076,-1.1480249999994991,182.6699919999744,386.5459900000001,792098.7794840003,-0.0004768869810975,-9.594728735380604,0.00022021033716,19200.000000000007,-1.4194313892365916e-05,0.0001588350299028,8.585346600287972e-06,0.0,-0.0060974331167107,0.312693953786712,-9.571049812822608,1.293905525908364,-0.0002517069463439,-0.1251935372253331,19200.15345172282,111.63724639038308,0.002,0.0060109318033092,0.0310798400646777,-0.1513770275541413,6.0,10.0,180.0,0.3999256276963107,-4.854819780086969,-0.4355431491040236,-0.6465213775516496,-4.331050464548114e-08,7.646323825122468e-08,1.946693946565553e-08,8.787735795354768e-08,0.8250000000000002,0.3999256276963107,0.3652310073375702,0.3189908564090729,0.26425427198410034,0.2612002193927765,0.31072551012039185,0.35810014605522156,0.46822360157966614,0.32886725664138794,0.2818107306957245,0.29829472303390503,0.14273610711097717,0.13215672969818115,0.10258449614048004,0.13826920092105865,0.06744129955768585,0.001085083931684494,-2.0073535442352295,0.17128539085388184,0.11501127481460571,0.1999368965625763,0.5752866268157959,0.2789391279220581,0.32572701573371887,0.6676006317138672,0.38644516468048096,0.5966523289680481,0.4764567017555237,0.5016495585441589,0.3635205626487732,0.5478432774543762,-0.7981156706809998,0.23538947105407715,0.13847143948078156,-0.06942377984523773,1.729901909828186,0.7628957629203796,0.25211700797080994,-0.19310398399829865,0.20546579360961914,-0.9473854303359985
6488.0,129.75900000000004,-1.1480478974960149,182.60303423147707,386.545983421912,792387.549752678,-1.1480250000000003,182.4779919999986,386.5459900000001,792482.7794840003,0.0008230569064763,-9.608066708588565,0.0001894493253654,19200.000000000007,2.2897496022226945e-05,-0.0002423367303563,6.578088123621243e-06,0.0,-2.1875113077761755e-06,-0.4309986728863354,-9.608423086552452,-5.193947250535804,7.884827624060099e-07,0.0624213812295687,19200.0324161268,-60.07868726672734,0.002,0.0058796529406083,0.0310937394093238,-0.1517584338995145,6.0,10.0,180.0,0.3896296230901563,-4.782577276946893,-0.4350621713780603,-0.6480883329730849,-2.165525232274057e-08,3.823161912561234e-08,9.733469732827764e-09,4.393867897677384e-08,0.8250000000000002,0.3896296230901563,0.36831384897232056,0.32250094413757324,0.2546423077583313,0.25895875692367554,0.31203070282936096,0.3559447228908539,0.4694921374320984,0.3494442105293274,0.2913395166397095,0.3030471205711365,0.1384774148464203,0.12809428572654724,0.10201793909072876,0.13947829604148865,0.10980305075645447,0.00884571298956871,-1.9923819303512573,0.13327032327651978,0.1136631891131401,0.19497168064117432,0.586971640586853,0.27233439683914185,0.33331379294395447,0.6570699214935303,0.3855639696121216,0.5863444805145264,0.46429443359375,0.4889398515224457,0.36844077706336975,0.5448968410491943,-1.1541173458099365,0.2349429428577423,0.13777147233486176,-0.09288761019706726,1.8369967937469482,0.780738115310669,0.25609564781188965,-0.18749967217445374,0.2590678930282593,-0.9539501667022705
6489.0,129.77900000000005,-1.1481112532611382,182.41060921802008,386.54598920031066,792771.548710795,-1.1480250000000003,182.28599200000008,386.5459900000001,792866.779484,0.0029035303469927,-9.593913652998344,-7.000977261177844e-05,19200.000000000007,8.625326113774866e-05,0.0001826809140144,7.996894614720816e-07,0.0,0.0024187716361965,1.218402788623009,-9.594954585573369,4.269906302905657,-0.0009738995365067,-0.4875219071825059,19200.067453246003,90.06967193893374,0.002,0.0059111860077793,0.0305766240716066,-0.151727785117978,6.0,10.0,180.0,0.3827745354388731,-4.8188970488962815,-0.434561216710874,-0.6444884879232029,-1.0827626161370284e-08,1.911580956280617e-08,4.866734866413883e-09,2.196933948838692e-08,0.9000000000000002,0.3827745354388731,0.3650239109992981,0.313676118850708,0.2679302990436554,0.25852465629577637,0.30620691180229187,0.3566358983516693,0.4641017019748688,0.31980934739112854,0.27510395646095276,0.29459264874458313,0.14074453711509705,0.13031502068042755,0.09893041104078293,0.13333450257778168,0.043650589883327484,-0.006512469612061977,-2.013350486755371,0.18588179349899292,0.11137193441390991,0.2009332776069641,0.5658828616142273,0.2809060215950012,0.3203143775463104,0.6706472635269165,0.38267865777015686,0.5951734781265259,0.4811136722564697,0.5051968097686768,0.3550688624382019,0.5484945774078369,-0.629447340965271,0.23316088318824768,0.13488206267356873,-0.059632789343595505,1.6800706386566162,0.7531390190124512,0.2477298378944397,-0.20046746730804443,0.1739809215068817,-0.9390920996665955
6490.0,129.79900000000004,-1.1480711495944074,182.21893761900304,386.5459882812646,793155.5506686827,-1.1480250000000003,182.09399200000007,386.5459900000001,793250.7794840003,0.0015697567286884,-9.604820544928469,2.907236991757417e-05,19200.000000000007,4.614959440700748e-05,-0.0001460130778906,1.7187354924767355e-06,0.0,0.0014833855172717,-0.4882632166022024,-9.625990482696588,-7.632027202215463,0.0007255688145307,-0.1312452811167997,19200.137118288403,-77.24736481466968,0.002,0.005053972169656,0.0303847924890263,-0.1514361677985745,6.0,10.0,180.0,0.3749849695061459,-4.848772280155022,-0.434549805637461,-0.6444244732616082,-5.413813080685142e-09,9.557904781403084e-09,2.433367433206941e-09,1.098466974419346e-08,0.8250000000000002,0.3749849695061459,0.36991578340530396,0.3212764859199524,0.2506861686706543,0.25603750348091125,0.3114073872566223,0.3543469309806824,0.46905556321144104,0.3574053645133972,0.29416829347610474,0.304124653339386,0.1357111632823944,0.12537457048892975,0.10063713043928146,0.138546884059906,0.12404550611972809,0.010418475605547428,-1.9861130714416504,0.11794121563434601,0.1117778867483139,0.19276420772075653,0.590473473072052,0.26868724822998047,0.3347744643688202,0.6519094109535217,0.38350820541381836,0.5806485414505005,0.46059370040893555,0.4832693934440613,0.3672473728656769,0.5438337326049805,-1.2836776971817017,0.2340785264968872,0.13623753190040588,-0.10160388052463531,1.8753477334976196,0.7872439026832581,0.25687476992607117,-0.18646711111068726,0.27754390239715576,-0.9528118968009949
6491.0,129.81900000000005,-1.1480683731138588,182.02671609428813,386.5459901756868,793539.5497422668,-1.1480250000000003,181.9019920000001,386.5459900000001,793634.7794840003,0.0014482431045561,-9.597471331759936,-3.81600000606164e-05,19200.000000000007,4.337311385829563e-05,7.581193681862334e-05,-1.7568659841667965e-07,0.0,-0.0002160300285712,-0.9119398771661889,-9.570292289428656,2.1365787101314,-0.0007248990753591,-0.4812791603736002,19200.01590988356,94.47994318420815,0.002,0.0049669324817631,0.0304405717444695,-0.1515299213123175,6.0,10.0,180.0,0.3677044277150826,-4.840897277921554,-0.4326024111498309,-0.6485165956731007,-2.706906540342571e-09,4.7789523907015435e-09,1.2166837166034707e-09,5.492334872096729e-09,0.7500000000000001,0.3677044277150826,0.36418217420578003,0.3279527723789215,0.2676732540130615,0.26753658056259155,0.31916749477386475,0.36469829082489014,0.47225019335746765,0.33054065704345703,0.2858937978744507,0.30210718512535095,0.15055184066295624,0.13928811252117157,0.11029066145420074,0.14560484886169434,0.06621742993593216,0.007920162752270699,-2.0085301399230957,0.1836239993572235,0.12370121479034424,0.2045038491487503,0.5785404443740845,0.2896311283111572,0.3284838795661926,0.671953558921814,0.3969893753528595,0.6068612933158875,0.4819963872432709,0.5073744654655457,0.36836621165275574,0.5531684756278992,-0.7160293459892273,0.23924097418785095,0.14407674968242645,-0.06157073751091957,1.720242977142334,0.7628249526023865,0.25644487142562866,-0.18697309494018555,0.20091676712036133,-0.954643964767456
6492.0,129.83900000000003,-1.1480869931066633,181.8348789286856,386.5459755621988,793923.5511756008,-1.1480250000000003,181.70999200000008,386.5459900000001,794018.7794840002,0.0020985579063817,-9.602922122071302,0.0004822090410189,19200.000000000007,6.199310666285371e-05,-8.712937526887798e-05,1.4437801337676764e-05,0.0,0.0014440381386706,0.1817973667131021,-9.63307039295756,0.1317604724225173,-0.0009738642362303,0.7937563698970248,19200.13515792046,-68.66149785957461,0.002,0.0054735045839219,0.0305465024720588,-0.1519392677993933,6.0,10.0,180.0,0.3613712494612945,-4.817338745725289,-0.4326177269432127,-0.6383031710648679,-1.3534532701712855e-09,2.3894761953507713e-09,6.083418583017351e-10,2.7461674360483647e-09,0.6750000000000002,0.3613712494612945,0.3658890128135681,0.31998562812805176,0.26316022872924805,0.2611086070537567,0.31027951836586,0.3576597571372986,0.46928396821022034,0.3322888910770416,0.28310513496398926,0.30024510622024536,0.14111247658729553,0.13120900094509125,0.1014842540025711,0.13776318728923798,0.07599132508039474,0.001767926849424839,-2.005237579345703,0.16541150212287903,0.11425694823265076,0.19856680929660797,0.5787991881370544,0.27902036905288696,0.32738423347473145,0.6660982370376587,0.38786840438842773,0.5951452255249023,0.47456786036491394,0.5007908344268799,0.3639468550682068,0.5459365248680115,-0.8589861989021301,0.23498323559761047,0.13852334022521973,-0.07539528608322144,1.749408483505249,0.7649675607681274,0.25235140323638916,-0.19435860216617584,0.21362340450286865,-0.9581865668296814
6493.0,129.859,-1.148054653643786,181.64283689019544,386.5459832441963,794307.5509629833,-1.1480250000000003,181.51799200000008,386.5459900000001,794402.7794840003,0.0009888291431832,-9.601501172909398,0.0001275292079032,19200.000000000007,2.965364378567696e-05,-4.509433138606439e-05,6.755803818932785e-06,0.0,-0.0048791807989328,-0.4880394865534753,-9.591553991097513,0.1191397292766822,-0.0002500351384589,0.1251707370746996,19200.032743963635,4.24847307243552,0.002,0.0050385095870541,0.0307296122455318,-0.1512452547038781,6.0,10.0,180.0,0.3584164782845904,-4.805105659696306,-0.433610546601951,-0.6424182177951749,-6.767266350856428e-10,1.1947380976753855e-09,3.0417092915086767e-10,1.3730837180241823e-09,0.6000000000000002,0.3584164782845904,0.3653600811958313,0.32462915778160095,0.26384350657463074,0.2644805312156677,0.3153521716594696,0.360972136259079,0.47103291749954224,0.33438512682914734,0.2861905097961426,0.30175045132637024,0.1456695795059204,0.1349976509809494,0.10623621195554733,0.14236938953399658,0.07806310802698135,0.006351752206683159,-2.004739284515381,0.16859714686870575,0.11914613842964172,0.20087319612503052,0.5805989503860474,0.28249067068099976,0.3293072283267975,0.6677027940750122,0.3920874297618866,0.6001184582710266,0.4759880304336548,0.5023336410522461,0.36835286021232605,0.5490961670875549,-0.8464269042015076,0.23748779296875,0.14168892800807953,-0.07189378142356873,1.7512708902359009,0.7672378420829773,0.2554539442062378,-0.18881013989448547,0.21762147545814514,-0.9567842483520508
6494.0,129.87900000000002,-1.1480848797387668,181.4507392497952,386.5459873844776,794691.5519024249,-1.1480250000000003,181.325992,386.5459900000001,794786.7794840003,0.0020285789625101,-9.598247735937878,9.221791196676776e-05,19200.000000000007,5.9879738766699454e-05,5.2649221354552645e-05,2.6155225935078245e-06,0.0,0.0026808514570931,0.3122310294103373,-9.62009950434832,1.4056413583364176,-0.0005042313160761,-0.2498196491507077,19200.05060979896,-81.56544560345279,0.002,0.0052517411209166,0.0302299278250441,-0.1513078370250051,6.0,10.0,180.0,0.3491051063080828,-4.8662425436732,-0.4311742023548442,-0.6388317950675904,-3.383633175428214e-10,5.973690488376926e-10,1.5208546457543384e-10,6.865418590120912e-10,0.5250000000000001,0.3491051063080828,0.3660128116607666,0.3196880519390106,0.26481449604034424,0.26109614968299866,0.3107667565345764,0.35857221484184265,0.46817344427108765,0.3304597735404968,0.28174060583114624,0.2988280653953552,0.14230787754058838,0.13175863027572632,0.10208219289779663,0.1373923122882843,0.06457625329494476,0.0002285502851009369,-2.0074362754821777,0.17273256182670593,0.11472449451684952,0.20046716928482056,0.5760945677757263,0.28043580055236816,0.3257371485233307,0.6684898138046265,0.3871312439441681,0.5972468256950378,0.4781411290168762,0.5023194551467896,0.3636927604675293,0.5484859943389893,-0.7810381054878235,0.23524311184883118,0.13766245543956757,-0.06821118295192719,1.7310681343078613,0.7623478174209595,0.252101868391037,-0.19481149315834045,0.20068293809890747,-0.9492974281311035
6495.0,129.89900000000003,-1.1480792952338013,181.2587567964981,386.5459785706637,795075.5507721729,-1.1480250000000003,181.1339920000001,386.5459900000001,795170.7794840003,0.001805321484239,-9.598828487811211,0.0003802592433069,19200.000000000007,5.4295233800990295e-05,3.5204701050173923e-05,1.1429336421159295e-05,0.0,0.002204463263435,0.8502587977788874,-9.569588716655526,1.4696569979350858,0.0014719465882398,0.9185923733971466,19199.9136443138,-8.603414556811435,0.002,0.0053353715448163,0.0299458716416768,-0.1513986778849763,6.0,10.0,180.0,0.3446904760129764,-4.841847755136368,-0.4306746400936653,-0.6408861147529802,-1.691816587714107e-10,2.9868452441884636e-10,7.604273228771692e-11,3.432709295060456e-10,0.4500000000000001,0.3446904760129764,0.3645719885826111,0.31439629197120667,0.2633148729801178,0.2583156228065491,0.30541449785232544,0.35427993535995483,0.46622562408447266,0.32383495569229126,0.2790617048740387,0.2957034111022949,0.13892586529254913,0.12903855741024017,0.0985303521156311,0.1347423791885376,0.066034235060215,-0.002692542038857937,-2.007938861846924,0.16987594962120056,0.11088766157627106,0.19712962210178375,0.5721459984779358,0.2746161222457886,0.3236907422542572,0.6656920909881592,0.38188084959983826,0.5910817384719849,0.47416558861732483,0.5001005530357361,0.3592936396598816,0.544414222240448,-0.8100418448448181,0.2329598367214203,0.13657565414905548,-0.0738256424665451,1.7204759120941162,0.7601013779640198,0.2487238049507141,-0.1975041925907135,0.20480188727378845,-0.953361988067627
6496.0,129.91900000000004,-1.1480645277602508,181.06680368464168,386.5459862754441,795459.5514231947,-1.1480250000000003,180.94199200000008,386.5459900000001,795554.7794840003,0.0013182844832417,-9.600390733327734,2.5948338800683783e-05,19200.000000000007,3.952776025044912e-05,-1.178532634775983e-05,3.7245560279866745e-06,0.0,-0.0017268897512289,0.3004644493169968,-9.629159402772691,3.106808844496323,-0.0004965823404274,-0.487848142057818,19200.11953608102,8.603344877266363,0.002,0.0019299424501924,0.0237860079516362,-0.1509353545880717,6.0,10.0,180.0,0.3417755063605203,-4.852511739427849,-0.4306584325935043,-0.6362596078235018,-8.459082938570535e-11,1.4934226220942318e-10,3.802136614385846e-11,1.716354647530228e-10,0.375,0.3417755063605203,0.36554718017578125,0.3208804428577423,0.2679969072341919,0.26300281286239624,0.31247037649154663,0.360736608505249,0.468143105506897,0.3269501030445099,0.28026247024536133,0.2988015115261078,0.14479586482048035,0.13406965136528015,0.10359291732311249,0.1382455974817276,0.05354203283786774,-0.0006600446067750454,-2.0109386444091797,0.1844220906496048,0.1166505515575409,0.20284472405910492,0.5731320977210999,0.28579235076904297,0.32459500432014465,0.6720781922340393,0.3895869851112366,0.6007459759712219,0.4829530119895935,0.5066841840744019,0.3619837462902069,0.5507246851921082,-0.6738582253456116,0.23628315329551697,0.13877008855342865,-0.060404639691114426,1.703446626663208,0.7584132552146912,0.25231286883354187,-0.19514967501163483,0.18631988763809204,-0.9488872289657593
6497.0,129.93900000000002,-1.148064524919683,180.87489858939915,386.5459841872351,795843.5518097208,-1.1480250000000003,180.74999200000005,386.5459900000001,795938.7794840003,0.0013461383650402,-9.603555301750976,0.0001272012262225,19200.000000000007,3.952491968249791e-05,-0.0001065921500515,5.812764978089554e-06,0.0,0.0014672988022284,-1.2812071940510532,-9.57005665508321,-0.1817525718885962,-0.0002211375727179,0.3063296621852037,19199.74100487661,-29.998391907690785,0.002,-0.0006654893806443,0.0154173813712517,-0.1529881842217624,6.0,10.0,180.0,0.335464960499633,-4.802208463847786,-0.4296710484653417,-0.6454869234809679,-4.2295414692852666e-11,7.467113110471159e-11,1.901068307192923e-11,8.58177323765114e-11,0.3000000000000001,0.335464960499633,0.3644028902053833,0.3294914960861206,0.2641751766204834,0.2676403522491455,0.3194109797477722,0.363575279712677,0.47353166341781616,0.33574438095092773,0.2895817756652832,0.3035786747932434,0.14941036701202393,0.13843390345573425,0.11036223918199539,0.14684036374092102,0.08347927778959274,0.01123767253011465,-2.0036139488220215,0.1709974855184555,0.12372857332229614,0.20208577811717987,0.5830978751182556,0.2856961488723755,0.3315717279911041,0.668391227722168,0.39706185460090637,0.6037632822990417,0.4762839674949646,0.5036424994468689,0.3723338842391968,0.5508881211280823,-0.8505837321281433,0.23932510614395142,0.14520004391670227,-0.07181772589683533,1.7556126117706299,0.7690025568008423,0.2578350007534027,-0.18450221419334412,0.2242756485939026,-0.9647754430770874
6498.0,129.95900000000003,-1.1480399991158268,180.6827512793452,386.545986440277,796227.551248939,-1.1480250000000003,180.55799200000007,386.5459900000001,796322.7794840003,0.0005275773088395,-9.598642830558992,0.0001250068948537,19200.000000000007,1.4999115826559412e-05,4.061765754809627e-05,3.559723169726507e-06,0.0,0.000473660237653,-0.8570312014789586,-9.617704211761785,2.7437489342301284,0.0007249375891572,-0.1872927094850239,19200.015467164667,-4.312470128601075,0.002,-0.0143063253418763,-0.0177046387501063,-0.1567880721414917,6.0,10.0,180.0,0.3335173358045729,-4.893601231400278,-0.4306490017343439,-0.6413769869260453,-2.1147707346426336e-11,3.73355655523558e-11,9.505341535964616e-12,4.29088661882557e-11,0.3000000000000001,0.3335173358045729,0.36444711685180664,0.32865065336227417,0.2691812515258789,0.2680473029613495,0.31936827301979065,0.36545664072036743,0.4728078544139862,0.3298017978668213,0.2851220667362213,0.3026358187198639,0.15072579681873322,0.13969773054122925,0.10996133089065552,0.14503991603851318,0.06163319945335388,0.006638587452471256,-2.0099539756774902,0.18852657079696655,0.12381254136562347,0.20521274209022522,0.5782529711723328,0.29222407937049866,0.32824620604515076,0.6737242937088013,0.3983757793903351,0.6078627705574036,0.4847181439399719,0.5097759962081909,0.3676631450653076,0.5535160899162292,-0.6739093661308289,0.2394961416721344,0.14428211748600006,-0.05933438614010811,1.7106122970581055,0.7610026001930237,0.2563648223876953,-0.18872958421707153,0.19449257850646973,-0.9602731466293335
6499.0,129.979,-1.148078185023646,180.49108607865983,386.54598714347065,796611.5517118842,-1.1480250000000003,180.3659920000001,386.5459900000001,796706.7794840003,0.0017695055831186,-9.609808027996486,3.175733145335045e-05,19200.000000000007,5.31850236455952e-05,-0.0002941800643807,2.856529462790172e-06,0.0,-0.0041174829295623,0.1812073396476373,-9.58029435391622,-4.819258603712297,0.0004753270214385,-0.1123694614541722,19199.758573579937,-42.94495578377994,0.002,-0.0282375903978963,-0.0486420321894865,-0.1609639012163704,6.0,10.0,180.0,0.3315358992085275,-4.8145467386424246,-0.4287130751238268,-0.6485402518918769,-1.0573853673213168e-11,1.8667782776177895e-11,4.7526707679823065e-12,2.145443309412785e-11,0.3000000000000001,0.3315358992085275,0.36830687522888184,0.318087637424469,0.2537790834903717,0.2562844455242157,0.30817344784736633,0.35301172733306885,0.46728000044822693,0.34608614444732666,0.28884270787239075,0.29976746439933777,0.13582947850227356,0.1253647655248642,0.09898041933774948,0.1363234519958496,0.10423965752124786,0.004943828098475933,-1.993189811706543,0.1324279010295868,0.11014719307422638,0.1935683637857437,0.5841099619865417,0.2681242823600769,0.3311305344104767,0.6564690470695496,0.3796895146369934,0.5824825167655945,0.46326369047164917,0.4870549142360687,0.3657062351703644,0.5436370968818665,-1.156935453414917,0.23349839448928833,0.13542219996452332,-0.09313704073429108,1.8273725509643555,0.779349148273468,0.25394052267074585,-0.1899668574333191,0.25683367252349854,-0.9487916231155396
6500.0,129.99900000000005,-1.148091862751633,180.2988545574662,386.5459824534461,796995.549966005,-1.1480250000000003,180.17399200000008,386.5459900000001,797090.7794840003,0.0022279928668278,-9.602088712959777,0.0002563348262195,19200.000000000007,6.686275163264603e-05,-6.265474563696244e-05,7.546554044107244e-06,0.0,-0.0014792467829503,0.3134173162233239,-9.60326828022406,0.6063040472769107,-0.0014509245153651,0.4812555135441619,19199.82763996237,68.67014095163783,0.002,-0.0403537047074679,-0.0701879602016187,-0.1647604524126979,6.0,10.0,180.0,0.323706804099211,-4.820874481120798,-0.4292173696221479,-0.6603580596709989,-5.286926836606584e-12,9.333891388088947e-12,2.3763353839911537e-12,1.0727216547063924e-11,0.4500000000000001,0.323706804099211,0.36555978655815125,0.31894659996032715,0.2633388042449951,0.26077067852020264,0.30974775552749634,0.35724514722824097,0.4685273766517639,0.3302689790725708,0.28233444690704346,0.2988080680370331,0.14131082594394684,0.1311299204826355,0.10141628980636597,0.1375117152929306,0.07198089361190796,0.0008987262845039368,-2.006035804748535,0.16759353876113892,0.11400555819272995,0.1987449824810028,0.57709139585495,0.27815526723861694,0.3264588415622711,0.6665210723876953,0.3862285315990448,0.595045804977417,0.4750116765499115,0.5008108019828796,0.36344534158706665,0.5463879108428955,-0.838312566280365,0.23492300510406494,0.13825277984142303,-0.07345390319824219,1.7400288581848145,0.7640754580497742,0.25192970037460327,-0.19422069191932678,0.2110687494277954,-0.9544720649719238
6501.0,130.01900000000003,-1.1480788670330313,180.10692572208478,386.5459871934042,797379.5491775557,-1.1480250000000003,179.98199200000005,386.5459900000001,797474.7794840003,0.0018305250856686,-9.604433711108086,-3.857764219582499e-06,19200.000000000007,5.386703303087203e-05,-0.0001339157377572,2.8065959625849774e-06,0.0,-1.1169598131369543e-05,-0.2566104806585547,-9.59376853236839,0.5562820880990784,0.001197657057737,0.4311816709058544,19200.033796857428,-4.313196291409179,0.002,-0.0527947557243757,-0.0889488170843028,-0.166286015139269,6.0,10.0,180.0,0.3178462151243995,-4.812959285425352,-0.4277477151646359,-0.6778169624222043,-2.643463418303292e-12,4.666945694044475e-12,1.1881676919955768e-12,5.363608273531962e-12,0.6000000000000002,0.3178462151243995,0.3650476336479187,0.3228071928024292,0.2640974223613739,0.2634005844593048,0.31335368752479553,0.35977858304977417,0.47047871351242065,0.3316912055015564,0.2846185266971588,0.3006840944290161,0.14444050192832947,0.1340107023715973,0.10475268959999084,0.14089995622634888,0.0749458596110344,0.004540801979601383,-2.005763530731201,0.17018842697143555,0.117678701877594,0.20021837949752808,0.5791366100311279,0.2814596891403198,0.3280772864818573,0.6675326824188232,0.39066484570503235,0.5988246202468872,0.4760614037513733,0.5024019479751587,0.3663700520992279,0.5481566786766052,-0.8284339308738708,0.23651123046875,0.14082451164722443,-0.07199633121490479,1.7424705028533936,0.7650379538536072,0.25390511751174927,-0.19095756113529205,0.21324849128723145,-0.9579354524612427
6502.0,130.03900000000004,-1.148098583314216,179.91464128022707,386.5459813967112,797763.5468772624,-1.1480250000000003,179.78999200000007,386.5459900000001,797858.7794840002,0.0024463115052845,-9.594983811612511,0.0002548672985723,19200.000000000007,7.358331421588106e-05,0.0001505236108293,8.603289003394372e-06,0.0,0.002930004074701,0.8055395835216304,-9.607869563750365,3.838034114688584,0.0022016723520877,-0.3126429993106895,19200.10221817541,103.05613607400478,0.002,-0.0645207417223531,-0.1060866878109158,-0.165647174996891,6.0,10.0,180.0,0.3119917420567794,-4.863188629167842,-0.428221010664027,-0.6880551975416915,-1.321731709151646e-12,2.3334728470222376e-12,5.940838459977884e-13,2.681804136765981e-12,0.7500000000000001,0.3119917420567794,0.36500316858291626,0.31673768162727356,0.2680264115333557,0.26047390699386597,0.3086854815483093,0.3582666516304016,0.465920627117157,0.32216551899909973,0.27721020579338074,0.29638925194740295,0.14244669675827026,0.13197404146194458,0.10089103877544403,0.13547471165657043,0.04807966947555542,-0.003924428950995207,-2.0124964714050293,0.18573468923568726,0.11366106569766998,0.20159868896007538,0.5688008666038513,0.2830359637737274,0.322051078081131,0.6711719036102295,0.3858865201473236,0.5974951982498169,0.48169881105422974,0.5058633089065552,0.3577326536178589,0.5491667985916138,-0.6458371877670288,0.23434355854988098,0.13671550154685974,-0.06031594052910805,1.6885641813278198,0.7548454999923706,0.24940139055252075,-0.198391392827034,0.1788557767868042,-0.9449189901351929
6503.0,130.05900000000003,-1.1481073743266372,179.7229225116941,386.54598525510136,798147.5472004958,-1.1480250000000003,179.59799200000003,386.5459900000001,798242.7794840003,0.0027466558973424,-9.60435671015466,0.0001560563080636,19200.000000000007,8.237432668659434e-05,-0.0001306146585314,4.744898740448864e-06,0.0,-0.0031659000890058,1.2192384620740049,-9.575444016156087,-1.706362833203211,0.003202429263344,-0.2373437462198834,19199.9123770913,-47.167162054284205,0.002,-0.0711341014914118,-0.1162892830553563,-0.1672437376549172,6.0,10.0,180.0,0.3061518731224297,-4.791937162444485,-0.4267541949826171,-0.7034193647888455,-6.60865854575823e-13,1.1667364235111188e-12,2.970419229988942e-13,1.3409020683829906e-12,0.7500000000000001,0.3061518731224297,0.36750730872154236,0.31153738498687744,0.25734859704971313,0.2539816200733185,0.3029554784297943,0.3508831858634949,0.46430280804634094,0.33491331338882446,0.28136932849884033,0.2955542504787445,0.1337243765592575,0.12350169569253922,0.09504571557044983,0.13136690855026245,0.08101659268140793,-0.002961359918117523,-2.0008487701416016,0.14636269211769104,0.10610288381576538,0.1941225826740265,0.5767853260040283,0.26725125312805176,0.32545098662376404,0.6603083610534668,0.37500855326652527,0.583768367767334,0.466450572013855,0.49066516757011414,0.3596540093421936,0.5427154302597046,-1.0013638734817505,0.23136258125305176,0.13209572434425354,-0.08393625915050507,1.7771940231323242,0.7691207528114319,0.2492051124572754,-0.19704103469848633,0.2264937162399292,-0.9391992688179016
6504.0,130.079,-1.1480635416012723,179.53115498571808,386.5459961617653,798531.5452026058,-1.1480250000000003,179.40599200000003,386.5459900000001,798626.7794840003,0.0012825252908547,-9.612103000994662,-0.0002011100516208,19200.000000000007,3.854160206709808e-05,-0.0003629920477484,-6.1617651644454846e-06,0.0,-0.0009777824692717,-0.4870126761298861,-9.584225317724464,-2.137179627074351,-0.0012517900329626,-1.8377084686881096,19200.015287115235,72.92987322840925,0.002,-0.0720092850010945,-0.1193269022098353,-0.1689277713100481,6.0,10.0,180.0,0.3027483113237725,-4.800271486137832,-0.4262743412059636,-0.7090413394220301,-3.304329272879115e-13,5.833682117555594e-13,1.485209614994471e-13,6.704510341914953e-13,0.7500000000000001,0.3027483113237725,0.36797571182250977,0.3243778944015503,0.2596088647842407,0.2616965174674988,0.3155843913555145,0.3599596917629242,0.46886932849884033,0.3450447916984558,0.2892189919948578,0.30167892575263977,0.14349302649497986,0.13181433081626892,0.10556113719940186,0.14110931754112244,0.08615406602621078,0.007566977292299271,-1.998759388923645,0.15273939073085785,0.11733981966972351,0.2002882957458496,0.5835157036781311,0.27834686636924744,0.330912321805954,0.6647028923034668,0.38780489563941956,0.5967057347297668,0.4716215431690216,0.4952986240386963,0.3706560432910919,0.5506991147994995,-0.9673426747322083,0.23694372177124023,0.1381901204586029,-0.0757225900888443,1.7958976030349731,0.7747812271118164,0.2569628953933716,-0.18672969937324524,0.23054730892181396,-0.9391417503356934
6505.0,130.09900000000005,-1.1480741128696623,179.33912281443483,386.54598729214126,798915.5458735069,-1.1480250000000003,179.2139920000001,386.5459900000001,799010.7794840002,0.0016377045953257,-9.611033041875816,5.830184055952629e-05,19200.000000000007,4.911287165736911e-05,-0.0003309186573233,2.7078588456477084e-06,0.0,0.0065932003117626,-0.6189933563836201,-9.628911605061091,-5.612649516526787,-0.0019274258117487,-0.2437058329112696,19200.101916085885,-55.82969253211565,0.002,-0.0736643665941201,-0.1226557079208512,-0.1687000125576753,6.0,10.0,180.0,0.2983488626885268,-4.828576793998224,-0.4252950610057344,-0.7156902279664102,-1.652164636439558e-13,2.916841058777797e-13,7.426048074972355e-14,3.352255170957477e-13,0.7500000000000001,0.2983488626885268,0.3689272999763489,0.3239161968231201,0.2543255686759949,0.25909602642059326,0.31304502487182617,0.35665780305862427,0.4697946608066559,0.3524242043495178,0.292561799287796,0.3039012849330902,0.13872653245925903,0.12818282842636108,0.1026015430688858,0.13988947868347168,0.11141593754291534,0.009835333563387394,-1.9910368919372559,0.13168871402740479,0.11427485942840576,0.19538506865501404,0.5884308815002441,0.2731415629386902,0.33405089378356934,0.6568118929862976,0.38654711842536926,0.5868843197822571,0.464444637298584,0.48841336369514465,0.3693857491016388,0.5458798408508301,-1.1665289402008057,0.23514488339424133,0.13758857548236847,-0.09307162463665009,1.8462445735931396,0.7821289896965027,0.2568695545196533,-0.18706190586090088,0.26033729314804077,-0.9536407589912415
6506.0,130.11900000000003,-1.1480829325337996,179.14686716013836,386.5459853522211,799299.5441300283,-1.1480250000000003,179.02199200000007,386.5459900000001,799394.7794840003,0.001927994798195,-9.602509196020788,0.0001209687302879,19200.000000000007,5.793252583131987e-05,-7.525965133003249e-05,4.647778967658827e-06,0.0,-0.0026751644396536,0.3120394615993013,-9.576453125305662,-1.7067968801701163,-0.0024795868891372,-0.4247660078011118,19199.981860221924,81.55369573553904,0.002,-0.0740464654729261,-0.1242300693696134,-0.1683068339436504,6.0,10.0,180.0,0.2959006280980964,-4.82810074181201,-0.4257701984255595,-0.7264835585507835,-8.26082318219779e-14,1.4584205293888985e-13,3.7130240374861776e-14,1.6761275854787385e-13,0.7500000000000001,0.2959006280980964,0.36703428626060486,0.31803810596466064,0.2589883804321289,0.25838252902030945,0.3091621994972229,0.35544484853744507,0.46723437309265137,0.3378816246986389,0.28500133752822876,0.29879048466682434,0.13898533582687378,0.12834836542606354,0.1005091518163681,0.13681958615779877,0.08438467234373093,0.002566286362707615,-2.0005478858947754,0.1513998657464981,0.11216050386428833,0.1969233751296997,0.5798772573471069,0.27320051193237305,0.32817021012306213,0.6625339984893799,0.3824068605899811,0.5904505848884583,0.4690108895301819,0.49405205249786377,0.3648117482662201,0.5457844138145447,-0.9756109118461609,0.23423469066619873,0.13615840673446655,-0.08049938082695007,1.7803764343261719,0.7710005044937134,0.25286173820495605,-0.19196118414402008,0.22892573475837708,-0.9441602230072021
6507.0,130.13900000000004,-1.1480673341729388,178.9549473800916,386.5459823590717,799683.545478646,-1.1480250000000003,178.82999200000003,386.5459900000001,799778.7794840003,0.0014109041243629,-9.605182195430306,0.0001523230607198,19200.000000000007,4.233412848785936e-05,-0.0001554751429723,7.640928455920076e-06,0.0,-0.0024661981255108,0.0622913724899882,-9.640107332686044,-1.9004828645590075,-0.0016789099686489,0.7996570097190268,19200.101913131926,-90.1242503027879,0.002,-0.0718922989415202,-0.1203081151269363,-0.1676276125286604,6.0,10.0,180.0,0.2939462571215042,-4.805150343229821,-0.425280662258385,-0.7188114827801757,-4.130411591098895e-14,7.292102646944495e-14,1.8565120187430888e-14,8.380637927393692e-14,0.7500000000000001,0.2939462571215042,0.3669489026069641,0.320451557636261,0.2600691318511963,0.26036974787712097,0.31043747067451477,0.35675522685050964,0.469423770904541,0.3386079967021942,0.28571969270706177,0.30154815316200256,0.13953104615211487,0.12969927489757538,0.10097894072532654,0.13782472908496857,0.0891341120004654,0.003736628219485283,-2.00083327293396,0.15281331539154053,0.11340103298425674,0.196908101439476,0.5819795727729797,0.27646833658218384,0.32966795563697815,0.6631101369857788,0.3868634104728699,0.5918319225311279,0.46999040246009827,0.49659159779548645,0.3655618727207184,0.5444973707199097,-0.9753254652023315,0.2348831295967102,0.13809309899806976,-0.08270378410816193,1.7829997539520264,0.7707643508911133,0.25358670949935913,-0.19259777665138245,0.23083791136741638,-0.9583150148391724
6508.0,130.15900000000002,-1.1480167294763317,178.76296115425174,386.5459835482853,800067.5451124073,-1.1480250000000003,178.63799200000005,386.5459900000001,800162.7794840003,-0.0002751295778818,-9.605640328995564,0.0002143128414812,19200.000000000007,-8.270454972368867e-06,-0.0001692488140099,6.451714790062775e-06,0.0,0.004909085290331,-0.0621547946679224,-9.582551585091872,-0.8505280731473743,-0.0031954658576957,0.4246427245482739,19200.05031077484,17.176350606875424,0.002,-0.070168627439001,-0.1189324326922308,-0.166556928892286,6.0,10.0,180.0,0.2929702922592673,-4.76510616715262,-0.4238364880493379,-0.7254499223802584,-2.0652057955494472e-14,3.646051323472246e-14,9.282560093715444e-15,4.1903189636968455e-14,0.7500000000000001,0.2929702922592673,0.3656678795814514,0.3203672766685486,0.2610779106616974,0.2606125473976135,0.31073424220085144,0.3571211099624634,0.4692107141017914,0.3343888819217682,0.28511372208595276,0.29986077547073364,0.1413435935974121,0.13103298842906952,0.10247723758220673,0.13906709849834442,0.0827309712767601,0.004138287156820297,-2.002586603164673,0.15930987894535065,0.11483613401651382,0.1978396624326706,0.579841136932373,0.27668532729148865,0.32836005091667175,0.6640888452529907,0.3867979943752289,0.5939067006111145,0.4712260365486145,0.49771612882614136,0.36536863446235657,0.5459939241409302,-0.9202334880828857,0.2349834442138672,0.13873682916164398,-0.0785888284444809,1.7645564079284668,0.7681228518486023,0.2530355751514435,-0.19161653518676758,0.22399002313613892,-0.954534649848938
6509.0,130.17900000000003,-1.148024695586309,178.570916991753,386.54597071189977,800451.5457785616,-1.1480250000000003,178.44599200000007,386.5459900000001,800546.7794840003,1.8164454921066947e-05,-9.604173690565396,0.0006109502836563,19200.000000000007,-3.0414712754154653e-07,-0.0001250905975226,1.9288100348104936e-05,0.0,-0.0002516999074203,1.406772542355967,-9.646473612189428,0.6126758522313075,0.0010052893490767,1.831911390103286,19199.99870175727,-60.08796975851791,0.002,-0.0742050632803259,-0.1239579174129466,-0.1655696678005929,6.0,10.0,180.0,0.296881366312517,-4.836941136280462,-0.4248262782494595,-0.7228814863399259,-1.0326028977747236e-14,1.823025661736123e-14,4.641280046857722e-15,2.0951594818484227e-14,0.7500000000000001,0.296881366312517,0.36587876081466675,0.31122663617134094,0.2621411383152008,0.2558419108390808,0.3017085790634155,0.3517701029777527,0.4648348391056061,0.32564231753349304,0.27731144428253174,0.29637107253074646,0.13432608544826508,0.12548941373825073,0.09406059980392456,0.1306830495595932,0.0707341656088829,-0.006011522375047207,-2.007059335708618,0.16213810443878174,0.10640677809715271,0.1947093904018402,0.573322057723999,0.2721927762031555,0.3234766721725464,0.6636337637901306,0.37950026988983154,0.5866639018058777,0.4720039963722229,0.49828141927719116,0.3561995327472687,0.5409255623817444,-0.864517331123352,0.23114284873008728,0.13402454555034637,-0.07992769777774811,1.7350757122039795,0.7605421543121338,0.24700671434402466,-0.20215244591236115,0.2076772153377533,-0.9576318860054016
6510.0,130.19900000000004,-1.1480010172906792,178.3786729153608,386.5459854867493,800835.5458249301,-1.1480250000000003,178.25399200000004,386.5459900000001,800930.7794840003,-0.0008000761283106,-9.596033169522531,0.0001565938994797,19200.000000000007,-2.3983020305764063e-05,0.000118982369037,4.513250814697536e-06,0.0,0.0019714310169191,-0.2440633903417225,-9.581300740986762,3.901220414364268,0.0019489333716483,-0.2561811940161954,19199.9475404091,-25.785668581573766,0.002,-0.0759463441052364,-0.1269456996597382,-0.1668040097848475,6.0,10.0,180.0,0.2993279320033961,-4.833553093765473,-0.4238260056938422,-0.7244388136379676,-5.163014488873617e-15,9.115128308680616e-15,2.320640023428861e-15,1.0475797409242114e-14,0.7500000000000001,0.2993279320033961,0.36375343799591064,0.3238013982772827,0.2696511745452881,0.26499301195144653,0.3153991103172302,0.36296769976615906,0.4700428247451782,0.3236902356147766,0.281303346157074,0.29953503608703613,0.14860539138317108,0.1376938819885254,0.1072588860988617,0.14208123087882996,0.05294474959373474,0.0027155037969350815,-2.0123510360717773,0.19178181886672974,0.12071092426776886,0.20431435108184814,0.5723579525947571,0.289658784866333,0.3249901235103607,0.6734076738357544,0.39397743344306946,0.6046927571296692,0.48391905426979065,0.5092931389808655,0.36242419481277466,0.5523149371147156,-0.6251692771911621,0.23754826188087463,0.14198832213878632,-0.0573241151869297,1.6882266998291016,0.756520688533783,0.2531777024269104,-0.1920281946659088,0.18366044759750366,-0.9526503086090088
6511.0,130.21900000000005,-1.1480157286967705,178.1866829873567,386.5459872241474,801219.5449027679,-1.1480250000000003,178.06199200000006,386.5459900000001,801314.7794840003,-0.0002461031830303,-9.596364520691958,9.100575251260868e-05,19200.000000000007,-9.272691710280053e-06,0.0001090121305681,2.775852725312856e-06,0.0,0.002203671899052,-0.4313383707804757,-9.63818983876646,2.193771719052271,0.0004748570285705,-0.3566209464674343,19200.119314208587,12.900017784061449,0.002,-0.0747121505322476,-0.1253614195170785,-0.1695467074591341,6.0,10.0,180.0,0.3017669643479127,-4.807156317891873,-0.4208685240949085,-0.721366123395194,-2.581507244436809e-15,4.557564154340308e-15,1.1603200117144305e-15,5.237898704621057e-15,0.7500000000000001,0.3017669643479127,0.36546897888183594,0.325689435005188,0.26781579852104187,0.265657514333725,0.3166044354438782,0.3634023368358612,0.47115617990493774,0.3314196467399597,0.2838757336139679,0.3020135164260864,0.1475485861301422,0.13674291968345642,0.10705213248729706,0.14204289019107819,0.06280087679624557,0.004332294687628746,-2.009033679962158,0.18219596147537231,0.12046986073255539,0.20383256673812866,0.5780965089797974,0.2887970805168152,0.3274711072444916,0.6719512343406677,0.3950340747833252,0.6046278476715088,0.4828038215637207,0.5072358250617981,0.3662375211715698,0.5519213080406189,-0.7102662920951843,0.2379348874092102,0.14147044718265533,-0.062108565121889114,1.7219653129577637,0.761563777923584,0.2549809217453003,-0.19132551550865173,0.19478726387023926,-0.9544395804405212
6512.0,130.23900000000003,-1.148025570719612,177.99455206606845,386.54597928896425,801603.5461863743,-1.1480250000000003,177.86999200000005,386.5459900000001,801698.7794840003,4.880369853170947e-05,-9.592008320987318,0.0003214344906581,19200.000000000007,5.697474251512068e-07,0.0002398359117145,1.0711035954631396e-05,0.0,0.0006993463717382,-0.8558520644195557,-9.581803654587636,2.631194543089742,-0.0004984529147286,-0.3687712285225576,19199.775148814333,-17.124223546688487,0.002,-0.0762769878724467,-0.1279133151751739,-0.170458878441797,6.0,10.0,180.0,0.3007808572197213,-4.785164347585035,-0.4223492012794677,-0.7244527283900528,-1.2907536222184045e-15,2.278782077170154e-15,5.8016000585721545e-16,2.6189493523105284e-15,0.7500000000000001,0.3007808572197213,0.3640609681606293,0.32784920930862427,0.2685784697532654,0.26773130893707275,0.31903156638145447,0.3649531304836273,0.4723259210586548,0.32918572425842285,0.285103440284729,0.30206823348999023,0.1507052481174469,0.1395481675863266,0.11014789342880249,0.14532801508903503,0.0630466639995575,0.0071867527440190315,-2.0096354484558105,0.1867649257183075,0.12371701002120972,0.20487040281295776,0.5775426030158997,0.29083794355392456,0.32796236872673035,0.6727724075317383,0.3974950909614563,0.6073164343833923,0.4833426773548126,0.5085903406143188,0.3673214912414551,0.5533251762390137,-0.6862074136734009,0.239192932844162,0.14409884810447693,-0.059954289346933365,1.7120072841644287,0.7612386345863342,0.2560662031173706,-0.18789391219615936,0.1961064636707306,-0.955747127532959
6513.0,130.25900000000004,-1.148006788348376,177.8023567998045,386.5459812495933,801987.5465207055,-1.1480250000000003,177.67799200000007,386.5459900000001,802082.7794840003,-0.0006063443016649,-9.585498972348145,0.0002556525879063,19200.000000000007,-1.831083850142484e-05,0.0004351003684406,8.750406869484018e-06,0.0,-0.0009555809620186,-1.0377444269890332,-9.625476598330431,4.024997579948253,-0.0014481576330184,0.1876462304075289,19200.03257110044,-21.49655594689411,0.002,-0.0794240710576594,-0.1309930610837832,-0.1696912611385577,6.0,10.0,180.0,0.3007757709578988,-4.890178700854785,-0.4214135638552031,-0.7182978778638786,-6.453768111092024e-16,1.139391038585077e-15,2.9008000292860763e-16,1.3094746761552642e-15,0.7500000000000001,0.3007757709578988,0.36349183320999146,0.3302859663963318,0.2720409333705902,0.26788052916526794,0.3212207555770874,0.3676171898841858,0.47364798188209534,0.32631954550743103,0.2841920554637909,0.3037187457084656,0.15321967005729675,0.1424219310283661,0.11180614680051804,0.1467524915933609,0.05637960880994797,0.007237602025270462,-2.012821674346924,0.1978689432144165,0.1261974573135376,0.20690476894378662,0.5764930248260498,0.2972111701965332,0.3277894854545593,0.6761131286621094,0.4024737477302551,0.611355721950531,0.4871083199977875,0.5139557719230652,0.3661201596260071,0.5544973015785217,-0.5930026769638062,0.2403547465801239,0.14622226357460022,-0.05452672019600868,1.689149260520935,0.7574257850646973,0.256544291973114,-0.1886214017868042,0.1842508614063263,-0.963605523109436
6514.0,130.27900000000005,-1.1480252995000213,177.61043674878164,386.54599110481394,802371.5467064213,-1.1480250000000003,177.48599200000004,386.5459900000001,802466.7794840003,1.1570021753014608e-05,-9.588163216036826,-6.939728816347979e-05,19200.000000000007,3.009419118670824e-07,0.0003549483593252,-1.1048137625894764e-06,0.0,-0.0027044713001666,-0.9188515747092764,-9.569805267850745,-0.5447434790404309,0.000978486751905,0.23752042773032,19199.758867934368,-42.95832490240646,0.002,-0.0786443334186266,-0.1272730102069669,-0.1704996266165645,6.0,10.0,180.0,0.2998036785015463,-4.816959559863912,-0.4209316956630283,-0.7234109964142814,-3.2268840555460113e-16,5.696955192925385e-16,1.4504000146430381e-16,6.547373380776321e-16,0.7500000000000001,0.2998036785015463,0.36491280794143677,0.3269084393978119,0.2631155848503113,0.26573118567466736,0.317306250333786,0.3618963956832886,0.47222158312797546,0.33616605401039124,0.2884541451931,0.30292296409606934,0.14716736972332,0.13637414574623108,0.10826116800308228,0.1447751671075821,0.08481129258871078,0.009561808779835701,-2.003126621246338,0.1661946028470993,0.1212407797574997,0.20092236995697021,0.5824123620986938,0.28309953212738037,0.33089205622673035,0.666940450668335,0.39428454637527466,0.601039469242096,0.4744778275489807,0.5017659664154053,0.37045469880104065,0.5494374632835388,-0.8797219395637512,0.23824751377105713,0.1433958262205124,-0.07400301098823547,1.761916160583496,0.7694003582000732,0.2567621171474457,-0.18596142530441284,0.22553309798240662,-0.9596965312957764
6515.0,130.29900000000006,-1.1480243840089916,177.41873517862467,386.54598317700487,802755.5459836392,-1.1480250000000003,177.29399200000006,386.5459900000001,802850.7794840003,6.49774016994734e-06,-9.598111855441584,0.0001908204503785,19200.000000000007,-6.155662425517025e-07,5.651814939509207e-05,6.822995251427165e-06,0.0,0.000242119336584,0.4939300435332888,-9.571055450091778,-0.4305080950940144,0.0004988498267584,1.1627137024816223,19199.93099797596,85.83769887580394,0.002,-0.0744945976005321,-0.1205982699833088,-0.1717106117020546,6.0,10.0,180.0,0.3012634414859555,-4.794480686626665,-0.4208958706633872,-0.7224047349991344,-1.6134420277730054e-16,2.8484775964626924e-16,7.252000073215191e-17,3.27368669038816e-16,0.7500000000000001,0.3012634414859555,0.3650847375392914,0.3162400722503662,0.260814368724823,0.2586632966995239,0.3067931830883026,0.35433369874954224,0.4679606556892395,0.3295905590057373,0.2822580635547638,0.29781681299209595,0.13865789771080017,0.12889963388442993,0.09934835880994797,0.13628500699996948,0.08038411289453506,0.0007463423535227776,-2.0040249824523926,0.15915435552597046,0.11157476156949997,0.1959451138973236,0.5770896077156067,0.27351248264312744,0.3264378607273102,0.6630454659461975,0.3830963373184204,0.5901734232902527,0.46997714042663574,0.49711987376213074,0.3616243600845337,0.5432707071304321,-0.917136549949646,0.23339644074440002,0.13744007050991058,-0.08072392642498016,1.7525227069854736,0.7655244469642639,0.25046277046203613,-0.19471949338912964,0.22198504209518433,-0.9562963843345642
6516.0,130.31900000000005,-1.1480104717763098,177.22658548742805,386.5459832322303,803139.5469754168,-1.1480250000000003,177.10199200000005,386.5459900000001,803234.7794840003,-0.0004838672203666,-9.593125305592206,0.0002213520508638,19200.000000000007,-1.452848309376336e-05,0.0002064105669611,6.767769875643172e-06,0.0,-0.0029255452450922,-0.1194455082402183,-9.599324595630645,1.532203959992304,0.0029215944149482,0.91879823447821,19200.05102920997,0.0114005659104805,0.002,-0.0746005420188753,-0.1201818920017903,-0.1709932874788818,6.0,10.0,180.0,0.3022300014554862,-4.802211886048998,-0.4203847234642996,-0.7254884294878104,-8.067210138865027e-17,1.4242387982313462e-16,3.6260000366075953e-17,1.6368433451940803e-16,0.7500000000000001,0.3022300014554862,0.36435848474502563,0.32217156887054443,0.26577305793762207,0.2639167606830597,0.31286031007766724,0.35997274518013,0.47039318084716797,0.32780271768569946,0.28286635875701904,0.300473153591156,0.14479747414588928,0.13470150530338287,0.10448901355266571,0.14062586426734924,0.07014832645654678,0.0032866019755601883,-2.0082130432128906,0.17604519426822662,0.11770570278167725,0.20055517554283142,0.5769972205162048,0.28275054693222046,0.32700178027153015,0.668759822845459,0.39153721928596497,0.5994593501091003,0.47800999879837036,0.5048152804374695,0.36489325761795044,0.547816276550293,-0.7748716473579407,0.23643645644187927,0.14136940240859985,-0.06968899071216583,1.7246754169464111,0.7618014216423035,0.25300702452659607,-0.19233979284763336,0.2057589590549469,-0.9609789848327637
6517.0,130.33900000000006,-1.1480232951019245,177.03435157730763,386.5459901428604,803523.5459833873,-1.1480250000000003,176.90999200000005,386.5459900000001,803618.7794840003,-5.616276417240052e-05,-9.58531569407491,-6.971627553862574e-05,19200.000000000007,-1.7049885953692952e-06,0.0004404226834902,-1.4286034018411276e-07,0.0,-0.0002396011360246,0.1812661368080683,-9.617455981495322,2.674958758772251,0.0039027485788274,-0.793943169896067,19200.17051164811,98.76465933848006,0.002,-0.0758657307240827,-0.1223364490363617,-0.1691385928161504,6.0,10.0,180.0,0.3007756985119688,-4.880783561092518,-0.4208851882014938,-0.7234119053549156,-4.0336050694325135e-17,7.121193991156731e-17,1.8130000183037977e-17,8.1842167259704e-17,0.7500000000000001,0.3007756985119688,0.36571699380874634,0.3214245140552521,0.26728564500808716,0.2629292905330658,0.3131120204925537,0.3609234690666199,0.4684774875640869,0.32878172397613525,0.28118377923965454,0.29923009872436523,0.14498525857925415,0.13406887650489807,0.10415985435247421,0.13877612352371216,0.05645375698804855,0.0005494775250554085,-2.009962558746338,0.1816065013408661,0.1170448586344719,0.2028878629207611,0.5742693543434143,0.2854611873626709,0.3251210153102875,0.6713987588882446,0.38982847332954407,0.6011419892311096,0.48233121633529663,0.5055603384971619,0.3629140257835388,0.5510514974594116,-0.6969013810157776,0.23636090755462646,0.13870012760162354,-0.061231646686792374,1.7126799821853638,0.7596941590309143,0.2527531385421753,-0.1940149962902069,0.18911859393119812,-0.9459091424942017
6518.0,130.35900000000004,-1.148056645069502,176.84275753669044,386.54599691018507,803907.5477571898,-1.1480250000000003,176.7179920000001,386.5459900000001,804002.7794840003,0.0010545146980403,-9.598860726782078,-0.0002301661588327,19200.000000000007,3.164511735797582e-05,3.4165530598172064e-05,-6.910184911226634e-06,0.0,-0.0012238108514504,1.5320928898294108,-9.569593369800009,-6.401071296463345,0.003650399129978,-1.281004643364977,19199.96352808683,-55.76433725053478,0.002,-0.0744183446026347,-0.1211643544034762,-0.1701795768061524,6.0,10.0,180.0,0.301762311426956,-4.801217184619501,-0.4218778535599571,-0.7270062387786161,-2.0168025347162568e-17,3.5605969955783655e-17,9.065000091518988e-18,4.0921083629852007e-17,0.7500000000000001,0.301762311426956,0.3708248734474182,0.307983934879303,0.24840573966503143,0.2464025914669037,0.29908666014671326,0.3455623984336853,0.46123072504997253,0.34918391704559326,0.2853972911834717,0.29502207040786743,0.1264326274394989,0.11592797189950943,0.09043200314044952,0.12736189365386963,0.10520830005407333,-0.002280456479638815,-1.9891239404678345,0.11341139674186707,0.0998443216085434,0.1889781951904297,0.5810788869857788,0.2562134265899658,0.3273111581802368,0.6496008634567261,0.366000771522522,0.5696156024932861,0.4575363099575043,0.4768941402435303,0.3571122884750366,0.5405191779136658,-1.2823059558868408,0.228603333234787,0.126728355884552,-0.10083244740962982,1.853086233139038,0.7816755175590515,0.2493724226951599,-0.19606268405914307,0.26145657896995544,-0.9266552925109863
6519.0,130.37900000000005,-1.1480457478547754,176.6506685596508,386.5460018868342,804291.5467211388,-1.1480250000000003,176.52599200000003,386.5459900000001,804386.7794840003,0.0007229878459582,-9.595894299598292,-0.0003964365935193,19200.000000000007,2.074786317731684e-05,0.0001232416611103,-1.1886834016046164e-05,0.0,-0.0002578298262436,0.787575149071865,-9.592750718643227,2.0194527783593608,-0.0031563673779036,-1.831526950529351,19200.10146808121,81.48041169887942,0.002,-0.0734967598037792,-0.120200847854672,-0.1716435335568043,6.0,10.0,180.0,0.2993111713870367,-4.819812714755441,-0.4209017786790666,-0.7208636515786828,-1.0084012673581284e-17,1.7802984977891828e-17,4.532500045759494e-18,2.046054181492601e-17,0.7500000000000001,0.2993111713870367,0.3669535517692566,0.31671249866485596,0.2647063732147217,0.2587086260318756,0.30933326482772827,0.35706818103790283,0.4655269682407379,0.33048707246780396,0.2798022925853729,0.29637420177459717,0.14123527705669403,0.129930317401886,0.100775808095932,0.1350429803133011,0.055177271366119385,-0.002660561352968216,-2.0081987380981445,0.1730722337961197,0.11264277994632721,0.2012452930212021,0.5726260542869568,0.2790987193584442,0.32357677817344666,0.6690149307250977,0.38259372115135193,0.596163809299469,0.47918248176574707,0.500663161277771,0.36149391531944275,0.550092339515686,-0.7488325834274292,0.23446547985076904,0.134489968419075,-0.06324701011180878,1.7244582176208496,0.7614961266517639,0.2511632740497589,-0.19591087102890015,0.19129672646522522,-0.93085777759552
6520.0,130.39900000000006,-1.148024237798101,176.4589121513639,386.54598746155,804675.5481351409,-1.1480250000000003,176.33399200000002,386.5459900000001,804770.7794840003,6.190871058168779e-06,-9.604001858216876,8.803036033010954e-05,19200.000000000007,-7.621979345013871e-07,-0.0001201534015051,2.538450136564449e-06,0.0,0.0039244044227903,-0.7944487234291638,-9.614256069315974,-7.825633733927657,-0.0027020241324773,0.0560441582651639,19200.13698602062,-72.99072572662492,0.002,-0.0762058804938575,-0.1231666157541539,-0.1722347470745577,6.0,10.0,180.0,0.2973588478742639,-4.790523815292782,-0.419925057554492,-0.7208467312990643,-5.042006336790642e-18,8.901492488945914e-18,2.266250022879747e-18,1.0230270907463005e-17,0.7500000000000001,0.2973588478742639,0.36943212151527405,0.32261133193969727,0.25067731738090515,0.2570703327655792,0.31277403235435486,0.3551670014858246,0.47002941370010376,0.35770803689956665,0.29545652866363525,0.3048021197319031,0.13702598214149475,0.12665265798568726,0.10214444249868393,0.14032435417175293,0.12709955871105194,0.012397291138768196,-1.9854378700256348,0.11830310523509979,0.11344477534294128,0.19298070669174194,0.5914109349250793,0.2695590853691101,0.3356345593929291,0.6517699956893921,0.3853270411491394,0.5815672278404236,0.46038758754730225,0.48363223671913147,0.3686254024505615,0.5441738367080688,-1.2883429527282715,0.23466834425926208,0.13765010237693787,-0.10224388539791107,1.8772693872451782,0.7880590558052063,0.2577084004878998,-0.18478238582611084,0.28124070167541504,-0.9561929106712341
6521.0,130.41900000000004,-1.1480273200980178,176.2663942201654,386.5459902796705,805059.5471382983,-1.1480250000000003,176.14199200000004,386.5459900000001,805154.7794840003,0.0001058036077179,-9.586749239458667,-1.055910895581488e-05,19200.000000000007,2.320137279459713e-06,0.000397277969668,-2.796703302347248e-07,0.0,-0.0021930853026009,-0.0001615282071145,-9.602046424079996,0.6184691880639989,-0.0017015525548325,-0.6685465035752455,19199.981896066965,81.59793989647986,0.002,-0.0776767817040806,-0.1244600151743709,-0.1720192216922051,6.0,10.0,180.0,0.2998196892482131,-4.865237931431627,-0.4218830067459206,-0.7280185909875909,-2.521003168395321e-18,4.450746244472957e-18,1.1331250114398737e-18,5.1151354537315024e-18,0.7500000000000001,0.2998196892482131,0.36627256870269775,0.3216691017150879,0.2639169692993164,0.26206299662590027,0.31304752826690674,0.359697163105011,0.4688813090324402,0.3340197801589966,0.28395381569862366,0.3000267744064331,0.14364436268806458,0.13275912404060364,0.10394842177629471,0.13935407996177673,0.07043641060590744,0.0029627270996570587,-2.0056300163269043,0.16880068182945251,0.11643090844154358,0.20092475414276123,0.5784931778907776,0.2807626724243164,0.327344685792923,0.6679320335388184,0.38848668336868286,0.5987750887870789,0.47690778970718384,0.5013110637664795,0.36607465147972107,0.5493793487548828,-0.8208903074264526,0.23625102639198303,0.1386314183473587,-0.06921760737895966,1.7459752559661865,0.7656034827232361,0.253922700881958,-0.19168080389499664,0.20839649438858032,-0.9463984370231628
6522.0,130.43900000000005,-1.1480127781924514,176.0747146366421,386.54598554032185,805443.5485616217,-1.1480250000000003,175.9499920000001,386.5459900000001,805538.7794840003,-0.000409447184689,-9.597426867324382,0.0001513781388976,19200.000000000007,-1.2221845002568833e-05,7.736436754391705e-05,4.459678284115961e-06,0.0,-0.0021927373501378,-0.606049538939361,-9.617956573924406,-6.049872900098183,-0.0017028306194564,1.037278682772906,19200.135659310967,-85.82479859070534,0.002,-0.0758857925142935,-0.1212380724739428,-0.1722987465713335,6.0,10.0,180.0,0.3003132938907529,-4.811503763611531,-0.4194374275664144,-0.7136404276110999,-1.2605015841976605e-18,2.2253731222364784e-18,5.66562505719937e-19,2.5575677268657504e-18,0.7500000000000001,0.3003132938907529,0.3679690361022949,0.32330086827278137,0.2537215054035187,0.2589828073978424,0.31212276220321655,0.3556150197982788,0.470718115568161,0.35027289390563965,0.29256531596183777,0.3042919933795929,0.138126403093338,0.1282915621995926,0.10202667862176895,0.14033198356628418,0.11856982111930847,0.010395854711532593,-1.9906808137893677,0.12926085293293,0.1139192283153534,0.1936609297990799,0.588596761226654,0.27195852994918823,0.334479957818985,0.6552416086196899,0.3868657052516937,0.5844592452049255,0.46286746859550476,0.48840805888175964,0.36800646781921387,0.5428979992866516,-1.2019870281219482,0.2350105345249176,0.13913416862487793,-0.09811238944530487,1.8463923931121826,0.7825377583503723,0.2564900815486908,-0.18679198622703552,0.26928746700286865,-0.9634132981300354
6523.0,130.45900000000003,-1.1480352981095288,175.88245014191202,386.54598451988215,805827.5486867577,-1.1480250000000003,175.75799200000003,386.5459900000001,805922.7794840003,0.0003452755793448,-9.588622601371942,0.0001827968379855,19200.000000000007,1.029784587600792e-05,0.0003416585836381,5.480117972835769e-06,0.0,0.000979680453737,0.6127015281991074,-9.600339818568914,2.56243469471718,-0.0039209176060215,0.2997767769488496,19200.04988421529,21.452801976018787,0.002,-0.075460783373648,-0.1200301605746525,-0.1722074700925704,6.0,10.0,180.0,0.2998189480041808,-4.8027246414344775,-0.4184553184910102,-0.7228422683986189,-6.302507920988302e-19,1.1126865611182392e-18,2.8328125285996843e-19,1.2787838634328752e-18,0.7500000000000001,0.2998189480041808,0.3648817539215088,0.31724822521209717,0.26618728041648865,0.26049330830574036,0.3087613582611084,0.35761559009552,0.4670115113258362,0.3243996500968933,0.27900949120521545,0.29733484983444214,0.1419120728969574,0.13173791766166687,0.10100139677524567,0.13642922043800354,0.05862749367952347,-0.0019352366216480732,-2.010138988494873,0.1783963441848755,0.1137315034866333,0.20010803639888763,0.5718290209770203,0.2803022265434265,0.323731005191803,0.6690040826797485,0.38613253831863403,0.5961171984672546,0.47896304726600647,0.5039523243904114,0.36021673679351807,0.5474240779876709,-0.7254530787467957,0.23444661498069763,0.13759435713291168,-0.06637464463710785,1.7077405452728271,0.7582527995109558,0.250179260969162,-0.19682195782661438,0.1925639510154724,-0.9499516487121582
6524.0,130.47900000000004,-1.1480391282947189,175.69061541388325,386.54597160930746,806211.549289104,-1.1480250000000003,175.56599200000008,386.5459900000001,806306.7794840003,0.0004753933535301,-9.594119177430134,0.0005790764631693,19200.000000000007,1.412849782712984e-05,0.0001764840443183,1.839069266746159e-05,0.0,0.0012236297004128,0.7190411398325148,-9.623528233185088,-2.619486094515934,0.0012287353429568,1.8318944899554823,19200.050139832085,-77.27868895618307,0.002,-0.0786066415548775,-0.125374829075182,-0.1710904159351648,6.0,10.0,180.0,0.2988395458544623,-4.821824951506622,-0.4179696622097418,-0.7167313885558628,-3.151253960494151e-19,5.563432805591196e-19,1.4164062642998422e-19,6.393919317164376e-19,0.7500000000000001,0.2988395458544623,0.3666074872016907,0.31456512212753296,0.25736117362976074,0.256242573261261,0.30412572622299194,0.3516460657119751,0.46755892038345337,0.33537137508392334,0.28336620330810547,0.2988751232624054,0.13423976302146912,0.1251906454563141,0.09592603147029877,0.13362079858779907,0.0937265008687973,0.00017020013183355331,-1.9996052980422974,0.14438825845718384,0.10790925472974777,0.19280412793159485,0.5800786018371582,0.2695445120334625,0.3280390799045563,0.6591576337814331,0.3804168999195099,0.5833047032356262,0.46542149782180786,0.4922061264514923,0.3608940839767456,0.5395383834838867,-1.048197865486145,0.23188036680221558,0.13539624214172363,-0.09102390706539154,1.7873278856277466,0.7701777815818787,0.25000864267349243,-0.19657622277736664,0.23790886998176575,-0.961191713809967
6525.0,130.49900000000002,-1.1480215459333585,175.49825306560882,386.5459863098041,806595.5491950795,-1.1480250000000003,175.37399200000007,386.5459900000001,806690.7794840003,-0.0001130814740184,-9.582040818828652,5.971064395210264e-05,19200.000000000007,-3.452765657690303e-06,0.0005388337867624,3.6901959813973817e-06,0.0,0.0024440283790678,0.3751009731215236,-9.604250413981584,5.494832791348727,0.0019487320533263,-0.6063748089811029,19199.896398935016,-0.036337991398534,0.002,-0.0794611601585403,-0.1290143214454714,-0.1715803033303347,6.0,10.0,180.0,0.2968729197467324,-4.852114851797963,-0.4189476389489007,-0.7172941351717782,-1.5756269802470756e-19,2.781716402795598e-19,7.082031321499211e-20,3.196959658582188e-19,0.7500000000000001,0.2968729197467324,0.36406686902046204,0.3204740285873413,0.2716180086135864,0.261572927236557,0.31272467970848083,0.36205101013183594,0.46739327907562256,0.31942814588546753,0.27733737230300903,0.29747867584228516,0.14705657958984375,0.1362214833498001,0.10474129021167755,0.13872867822647095,0.03921397030353546,-0.002150873653590679,-2.015501022338867,0.19912391901016235,0.11812734603881836,0.2048872411251068,0.5672128796577454,0.2905842363834381,0.3219331204891205,0.6751643419265747,0.3912675082683563,0.6035745739936829,0.4861471354961395,0.5111421346664429,0.3574654161930084,0.5525031685829163,-0.5346729755401611,0.23627588152885437,0.1395084708929062,-0.051680002361536026,1.661649465560913,0.7514594197273254,0.25078392028808594,-0.1964607834815979,0.1659581959247589,-0.9464075565338135
6526.0,130.51900000000006,-1.1480213434222577,175.306574492325,386.5459912215728,806979.5488829331,-1.1480250000000003,175.18199200000004,386.5459900000001,807074.7794840003,-8.724762539239323e-05,-9.5927544439868,-7.238014370461584e-05,19200.000000000007,-3.6554632415115206e-06,0.0002175116315665,-1.221572587704393e-06,0.0,0.0046214394685107,-0.2500875809670716,-9.599881737895004,0.362135951631403,0.0005015936841577,-0.4315837794078851,19200.119659385546,4.321699919006107,0.002,-0.0762586994618424,-0.1247314320424503,-0.1730010429051585,6.0,10.0,180.0,0.297836993924637,-4.815475168928531,-0.4189498734327011,-0.7167682751067173,-7.878134901235378e-20,1.390858201397799e-19,3.541015660749605e-20,1.598479829291094e-19,0.7500000000000001,0.297836993924637,0.36593133211135864,0.32293957471847534,0.2636873424053192,0.2626364827156067,0.3137325346469879,0.36005836725234985,0.46969136595726013,0.33446282148361206,0.2850203216075897,0.3006271421909332,0.14423389732837677,0.13337966799736023,0.10479526221752167,0.14041507244110107,0.07340645790100098,0.004473328590393066,-2.004948854446411,0.1684103012084961,0.1174376979470253,0.20083841681480408,0.5794950723648071,0.28130418062210083,0.32804518938064575,0.6675790548324585,0.3899117410182953,0.5992679595947266,0.47632238268852234,0.5012215375900269,0.3669068515300751,0.5494142770767212,-0.8327558040618896,0.23640170693397522,0.13947704434394836,-0.07053746283054352,1.749957799911499,0.7660238146781921,0.254242479801178,-0.19088780879974365,0.2111615538597107,-0.950453519821167
6527.0,130.53900000000004,-1.1480106816676794,175.11460177875523,386.54598335411504,807363.5494078443,-1.1480250000000003,174.98999200000006,386.5459900000001,807458.7794840003,-0.000476299898606,-9.593665349613776,0.0002217377408611,19200.000000000007,-1.4418822785957732e-05,0.0001900253942869,6.645885079311187e-06,0.0,0.0007480607754125,-1.156379234347939,-9.585663820430389,3.2996774557727613,0.0002527747883395,-0.5436135225348693,19199.75790700029,-34.271510180073584,0.002,-0.0726122051642565,-0.1141200766632805,-0.1723327895818562,6.0,10.0,180.0,0.3007782619925178,-4.819875817796058,-0.4179832219466846,-0.7218853798013339,-3.939067450617689e-20,6.954291006988995e-20,1.7705078303748024e-20,7.99239914645547e-20,0.7500000000000001,0.3007782619925178,0.3637233376502991,0.3304018974304199,0.27031010389328003,0.26850390434265137,0.3216184079647064,0.3672134280204773,0.4734284579753876,0.3287794589996338,0.28569158911705017,0.30308473110198975,0.15329039096832275,0.1419210433959961,0.11244650185108185,0.14733022451400757,0.05974914878606796,0.008625859394669533,-2.0108680725097656,0.1929248571395874,0.12637068331241608,0.2066805362701416,0.5775856375694275,0.2950431704521179,0.3283351957798004,0.6748402714729309,0.40083447098731995,0.6108622550964355,0.4858727753162384,0.5112062096595764,0.36786460876464844,0.5552403330802917,-0.6372135281562805,0.2404175102710724,0.14573614299297333,-0.05582511052489281,1.7023075819015503,0.7601252198219299,0.25718700885772705,-0.1865045726299286,0.19080471992492676,-0.9571510553359985
6528.0,130.55900000000003,-1.1480105604326272,174.92246779369935,386.5459797259148,807747.5492661534,-1.1480250000000003,174.79799200000008,386.5459900000001,807842.7794840003,-0.0004790560559778,-9.58919651287838,0.0003518038648522,19200.000000000007,-1.4441155594907451e-05,0.0003241050157541,1.0274085305245932e-05,0.0,-0.0021996120916882,-1.037871789439258,-9.628659558759471,5.125627572732597,-0.0019495359247185,0.4814193470245407,19200.08383713739,4.246042735725553,0.002,-0.0652407628557081,-0.0903747283492703,-0.1679095176679146,6.0,10.0,180.0,0.299816048122613,-4.875483366374874,-0.4174905444164678,-0.7152164922033458,-1.969533725308844e-20,3.4771455034944976e-20,8.852539151874012e-21,3.996199573227735e-20,0.6000000000000002,0.299816048122613,0.3627657890319824,0.33067139983177185,0.2740245461463928,0.26737895607948303,0.3216571807861328,0.3685110807418823,0.47370773553848267,0.3227215111255646,0.2830025553703308,0.3035445809364319,0.15449215471744537,0.14382408559322357,0.11243188381195068,0.14723724126815796,0.050386540591716766,0.006574766710400581,-2.015063762664795,0.20551812648773193,0.1271928995847702,0.20783570408821106,0.5742999911308289,0.3000065088272095,0.32700368762016296,0.6780118346214294,0.4040294885635376,0.6128821969032288,0.4889206290245056,0.516848623752594,0.3645167350769043,0.5549370050430298,-0.5291987061500549,0.24071046710014343,0.14725226163864136,-0.050881776958703995,1.6686477661132812,0.7543429732322693,0.25617721676826477,-0.1892564296722412,0.17619231343269348,-0.9670071601867676
6529.0,130.57900000000004,-1.1480185923215684,174.7305360720312,386.5459910381579,808131.5509627812,-1.1480250000000003,174.60599200000007,386.5459900000001,808226.7794840003,-0.0002146714516495,-9.591467722997312,-0.0001021992645271,19200.000000000007,-6.409027294066327e-06,0.0002559237163682,-1.0381578039886831e-06,0.0,-0.0014741841590764,-0.6061338986932212,-9.568594212283022,-0.9180749495257317,0.0014489467840646,0.3688339798249428,19199.793456985182,-38.692188458642015,0.002,-0.0495215762362088,-0.0557405483778322,-0.1648039630649957,6.0,10.0,180.0,0.3007805082834501,-4.815315508128239,-0.4169812731439262,-0.7141774624430092,-9.84766862654422e-21,1.7385727517472488e-20,4.426269575937006e-21,1.9980997866138675e-20,0.4500000000000001,0.3007805082834501,0.3651908040046692,0.3244699537754059,0.26178884506225586,0.2638464570045471,0.3147093653678894,0.3597554564476013,0.4711383879184723,0.33583834767341614,0.2876359224319458,0.3015468120574951,0.1447972059249878,0.1341431885957718,0.10599401593208313,0.1426679491996765,0.08558546751737595,0.007683642208576202,-2.0022940635681152,0.16225461661815643,0.11870774626731873,0.1993924081325531,0.5817639231681824,0.2800478935241699,0.3302405774593353,0.665522575378418,0.3908773362636566,0.59764164686203,0.4725625216960907,0.49971115589141846,0.3688805401325226,0.54789137840271,-0.9122927188873291,0.23707956075668335,0.14180049300193787,-0.07692089676856995,1.7658253908157349,0.7697755098342896,0.255514532327652,-0.1876702606678009,0.22849205136299133,-0.9593133330345154
6530.0,130.59900000000005,-1.148026358530518,174.53848510576597,386.5459931080383,808515.5512627559,-1.1480250000000003,174.41399200000006,386.5459900000001,808610.7794840003,7.423839173737616e-05,-9.589776024283433,-0.000168317967159,19200.000000000007,1.3588025951356235e-06,0.0003067940989084,-3.108038069218699e-06,0.0,-0.0012292682078008,0.6001293896510596,-9.594479599125986,2.0752876651788434,0.000468206753957,0.5502770468476292,19200.017166759928,77.26713377585149,0.002,-0.0319808965272448,-0.0235576920157564,-0.1615628937208614,6.0,10.0,180.0,0.3017359829521877,-4.833931823331335,-0.4189376997762705,-0.7018909169983748,-4.923834313272111e-21,8.692863758736244e-21,2.213134787968503e-21,9.990498933069338e-21,0.4500000000000001,0.3017359829521877,0.3648327589035034,0.31720098853111267,0.2652461528778076,0.2604959011077881,0.30841100215911865,0.35696709156036377,0.4672417938709259,0.32493355870246887,0.2796497046947479,0.297235906124115,0.1414204239845276,0.1313050389289856,0.1006951704621315,0.13642388582229614,0.06216345727443695,-0.0016032294370234013,-2.009183406829834,0.17562410235404968,0.11340255290269852,0.1993221491575241,0.5727996230125427,0.27877116203308105,0.32427024841308594,0.6681970357894897,0.38544419407844543,0.5950507521629333,0.4777064919471741,0.5030074119567871,0.36118245124816895,0.5466498732566833,-0.7585561871528625,0.2344285547733307,0.13786572217941284,-0.06896494328975677,1.7140018939971924,0.7595349550247192,0.25029486417770386,-0.19635677337646484,0.1985819935798645,-0.9532382488250732
6531.0,130.61900000000006,-1.1479773987674144,174.34657897398054,386.5459931610423,808899.5539014671,-1.1480250000000003,174.22199200000006,386.5459900000001,808994.7794840003,-0.001586864621554,-9.592903270684651,-0.000206064615148,19200.000000000007,-4.769990332590994e-05,0.0002130295172228,-3.161042107890635e-06,0.0,-0.0014500589265367,0.0058600714757812,-9.59472744405587,-0.7250882392324035,0.0029184730259644,0.5497758420296226,19200.13660769928,-21.42359262016613,0.002,-0.0171670762487408,0.000876510983363,-0.1582812960473042,6.0,10.0,180.0,0.3051609838977626,-4.830228259746383,-0.4189603728245302,-0.6931841104242362,-2.461917156636056e-21,4.346431879368122e-21,1.1065673939842517e-21,4.995249466534669e-21,0.4500000000000001,0.3051609838977626,0.36580079793930054,0.3205878734588623,0.2614119052886963,0.261231392621994,0.31091293692588806,0.35729196667671204,0.4694187343120575,0.3342423439025879,0.2849487364292145,0.29999998211860657,0.14140525460243225,0.13114912807941437,0.10230762511491776,0.13885557651519775,0.08178327232599258,0.0036163832992315292,-2.0030617713928223,0.16048751771450043,0.11479818820953369,0.19798940420150757,0.5799192786216736,0.27734696865081787,0.3284546732902527,0.6647676229476929,0.386929452419281,0.59412682056427,0.4720935821533203,0.498520165681839,0.36547183990478516,0.5459659099578857,-0.9127983450889587,0.2353295385837555,0.13906030356884003,-0.07812845706939697,1.7619662284851074,0.7679874300956726,0.25323402881622314,-0.1917923092842102,0.22377654910087585,-0.9571483731269836
6532.0,130.63900000000007,-1.147955966015194,174.15436325338618,386.5460040752682,809283.554085505,-1.1480250000000003,174.02999200000005,386.5459900000001,809378.7794840003,-0.0022993071386415,-9.585712012251069,-0.000468945613174,19200.000000000007,-6.91347404716249e-05,0.0004285473733319,-1.4075268082473102e-05,0.0,-2.1038474372328183e-05,0.6066225811112501,-9.60623247438669,-2.5689905288469665,0.000757100823328,-0.6694886509092168,19200.187130861137,111.65073151671724,0.002,-0.0055124215781307,0.0173637097323265,-0.1559649181576574,6.0,10.0,180.0,0.3139814209894388,-4.870321246184214,-0.4213993513707407,-0.6741795042856805,-1.2309585783180278e-21,2.173215939684061e-21,5.5328369699212575e-22,2.4976247332673344e-21,0.4500000000000001,0.3139814209894388,0.36834487318992615,0.31632357835769653,0.25719356536865234,0.25632840394973755,0.30709677934646606,0.3536677360534668,0.46603894233703613,0.3410925269126892,0.28494229912757874,0.2982644736766815,0.13611750304698944,0.12551471590995789,0.09801533818244934,0.134209543466568,0.0865056961774826,0.0007843589410185814,-1.9984968900680542,0.14466021955013275,0.10934586077928543,0.19563719630241394,0.5805619359016418,0.27060019969940186,0.32819023728370667,0.661077082157135,0.3791728913784027,0.5866631269454956,0.4672057628631592,0.4910406768321991,0.3640190660953522,0.5451310276985168,-1.027715802192688,0.2331242561340332,0.1337658315896988,-0.08378307521343231,1.79558265209198,0.7729131579399109,0.2522137761116028,-0.19385801255702972,0.23285388946533203,-0.9420841932296753
6533.0,130.65900000000005,-1.1479648746011366,173.96168741555,386.5459999533732,809667.5570349036,-1.1480250000000003,173.83799200000004,386.5459900000001,809762.7794840003,-0.0019751077811492,-9.563188131888296,-0.0003636749823698,19200.000000000007,-6.012837284110732e-05,0.001104481141669,-9.953373004200551e-06,0.0,2.194707155845181e-05,0.7378546016369442,-9.59592644157856,-1.5882396349327117,0.0029374941402524,0.1876623653765897,19200.04916183117,-30.05115623329475,0.002,0.0005464298538115,0.0245056741729395,-0.1567925085674106,6.0,10.0,180.0,0.3198462434123633,-4.847164624374756,-0.4218658246131238,-0.6639132425612804,-6.154792891590139e-22,1.0866079698420305e-21,2.7664184849606288e-22,1.2488123666336672e-21,0.4500000000000001,0.3198462434123633,0.3670634329319,0.3151537775993347,0.2585626244544983,0.25662118196487427,0.3057853877544403,0.3531288504600525,0.46639660000801086,0.3354896306991577,0.2830546796321869,0.2974446713924408,0.1362197995185852,0.12606392800807953,0.0974922776222229,0.13398222625255585,0.0826491191983223,-0.00045925797894597054,-2.0011017322540283,0.1505107879638672,0.10915142297744751,0.1952952891588211,0.5785561203956604,0.27094531059265137,0.3269067704677582,0.6617255806922913,0.37950843572616577,0.5871596932411194,0.46823379397392273,0.49324893951416016,0.3620384931564331,0.5435720682144165,-0.9812451601028442,0.23275363445281982,0.1346142590045929,-0.08291155099868774,1.7754590511322021,0.7692233324050903,0.25077205896377563,-0.1953754872083664,0.22724002599716187,-0.94826340675354
6534.0,130.67900000000003,-1.1479726167960451,173.77009762349834,386.5460164028128,810051.5575774044,-1.1480250000000003,173.64599200000006,386.5459900000001,810146.7794840003,-0.001749585012437,-9.576860197523017,-0.0008797327109106,19200.000000000007,-5.258448481401189e-05,0.0006942733449756,-2.6402812651886185e-05,0.0,0.0014510690995928,1.0369554105494212,-9.6110733847901,-0.8562774625084515,-0.0012239325173101,-2.324539876185212,19200.187561935243,64.30685772395609,0.002,0.0020229917941189,0.028256959128907,-0.1549221525656218,6.0,10.0,180.0,0.3271423440372313,-4.825466125610992,-0.4233231179807317,-0.6490629386091453,-3.077396445795069e-22,5.433039849210152e-22,1.3832092424803144e-22,6.244061833168336e-22,0.4500000000000001,0.3271423440372313,0.369262158870697,0.3145560622215271,0.25934290885925293,0.25508880615234375,0.30664652585983276,0.3536747395992279,0.46374115347862244,0.3395136594772339,0.28211164474487305,0.29615098237991333,0.13636690378189087,0.12496490776538849,0.09740883857011795,0.13202965259552002,0.06920934468507767,-0.0029548704624176025,-2.0017852783203125,0.1529669612646103,0.10838401317596436,0.19807112216949463,0.577236533164978,0.2716982960700989,0.32536378502845764,0.6641541719436646,0.37679383158683777,0.5901795625686646,0.4721980690956116,0.49275562167167664,0.3625651001930237,0.5480620265007019,-0.9231716990470886,0.23290228843688965,0.13098786771297455,-0.07377074658870697,1.774078607559204,0.7691695094108582,0.25134098529815674,-0.19616937637329102,0.21225786209106445,-0.9257889986038208
6535.0,130.69900000000004,-1.1479629178877224,173.57849800755295,386.54598915688393,810435.5596024657,-1.1480250000000003,173.45399200000006,386.5459900000001,810530.7794840003,-0.002038281388039,-9.590206151462564,3.052692625224466e-05,19200.000000000007,-6.208079913221567e-05,0.0002937930524831,8.431161919768674e-07,0.0,0.0014570010758506,-0.4874549378767226,-9.579846343680202,-6.713116226056771,-0.0043802827822695,0.9813857304603468,19200.154528939947,-60.12027138299463,0.002,0.0017598701945658,0.02773332077346,-0.1563816550407971,6.0,10.0,180.0,0.3315271239990684,-4.822087323598073,-0.4243043311633999,-0.640880878301689,-1.5386982228975348e-22,2.716519924605076e-22,6.916046212401572e-23,3.122030916584168e-22,0.4500000000000001,0.3315271239990684,0.36779677867889404,0.32135260105133057,0.2516537606716156,0.2567456066608429,0.31011199951171875,0.3534911572933197,0.4697338342666626,0.35013699531555176,0.2928074896335602,0.30256950855255127,0.13650229573249817,0.12653963267803192,0.10082600265741348,0.13945794105529785,0.12193845212459564,0.01008562184870243,-1.9886252880096436,0.12391451001167297,0.11228838562965393,0.19200946390628815,0.5882284641265869,0.2680598497390747,0.33393412828445435,0.6526600122451782,0.3835084140300751,0.580467164516449,0.4602959156036377,0.48516789078712463,0.3665565252304077,0.5419774055480957,-1.2520450353622437,0.2339792549610138,0.13811659812927246,-0.10184067487716675,1.8532116413116455,0.7840644717216492,0.2556387186050415,-0.18664546310901642,0.27668172121047974,-0.9613708257675171
6536.0,130.71900000000005,-1.1479697569331766,173.38623699643043,386.5459940568939,810819.5590107519,-1.1480250000000003,173.26199200000002,386.5459900000001,810914.7794840003,-0.0018102378680974,-9.581511128762482,-0.0001984790662063,19200.000000000007,-5.524187145317266e-05,0.0005547076330521,-4.0568937853918805e-06,0.0,0.0024444564572693,-0.9180172096519132,-9.611321796419867,4.712750477001782,0.0007207908546217,0.1123589446767723,19199.9821321454,68.74857912893465,0.002,0.00144997726005,0.0277623627416007,-0.1559068153884458,6.0,10.0,180.0,0.3369120194241747,-4.9062651517570375,-0.4243081989381355,-0.6439744112318435,-7.693491114487674e-23,1.358259962302538e-22,3.458023106200786e-23,1.561015458292084e-22,0.4500000000000001,0.3369120194241747,0.3630521893501282,0.3293614685535431,0.27263015508651733,0.2669130265712738,0.3203126788139343,0.3671630024909973,0.4729348421096802,0.3235338628292084,0.28310370445251465,0.30234506726264954,0.1532052457332611,0.14228609204292297,0.11144021153450012,0.14617612957954407,0.051082074642181396,0.006001284345984459,-2.013948917388916,0.20179779827594757,0.12583884596824646,0.20704415440559387,0.5741769671440125,0.2972850799560547,0.3266274631023407,0.6768180727958679,0.40135303139686584,0.6109688878059387,0.48769819736480713,0.5144814848899841,0.36456945538520813,0.5547307729721069,-0.5582171678543091,0.2399795949459076,0.145905539393425,-0.05246612802147865,1.6756224632263184,0.7553250193595886,0.2556038498878479,-0.1895359456539154,0.1789112687110901,-0.9632264375686646
6537.0,130.73900000000003,-1.1479763685973765,173.1947283858936,386.54599512306913,811203.5605029485,-1.1480250000000003,173.06999200000007,386.5459900000001,811298.7794840003,-0.001620908683625,-9.597855838255809,-0.0002363797923007,19200.000000000007,-4.8730619903742266e-05,6.331857357824837e-05,-5.123069007411578e-06,0.0,-0.0017087071277384,-0.5442960054429375,-9.59010155476004,-1.712119164689086,-0.0010024888920768,-0.0563772483740066,19200.16980763984,-60.06190106940827,0.002,0.0021369440738484,0.0282165170141047,-0.1555770408833791,6.0,10.0,180.0,0.3422844650255615,-4.814515553195083,-0.4257803885385568,-0.634206583613258,-3.846745557243837e-23,6.79129981151269e-23,1.729011553100393e-23,7.80507729146042e-23,0.4500000000000001,0.3422844650255615,0.3663371801376343,0.32433921098709106,0.260599285364151,0.26294976472854614,0.3145909905433655,0.3594386577606201,0.4705650806427002,0.3397805094718933,0.2883843779563904,0.3019914925098419,0.14363592863082886,0.1328744739294052,0.10524824261665344,0.1417836993932724,0.08853735774755478,0.007564921863377094,-2.0004236698150635,0.15682296454906464,0.11770857870578766,0.19907668232917786,0.5830163359642029,0.27907177805900574,0.3308977782726288,0.664658784866333,0.38977256417274475,0.5962169170379639,0.4714353382587433,0.49774426221847534,0.36942023038864136,0.5478572845458984,-0.9529882073402405,0.23686501383781433,0.14051878452301025,-0.0786406546831131,1.781446933746338,0.772247850894928,0.2560034692287445,-0.1877949982881546,0.23246830701828003,-0.9555637836456299
6538.0,130.75900000000004,-1.14797646290982,173.00286335944793,386.5459979354885,811587.5608406134,-1.1480250000000003,172.87799200000006,386.5459900000001,811682.7794840003,-0.001588723654259,-9.602381986875285,-0.000365319917194,19200.000000000007,-4.853583221990478e-05,-7.145771211056816e-05,-7.935488437911734e-06,0.0,-0.0021912122687912,-0.3070158234419589,-9.600835177233202,-0.7997566235828824,0.0005010743651767,0.3686129050548566,19200.04944392992,-4.295248501959229,0.002,0.0024986839980054,0.0278601069383329,-0.1559941434661635,6.0,10.0,180.0,0.3457052416222946,-4.784690461260702,-0.427258064898156,-0.6372443672119367,-1.9233727786219184e-23,3.395649905756345e-23,8.645057765501965e-24,3.90253864573021e-23,0.4500000000000001,0.3457052416222946,0.36587315797805786,0.32300615310668945,0.2619509696960449,0.2627800405025482,0.31328409910202026,0.3590385615825653,0.4703871011734009,0.3360302448272705,0.28634217381477356,0.30130788683891296,0.1432250440120697,0.13278502225875854,0.10422609001398087,0.1406959593296051,0.08302074670791626,0.005539394915103912,-2.00278377532959,0.16179339587688446,0.1169012039899826,0.1990981549024582,0.5812209844589233,0.27957525849342346,0.329535573720932,0.6656268835067749,0.38954558968544006,0.5965146422386169,0.4731196463108063,0.499627023935318,0.367485374212265,0.5472836494445801,-0.9061893224716187,0.23642179369926453,0.14033131301403046,-0.07675179839134216,1.7650550603866577,0.7690122127532959,0.25471824407577515,-0.18996913731098175,0.22469335794448853,-0.9580191969871521
6539.0,130.77900000000005,-1.1480087890124906,172.81070340734647,386.54599599420993,811971.5612439739,-1.1480250000000003,172.68599200000003,386.5459900000001,812066.7794840003,-0.0005087948742478,-9.597048242707595,-0.000197100209736,19200.000000000007,-1.621084710357117e-05,8.849131018205309e-05,-5.994209838745412e-06,0.0,-0.0014414191565602,1.2194019900499369,-9.622804716805856,1.0306371998593025,-0.0002481248219076,-0.1247945079434843,19199.981264691683,-68.71166757299451,0.002,0.0026489766342533,0.0278803261000934,-0.1556790304680639,6.0,10.0,180.0,0.3471875405701115,-4.8530514693351865,-0.4287312242469153,-0.6336795449383439,-9.616863893109592e-24,1.6978249528781726e-23,4.3225288827509824e-24,1.951269322865105e-23,0.4500000000000001,0.3471875405701115,0.36681994795799255,0.3132564425468445,0.26269784569740295,0.25661227107048035,0.30476394295692444,0.35399752855300903,0.46473100781440735,0.32893696427345276,0.2785625159740448,0.295863538980484,0.13686177134513855,0.12672138214111328,0.09657642245292664,0.13199374079704285,0.0633559599518776,-0.005065011791884899,-2.006959915161133,0.16535785794258118,0.10853371024131775,0.1974925845861435,0.5732674598693848,0.2739887833595276,0.32350340485572815,0.6658795475959778,0.3794608414173126,0.5901880860328674,0.4749234914779663,0.49849310517311096,0.3590359091758728,0.5451305508613586,-0.8257543444633484,0.23254138231277466,0.13351565599441528,-0.07262787222862244,1.7343144416809082,0.7619109749794006,0.24895623326301575,-0.19943125545978546,0.20170128345489502,-0.9434257745742798
6540.0,130.79900000000004,-1.1480137307227378,172.61845423512304,386.5459969912679,812355.5608761,-1.1480250000000003,172.49399200000008,386.5459900000001,812450.7794840003,-0.0003753290627717,-9.588745338121893,-0.0002958685863266,19200.000000000007,-1.127086898126153e-05,0.0003376614370698,-6.991267735740326e-06,0.0,-0.0002529351977055,0.4251909740426052,-9.593495384099835,6.10698651910285,-0.0009516865579041,-0.124861395134433,19199.930855999777,-8.64432463044227,0.002,0.0021346044379526,0.0281967267256103,-0.1554690270400406,6.0,10.0,180.0,0.3476734601562662,-4.910151757322634,-0.4301886181552575,-0.6342189699787385,-4.808431946554796e-24,8.489124764390863e-24,2.1612644413754912e-24,9.756346614325525e-24,0.3000000000000001,0.3476734601562662,0.363258957862854,0.3200719952583313,0.2724619209766388,0.2614479064941406,0.3122562766075134,0.361878901720047,0.4673166275024414,0.3159770369529724,0.2764812111854553,0.2967076301574707,0.14750537276268005,0.13684292137622833,0.10474134981632233,0.13892647624015808,0.036389149725437164,-0.0028427173383533955,-2.0167298316955566,0.20341753959655762,0.11834824830293655,0.2047901451587677,0.5654271841049194,0.29093241691589355,0.32137176394462585,0.6758267879486084,0.3912571966648102,0.6033527255058289,0.4865005612373352,0.5126336812973022,0.3561452031135559,0.5520834922790527,-0.5055562853813171,0.23635461926460266,0.14039461314678192,-0.050780702382326126,1.6468336582183838,0.7497069239616394,0.25027942657470703,-0.19684246182441711,0.16400504112243652,-0.9510690569877625
6541.0,130.81900000000005,-1.1480274952130811,172.42704401302393,386.5459919513367,812739.5608322792,-1.1480250000000003,172.30199200000007,386.5459900000001,812834.7794840003,0.0001134149685563,-9.60840645699924,-0.0002314615198559,19200.000000000007,2.4941525608084168e-06,-0.0002520175934101,-1.9513365072396182e-06,0.0,0.003150696347153,-0.1251367786811108,-9.576170374956416,-2.8631466316496925,0.0009469108079505,0.3749124653687793,19200.12010039252,-4.261746852646223,0.002,0.0019389324123216,0.0280390189920845,-0.1561675379912147,6.0,10.0,180.0,0.345700029059394,-4.822214352845312,-0.4306620440334692,-0.6352276923065074,-2.404215973277398e-24,4.2445623821954316e-24,1.0806322206877456e-24,4.8781733071627625e-24,0.15,0.345700029059394,0.3665892779827118,0.32033905386924744,0.2574547529220581,0.25956112146377563,0.31008580327033997,0.35540494322776794,0.46897661685943604,0.33987826108932495,0.2877664566040039,0.2999337911605835,0.13936007022857666,0.12892836332321167,0.10152211040258408,0.1386539489030838,0.0944734737277031,0.005482672713696957,-1.9977647066116333,0.14701834321022034,0.11347323656082153,0.1957760453224182,0.5826078057289124,0.2730007767677307,0.3303428888320923,0.661045491695404,0.3840957581996918,0.58875972032547,0.4667489230632782,0.4927992820739746,0.3669537305831909,0.5449042916297913,-1.0399713516235352,0.23464202880859375,0.13808144629001617,-0.08625699579715729,1.795330286026001,0.7739167213439941,0.253882497549057,-0.19000296294689178,0.24257981777191162,-0.9563227295875549
6542.0,130.83900000000003,-1.148018594627834,172.23492574319897,386.5459991711917,813123.561212844,-1.1480250000000003,172.10999200000003,386.5459900000001,813218.7794840003,-0.0002108696626369,-9.604461769788845,-0.0002995645856957,19200.000000000007,-6.504516122238954e-06,-0.0001338458175876,-9.171191565274834e-06,0.0,-0.0012283830962248,-0.7869592919678841,-9.58568746436639,5.187713817162735,0.0007518934282216,-0.125317041417413,19199.68945392843,-17.090603162495633,0.002,0.0021315421290751,0.028243882831994,-0.1557414028825737,6.0,10.0,180.0,0.3456984803850574,-4.823721354567567,-0.4321230400421824,-0.6403604113649102,-1.202107986638699e-24,2.1222811910977158e-24,5.403161103438728e-25,2.4390866535813812e-24,0.0,0.3456984803850574,0.3627394139766693,0.32847121357917786,0.27283477783203125,0.2664942741394043,0.3197970688343048,0.3667493462562561,0.4722464978694916,0.32147902250289917,0.28240877389907837,0.3008768558502197,0.15340548753738403,0.14223125576972961,0.11132671684026718,0.1459033489227295,0.04695841670036316,0.005029096268117428,-2.0146546363830566,0.20435097813606262,0.12560510635375977,0.20718428492546082,0.5722067952156067,0.2967970073223114,0.3258061707019806,0.6774060130119324,0.3997000753879547,0.6104707717895508,0.4881412982940674,0.5146068930625916,0.36380457878112793,0.555094838142395,-0.537781298160553,0.23999890685081482,0.14578071236610413,-0.05061822012066841,1.664982557296753,0.7544906139373779,0.25523751974105835,-0.18945267796516418,0.17686611413955688,-0.9611608982086182
6543.0,130.85900000000004,-1.1480253395838302,172.04300944816592,386.5459930911642,813507.5613446895,-1.1480250000000003,171.91799200000008,386.5459900000001,813602.7794840003,7.193127979071467e-05,-9.60725485543551,-0.0002002481218949,19200.000000000007,3.410412992731122e-07,-0.0002175462684098,-3.091164026999597e-06,0.0,-0.0014341971818156,-0.5503068599078192,-9.63644988985594,-4.211738841492718,-0.0004953229244854,0.2500803317237268,19200.135223132536,-8.608705764676898,0.002,0.0019724533664699,0.0278543754560391,-0.1559551541516302,6.0,10.0,180.0,0.3457081349336751,-4.853526696829313,-0.4340802927411143,-0.6342140250612764,-6.010539933193495e-25,1.0611405955488579e-24,2.701580551719364e-25,1.2195433267906906e-24,0.0,0.3457081349336751,0.3680751621723175,0.3244033455848694,0.25681060552597046,0.26151344180107117,0.31354066729545593,0.35764381289482117,0.47058001160621643,0.3476364016532898,0.29106655716896057,0.30339282751083374,0.1403614580631256,0.12993748486042023,0.10317621380090714,0.1403713822364807,0.10323405265808105,0.008436459116637707,-1.9947047233581543,0.14167189598083496,0.11538790166378021,0.19652482867240906,0.5868848562240601,0.27581697702407837,0.3334760367870331,0.660529375076294,0.3878186047077179,0.5899933576583862,0.46730339527130127,0.49261292815208435,0.3706304430961609,0.5459719896316528,-1.0915141105651855,0.23612922430038452,0.13920149207115173,-0.0885142832994461,1.8211579322814941,0.77874356508255,0.2568204998970032,-0.18777404725551605,0.25210922956466675,-0.9605772495269775
6544.0,130.87900000000005,-1.148013555582122,171.85066786090988,386.5459989378078,813891.5617411099,-1.1480250000000003,171.72599200000008,386.5459900000001,813986.7794840003,-0.000353464687282,-9.595885020797938,-0.0003613886077233,19200.000000000007,-1.1443954772680436e-05,0.0001241437319536,-8.937807623466877e-06,0.0,-0.0002728466555922,-0.3631718275827648,-9.56496023020897,3.106772986076884,0.0012497256586151,-0.2496076336011151,19199.74167276353,-34.39973899607765,0.002,0.0023031940786562,0.0279689141518209,-0.1558852600405706,6.0,10.0,180.0,0.3432682534124637,-4.86033514719203,-0.4335908686577513,-0.6388132711876751,-3.005269966596748e-25,5.3057029777442895e-25,1.350790275859682e-25,6.097716633953453e-25,0.0,0.3432682534124637,0.36383527517318726,0.3243383765220642,0.2681264877319336,0.2658151388168335,0.3155912458896637,0.3624330163002014,0.4705543518066406,0.3254341781139374,0.28290534019470215,0.2991887927055359,0.1485104262828827,0.13739168643951416,0.10750795900821686,0.1426580846309662,0.05760031193494797,0.003711024299263954,-2.010496139526367,0.18772996962070465,0.12084528803825378,0.20358620584011078,0.5741505026817322,0.28750836849212646,0.32605454325675964,0.6724517941474915,0.3928425908088684,0.6036416888237,0.48277169466018677,0.5076141953468323,0.3648111820220947,0.5520559549331665,-0.6756843328475952,0.23792123794555664,0.1424514800310135,-0.06023426726460457,1.69920015335083,0.7593865990638733,0.2540169656276703,-0.1904311180114746,0.19356948137283325,-0.9553659558296204
6545.0,130.89900000000006,-1.1480459390024471,171.65876459996375,386.5459961045856,814275.5614983776,-1.1480250000000003,171.53399200000004,386.5459900000001,814370.7794840003,0.0006948551234041,-9.599095687884075,-0.000232445435637,19200.000000000007,2.0938704532541463e-05,2.710317881708292e-05,-6.104585477223912e-06,0.0,-0.001448096739781,0.7942353707984001,-9.623557325915268,-0.2946959696885944,-0.0002548064174973,0.3687539869512442,19199.98248698248,94.43465840631832,0.002,0.0028335726773308,0.0277392928150992,-0.1564771615041172,6.0,10.0,180.0,0.3442409243376368,-4.862309254239763,-0.4350471351124086,-0.6362636291771923,-1.5026349832983738e-25,2.6528514888721448e-25,6.75395137929841e-26,3.0488583169767266e-25,0.0,0.3442409243376368,0.3667853772640228,0.31575897336006165,0.261074036359787,0.2578956186771393,0.3063550591468811,0.3543839752674103,0.4667274057865143,0.33242326974868774,0.2815929055213928,0.29739144444465637,0.13747525215148926,0.1274157166481018,0.0978802815079689,0.13401243090629578,0.07400428503751755,-0.0019321544095873833,-2.0040736198425293,0.15961506962776184,0.11001025885343552,0.1967085897922516,0.577140212059021,0.2739420533180237,0.32598569989204407,0.6644692420959473,0.38118836283683777,0.5901246666908264,0.472324937582016,0.4970570206642151,0.3617069721221924,0.5444580912590027,-0.9007735252380371,0.23336252570152283,0.13531216979026794,-0.07784456014633179,1.754179835319519,0.7659321427345276,0.25065529346466064,-0.1967819333076477,0.21635708212852478,-0.9519462585449219
